2.0
3.0
8.0
30.0
1.0
1.0
2225.0
448.0
93.0
1.0
3.0
8.0
974.0
1.0
2.0
14.0
1386.0
1.0
4.0
4.0
78.0
1.0
1.0
8.0
1.0
1.0
50.0
1.0
232.0
2.0
12.0
2.0
3.0
103.0
35.0
4.0
1.0
1.0
1.0
789.0
1940.0
1.0
18.0
1.0
72.0
12.0
460.0
1.0
1.0
343.0
1.0
1.0
3.0
2.0
1.0
9.0
1.0
3.0
231.0
1551.0
1.0
1.0
3.0
61.0
1.0
11.0
35.0
4.0
11.0
1.0
10.0
4.0
24.0
6.0
3.0
1.0
1.0
32.0
240.0
308.0
183.0
8.0
1182.0
709.0
10.0
20.0
49.0
1.0
569.0
8.0
1.0
2.0
3.0
48.0
1.0
1.0
31.0
212.0
6.0
1.0
444.0
1.0
1.0
1.0
288.0
693.0
9.0
1.0
1.0
1.0
7.0
1.0
351.0
1.0
1.0
2.0
1.0
54.0
1.0
2.0
3.0
8.0
91.0
3.0
4.0
3.0
1.0
1.0
3.0
3.0
1.0
1142.0
76.0
3.0
3.0
1.0
1.0
43.0
1.0
12.0
1.0
14.0
9.0
1.0
16.0
46.0
17.0
3.0
10.0
6.0
26.0
15.0
2.0
3.0
1.0
1.0
3.0
1.0
59.0
230.0
3.0
1.0
6.0
2.0
3.0
6.0
9.0
8.0
2421.0
2.0
513.0
1.0
1.0
220.0
1.0
3.0
3.0
7.0
4.0
1.0
3.0
1.0
26.0
2.0
1.0
1.0
18.0
16.0
14.0
1.0
24.0
1.0
10.0
1.0
2.0
7.0
2.0
9357.0
1.0
3.0
5.0
9.0
1.0
1.0
405.0
1.0
17.0
55.0
80.0
1223.0
3.0
1977.0
3.0
26.0
460.0
3.0
3.0
4.0
123.0
623.0
5.0
1258.0
1.0
26.0
1748.0
234.0
1680.0
1.0
56.0
2.0
1.0
127.0
1.0
2.0
963.0
8.0
3.0
46.0
11.0
1.0
1.0
3.0
4.0
65.0
1.0
1.0
3.0
24.0
2.0
1.0
669.0
2.0
2.0
14.0
4.0
1.0
1183.0
7.0
4.0
3.0
4.0
2.0
116.0
37.0
3.0
25.0
5.0
61.0
60.0
23.0
2.0
11.0
3.0
1.0
17.0
7.0
1.0
40.0
232.0
112.0
961.0
2.0
3.0
11.0
55.0
3.0
2.0
124.0
16.0
1.0
46.0
13.0
3.0
109.0
2138.0
1.0
1.0
1.0
3.0
49.0
1.0
5.0
1.0
31.0
8.0
3.0
3.0
3.0
4.0
5.0
796.0
3.0
3.0
2.0
1.0
1.0
1.0
2048.0
3.0
1.0
216.0
25.0
1.0
5.0
1.0
221.0
5.0
18.0
2.0
3.0
1337.0
1.0
1.0
351.0
2418.0
779.0
1.0
10.0
24.0
13.0
2.0
5.0
1.0
1.0
24.0
2.0
3.0
1.0
692.0
26.0
127.0
3.0
3.0
140.0
5.0
1.0
1.0
1.0
10.0
1.0
278.0
3645.0
1.0
7.0
1.0
9.0
1.0
1.0
102.0
495.0
12.0
1.0
1.0
1.0
2.0
6.0
20.0
6.0
3.0
168.0
3.0
2.0
1.0
135.0
1.0
1.0
8.0
9.0
1.0
11.0
457.0
1264.0
1.0
13.0
9.0
19.0
1.0
569.0
3.0
5.0
8.0
1.0
2.0
11.0
1.0
21.0
2.0
1027.0
1346.0
2.0
1086.0
66.0
5.0
11.0
6.0
5.0
2.0
1.0
32.0
4.0
9.0
613.0
3.0
52.0
236.0
1.0
115.0
1.0
2.0
3.0
55.0
1.0
1.0
4.0
16.0
2.0
22.0
4686.0
94.0
1.0
1.0
3.0
14385.0
13.0
19.0
3.0
3.0
1.0
21.0
1487.0
629.0
3.0
4.0
3.0
2.0
1954.0
1.0
2.0
1.0
2.0
1.0
1.0
279.0
8.0
2476.0
1.0
3.0
32.0
1341.0
27.0
3.0
4.0
1.0
1.0
282.0
4.0
1.0
49.0
12.0
17.0
60.0
26.0
1.0
1.0
3.0
1.0
819.0
5.0
3.0
10.0
1.0
2.0
1.0
3.0
3.0
2.0
1.0
5.0
4.0
1.0
428.0
52.0
3.0
4.0
14.0
11.0
2.0
2.0
4.0
3.0
2.0
2.0
1.0
1.0
4.0
189.0
282.0
13978.0
73.0
98.0
13.0
1.0
22.0
2.0
7.0
2.0
5.0
372.0
1.0
10.0
1.0
3.0
2.0
1501.0
1.0
1.0
2.0
40.0
1.0
8.0
1.0
1.0
2.0
2.0
2.0
33.0
4.0
11.0
65.0
4.0
13.0
1.0
58.0
2.0
2.0
1.0
395.0
1.0
119.0
60.0
2.0
7.0
3.0
257.0
88.0
7.0
64.0
1.0
1.0
430.0
3.0
10.0
3.0
2.0
3.0
3.0
2.0
2.0
1.0
3.0
3.0
105.0
40.0
3.0
3.0
240.0
2.0
1.0
1.0
59.0
2.0
4.0
2.0
6.0
1.0
1.0
390.0
102.0
18.0
1.0
1.0
4.0
1.0
3.0
3.0
47.0
404.0
2023.0
1.0
6.0
4.0
1.0
1.0
1.0
1.0
51.0
3.0
40.0
1.0
13.0
9.0
9.0
19.0
3.0
1230.0
2.0
489.0
1.0
29.0
961.0
3.0
7.0
16.0
3.0
2.0
1.0
6.0
71.0
2.0
6.0
1.0
1.0
2.0
6.0
18.0
1.0
90.0
467.0
3.0
1.0
4.0
17.0
2.0
1.0
1.0
3.0
29.0
3.0
3.0
14.0
2.0
249.0
3.0
1.0
12.0
143.0
1465.0
3.0
4.0
644.0
3.0
3.0
16396.0
3.0
51.0
1.0
1.0
1.0
1.0
3.0
3070.0
3.0
1.0
36.0
7.0
737.0
49.0
33.0
1282.0
1.0
645.0
2.0
1.0
19.0
6.0
44.0
1.0
43.0
1628.0
3911.0
1.0
1.0
3.0
20.0
122.0
9.0
7.0
6.0
4.0
1875.0
3.0
2.0
1.0
89.0
9.0
3.0
4.0
1.0
261.0
4.0
1.0
8.0
1.0
3.0
3.0
1.0
78.0
1.0
1.0
3.0
3.0
3.0
5.0
85.0
1.0
1.0
18.0
8.0
736.0
7.0
2.0
2.0
1.0
552.0
1.0
1.0
7.0
280.0
2.0
1.0
36.0
1.0
24.0
1.0
1.0
10.0
1.0
3.0
224.0
116.0
3.0
3.0
1.0
203.0
1.0
1018.0
835.0
8.0
2.0
60.0
1.0
631.0
13.0
44.0
5.0
389.0
3.0
8.0
1.0
1399.0
17.0
29.0
1.0
1.0
4.0
198.0
3.0
7.0
16.0
3.0
1.0
1137.0
4.0
2.0
3.0
1.0
7903.0
1.0
1.0
3.0
8.0
4.0
1.0
3.0
253.0
1.0
3.0
14.0
1.0
2.0
1.0
1.0
4.0
8.0
4.0
5251.0
2.0
1.0
5.0
3.0
17.0
14.0
2.0
9.0
11.0
216.0
9.0
322.0
61.0
2.0
4.0
43.0
421.0
51.0
9.0
3.0
502.0
943.0
25.0
1.0
10085.0
87.0
1.0
1.0
2.0
31.0
7.0
114.0
114.0
2.0
2.0
24.0
5.0
1.0
15.0
24.0
4.0
4.0
542.0
3.0
3.0
1.0
3.0
111.0
18.0
4.0
5.0
1.0
121.0
4143.0
574.0
1.0
11.0
2.0
3.0
1.0
3.0
2.0
322.0
1.0
2.0
19.0
3.0
698.0
29.0
57.0
4.0
5.0
9.0
685.0
1.0
2.0
68.0
37.0
24.0
1387.0
3.0
1.0
64.0
1.0
1.0
1.0
1.0
7.0
6.0
1.0
1.0
87.0
406.0
2.0
3.0
3.0
893.0
1.0
1.0
1339.0
23.0
1.0
444.0
1.0
1.0
257.0
19.0
8.0
1.0
2.0
2101.0
1.0
123.0
1.0
1.0
1538.0
3.0
123.0
63.0
3.0
4.0
1.0
3.0
3.0
23.0
19.0
1.0
2.0
1.0
2.0
10.0
1.0
19.0
8.0
9.0
3.0
3.0
26.0
3.0
8.0
1.0
1.0
2.0
2.0
2.0
3.0
42.0
2.0
57.0
1.0
454.0
4.0
309.0
2.0
2.0
1.0
3.0
30.0
41.0
6.0
480.0
18.0
1.0
775.0
1.0
5.0
1.0
1.0
2.0
65.0
5.0
44.0
3.0
106.0
755.0
1.0
3.0
932.0
11.0
1.0
1.0
1.0
1.0
40.0
1832.0
7.0
9.0
6.0
288.0
3.0
3.0
374.0
56.0
1.0
1.0
3.0
1.0
1.0
2.0
6.0
1003.0
3988.0
2.0
3.0
3.0
1.0
3.0
3.0
1.0
1.0
3.0
1116.0
1511.0
3.0
2.0
7922.0
94.0
45.0
1.0
7.0
20.0
19.0
162.0
3.0
21.0
6.0
6.0
3.0
1.0
1.0
2.0
27.0
254.0
3.0
4.0
3.0
1.0
1.0
1.0
419.0
19.0
1.0
3.0
2.0
1027.0
359.0
6.0
29.0
1.0
1450.0
6.0
1.0
784.0
1.0
102.0
341.0
84.0
836.0
989.0
1.0
2706.0
1.0
1074.0
1.0
21273.0
3.0
5.0
364.0
2.0
3.0
1.0
571.0
1117.0
1.0
21327.0
3.0
3.0
74.0
3.0
3.0
3.0
1.0
2.0
351.0
27.0
1.0
2.0
3.0
7.0
1.0
1.0
4.0
132.0
3.0
127.0
170.0
1.0
240.0
1.0
65.0
1048.0
596.0
3.0
3.0
1.0
11.0
3.0
7.0
1.0
1.0
1.0
1.0
1.0
546.0
4.0
3.0
3.0
8.0
23.0
23.0
1.0
65.0
143.0
5.0
6.0
1.0
157.0
5.0
3.0
1.0
3.0
1.0
3.0
3.0
41.0
30.0
1.0
1.0
2.0
1120.0
1.0
18.0
4.0
8.0
1.0
2.0
4.0
17.0
1.0
468.0
1.0
24.0
4.0
145.0
78.0
1.0
3.0
3.0
1.0
2.0
1.0
14555.0
142.0
3.0
14.0
2.0
1.0
18.0
1.0
1.0
1.0
1.0
2.0
71.0
10.0
4.0
123.0
1.0
1.0
1.0
1.0
1.0
383.0
1.0
172.0
14.0
1.0
135.0
1.0
22.0
2.0
67.0
6.0
17.0
1.0
2988.0
4.0
18.0
3.0
2.0
2.0
6.0
3.0
2.0
3.0
1.0
220.0
8.0
116.0
2.0
1.0
500.0
199.0
1.0
4276.0
1.0
266.0
234.0
2.0
17.0
1.0
2.0
2.0
1.0
445.0
1.0
9.0
948.0
34.0
1.0
1.0
2.0
22.0
1.0
2.0
3.0
7.0
3.0
1.0
77.0
1.0
1.0
3.0
1.0
1.0
3345.0
56.0
1.0
1.0
3.0
4452.0
11.0
1.0
1.0
2.0
115.0
3.0
6.0
4.0
2.0
2.0
7.0
10.0
16.0
2.0
627.0
299.0
3.0
6.0
590.0
7.0
1.0
9.0
3.0
1.0
3.0
2.0
1.0
6.0
4.0
3.0
6.0
4.0
4.0
68.0
1.0
2.0
54.0
1.0
813.0
1.0
1.0
11.0
1.0
25.0
2.0
1.0
1.0
4.0
54.0
3.0
3.0
3.0
16.0
22.0
1.0
3.0
29.0
3.0
199.0
10.0
2.0
2.0
1.0
419.0
1.0
25.0
1.0
10.0
14.0
52.0
3.0
3.0
1.0
5.0
1.0
2.0
1.0
9.0
1137.0
1.0
11.0
87.0
1.0
261.0
3.0
7.0
4.0
3.0
475.0
2.0
586.0
2.0
2.0
16.0
3.0
1.0
8.0
3.0
4.0
1.0
1.0
1.0
1225.0
1.0
3.0
439.0
3.0
1.0
761.0
696.0
2.0
3.0
1.0
1.0
1.0
1.0
1.0
1.0
3.0
25.0
8.0
4.0
93.0
4.0
6.0
1.0
3.0
1.0
2.0
1.0
1370.0
9.0
1.0
4.0
4.0
3.0
3.0
1.0
486.0
4652.0
2.0
3.0
80.0
1.0
27.0
3.0
5.0
1.0
1.0
18.0
23.0
915.0
579.0
76.0
288.0
176.0
42.0
9.0
3.0
48.0
4.0
3.0
10.0
1.0
6.0
34.0
3.0
1.0
29.0
53.0
1.0
278.0
1.0
6.0
2.0
7.0
1.0
90.0
74.0
3.0
213.0
8.0
3.0
36.0
33.0
2.0
3.0
1.0
4370.0
687.0
1.0
1284.0
1.0
4.0
23.0
3.0
3.0
1.0
25.0
3.0
5.0
3.0
172.0
2.0
1.0
3.0
3.0
1.0
1.0
7.0
1.0
820.0
1.0
9.0
38.0
149.0
904.0
3.0
132.0
8.0
2.0
797.0
3.0
8.0
1.0
3.0
1.0
12.0
3.0
23.0
2.0
1.0
2.0
2.0
1.0
4.0
122.0
3.0
462.0
2.0
240.0
4.0
371.0
3.0
1.0
1.0
2.0
88.0
1.0
14.0
543.0
22.0
258.0
893.0
4.0
6.0
3.0
2.0
1.0
1.0
7.0
1.0
43.0
130.0
16.0
3469.0
21.0
2.0
3.0
7.0
1.0
4.0
36.0
3.0
3.0
31.0
58.0
36.0
4.0
1.0
1.0
5.0
15.0
4.0
21.0
1.0
3.0
19.0
1.0
1.0
3.0
5.0
1.0
3.0
1.0
3.0
3.0
187.0
1.0
1.0
3.0
5.0
3.0
2.0
1.0
24.0
642.0
5.0
2.0
3208.0
3.0
6.0
58.0
25.0
1.0
9.0
2051.0
5.0
535.0
3.0
3.0
4.0
1.0
1.0
3.0
8.0
28.0
58.0
1.0
6.0
1.0
36.0
7.0
1.0
17.0
376.0
1.0
2.0
11.0
1.0
3.0
3.0
1311.0
1.0
14.0
19831.0
16.0
773.0
3.0
1.0
11.0
83.0
87.0
9.0
3000.0
1.0
1.0
4.0
3.0
596.0
3.0
288.0
1.0
7.0
1.0
3.0
557.0
3.0
126.0
3.0
1120.0
7.0
19.0
167.0
1542.0
15.0
1763.0
2.0
1.0
19.0
1.0
1.0
1.0
1176.0
1.0
2.0
1.0
1.0
11.0
33.0
64.0
42.0
61.0
2.0
36.0
23.0
5.0
43.0
3.0
8.0
3.0
1.0
1.0
36.0
6.0
1.0
1.0
2.0
1.0
9.0
585.0
5.0
301.0
1.0
5.0
1.0
51.0
15.0
1343.0
2.0
2.0
75.0
18.0
9.0
1.0
2.0
1.0
84.0
66.0
1.0
1.0
3.0
1.0
7.0
5.0
4.0
132.0
3.0
1.0
2.0
35.0
5.0
2635.0
14.0
3.0
1.0
39.0
83.0
1.0
60.0
63.0
13.0
4.0
4.0
3.0
15.0
1.0
141.0
6.0
596.0
2.0
3.0
94.0
1.0
1.0
4.0
37.0
10.0
3.0
1.0
10.0
33.0
69.0
351.0
1.0
7.0
1929.0
4.0
157.0
3.0
2.0
328.0
4.0
26.0
2.0
14.0
1.0
4.0
8.0
3.0
1.0
1.0
1.0
1.0
793.0
200.0
3.0
5.0
998.0
44.0
55.0
1.0
1.0
8.0
885.0
65.0
3.0
4.0
3.0
1.0
6.0
8.0
212.0
2.0
11.0
2.0
1.0
2.0
1.0
334.0
1.0
2.0
3.0
4.0
1.0
2.0
31.0
2.0
1.0
2.0
6.0
47.0
2.0
14.0
27.0
64.0
25.0
1.0
1.0
3.0
8.0
3.0
1.0
3.0
1.0
1.0
32.0
1.0
3.0
479.0
4.0
1.0
2.0
21.0
1.0
1.0
3.0
2.0
8.0
12.0
1.0
100.0
3.0
2.0
1.0
177.0
39.0
338.0
3.0
3.0
3.0
1.0
36.0
2.0
3.0
1.0
1631.0
1.0
1.0
34.0
3.0
159.0
12.0
13.0
8.0
6.0
961.0
787.0
8.0
1.0
3.0
4.0
24.0
19.0
3.0
1.0
6.0
217.0
1.0
2.0
2.0
14.0
724.0
2.0
823.0
1.0
34.0
9.0
150.0
1.0
3.0
6.0
2.0
1.0
84.0
16.0
1.0
17.0
3.0
324.0
48.0
3.0
3.0
1.0
1.0
40.0
3.0
12.0
3.0
4338.0
1.0
1.0
15.0
1.0
4.0
2.0
52.0
1646.0
8.0
36.0
1.0
1.0
3.0
3.0
13818.0
3.0
3.0
3.0
3.0
102.0
722.0
272.0
5.0
3.0
1.0
6.0
3.0
31.0
6.0
1.0
80.0
1.0
4.0
12.0
3.0
16.0
512.0
2.0
2.0
19.0
1.0
256.0
65.0
3.0
1.0
2.0
543.0
1.0
1.0
431.0
1.0
55.0
2.0
2.0
4.0
1.0
1.0
613.0
8.0
1.0
1192.0
2.0
1.0
46.0
12.0
350.0
5.0
4.0
2091.0
45.0
3.0
2.0
65.0
3.0
1.0
1.0
1.0
1807.0
4.0
8.0
212.0
80.0
2.0
3.0
6.0
4.0
9.0
10.0
2.0
101.0
1.0
1.0
1.0
3.0
2.0
377.0
49.0
3.0
2.0
68.0
3.0
7.0
1.0
2.0
5.0
3.0
1.0
4.0
10.0
3.0
33.0
1.0
9.0
3.0
4.0
16.0
2.0
1.0
246.0
1.0
9.0
115.0
3.0
2125.0
9.0
9.0
19.0
1.0
3.0
1.0
59.0
4.0
19.0
30.0
1.0
1.0
3.0
1.0
4.0
3.0
3.0
316.0
1.0
18.0
1.0
1.0
42.0
1.0
16.0
4.0
1.0
4.0
12.0
5.0
3.0
1.0
1.0
2.0
1.0
77.0
777.0
31.0
40.0
12.0
106.0
1.0
3.0
353.0
64.0
4.0
57.0
1.0
3.0
1.0
1.0
45.0
95.0
75.0
1.0
3.0
12.0
134.0
18.0
2295.0
1.0
1.0
3.0
3.0
1.0
3.0
1637.0
3.0
254.0
351.0
102.0
509.0
79.0
17.0
9.0
2.0
4.0
3.0
253.0
30.0
2187.0
1.0
1.0
23.0
21.0
1.0
1.0
1.0
4.0
66.0
1.0
23.0
68.0
1.0
283.0
182.0
1.0
1.0
6.0
1.0
809.0
1.0
1.0
3.0
5.0
145.0
6.0
2.0
17.0
4.0
118.0
9.0
2.0
46.0
1.0
3.0
1.0
2.0
17.0
1005.0
1.0
1.0
1.0
9.0
3.0
943.0
1.0
2.0
66.0
3.0
91.0
5823.0
1.0
171.0
2.0
2.0
10.0
5.0
1.0
40.0
2.0
3.0
1.0
145.0
690.0
3.0
92.0
5.0
3.0
596.0
6.0
4.0
2.0
519.0
5.0
9.0
1.0
1.0
1.0
16.0
5.0
1.0
493.0
29.0
2.0
774.0
2.0
1.0
42.0
97.0
3.0
20.0
279.0
29.0
1.0
2.0
16.0
18.0
1.0
3.0
53.0
5.0
3.0
1.0
659.0
3.0
31.0
3.0
250.0
60.0
1.0
116.0
134.0
645.0
4.0
1.0
3.0
41.0
3.0
1374.0
53.0
125.0
6.0
2.0
158.0
7.0
3.0
2.0
1.0
3.0
473.0
1.0
1228.0
1.0
1.0
84.0
3.0
116.0
1.0
3.0
6.0
3.0
3.0
10.0
3.0
9.0
86.0
1.0
448.0
37.0
2376.0
410.0
4.0
2.0
3.0
4.0
6.0
1.0
4.0
21.0
548.0
5.0
8.0
4508.0
13.0
4.0
1.0
190.0
1.0
23.0
2.0
15.0
4.0
3.0
8.0
66.0
6.0
1256.0
1.0
3.0
58.0
28.0
1.0
1.0
3.0
442.0
3617.0
10.0
1.0
227.0
1.0
1.0
4.0
278.0
1.0
10.0
9.0
1.0
37.0
5.0
1.0
650.0
1513.0
1.0
3.0
3.0
3.0
5.0
3.0
16.0
20.0
2.0
9.0
4.0
1.0
2.0
9.0
16.0
592.0
1375.0
82.0
281.0
994.0
17.0
16.0
172.0
1.0
5.0
9.0
3.0
2.0
3.0
1098.0
1.0
1.0
4.0
3.0
3.0
1.0
1.0
4.0
7.0
1.0
17.0
1.0
1.0
1.0
23.0
1.0
1.0
10.0
1842.0
21.0
3.0
8.0
509.0
1018.0
3.0
5.0
1.0
1.0
1.0
236.0
2.0
5.0
1802.0
1.0
3.0
1.0
26.0
2.0
1.0
4.0
1.0
14385.0
3.0
3.0
1.0
1.0
152.0
8.0
62.0
1.0
19.0
5.0
2.0
3.0
19.0
1.0
3.0
1532.0
624.0
8.0
3.0
2.0
164.0
3.0
1.0
3.0
187.0
278.0
1668.0
2.0
1.0
227.0
1.0
7.0
1.0
1.0
3.0
1.0
1.0
1.0
11.0
1.0
4.0
3.0
3.0
211.0
1.0
17.0
3.0
3.0
95.0
1.0
14.0
3.0
1952.0
5.0
3.0
3.0
2.0
1.0
54.0
604.0
169.0
120.0
2.0
2592.0
1.0
54.0
81.0
1.0
19.0
33.0
7.0
3.0
9.0
1.0
210.0
4.0
4.0
2.0
1.0
4.0
1.0
61.0
3.0
1.0
7.0
3.0
9.0
5.0
991.0
446.0
2.0
3.0
23.0
1.0
2.0
2.0
1.0
23.0
10.0
3.0
41.0
1090.0
378.0
5.0
2.0
53.0
1.0
25.0
1029.0
317.0
9.0
7.0
959.0
195.0
2.0
45.0
1534.0
1.0
2.0
3.0
3.0
18.0
39.0
4.0
25.0
5.0
955.0
2.0
1.0
29.0
1.0
3.0
529.0
2.0
4.0
1.0
3.0
2.0
280.0
4.0
3.0
87.0
6.0
2.0
4.0
7.0
35.0
247.0
4.0
410.0
1.0
1.0
104.0
3.0
35.0
129.0
1.0
2.0
11.0
1053.0
1.0
1.0
1.0
1.0
4.0
17.0
1.0
1.0
1.0
2.0
1.0
2.0
1.0
1.0
1.0
4.0
18.0
10.0
1.0
1.0
2.0
662.0
14.0
2.0
1.0
33108.0
28.0
7.0
2.0
100.0
323.0
3.0
496.0
3.0
3.0
1.0
9.0
43.0
1.0
20.0
1.0
2.0
1.0
2.0
2720.0
206.0
23.0
2.0
24.0
4.0
2.0
388.0
2.0
1.0
93.0
10.0
9.0
51.0
1.0
153.0
4.0
1.0
7.0
1.0
62.0
3.0
2.0
7.0
198.0
5.0
76.0
1.0
34.0
32.0
1.0
1.0
3.0
2.0
2.0
2.0
1.0
1.0
7.0
1.0
3.0
3.0
4.0
1.0
9.0
11.0
3.0
23.0
1.0
2.0
36.0
2.0
1.0
1.0
110.0
6.0
1.0
2.0
1.0
1009.0
3.0
3.0
3.0
1.0
7.0
216.0
2.0
2.0
1.0
1.0
8.0
5.0
843.0
3.0
39.0
5.0
57.0
7.0
1.0
777.0
1.0
2.0
17.0
3.0
47.0
149.0
3.0
12.0
10.0
44.0
4.0
1.0
7.0
482.0
963.0
2.0
3.0
1762.0
3.0
2.0
1.0
302.0
12.0
1.0
3.0
3.0
1.0
1.0
83.0
5.0
1.0
2.0
3436.0
5.0
1.0
1.0
3.0
1.0
2091.0
7.0
1.0
4108.0
1.0
5.0
9.0
4.0
202.0
745.0
5.0
873.0
4.0
9.0
1.0
7.0
10093.0
1.0
66.0
50.0
9.0
2.0
1101.0
767.0
3.0
3.0
30.0
15.0
1.0
1.0
1.0
21.0
3.0
366.0
1073.0
2.0
102.0
1.0
128.0
4.0
11.0
1.0
77.0
2.0
1.0
19.0
2.0
1832.0
1.0
1.0
1235.0
19.0
565.0
6.0
3.0
14.0
70.0
1.0
1.0
258.0
4.0
1.0
1.0
14.0
3.0
1.0
13.0
1.0
3.0
3.0
602.0
1.0
3.0
3.0
3.0
120.0
4.0
1.0
288.0
1.0
3.0
3.0
4.0
2.0
2.0
3.0
15.0
1.0
2.0
3.0
4.0
197.0
1.0
5.0
3.0
33.0
20.0
11.0
3.0
2.0
11.0
1424.0
512.0
4488.0
134.0
1546.0
20.0
3.0
519.0
17.0
1.0
425.0
2.0
288.0
3.0
143.0
5.0
52.0
3.0
707.0
1.0
13153.0
199.0
21.0
4.0
6.0
77.0
3.0
38.0
49.0
1.0
1.0
3.0
27.0
802.0
74.0
647.0
4.0
1.0
298.0
1.0
3.0
1.0
3.0
1405.0
1.0
1.0
1273.0
4.0
1.0
1.0
22.0
4.0
3447.0
5.0
1.0
13.0
3.0
1219.0
1.0
2.0
2212.0
1.0
1.0
9.0
3.0
123.0
1.0
12.0
2.0
1.0
1.0
549.0
16.0
1.0
18449.0
1.0
313.0
1500.0
1.0
19.0
2.0
3.0
1.0
1.0
1147.0
1.0
11.0
1.0
3.0
2.0
3.0
2.0
21.0
1.0
5.0
67.0
4.0
20.0
932.0
1.0
3.0
351.0
3.0
6.0
2.0
5.0
5.0
207.0
7.0
1.0
2.0
1.0
3.0
806.0
37.0
1.0
3.0
282.0
2.0
2.0
3.0
14.0
211.0
1.0
1.0
9.0
1.0
1.0
7.0
48.0
7.0
1.0
19.0
1.0
5.0
1.0
1.0
2.0
3.0
3.0
3.0
3.0
2.0
22.0
7.0
1.0
99.0
3.0
4.0
1.0
19.0
2.0
2.0
79.0
2.0
1.0
8.0
82.0
309.0
31.0
3.0
4.0
9.0
1832.0
85.0
2.0
1.0
1.0
1018.0
20.0
2.0
2014.0
4.0
1.0
13818.0
3.0
1.0
3.0
7.0
1.0
8.0
8.0
3.0
4.0
1.0
1.0
3.0
14.0
11593.0
2.0
2.0
889.0
78.0
2.0
2.0
1.0
4.0
162.0
6.0
1.0
27.0
8.0
5.0
1.0
3.0
2.0
1.0
148.0
9.0
3.0
33.0
13.0
1.0
399.0
6613.0
1262.0
8.0
1.0
4066.0
110.0
583.0
15.0
2123.0
2847.0
312.0
19.0
1.0
6.0
3.0
5.0
12.0
3.0
1.0
26.0
79.0
5.0
4.0
1.0
7.0
1.0
116.0
1640.0
397.0
13.0
1225.0
9.0
3.0
5.0
1.0
3.0
5.0
3.0
18.0
7.0
8.0
1.0
2.0
1.0
7.0
1.0
1.0
1.0
1.0
1.0
1.0
1.0
2.0
5.0
2.0
1.0
55.0
960.0
189.0
9.0
3.0
134.0
1.0
1.0
44.0
23.0
1.0
176.0
2.0
1.0
1.0
3.0
1.0
2.0
1.0
4.0
1.0
2.0
351.0
1.0
4.0
3.0
18.0
4.0
9.0
3.0
3253.0
1.0
1.0
4.0
1.0
75.0
1.0
1.0
69.0
8.0
2.0
1.0
1.0
3.0
2.0
9.0
646.0
3.0
128.0
2.0
4.0
19.0
180.0
6926.0
6.0
2.0
1.0
1.0
1909.0
3.0
1.0
177.0
1.0
1.0
1.0
1.0
3.0
1.0
5.0
2.0
7.0
3.0
1.0
3.0
426.0
90.0
45.0
19.0
3.0
1.0
3.0
1.0
5.0
11.0
9.0
551.0
242.0
5.0
4.0
2.0
1.0
1.0
2.0
3.0
9.0
1.0
42.0
1.0
6.0
152.0
3.0
1.0
101.0
4.0
3.0
1.0
14.0
212.0
1.0
1.0
16.0
442.0
1.0
17.0
6.0
1.0
6.0
1619.0
19.0
5.0
2.0
2.0
3.0
1.0
21.0
5.0
1.0
7.0
5.0
60.0
1.0
9.0
13.0
15.0
24.0
5.0
3.0
90.0
1.0
3.0
183.0
1.0
10.0
1881.0
8.0
149.0
3.0
1.0
1.0
1.0
1.0
23.0
1.0
1.0
4.0
3.0
2.0
1.0
4.0
33.0
8.0
8.0
7.0
5.0
1372.0
7.0
1.0
3.0
3.0
1.0
14.0
1.0
1.0
2976.0
2.0
8.0
1.0
14.0
20.0
7.0
1.0
9.0
11514.0
13.0
132.0
4.0
3.0
5280.0
48.0
1016.0
1.0
898.0
4.0
1.0
3.0
3.0
236.0
737.0
23.0
4.0
1.0
2548.0
8.0
7.0
2.0
98.0
1.0
1.0
9.0
3.0
29.0
14.0
1.0
2.0
1.0
1.0
1.0
1367.0
5.0
1.0
16.0
6.0
29.0
1.0
6.0
71.0
5879.0
1.0
16.0
65.0
1.0
3.0
83.0
33.0
4.0
2.0
37.0
10.0
8.0
8.0
309.0
1.0
1.0
4.0
3.0
7.0
4.0
2.0
405.0
1438.0
1.0
172.0
123.0
1.0
47.0
1122.0
1.0
1078.0
1.0
87.0
6.0
3.0
3.0
3.0
3.0
3.0
1631.0
8.0
5.0
1.0
13.0
3.0
613.0
9.0
3.0
3.0
2.0
229.0
3.0
117.0
16.0
764.0
45.0
1.0
508.0
2.0
8.0
6.0
27.0
1.0
33.0
5.0
2481.0
149.0
862.0
3.0
8919.0
2.0
5.0
2.0
3.0
55.0
3.0
1.0
3.0
3.0
25.0
66.0
2.0
5.0
23.0
338.0
21.0
37.0
1.0
13685.0
5.0
7.0
18.0
4.0
55.0
16.0
3.0
1.0
791.0
512.0
9.0
27.0
6.0
15.0
3.0
3.0
1.0
251.0
36.0
35.0
2.0
4.0
2.0
76.0
1.0
1241.0
9.0
12.0
3.0
2.0
3.0
359.0
20.0
1558.0
3.0
2.0
3.0
6.0
9.0
15.0
3.0
524.0
55.0
2.0
2.0
1.0
14.0
1.0
5.0
1.0
3.0
8.0
11.0
11.0
1.0
2.0
1.0
4.0
103.0
172.0
3.0
404.0
4.0
1.0
4.0
1.0
3.0
3.0
2.0
57.0
8.0
3.0
7.0
1.0
4.0
3.0
2.0
9.0
15.0
105.0
117.0
28.0
21.0
1.0
8.0
1472.0
1.0
1.0
36.0
1.0
4.0
24.0
3.0
1.0
11.0
27.0
28.0
22.0
2.0
2.0
1.0
17.0
1.0
108.0
20.0
337.0
2.0
1.0
33.0
3.0
1.0
188.0
4.0
1.0
4.0
2841.0
2.0
1.0
1.0
1114.0
1.0
3.0
1.0
1.0
3.0
517.0
1.0
55.0
3.0
1.0
1.0
3.0
55.0
559.0
13088.0
1.0
1.0
3.0
13818.0
2.0
1.0
1.0
4.0
1461.0
102.0
7.0
1.0
1.0
1.0
1522.0
1.0
336.0
52.0
278.0
1.0
51.0
868.0
1003.0
1799.0
1.0
3.0
4.0
9.0
83.0
132.0
3.0
4.0
56.0
9.0
10.0
1.0
5.0
19.0
9.0
2.0
3.0
1.0
569.0
1.0
15.0
105.0
1.0
250.0
19.0
3.0
16.0
43.0
3.0
12.0
68.0
3.0
2.0
65.0
2.0
1.0
3.0
10001.0
5.0
3.0
1246.0
4.0
34.0
1.0
2.0
8.0
1.0
107.0
12032.0
19.0
3.0
581.0
2.0
1.0
230.0
2.0
1.0
3.0
28.0
253.0
206.0
1.0
1.0
1.0
19.0
7.0
2.0
34.0
1.0
87.0
201.0
2.0
8.0
66.0
1.0
2.0
820.0
3.0
2.0
876.0
3.0
7.0
24.0
3.0
1.0
4.0
374.0
2.0
75.0
1.0
1.0
19.0
5.0
8.0
7770.0
1.0
1.0
30.0
3.0
147.0
137.0
16.0
13.0
2.0
1537.0
2.0
35.0
7.0
3.0
7.0
95.0
17.0
3.0
196.0
3.0
5.0
33.0
78.0
1.0
48.0
1.0
12.0
115.0
3.0
1062.0
63.0
2560.0
961.0
87.0
1.0
6.0
17.0
2.0
1.0
8.0
66.0
37.0
749.0
9.0
4.0
295.0
165.0
1.0
788.0
2.0
1.0
68.0
2.0
30.0
1.0
3.0
1.0
19.0
3.0
10.0
1.0
3.0
16474.0
6.0
2.0
3.0
1.0
3.0
1.0
50.0
1.0
858.0
71.0
67.0
19.0
3.0
1.0
3.0
3.0
111.0
12.0
5.0
1.0
3.0
3.0
4.0
3.0
4.0
366.0
23.0
6.0
13.0
539.0
4.0
18.0
245.0
4.0
4.0
1.0
2.0
312.0
8.0
3.0
1.0
13.0
6.0
1.0
3.0
48.0
82.0
62.0
6.0
1.0
1.0
1.0
9.0
1.0
3.0
7.0
10.0
19.0
3.0
1.0
3.0
422.0
1.0
3.0
4.0
4.0
162.0
8.0
1.0
1.0
7.0
2.0
3.0
202.0
67.0
39.0
49.0
175.0
1.0
3.0
17.0
4.0
1076.0
2233.0
16.0
2.0
163.0
2.0
1.0
3.0
3.0
571.0
3.0
6.0
1.0
147.0
13.0
1.0
3.0
2.0
1.0
1.0
1007.0
3.0
2.0
3.0
4.0
2.0
5.0
3.0
142.0
1.0
6.0
486.0
994.0
1224.0
3.0
3.0
7.0
2.0
10.0
3.0
1.0
423.0
1.0
3.0
2.0
9.0
22.0
1.0
9.0
1.0
456.0
126.0
678.0
6823.0
9.0
8.0
1.0
6.0
2.0
1.0
1.0
1.0
116.0
1.0
413.0
5.0
92.0
3.0
6.0
3.0
8.0
10.0
296.0
1.0
678.0
6.0
1.0
1.0
1307.0
3.0
15.0
34.0
1.0
5.0
208.0
3.0
9.0
6.0
2045.0
1.0
5.0
1.0
3.0
1.0
3.0
2.0
3.0
35.0
3.0
4.0
2.0
7.0
1476.0
9.0
4.0
1.0
4.0
6.0
1.0
1.0
3.0
1.0
1.0
91.0
7.0
23.0
45.0
313.0
10.0
3.0
1.0
7.0
25.0
4.0
3.0
1.0
42.0
1.0
211.0
7.0
4.0
21.0
5.0
1.0
9.0
1054.0
3.0
36.0
61.0
2.0
4.0
5.0
2.0
3.0
148.0
375.0
516.0
3.0
5.0
103.0
3.0
2.0
1.0
1.0
1.0
3.0
3.0
8.0
705.0
1.0
3.0
9.0
1.0
1.0
3.0
3.0
33.0
24.0
1013.0
3.0
8.0
3.0
63.0
1.0
1.0
4.0
1.0
2.0
3.0
452.0
1.0
8.0
1.0
1.0
3.0
24.0
1.0
8.0
1.0
23.0
1.0
1.0
1.0
7.0
14.0
1.0
10.0
1.0
3.0
3.0
3.0
3.0
2.0
1.0
596.0
3.0
2.0
33.0
2.0
729.0
14.0
1.0
4.0
102.0
2.0
1.0
6.0
5.0
40.0
288.0
3.0
73.0
1.0
3.0
1.0
3.0
4.0
153.0
1.0
10.0
13.0
569.0
17.0
2.0
1.0
1.0
5103.0
2.0
4.0
5.0
31.0
1.0
132.0
633.0
18.0
1.0
3.0
436.0
7.0
2482.0
961.0
7.0
5.0
27.0
31.0
1.0
69.0
178.0
3.0
157.0
7.0
3.0
3.0
8.0
3.0
8.0
13.0
3.0
3.0
101.0
1.0
1.0
2.0
1.0
2.0
1.0
13.0
2.0
22.0
1.0
1.0
3.0
296.0
66.0
141.0
2.0
3.0
12.0
3.0
1.0
24.0
1.0
62.0
4.0
2.0
1.0
101.0
3.0
9.0
1.0
2.0
89.0
10.0
1.0
279.0
4.0
1772.0
5.0
208.0
13.0
1.0
191.0
4.0
5.0
58.0
1.0
4.0
258.0
1.0
12.0
336.0
1689.0
6.0
73.0
105.0
369.0
7.0
2.0
8.0
4.0
166.0
3.0
1.0
5.0
20.0
394.0
23.0
20.0
2.0
114.0
2.0
3.0
3.0
351.0
1.0
4.0
9.0
15.0
2.0
5.0
15.0
3.0
1.0
3.0
209.0
22.0
74.0
359.0
4.0
1.0
3.0
3.0
1.0
1.0
12.0
1.0
82.0
6.0
210.0
1.0
3.0
4.0
73.0
9.0
1.0
450.0
538.0
16.0
2.0
8362.0
960.0
3.0
19.0
19.0
5.0
1.0
2.0
1.0
3.0
1.0
42.0
1.0
22.0
1.0
413.0
254.0
21.0
5877.0
1.0
948.0
3.0
1.0
5.0
3.0
1.0
28.0
245.0
1.0
32.0
57.0
1.0
6.0
9.0
6.0
1.0
1.0
2.0
5.0
484.0
33.0
3.0
24.0
3574.0
9.0
2.0
44.0
1.0
3347.0
17.0
129.0
4.0
1.0
2.0
19.0
24.0
77.0
57.0
14.0
48.0
1.0
65.0
940.0
1.0
4.0
10.0
1032.0
57.0
6.0
1.0
4.0
14.0
1.0
1.0
2.0
8.0
15.0
7.0
6.0
1.0
7.0
4.0
1.0
131.0
7.0
1.0
1.0
3.0
792.0
1.0
20.0
181.0
8.0
75.0
292.0
1.0
3.0
1.0
14.0
1.0
105.0
1.0
5.0
2.0
3.0
1.0
1.0
990.0
4406.0
312.0
7.0
3.0
7.0
1358.0
5.0
3.0
948.0
1.0
26.0
1.0
2.0
15.0
1.0
6.0
17.0
3.0
31.0
4.0
3.0
3.0
3.0
1.0
1.0
84.0
12.0
2.0
1.0
1018.0
672.0
4.0
17.0
2.0
77.0
282.0
2.0
198.0
1.0
1.0
1.0
5.0
3.0
3.0
1.0
1.0
1.0
1.0
1.0
193.0
3.0
1.0
503.0
19.0
2.0
2.0
3.0
2.0
2.0
4.0
3.0
6.0
5.0
18.0
29.0
2.0
1.0
261.0
3.0
1.0
421.0
287.0
1.0
1.0
1268.0
353.0
6.0
24.0
66.0
934.0
12.0
1.0
52.0
2.0
725.0
14.0
1.0
1.0
3.0
482.0
1.0
2.0
11.0
1.0
9.0
4.0
23.0
1.0
2.0
1.0
4351.0
4.0
3.0
1.0
1.0
368.0
3.0
28.0
5.0
6.0
3.0
15.0
7127.0
10.0
5.0
283.0
1.0
6.0
1.0
3.0
2.0
24.0
1018.0
2.0
3.0
3.0
3.0
307.0
33.0
1.0
74.0
444.0
3.0
22.0
102.0
12.0
1.0
49.0
4.0
3.0
2.0
73.0
5.0
278.0
9.0
131.0
375.0
3.0
1.0
2.0
7.0
22.0
1.0
12.0
4.0
42.0
2.0
5.0
43.0
1.0
1.0
1.0
3.0
3.0
1.0
13.0
59.0
5.0
1.0
31.0
1.0
2.0
7.0
1.0
2.0
504.0
178.0
1434.0
75.0
121.0
1.0
176.0
52.0
321.0
127.0
20.0
9.0
4.0
2.0
5.0
4.0
6570.0
3.0
3.0
2.0
9.0
15.0
2.0
2.0
855.0
1.0
3.0
17.0
3.0
1.0
3.0
9.0
4.0
8.0
1.0
49049.0
3.0
3.0
3.0
3.0
206.0
40.0
10.0
4.0
2.0
24.0
12.0
3.0
232.0
3.0
64.0
4.0
294.0
1.0
1.0
296.0
4.0
24.0
8.0
1722.0
2.0
1.0
7.0
1.0
3.0
2.0
52.0
3.0
3.0
14.0
121.0
64.0
3.0
1018.0
2.0
11.0
1.0
6.0
8.0
1.0
1.0
4.0
7.0
8.0
5.0
72.0
21.0
2.0
3.0
3013.0
3.0
1.0
2.0
36.0
11.0
1.0
6.0
3.0
9.0
366.0
2.0
1.0
14155.0
4.0
1.0
59.0
156.0
8.0
57.0
5.0
1.0
960.0
1179.0
21.0
1.0
1.0
7.0
4.0
1.0
263.0
1018.0
3.0
3.0
117.0
3.0
2.0
2.0
3.0
3.0
1.0
3.0
12.0
3.0
2.0
39.0
1276.0
422.0
9059.0
1.0
5.0
1.0
6.0
1.0
4.0
1634.0
9.0
3.0
79.0
1.0
1.0
351.0
318.0
339.0
2.0
1.0
368.0
1.0
1.0
1.0
2.0
12.0
1.0
1.0
242.0
3.0
9.0
1.0
1.0
292.0
3.0
18.0
3.0
5.0
197.0
780.0
3.0
2.0
3.0
44.0
1.0
3.0
542.0
1.0
351.0
5.0
3.0
1.0
232.0
274.0
1.0
3.0
2.0
2.0
67.0
134.0
2.0
1.0
3.0
1.0
10.0
3.0
36.0
3.0
1.0
1.0
4.0
1.0
3.0
3.0
1.0
4.0
205.0
3.0
22.0
4.0
3.0
351.0
2.0
516.0
6.0
16.0
3.0
52.0
101.0
6.0
4.0
20.0
1.0
17.0
93.0
1.0
23.0
23.0
23.0
2.0
4.0
157.0
2.0
10.0
31.0
3.0
3.0
8.0
30.0
162.0
4.0
3.0
6.0
873.0
1782.0
1.0
6.0
1.0
1637.0
16.0
2.0
1.0
27.0
351.0
14678.0
10.0
1.0
1.0
3.0
94.0
1.0
3.0
3.0
3.0
53.0
863.0
5.0
9.0
31.0
1.0
4.0
80.0
11.0
3.0
2.0
1.0
1.0
5.0
5.0
6.0
3.0
1.0
6.0
1.0
134.0
1.0
55.0
30.0
7.0
1.0
5.0
14.0
4.0
16.0
1.0
3.0
4.0
1400.0
19.0
8.0
128.0
2.0
1.0
2.0
7.0
779.0
15.0
2.0
3.0
611.0
1.0
1.0
3.0
1348.0
194.0
3.0
1.0
5.0
2.0
326.0
351.0
95.0
3.0
3.0
3.0
1.0
3.0
351.0
79.0
70.0
7.0
25.0
1.0
26671.0
772.0
1.0
3.0
1.0
58.0
2.0
4.0
1.0
1.0
640.0
2.0
1.0
20.0
1.0
3.0
1.0
1.0
13.0
73.0
2.0
49.0
288.0
1.0
35.0
360.0
3.0
5.0
119.0
3.0
1.0
205.0
179.0
2.0
3.0
3.0
3.0
166.0
160.0
1.0
4.0
1.0
1.0
22037.0
1018.0
28.0
4.0
50.0
26.0
4.0
24.0
1.0
3860.0
1.0
1.0
8.0
7.0
3.0
283.0
273.0
1.0
11.0
2.0
3.0
11.0
1.0
213.0
10.0
2.0
48.0
1205.0
130.0
1.0
1.0
2.0
2.0
240.0
11.0
19.0
1.0
1.0
2.0
1.0
52.0
8.0
7.0
269.0
23.0
584.0
6.0
2.0
1135.0
7.0
59.0
52.0
977.0
1.0
4.0
33.0
289.0
1.0
3.0
3.0
1.0
1.0
1.0
202.0
36.0
12165.0
773.0
16.0
25.0
11.0
1.0
1.0
1.0
231.0
7.0
4.0
3.0
1.0
497.0
3.0
4.0
1.0
5196.0
44.0
1.0
10.0
3.0
3.0
436.0
3.0
3.0
759.0
8.0
7.0
1.0
9.0
20.0
1.0
1589.0
31.0
3.0
1.0
20.0
19.0
2.0
10.0
20.0
6422.0
4.0
2.0
65.0
8.0
2127.0
2.0
1.0
35.0
2.0
2.0
11.0
587.0
8.0
143.0
7.0
1.0
24.0
3.0
889.0
606.0
39.0
3.0
1.0
351.0
2.0
278.0
4.0
1.0
1.0
1.0
3.0
3.0
1.0
33.0
2.0
1.0
3.0
16.0
24.0
92.0
1.0
106.0
1.0
208.0
6.0
2.0
678.0
15.0
1.0
371.0
3.0
12.0
1.0
1.0
1.0
2.0
63.0
23.0
120.0
6.0
1723.0
1369.0
3.0
24.0
4.0
1.0
46.0
9.0
3.0
1.0
97.0
4.0
1232.0
3.0
257.0
3.0
1.0
1.0
3.0
2.0
4.0
14.0
9.0
4.0
2.0
1.0
946.0
1.0
17.0
3.0
36.0
2.0
3.0
1.0
3.0
39.0
810.0
3.0
1.0
2.0
86.0
3.0
1.0
3.0
1.0
3.0
3.0
3.0
1.0
23.0
961.0
27.0
9.0
1.0
1.0
2.0
1.0
3.0
3.0
3.0
893.0
1.0
1163.0
3.0
3.0
5.0
6850.0
25.0
421.0
1379.0
3.0
3.0
31.0
27.0
242.0
3.0
3.0
3.0
3.0
9.0
3.0
1.0
1.0
25.0
1.0
32.0
2.0
219.0
1026.0
1.0
1.0
2.0
2.0
4.0
1.0
8.0
2.0
2.0
2008.0
1.0
500.0
4.0
127.0
2.0
3.0
141.0
3.0
10.0
2.0
1.0
7.0
2.0
1.0
1.0
2.0
1.0
30.0
1.0
8.0
115.0
3.0
1.0
36.0
25.0
4.0
21.0
172.0
4.0
3.0
1.0
1.0
20.0
2.0
1.0
1.0
2.0
3.0
2.0
8.0
1.0
1.0
515.0
6.0
1.0
2.0
1.0
2.0
1.0
3.0
1.0
1.0
1.0
7.0
2.0
1.0
77.0
15.0
1.0
295.0
1.0
8.0
16.0
1.0
11.0
4.0
88.0
7.0
24.0
30.0
5.0
3200.0
1.0
4.0
2.0
1.0
4.0
132.0
1.0
1301.0
4.0
3.0
82.0
1.0
5.0
2299.0
6.0
16.0
3.0
3.0
8.0
99.0
1224.0
1.0
101.0
687.0
1.0
32.0
8.0
226.0
87.0
68.0
43.0
31.0
206.0
22.0
1.0
3.0
51.0
2.0
1.0
1.0
214.0
1.0
16.0
2.0
63.0
227.0
3.0
52.0
1.0
362.0
165.0
3.0
24.0
2.0
52.0
81.0
1.0
5194.0
1.0
2.0
1.0
7.0
2.0
12.0
3.0
4.0
8.0
1.0
135.0
1.0
13139.0
11.0
19.0
297.0
1.0
110.0
24.0
157.0
1.0
3.0
3.0
1.0
2.0
2.0
3.0
24.0
1.0
3.0
3.0
1793.0
4.0
1.0
12.0
1.0
1.0
1.0
1.0
97.0
5.0
1.0
19.0
2.0
26.0
125.0
3.0
100.0
179.0
95.0
1.0
3.0
1552.0
3.0
18.0
4.0
3.0
1.0
1.0
2.0
3458.0
72.0
1.0
5.0
1.0
1.0
23.0
8.0
1.0
16.0
117.0
1.0
30.0
18.0
1.0
1.0
152.0
79671.0
4.0
3.0
3.0
4.0
7.0
75.0
3.0
6.0
102.0
1.0
1028.0
1.0
9.0
6.0
10.0
1.0
370.0
3.0
9.0
2.0
552.0
590.0
1159.0
1.0
2.0
29.0
52.0
4.0
4.0
3.0
4.0
2.0
2.0
3.0
3.0
2844.0
5626.0
1.0
7.0
11.0
576.0
75.0
2472.0
1.0
1.0
1.0
14.0
1.0
3.0
1.0
226.0
2.0
3001.0
3.0
1.0
1.0
1.0
2.0
19.0
471.0
7.0
1.0
1075.0
4.0
12.0
6919.0
658.0
1.0
3.0
2.0
601.0
8.0
6.0
1.0
4.0
3.0
3.0
298.0
1.0
164.0
98.0
1.0
1.0
40.0
1.0
20.0
4.0
149.0
8.0
359.0
9.0
3.0
4.0
1.0
3.0
6.0
17.0
18.0
8.0
5.0
437.0
1734.0
2.0
351.0
1.0
3.0
1.0
3.0
2.0
3.0
14.0
3.0
10.0
1.0
1018.0
1.0
2.0
1.0
17.0
5.0
1.0
12.0
800.0
4.0
6.0
353.0
1.0
593.0
1.0
6.0
1.0
5.0
3.0
1.0
1.0
1.0
359.0
118.0
38.0
10.0
1.0
24.0
301.0
1.0
1.0
3.0
5.0
16.0
62.0
3.0
1.0
2.0
3.0
272.0
6135.0
1.0
1384.0
451.0
11.0
5867.0
5.0
101.0
3.0
3.0
44.0
1.0
1.0
380.0
9.0
8.0
3.0
2.0
2.0
248.0
9.0
5.0
1.0
17.0
1.0
1.0
1.0
3.0
1.0
1180.0
2.0
3.0
2.0
3.0
2.0
89.0
5.0
3.0
2.0
1.0
10.0
1.0
1.0
3.0
2.0
1.0
37.0
5136.0
111.0
2.0
3.0
1.0
34.0
17.0
1.0
1.0
1.0
3.0
22483.0
294.0
4.0
5.0
3.0
5.0
3.0
198.0
24.0
471.0
21.0
3.0
3.0
120.0
351.0
236.0
1.0
1.0
3.0
3.0
9.0
1.0
3.0
2.0
1.0
8.0
1.0
3.0
8.0
1.0
1636.0
36.0
2.0
4.0
1.0
6.0
5.0
2.0
3.0
2.0
1.0
1.0
18.0
1.0
313.0
47.0
3.0
3.0
1.0
696.0
1.0
3.0
58.0
3.0
1.0
3.0
3254.0
3.0
31.0
3.0
1.0
36.0
14.0
4671.0
42.0
3.0
2.0
3.0
2.0
1275.0
1.0
1.0
24968.0
2.0
1.0
4.0
13.0
2.0
1.0
26.0
1.0
101.0
278.0
2.0
4.0
3.0
3.0
6.0
4.0
1.0
1.0
2.0
1.0
1.0
1.0
30.0
19.0
1.0
1086.0
9.0
3.0
18.0
26.0
258.0
1.0
990.0
13.0
4.0
14.0
1.0
1.0
1.0
24.0
2.0
60.0
2347.0
1.0
2.0
1.0
95.0
1.0
17.0
5.0
139.0
6.0
1.0
1.0
1.0
41.0
6.0
444.0
1.0
1.0
7.0
10.0
569.0
39.0
2.0
1.0
1.0
9.0
2.0
6.0
3.0
3.0
3.0
15502.0
1.0
171.0
1.0
217.0
1.0
741.0
2.0
8.0
2.0
4.0
3.0
1.0
1.0
863.0
1.0
3.0
3.0
1083.0
1.0
17.0
4.0
8.0
3.0
24.0
8.0
5.0
28.0
1.0
1.0
115.0
666.0
6.0
29.0
1.0
1.0
5.0
73.0
3.0
332.0
1.0
456.0
1.0
1.0
8.0
5.0
2.0
6.0
58.0
2.0
3.0
19.0
1.0
2.0
2.0
109.0
2.0
1.0
3.0
23.0
2.0
36.0
54.0
1.0
2.0
3.0
3.0
1.0
16.0
2.0
14.0
4.0
801.0
3.0
14.0
7.0
3.0
783.0
7.0
9.0
3.0
46.0
1.0
3.0
1.0
12.0
1.0
650.0
4.0
1.0
5.0
5.0
3.0
8.0
1.0
906.0
4.0
5.0
198.0
1009.0
9.0
1.0
1.0
45.0
1.0
16.0
2.0
280.0
7.0
3.0
14.0
11.0
678.0
3.0
3.0
4.0
5.0
1.0
10.0
306.0
452.0
3.0
10556.0
3.0
6.0
113.0
5287.0
3.0
169.0
34.0
1.0
1.0
99.0
1.0
2.0
2.0
16.0
1.0
6.0
1077.0
1.0
9.0
57.0
53.0
268.0
1.0
3.0
1.0
60.0
3.0
118.0
3.0
2.0
13.0
1.0
1.0
1.0
10.0
3.0
19.0
57.0
771.0
9.0
1.0
3.0
8.0
4.0
3.0
7.0
8.0
1122.0
3.0
2.0
3.0
1.0
30.0
1.0
4.0
1.0
2.0
3.0
7880.0
1.0
2.0
1.0
2.0
3.0
25.0
1.0
231.0
1.0
3.0
2.0
1.0
426.0
2.0
1.0
14.0
65.0
15.0
1.0
1.0
549.0
3.0
66.0
3.0
8.0
880.0
2415.0
23.0
126.0
7.0
4.0
1.0
1.0
7.0
1.0
2.0
92.0
65.0
3.0
4.0
4.0
1257.0
305.0
497.0
18.0
1.0
382.0
5.0
542.0
34.0
5.0
1.0
11.0
462.0
4.0
3.0
183.0
2.0
302.0
3.0
1.0
13.0
1.0
1.0
5.0
7.0
4.0
1.0
3.0
1.0
79.0
3.0
3.0
11.0
4.0
991.0
3.0
4.0
4.0
3.0
16.0
2.0
3.0
5.0
299.0
3.0
1019.0
113.0
19.0
1018.0
1611.0
3.0
961.0
3.0
1.0
34.0
6.0
66.0
8.0
1.0
7.0
1.0
1.0
7.0
3.0
4654.0
934.0
15.0
2.0
10.0
4.0
713.0
2.0
1.0
399.0
8.0
1.0
2.0
1.0
1.0
9.0
1.0
1.0
1.0
3.0
3.0
1.0
5939.0
7.0
3.0
1.0
6.0
1.0
1.0
2.0
1.0
1.0
4.0
1.0
7.0
886.0
4.0
2.0
3.0
35.0
1.0
3.0
172.0
3.0
1788.0
3.0
1.0
182.0
6.0
100.0
4.0
14.0
8.0
6.0
596.0
2.0
1.0
9.0
7.0
1.0
305.0
4.0
1.0
2.0
43.0
2.0
1.0
8.0
12.0
2.0
1.0
897.0
3671.0
4045.0
123.0
3.0
1.0
2.0
2568.0
1.0
1.0
3.0
79.0
13.0
43.0
3873.0
951.0
24.0
20.0
11.0
8.0
3.0
1.0
1.0
24.0
38.0
65.0
50.0
4.0
24.0
351.0
5.0
1.0
5.0
157.0
1.0
17.0
6.0
3.0
1.0
10.0
12.0
24.0
25.0
65.0
1.0
7.0
5.0
292.0
2.0
19.0
3.0
1.0
3.0
24.0
1564.0
2.0
1.0
3.0
5.0
1.0
12.0
13.0
696.0
25.0
103.0
1.0
573.0
3.0
1.0
1.0
1.0
1.0
11.0
11.0
2.0
40.0
1707.0
1.0
6.0
1.0
3.0
3.0
4.0
25.0
351.0
3.0
96.0
1.0
1.0
66.0
24.0
3.0
1.0
3.0
26.0
1.0
467.0
2.0
3.0
3.0
4.0
3.0
147.0
313.0
758.0
3.0
1.0
32.0
1.0
2.0
1.0
983.0
943.0
1.0
372.0
351.0
3.0
6.0
4.0
1.0
1.0
57.0
2.0
4.0
23.0
1.0
10.0
24.0
30.0
19.0
3.0
24.0
100.0
540.0
1.0
6.0
1.0
11.0
1.0
1.0
135.0
1.0
1.0
25.0
1.0
151.0
21.0
808.0
17.0
2.0
108.0
145.0
349.0
1.0
165.0
129.0
19967.0
19.0
1.0
1.0
5.0
3.0
1018.0
693.0
1.0
1.0
5.0
51.0
1752.0
23.0
4.0
1.0
8.0
1.0
15.0
28.0
43.0
1.0
494.0
2.0
12.0
10.0
1.0
3540.0
1.0
1.0
12.0
32.0
3.0
3.0
3.0
16.0
3.0
3.0
1.0
3.0
1.0
35.0
4.0
2.0
1.0
6.0
23.0
1.0
61.0
1.0
2.0
5.0
6.0
1.0
1.0
1.0
23.0
370.0
13.0
1.0
7.0
419.0
472.0
3.0
26.0
5.0
1.0
2.0
1.0
23.0
1225.0
2.0
2.0
25.0
33.0
3.0
7.0
232.0
1.0
25.0
9.0
2865.0
1257.0
1.0
3.0
5.0
3.0
70.0
19.0
3.0
3.0
1.0
22.0
1.0
1.0
9.0
2.0
1.0
35.0
1.0
1.0
19.0
1.0
44.0
7.0
15.0
138.0
1.0
1.0
1.0
8.0
2.0
530.0
1.0
1.0
24.0
7.0
1.0
8.0
1.0
3.0
24.0
3.0
20411.0
3.0
1326.0
19.0
1.0
4.0
32.0
197.0
761.0
1.0
10.0
1.0
19.0
124.0
31.0
1.0
5.0
10.0
3.0
7.0
1116.0
435.0
1694.0
1.0
3.0
1.0
4.0
3.0
1.0
3.0
323.0
1026.0
3.0
3.0
1927.0
2.0
9.0
2.0
1.0
1.0
1.0
9458.0
1.0
2.0
82.0
8.0
3.0
6.0
185.0
2.0
2.0
14.0
3.0
2.0
6.0
460.0
2.0
3.0
11.0
1.0
16.0
3.0
1.0
2.0
1446.0
2687.0
1.0
1.0
7641.0
1.0
1.0
1.0
5.0
3.0
8.0
2.0
19.0
1.0
1.0
2.0
73.0
24.0
2.0
906.0
129.0
2.0
1.0
177.0
442.0
4.0
9.0
202.0
3.0
249.0
874.0
245.0
1705.0
1.0
267.0
1.0
3412.0
59.0
3.0
1.0
20.0
4.0
1.0
1.0
948.0
3.0
3.0
21.0
241.0
1.0
9.0
7.0
422.0
1138.0
1.0
1.0
4.0
1029.0
2.0
3.0
2.0
1.0
2.0
17.0
1.0
2.0
14.0
54.0
2.0
1.0
3.0
3.0
14385.0
61.0
49.0
1300.0
2.0
334.0
34.0
18.0
86.0
2.0
1.0
1.0
1.0
3424.0
15.0
94.0
10.0
1103.0
19.0
368.0
18.0
83.0
19.0
19.0
38.0
279.0
9.0
1.0
2.0
23.0
1.0
2.0
31.0
10.0
18.0
9.0
24.0
10.0
1.0
24.0
1.0
3.0
1.0
3.0
1.0
1.0
4.0
1.0
1.0
1.0
1.0
1462.0
2.0
3.0
108.0
2.0
871.0
1.0
32.0
3.0
8.0
1.0
8.0
1.0
38.0
2.0
1.0
1.0
3.0
1.0
22.0
1.0
3.0
1.0
726.0
2.0
1.0
40.0
892.0
418.0
1.0
1.0
1.0
2.0
6.0
1.0
5.0
47.0
25.0
18.0
37.0
3.0
9.0
66.0
2.0
4.0
69.0
4.0
7.0
37.0
5.0
1.0
3.0
189.0
640.0
1.0
1.0
3.0
16.0
23.0
3.0
17.0
24.0
4.0
3.0
36.0
111.0
2.0
11.0
75.0
775.0
3.0
100.0
2.0
2.0
1.0
1.0
2.0
68.0
4.0
1.0
2.0
102.0
4.0
1.0
15.0
51.0
397.0
3.0
1.0
1.0
1.0
3.0
4.0
7.0
55.0
62.0
14.0
8.0
2.0
183.0
7.0
8.0
1.0
3.0
37.0
1.0
4.0
15.0
2.0
2.0
2.0
1.0
3.0
1092.0
6.0
12.0
1.0
1.0
2.0
1.0
4.0
1.0
5.0
2.0
1.0
25.0
4794.0
3.0
1.0
11.0
79.0
130.0
2.0
23.0
1.0
30.0
638.0
3.0
2.0
1.0
6.0
65.0
5.0
162.0
1.0
651.0
1.0
6.0
2.0
1.0
1620.0
674.0
4.0
3.0
13.0
1147.0
3.0
3.0
3.0
3.0
1.0
3.0
1.0
375.0
1.0
1.0
1.0
1.0
17.0
2.0
338.0
16.0
1.0
3.0
22.0
3.0
18.0
3.0
543.0
1.0
60.0
1.0
2.0
5.0
5.0
28.0
2.0
3.0
1.0
1.0
1.0
1.0
3.0
33.0
279.0
3.0
1363.0
657.0
26.0
1.0
1.0
55.0
25.0
9.0
1.0
1225.0
4.0
175.0
3.0
1.0
1.0
2.0
2.0
443.0
253.0
2.0
1.0
1.0
1.0
5.0
7.0
1.0
3.0
1.0
88.0
5.0
1027.0
30.0
105.0
3.0
4.0
3.0
1.0
39.0
3.0
1.0
4.0
17.0
3.0
16.0
70.0
1.0
3.0
10.0
596.0
1.0
1.0
4.0
2.0
2.0
5.0
11.0
1.0
4.0
3.0
1.0
15.0
1.0
1.0
65.0
1.0
2.0
24.0
3.0
54.0
59.0
1.0
541.0
5.0
11.0
41.0
1.0
259.0
2.0
3.0
1.0
1.0
34.0
1.0
3.0
1.0
1663.0
1575.0
8.0
3.0
6.0
59.0
4.0
3.0
1.0
1.0
2.0
2.0
4.0
581.0
1.0
386.0
10.0
4.0
4.0
33.0
4.0
1.0
157.0
1096.0
3000.0
839.0
2.0
1.0
1.0
32.0
1475.0
1.0
569.0
156.0
7.0
1.0
2.0
1.0
1.0
21.0
3.0
18.0
11.0
3.0
139.0
3.0
2.0
12.0
528.0
3.0
1.0
1.0
3.0
12.0
271.0
4.0
1.0
1.0
15.0
1.0
1.0
10.0
17.0
2.0
2.0
2.0
3.0
1.0
1.0
1.0
1.0
11.0
1.0
1.0
1.0
23.0
1.0
1.0
1.0
1.0
5.0
87.0
67.0
1.0
1.0
1.0
2275.0
2.0
4.0
1.0
1.0
98.0
4.0
233.0
4.0
351.0
3.0
28.0
212.0
2318.0
1.0
1.0
1.0
3.0
5.0
3.0
1.0
1.0
1.0
36.0
3.0
38.0
9.0
1.0
1.0
231.0
1.0
4.0
796.0
972.0
3230.0
7208.0
32.0
3.0
1.0
2.0
89.0
16.0
9.0
1.0
2.0
1.0
43.0
1.0
6.0
1.0
1.0
596.0
23.0
3.0
187.0
17.0
340.0
1.0
3.0
1.0
13.0
64.0
10.0
1435.0
3.0
10.0
62.0
1.0
3.0
1.0
2.0
1.0
1.0
5235.0
19.0
2.0
28.0
698.0
12.0
603.0
2.0
3.0
3.0
1.0
406.0
49.0
3.0
2515.0
1.0
111.0
5.0
218.0
1.0
2.0
24.0
2.0
241.0
3.0
2.0
3.0
3.0
1.0
3.0
1.0
3.0
3.0
7.0
3.0
1.0
1.0
111.0
2.0
471.0
3.0
3.0
3.0
6.0
1.0
3.0
219.0
18.0
1.0
961.0
1.0
1.0
21.0
1.0
85.0
2.0
6.0
1.0
1.0
459.0
4.0
508.0
282.0
3.0
17.0
28.0
101.0
4.0
3.0
3.0
3.0
1.0
1.0
1.0
102.0
1.0
3.0
6.0
797.0
288.0
3.0
1.0
17.0
1.0
3.0
288.0
1.0
1.0
19.0
1052.0
1.0
8.0
3.0
6.0
7027.0
13.0
1.0
5.0
12.0
1838.0
232.0
12.0
387.0
8.0
5.0
5.0
1734.0
1.0
2.0
3.0
23.0
3.0
7.0
3.0
1.0
47.0
59.0
107.0
5.0
12.0
388.0
36.0
4.0
1.0
374.0
1.0
4.0
8.0
757.0
1.0
3103.0
1.0
8.0
6.0
14.0
3.0
18.0
1.0
1.0
3.0
23.0
3679.0
54.0
1.0
33.0
65.0
1.0
3.0
8.0
27.0
64.0
7.0
1.0
5.0
14.0
1.0
4353.0
3.0
8683.0
1.0
1.0
3.0
1.0
1.0
400.0
1.0
2.0
493.0
13.0
1345.0
343.0
1.0
38.0
3.0
3.0
25.0
2.0
55.0
18.0
8.0
1.0
917.0
1.0
3.0
3618.0
19.0
1.0
489.0
1.0
3.0
2.0
4.0
3.0
6.0
17.0
3.0
3.0
779.0
3.0
1.0
1.0
1.0
70.0
1.0
2.0
3.0
1.0
65.0
1.0
5.0
125.0
3.0
1.0
1.0
74.0
2.0
282.0
4.0
25.0
3.0
7.0
3.0
7.0
3.0
4.0
2.0
3.0
9.0
2.0
2.0
19.0
7.0
3.0
165.0
292.0
12.0
7.0
9.0
3.0
3.0
7.0
220.0
207.0
4.0
74.0
33.0
829.0
985.0
3.0
4.0
2.0
111.0
1.0
3.0
40.0
1.0
33.0
78.0
14.0
3.0
3.0
4.0
2.0
472.0
6.0
3.0
130.0
10.0
9.0
2.0
1.0
14.0
1.0
1.0
3.0
1162.0
1.0
38.0
115.0
11.0
3.0
79.0
1.0
1.0
29.0
3.0
3.0
1.0
6.0
288.0
337.0
6041.0
659.0
445.0
1561.0
13.0
31.0
1.0
20.0
28.0
3.0
311.0
24.0
31.0
948.0
18.0
2.0
125.0
67.0
3.0
59.0
4.0
421.0
3.0
2.0
168.0
1.0
1.0
24.0
5.0
1.0
351.0
3.0
8.0
1.0
1.0
5.0
1.0
611.0
3.0
3.0
72.0
1.0
1.0
3.0
42.0
3.0
71.0
41.0
1.0
1.0
1.0
1.0
2.0
3.0
11.0
80.0
19.0
2.0
1078.0
2.0
117.0
1.0
3.0
44.0
3.0
3.0
292.0
10.0
335.0
2.0
3.0
2.0
1.0
1.0
5.0
176.0
1.0
278.0
3.0
216.0
1.0
9.0
15.0
3.0
310.0
13.0
110.0
57.0
489.0
13840.0
133.0
1.0
1701.0
78.0
15.0
1.0
466.0
67.0
1.0
2.0
1.0
4.0
8.0
1.0
1.0
6.0
3.0
1.0
1.0
370.0
11.0
4.0
38.0
538.0
4.0
50.0
1.0
1.0
1.0
7.0
1.0
296.0
1.0
3.0
15.0
4.0
6.0
3.0
1.0
84.0
2.0
3.0
31.0
1.0
1.0
2.0
47.0
4.0
4.0
1.0
3.0
1.0
7.0
3.0
1.0
3.0
3.0
1.0
1.0
1.0
2.0
11.0
16.0
2.0
1.0
3.0
4.0
2.0
5.0
41.0
3.0
23.0
17.0
4.0
4.0
3.0
1.0
184.0
1.0
3344.0
512.0
1.0
1.0
177326.0
2.0
8.0
9253.0
1.0
18.0
191.0
2.0
1.0
7.0
1.0
8.0
1.0
3.0
14.0
5.0
1.0
5.0
139.0
4.0
2.0
252.0
12.0
3.0
1.0
22.0
81.0
16.0
144.0
55.0
1.0
3.0
52.0
1.0
676.0
1.0
24.0
1.0
2.0
1.0
3.0
4.0
5.0
160.0
185.0
4.0
3.0
1440.0
1.0
164.0
360.0
1.0
296.0
3.0
3.0
1210.0
169.0
1.0
2.0
5.0
3.0
1.0
1.0
3.0
165.0
11.0
1365.0
10.0
1.0
1.0
1836.0
1.0
1.0
1.0
4.0
3.0
241.0
8.0
1.0
1.0
232.0
2.0
1.0
369.0
3.0
2.0
10.0
132.0
2.0
1.0
925.0
6.0
61.0
2.0
20.0
13.0
7.0
58.0
3.0
1.0
3.0
60.0
1.0
2.0
3.0
5.0
2.0
2.0
19.0
822.0
1.0
1.0
1.0
1.0
14.0
101.0
3.0
4538.0
8.0
263.0
780.0
1.0
2.0
19.0
516.0
230.0
7.0
1.0
59.0
338.0
6.0
768.0
3.0
12.0
7.0
1.0
335.0
1.0
529.0
2.0
120.0
123.0
11.0
2.0
17.0
1.0
14.0
1.0
20.0
675.0
3.0
1.0
1.0
543.0
4.0
1.0
49.0
1.0
3.0
107.0
11.0
11.0
723.0
10.0
1.0
4.0
49.0
3.0
10.0
1.0
595.0
1.0
11.0
3.0
1672.0
1.0
2.0
2.0
2.0
3.0
1.0
25.0
3.0
24.0
1.0
1.0
1.0
15.0
1.0
1.0
1.0
3.0
6.0
1.0
3.0
7.0
2683.0
3.0
1.0
3.0
970.0
8.0
1876.0
132.0
2.0
3.0
5.0
1.0
172.0
4.0
108.0
31.0
8.0
1.0
1.0
1411.0
3.0
352.0
3.0
410.0
157.0
143.0
611.0
1357.0
1.0
682.0
36.0
1.0
622.0
6.0
7.0
1.0
15.0
6487.0
26.0
1642.0
1.0
1.0
1.0
16.0
2.0
56.0
1.0
7.0
1.0
1.0
6.0
100.0
9.0
2.0
3.0
133.0
24.0
1.0
36.0
191.0
66.0
24.0
1.0
4.0
50.0
1.0
2.0
3.0
2.0
3.0
249.0
7.0
2.0
1.0
89.0
167.0
46.0
9.0
3748.0
2.0
80.0
176.0
996.0
1.0
2.0
3.0
143.0
1.0
2.0
1.0
1.0
36.0
250.0
696.0
317.0
2.0
1.0
1.0
1.0
902.0
977.0
3.0
75.0
28.0
1.0
918.0
2.0
1.0
1.0
5.0
1.0
1.0
3.0
5.0
3.0
2.0
1.0
1.0
1.0
1.0
1.0
2.0
323.0
29.0
3.0
1.0
381.0
1.0
1.0
3.0
119.0
95.0
10.0
1.0
1.0
3.0
1.0
313.0
1.0
4.0
3.0
2.0
7.0
1.0
1.0
1.0
62.0
10001.0
1.0
1.0
1.0
1.0
1.0
6.0
50.0
1.0
1.0
2.0
3071.0
1.0
3.0
7.0
4.0
1034.0
1.0
2.0
1.0
1.0
21.0
21.0
3.0
3.0
208.0
77.0
80.0
12.0
4.0
613.0
3.0
1.0
4.0
1.0
258.0
1.0
3.0
1.0
1081.0
2.0
4.0
21.0
1.0
111.0
3.0
2.0
2.0
3.0
5.0
13.0
4643.0
6.0
6.0
20.0
185.0
184.0
1.0
1.0
1.0
2.0
1.0
1.0
27.0
8.0
4.0
458.0
2.0
34.0
1.0
3.0
20.0
1.0
9.0
4.0
1.0
590.0
1.0
50.0
3.0
6.0
3.0
792.0
3.0
1.0
3.0
31.0
2.0
40.0
40.0
45.0
29.0
2.0
3.0
7.0
1.0
20.0
3.0
6.0
26.0
3.0
886.0
302.0
31.0
24.0
1.0
1.0
199.0
8.0
941.0
22.0
3.0
19.0
3.0
1.0
1.0
14.0
3.0
3.0
536.0
3.0
2.0
1.0
5.0
66.0
2.0
701.0
3.0
1.0
3.0
34.0
5.0
3.0
74.0
180.0
3.0
8.0
12.0
4.0
9.0
43.0
1.0
2.0
24.0
3.0
3.0
124.0
1.0
4.0
26.0
7.0
3.0
367.0
17.0
1742.0
1.0
1.0
1.0
87.0
491.0
2.0
1.0
2.0
1.0
23.0
93.0
4.0
2.0
1.0
2.0
1.0
2.0
3.0
1.0
120.0
1.0
22.0
2.0
1.0
4.0
1.0
1.0
36.0
7.0
11.0
25.0
2.0
1.0
1.0
3.0
3.0
40.0
1.0
667.0
51.0
2.0
752.0
3.0
3.0
9.0
4.0
2.0
2440.0
3.0
1.0
61.0
2.0
772.0
3.0
2.0
5.0
1.0
5.0
22.0
32.0
1.0
1.0
160.0
14.0
115.0
405.0
8.0
12.0
1.0
6.0
33.0
24.0
1.0
1.0
2.0
1.0
1837.0
8.0
9.0
2565.0
48.0
8.0
10.0
4.0
17.0
1.0
2.0
3.0
1.0
1.0
5.0
9.0
1.0
1.0
1.0
4.0
717.0
2.0
20.0
3.0
1.0
3.0
351.0
292.0
23.0
2.0
1.0
2.0
20.0
11.0
103.0
1.0
1.0
1.0
714.0
3.0
8.0
3.0
1.0
4.0
288.0
6.0
24.0
1252.0
1.0
2.0
125.0
1039.0
1.0
3.0
15.0
308.0
13.0
1.0
11.0
4.0
10.0
3.0
1.0
34.0
4.0
104.0
25.0
2.0
44.0
3.0
7.0
5186.0
19.0
3.0
8.0
7.0
1.0
7.0
40.0
535.0
1.0
65.0
3.0
965.0
6.0
5.0
1.0
1125.0
1.0
1.0
65.0
96.0
441.0
15.0
117.0
1.0
158.0
36.0
3.0
2.0
33.0
152.0
1.0
4.0
1.0
102.0
3.0
321.0
26.0
4.0
3.0
1.0
8.0
1485.0
134.0
3.0
2.0
1.0
1.0
6.0
3.0
1.0
3.0
3.0
2.0
534.0
1.0
10.0
1.0
5.0
1.0
89.0
140.0
3.0
28.0
838.0
2.0
178.0
1.0
1.0
42.0
2.0
1.0
8.0
19.0
1.0
273.0
1135.0
2.0
3.0
137.0
413.0
22.0
1.0
399.0
1.0
1105.0
1.0
1.0
3.0
39.0
1.0
7.0
3.0
1.0
1.0
1.0
3.0
1.0
1.0
3.0
7.0
3.0
1.0
76.0
2.0
2.0
1.0
3.0
4.0
5942.0
1.0
11.0
68.0
3.0
4.0
1.0
17.0
8.0
3.0
215.0
42.0
4.0
1.0
4.0
1.0
1.0
3.0
6.0
1.0
3.0
3.0
116.0
5.0
4.0
1.0
3.0
6.0
1.0
52.0
2.0
1.0
5.0
2.0
87.0
1.0
3.0
1.0
1.0
453.0
5.0
20.0
1.0
1.0
1.0
3.0
1.0
1.0
403.0
2.0
1.0
2.0
1.0
52.0
19.0
9.0
4.0
2.0
383.0
3.0
350.0
4.0
1.0
16.0
1.0
3.0
1.0
8.0
127.0
3.0
4.0
7.0
7.0
8.0
4.0
5.0
1899.0
1018.0
1.0
2.0
1.0
7.0
11.0
1.0
3.0
2.0
1018.0
5.0
61.0
1.0
1.0
1276.0
6.0
3.0
242.0
1.0
1.0
779.0
41.0
3.0
55.0
1.0
3.0
42.0
1.0
3.0
313.0
94.0
763.0
1.0
2.0
79.0
32.0
129.0
3.0
1.0
24.0
218.0
20.0
8.0
9727.0
2.0
1.0
445.0
74.0
6.0
875.0
313.0
69.0
1.0
1.0
2.0
18.0
3.0
6.0
1.0
5.0
2.0
24.0
1939.0
1207.0
3.0
215.0
4.0
9.0
5.0
56.0
2.0
69.0
3.0
211.0
102.0
4.0
1.0
3.0
1.0
338.0
1.0
21.0
1069.0
1.0
8.0
950.0
18.0
1.0
1522.0
676.0
18.0
104.0
1.0
1999.0
3.0
1.0
10.0
862.0
1.0
1.0
2.0
13.0
3.0
1.0
1.0
2.0
212.0
75.0
1.0
1.0
307.0
3.0
571.0
1.0
3.0
107.0
1.0
1.0
3.0
84.0
3.0
1.0
6.0
6.0
100.0
1.0
78.0
1.0
1.0
8.0
1470.0
5.0
3.0
1.0
7.0
103.0
5.0
3.0
3.0
12.0
255.0
3.0
3.0
1.0
9.0
69.0
371.0
4.0
1.0
108.0
2.0
3.0
3.0
7.0
7.0
21.0
5.0
2.0
5181.0
75.0
4.0
60.0
8.0
2.0
410.0
5.0
1.0
1.0
148.0
6457.0
319.0
3.0
4.0
19.0
6.0
1.0
1.0
1.0
351.0
3.0
9.0
5.0
1.0
4.0
1.0
14.0
1.0
2.0
1.0
1.0
4.0
1.0
16.0
292.0
808.0
608.0
3.0
1.0
14.0
2077.0
1.0
14.0
4.0
3.0
8.0
11.0
3.0
2.0
1.0
681.0
1.0
1.0
15.0
1927.0
36.0
71.0
17.0
1.0
2507.0
5.0
10.0
3.0
1.0
1.0
974.0
28.0
2.0
2.0
1.0
2.0
2.0
1.0
9.0
4.0
10.0
2.0
3.0
7.0
1.0
5315.0
1.0
3.0
3.0
1.0
1.0
14189.0
1779.0
3.0
3.0
9.0
705.0
1.0
3.0
1.0
1.0
370.0
4.0
1.0
872.0
9.0
1.0
7.0
1.0
3.0
2.0
7.0
6.0
1.0
3.0
697.0
5.0
3.0
212.0
3.0
1183.0
366.0
3.0
5.0
1.0
76.0
212.0
3.0
45.0
3.0
1842.0
1.0
14.0
3.0
74.0
237.0
3.0
1.0
2.0
77.0
1.0
1.0
22.0
3.0
2748.0
2.0
8.0
20.0
1.0
12.0
1.0
2.0
9.0
3249.0
3.0
1.0
3.0
6.0
15.0
2.0
9.0
12.0
395.0
2.0
4.0
1.0
1.0
1.0
7.0
3.0
218.0
168.0
1.0
1044.0
3.0
2.0
40.0
1.0
1.0
5.0
1.0
2.0
1.0
58.0
3.0
1.0
1.0
1.0
58.0
1.0
1.0
421.0
1.0
1.0
1.0
1.0
647.0
1.0
732.0
1.0
1198.0
2.0
63.0
285.0
2.0
3.0
2.0
4.0
4282.0
8.0
1.0
2.0
56.0
3.0
1.0
3.0
24.0
1.0
1.0
2.0
12.0
1.0
253.0
1.0
1.0
24.0
20.0
2.0
34.0
3.0
2.0
5.0
1.0
2.0
1.0
2.0
1616.0
1.0
33.0
288.0
52.0
467.0
12.0
6.0
2.0
138.0
1.0
1584.0
8.0
1.0
33.0
9.0
1.0
7.0
1.0
49.0
190.0
10450.0
2.0
2.0
1.0
1.0
7.0
3.0
2.0
1.0
1.0
1.0
6.0
2.0
977.0
60.0
886.0
8.0
1.0
10.0
2.0
5543.0
9.0
1.0
1.0
2.0
1.0
79.0
8.0
293.0
11.0
2.0
1.0
6.0
97.0
5.0
691.0
103.0
18.0
76.0
4.0
158.0
66.0
1.0
1.0
200.0
135.0
292.0
1.0
1.0
1.0
3.0
1090.0
3.0
1.0
117.0
3.0
5.0
1102.0
1.0
1.0
1.0
3.0
1.0
1.0
1.0
4.0
2.0
9.0
337.0
2.0
31.0
2.0
1.0
1.0
696.0
3.0
25.0
7.0
1.0
24.0
3.0
14.0
2.0
3.0
2.0
1.0
3.0
2.0
1.0
9.0
5.0
1.0
8374.0
5.0
14.0
1.0
575.0
4.0
3.0
2.0
357.0
116.0
318.0
8.0
2.0
9.0
3.0
1.0
878.0
3.0
12.0
1.0
1075.0
23.0
1.0
4.0
571.0
1.0
1.0
10.0
1048.0
1704.0
1.0
976.0
835.0
8.0
1.0
15.0
3.0
1073.0
4.0
3.0
1.0
116.0
1.0
14.0
1.0
3.0
1.0
789.0
31.0
26.0
14.0
2.0
1.0
9.0
3.0
1.0
344.0
302.0
1.0
3.0
2.0
11.0
3.0
5.0
84.0
1.0
13.0
2.0
3.0
75.0
19.0
3.0
13.0
1.0
2.0
19.0
13.0
4.0
44.0
5.0
4.0
1.0
1.0
2212.0
4.0
2.0
1.0
3.0
1.0
69.0
1.0
81.0
3.0
2.0
48.0
1.0
1.0
19.0
4.0
9.0
30.0
1726.0
9.0
1.0
1.0
19.0
91.0
1.0
28.0
36.0
9.0
4.0
3.0
3525.0
340.0
11.0
490.0
3.0
9.0
21.0
989.0
50.0
1.0
4.0
3.0
7.0
3.0
1.0
1.0
3.0
1.0
13.0
3.0
201.0
1.0
1656.0
360.0
22.0
11.0
1.0
3.0
1.0
2.0
404.0
1.0
1554.0
2.0
562.0
1018.0
18.0
8.0
3.0
292.0
6744.0
4489.0
183.0
2.0
282.0
81.0
98.0
961.0
25.0
596.0
1.0
1.0
24.0
1403.0
29.0
75.0
21.0
1.0
1.0
377.0
1.0
3.0
8.0
106.0
4.0
61.0
1.0
969.0
1.0
1.0
1.0
2.0
119.0
24.0
4.0
3.0
53.0
2075.0
1.0
1.0
1.0
1420.0
22.0
7.0
2.0
16.0
1.0
9.0
1.0
4.0
1127.0
3.0
2.0
11.0
1.0
4.0
1.0
4.0
1874.0
56.0
2.0
4.0
49.0
122.0
1.0
1.0
96.0
5.0
3.0
288.0
2.0
243.0
282.0
19.0
2.0
1.0
17.0
15450.0
537.0
2.0
4.0
34.0
43.0
1.0
3.0
2.0
3.0
1.0
69.0
3.0
877.0
4.0
3.0
10.0
17.0
5.0
51.0
1.0
8.0
1.0
6.0
13.0
1.0
1.0
4.0
6.0
75.0
3.0
125.0
4.0
1.0
30.0
10.0
3033.0
189.0
3.0
28.0
1.0
3.0
2.0
9.0
1.0
65.0
1.0
11.0
3.0
2.0
1047.0
43.0
3.0
515.0
3.0
1.0
1.0
79.0
886.0
1.0
1.0
3.0
29.0
20.0
1.0
1.0
6.0
28.0
1.0
12.0
10.0
15.0
1.0
2.0
19.0
19.0
1.0
79.0
1.0
3.0
2.0
1.0
16.0
1.0
74.0
11.0
3.0
1.0
32.0
1.0
3.0
870.0
3.0
68.0
2.0
73.0
685.0
2.0
8.0
3.0
274.0
3.0
218.0
1.0
1.0
3.0
3046.0
3.0
3.0
9.0
310.0
1.0
20.0
59.0
2.0
2.0
1.0
10.0
6.0
557.0
1.0
178.0
1.0
3.0
3.0
2.0
121.0
8.0
9.0
1.0
1.0
539.0
1.0
233.0
1.0
14.0
21.0
2.0
1.0
2.0
260.0
27.0
9.0
1.0
64.0
696.0
1.0
102.0
3.0
21.0
1.0
313.0
8.0
19.0
1.0
4.0
6.0
2.0
3.0
3.0
263.0
4.0
57.0
232.0
4.0
571.0
351.0
1.0
2.0
3.0
296.0
51.0
1270.0
1.0
40.0
16.0
1.0
33.0
1.0
3.0
1.0
45.0
323.0
184846.0
1.0
1.0
3.0
1.0
218.0
3.0
1.0
1.0
1.0
488.0
8.0
3.0
1.0
21.0
3.0
166.0
1843.0
407.0
9.0
3.0
17.0
2.0
3.0
2.0
3.0
280.0
3.0
1.0
273.0
152.0
1.0
4.0
1.0
24.0
2.0
1.0
32.0
5.0
2.0
10.0
1.0
5756.0
1.0
3.0
4.0
7.0
3.0
23.0
35.0
3.0
2.0
12.0
1.0
3.0
1.0
1.0
1.0
3.0
3.0
11.0
3.0
17.0
1.0
603.0
593.0
1.0
548.0
2.0
1.0
3.0
250.0
1.0
1.0
619.0
3.0
51.0
2.0
7.0
228.0
1.0
1466.0
1.0
3.0
2.0
1.0
1.0
1.0
118.0
1.0
3.0
2.0
1.0
2.0
5.0
109.0
7.0
3.0
3.0
26.0
4.0
2.0
1.0
41.0
1.0
23.0
4.0
5780.0
25.0
115.0
2.0
36.0
1.0
16.0
4.0
231.0
4.0
29.0
760.0
4.0
16426.0
596.0
1.0
1.0
1.0
965.0
5.0
124.0
30.0
4.0
115.0
1.0
2.0
3.0
1.0
11988.0
55.0
984.0
2.0
2391.0
1.0
2.0
4.0
352.0
47.0
83.0
1.0
1.0
122.0
4.0
2.0
6.0
127.0
4.0
2.0
4.0
1.0
120.0
2.0
3.0
1.0
5.0
4.0
3.0
1066.0
4.0
58.0
16.0
7.0
2067.0
1.0
1.0
1.0
51.0
38.0
214.0
5.0
2.0
2.0
9.0
1.0
24353.0
7.0
1.0
1.0
719.0
8.0
2.0
1.0
1.0
95.0
1.0
1.0
20.0
2.0
772.0
4.0
3.0
773.0
26.0
26.0
2040.0
838.0
1.0
1755.0
1.0
7.0
3.0
882.0
692.0
1.0
58.0
3271.0
7.0
1.0
854.0
75.0
708.0
1.0
2373.0
117.0
64.0
3.0
3.0
3.0
1.0
2500.0
48.0
3.0
57.0
3.0
351.0
1.0
534.0
3.0
3.0
65.0
3.0
3.0
59.0
7.0
269.0
1.0
4.0
1.0
1.0
1.0
3.0
116.0
10.0
3.0
600.0
1.0
357.0
3.0
55.0
13.0
2.0
22.0
3.0
919.0
19.0
11.0
132.0
3.0
18.0
3.0
3.0
2.0
9.0
80.0
3.0
1.0
3.0
291.0
932.0
5.0
2705.0
44.0
2.0
3.0
961.0
2457.0
1.0
1.0
3.0
3.0
2.0
2.0
1.0
98.0
4.0
17.0
3.0
578.0
2.0
13.0
138.0
2.0
1.0
1.0
3.0
3.0
12.0
2.0
1.0
351.0
1.0
8.0
1.0
2.0
3.0
3.0
372.0
23.0
1.0
1.0
1.0
1.0
2.0
1.0
1.0
440.0
24.0
1.0
98.0
1.0
1.0
422.0
1217.0
1.0
2.0
3.0
782.0
49.0
6.0
4.0
1.0
1.0
3.0
3.0
3.0
4.0
1.0
5.0
78.0
2.0
3.0
538.0
3.0
1.0
1.0
114.0
3.0
2.0
18.0
18.0
1.0
5.0
4.0
9.0
2.0
6.0
1.0
37.0
12.0
14.0
1.0
4.0
1.0
63.0
4.0
148.0
2.0
3.0
24299.0
835.0
4.0
3.0
9.0
5.0
9.0
351.0
1.0
2.0
1.0
17.0
2.0
24.0
11.0
1319.0
61.0
2.0
295.0
1.0
6.0
1.0
1.0
24.0
3.0
63.0
3.0
2.0
5.0
31.0
1.0
1313.0
22.0
33.0
1.0
8.0
47.0
1.0
1.0
1521.0
3.0
12.0
44.0
4.0
8.0
25.0
2.0
3.0
2.0
3.0
39.0
4.0
81.0
3.0
1.0
6.0
23.0
913.0
9.0
374.0
208.0
153.0
1.0
69.0
288.0
263.0
4.0
1.0
5.0
118.0
4843.0
288.0
1.0
4.0
1.0
519.0
24.0
6.0
3.0
113.0
2839.0
8.0
1.0
96.0
17.0
3.0
1911.0
42.0
4.0
188.0
4.0
1.0
1.0
30.0
8.0
22.0
1.0
1.0
17.0
2.0
4.0
75.0
4.0
8.0
1.0
1256.0
131.0
2.0
5.0
210.0
3.0
1.0
109.0
4.0
8.0
171.0
8.0
5.0
1487.0
1.0
111.0
2.0
1603.0
1.0
156.0
3.0
1.0
18.0
17.0
3.0
247.0
10.0
114.0
3.0
2091.0
17.0
7.0
5.0
8.0
747.0
2.0
6.0
6.0
696.0
1.0
1.0
2719.0
10.0
2.0
2.0
178.0
7.0
3.0
2.0
40.0
6.0
3.0
9.0
1.0
756.0
3.0
3.0
3.0
1.0
2.0
66.0
2.0
6.0
1.0
1.0
1.0
1109.0
3.0
24.0
3.0
7388.0
5543.0
1929.0
1.0
282.0
5.0
1.0
2.0
2.0
19.0
455.0
1.0
1.0
512.0
3.0
1.0
4.0
1179.0
596.0
1.0
5.0
3.0
1.0
1.0
154.0
3.0
43.0
523.0
214.0
1.0
3.0
2.0
3.0
1.0
15.0
1189.0
1.0
1.0
1.0
3.0
13.0
1.0
6.0
4.0
4.0
24.0
1.0
8.0
3.0
3.0
7.0
4.0
1.0
7.0
6.0
2.0
9.0
1.0
1.0
1.0
3.0
17.0
16.0
293.0
7.0
3.0
1.0
3.0
3.0
1.0
3484.0
3.0
9.0
2.0
1.0
3.0
2.0
1.0
2.0
1.0
3.0
1981.0
1.0
79.0
3.0
4.0
3.0
653.0
1.0
1.0
5.0
4.0
311.0
4.0
1.0
3.0
3.0
1.0
6.0
55.0
13.0
1557.0
81.0
23.0
7.0
733.0
2.0
5.0
1.0
1.0
5.0
1.0
11.0
1.0
2.0
61.0
9.0
1.0
2.0
3.0
338.0
12.0
11.0
117.0
1.0
1.0
104.0
2.0
4.0
580.0
1.0
17.0
5.0
2.0
1.0
45.0
10.0
17.0
325.0
29.0
15.0
3.0
5.0
1.0
31.0
1455.0
2.0
12.0
66.0
3.0
8.0
3.0
65.0
7.0
20.0
313.0
2.0
3.0
1.0
3.0
1.0
477.0
7.0
3.0
3.0
268.0
1.0
1.0
2.0
2.0
1440.0
2.0
1.0
15.0
3344.0
10.0
1.0
961.0
5.0
1.0
1.0
1.0
47.0
1.0
3.0
77.0
2.0
5.0
2.0
2.0
23.0
1.0
1.0
1.0
43.0
2.0
4352.0
1.0
9.0
43.0
177.0
940.0
2.0
2.0
1.0
18.0
729.0
3.0
2.0
7.0
4.0
1.0
12.0
2.0
1.0
1.0
1.0
6.0
1.0
1.0
19.0
12.0
49.0
2.0
1.0
371.0
1.0
1.0
1.0
1.0
8.0
110.0
1.0
1.0
3.0
1.0
5.0
1.0
3.0
4.0
10.0
1.0
9.0
64.0
6.0
3.0
5.0
2376.0
2.0
3.0
596.0
24.0
36.0
31.0
2.0
18.0
5.0
24.0
15.0
3.0
1.0
3.0
1.0
3.0
1390.0
2.0
3.0
2.0
447.0
1.0
1.0
9.0
1.0
1.0
2.0
1.0
1344.0
17.0
1311.0
7.0
1.0
3.0
1.0
32.0
1.0
296.0
8.0
3.0
1.0
1.0
1.0
7.0
65.0
5.0
1.0
132.0
8.0
2.0
1.0
1.0
8.0
425.0
1.0
51.0
3.0
2.0
4.0
1.0
1.0
4.0
96.0
886.0
3.0
108.0
3.0
3.0
3.0
1118.0
4.0
2.0
1.0
1.0
4.0
128.0
2.0
1.0
9.0
1.0
150.0
16.0
1013.0
20.0
6.0
1763.0
1.0
4.0
3.0
4.0
45.0
40.0
64.0
2.0
16528.0
1.0
2251.0
1.0
1.0
678.0
1.0
1.0
1.0
34.0
5.0
10.0
22.0
1.0
8.0
3.0
1.0
1.0
1.0
15.0
31.0
2.0
3.0
1.0
764.0
11.0
1.0
80.0
63.0
3.0
5.0
1.0
4.0
3.0
3.0
2.0
41.0
31.0
1.0
7245.0
33.0
212.0
59.0
1.0
351.0
3.0
3.0
27.0
3.0
1.0
3.0
4.0
1.0
3.0
2.0
2.0
438.0
2.0
79.0
796.0
1.0
4.0
2.0
4442.0
17.0
6.0
2.0
613.0
3.0
3.0
1.0
2.0
50.0
20.0
149.0
797.0
100.0
13.0
1.0
374.0
1.0
1.0
1.0
5.0
1.0
2.0
1.0
45.0
4.0
2.0
464.0
3.0
3.0
1.0
1.0
3.0
3.0
3.0
24.0
5.0
2.0
3.0
3.0
1.0
5.0
3.0
1.0
5.0
27.0
1.0
6.0
3.0
2.0
178.0
1.0
5.0
1.0
2.0
4.0
1.0
58.0
2055.0
1.0
474.0
5.0
1183.0
34.0
756.0
1.0
230.0
8.0
146.0
1.0
2.0
2.0
1.0
1.0
23.0
6.0
287.0
20.0
2.0
1.0
8.0
3.0
27.0
1.0
1.0
270.0
1.0
2.0
3.0
6.0
2.0
3.0
6.0
1.0
1.0
13.0
1.0
1.0
1.0
24.0
1.0
4.0
1942.0
4.0
8.0
10.0
3.0
1136.0
5.0
1.0
17.0
3.0
5.0
1246.0
714.0
104.0
8.0
16.0
1.0
1.0
1332.0
2.0
51.0
2.0
42.0
338.0
683.0
3.0
2.0
574.0
3.0
9.0
2.0
1.0
9.0
3.0
596.0
1.0
30.0
4.0
1.0
3.0
46.0
18.0
2.0
374.0
1655.0
1.0
8.0
519.0
24.0
2.0
1.0
49.0
19.0
2.0
3.0
2.0
22.0
1.0
4.0
1094.0
1.0
3.0
1.0
5.0
3.0
1.0
1.0
3.0
8.0
2052.0
41.0
1.0
13.0
3.0
8.0
5552.0
23.0
1.0
8.0
10.0
3.0
4351.0
1.0
2.0
16.0
1.0
2.0
6.0
5.0
54.0
172.0
3.0
313.0
9.0
1.0
3.0
24.0
13.0
2.0
1263.0
8.0
4.0
1.0
1.0
1.0
4.0
192.0
2.0
1.0
96.0
9.0
22.0
78.0
2.0
2.0
18.0
3.0
338.0
3.0
19.0
15.0
1.0
16.0
3.0
22.0
1.0
281.0
1.0
105.0
1.0
3.0
990.0
419.0
1.0
2.0
3.0
4.0
69.0
27.0
1.0
17.0
3.0
12.0
19.0
80.0
3.0
31.0
1.0
158.0
2.0
2.0
2.0
24.0
5.0
439.0
232.0
20.0
281.0
4.0
2.0
24.0
1.0
3.0
1.0
10.0
5.0
106.0
2.0
164.0
3.0
130.0
1.0
69.0
3.0
1.0
3.0
8.0
3.0
30.0
338.0
1.0
1.0
1.0
1.0
17.0
16.0
2.0
1.0
14.0
9.0
6.0
2.0
2.0
7.0
2.0
12.0
1.0
956.0
104.0
42.0
9.0
1.0
1.0
1.0
21.0
90.0
1.0
3768.0
3.0
754.0
14.0
2.0
2.0
2.0
3.0
32.0
1.0
1.0
1576.0
1.0
6.0
1.0
7.0
2.0
3.0
34.0
3.0
4.0
5.0
9.0
17.0
4.0
694.0
4.0
1.0
737.0
3.0
9.0
3.0
3.0
44.0
1474.0
3.0
1.0
1.0
1.0
698.0
34.0
2.0
760.0
987.0
16.0
12.0
2.0
1.0
5944.0
3.0
1.0
70.0
3.0
10.0
4.0
1.0
7.0
7.0
1.0
3.0
6.0
2.0
1.0
17.0
1.0
259.0
9.0
184.0
48.0
48.0
1.0
4.0
1.0
48.0
3.0
4.0
1.0
6.0
53.0
1.0
8.0
9.0
4.0
463.0
4.0
3.0
330.0
1.0
1.0
58.0
15.0
3.0
2.0
19.0
2.0
3.0
5.0
14.0
8.0
3.0
3.0
31.0
10.0
1.0
1.0
1.0
1.0
4.0
7.0
1.0
11.0
3.0
10.0
7.0
346.0
19.0
896.0
1.0
1.0
3.0
94.0
2258.0
2.0
3.0
3.0
2.0
2.0
35.0
6.0
1.0
1.0
5.0
2.0
4.0
3.0
246.0
3.0
226.0
2.0
342.0
18.0
2.0
1.0
1.0
3.0
1.0
19.0
1.0
32.0
1.0
5.0
4.0
3.0
1.0
22.0
3.0
3.0
3.0
3.0
130.0
5.0
1.0
3.0
43.0
2.0
3.0
126.0
43.0
1.0
193.0
2.0
1515.0
270.0
55.0
3.0
1.0
3.0
1.0
21.0
3.0
3.0
5.0
1.0
24.0
4.0
287.0
185.0
46.0
1.0
1.0
2.0
1.0
1396.0
2.0
8.0
4.0
1.0
5.0
1.0
3.0
3.0
3.0
1.0
1120.0
14.0
1.0
375.0
7.0
17.0
3.0
46.0
1.0
1.0
1.0
2.0
2.0
3.0
1.0
3.0
88.0
103.0
1.0
1.0
2.0
2.0
122.0
2.0
1.0
3.0
3.0
1.0
45.0
4.0
169.0
1.0
3.0
3.0
737.0
1.0
1.0
49.0
2.0
216.0
3.0
119.0
1.0
3.0
1.0
21.0
2.0
1.0
1.0
27.0
1.0
14.0
3.0
15.0
4.0
2.0
119.0
86.0
1.0
4.0
79.0
403.0
51.0
1274.0
1.0
1.0
16.0
278.0
1.0
12.0
1.0
3.0
1.0
2.0
67.0
3.0
28.0
1448.0
712.0
4.0
666.0
656.0
3.0
16.0
4.0
48.0
1.0
1.0
345.0
9.0
4.0
67.0
1.0
2751.0
2.0
4.0
3.0
5.0
2.0
40.0
3.0
3.0
13.0
2.0
1.0
143.0
9.0
232.0
962.0
1.0
3.0
4.0
1.0
11.0
1.0
3.0
33.0
1.0
615.0
746.0
19.0
2.0
1.0
5.0
1.0
1.0
3.0
3.0
1.0
1.0
1.0
1225.0
3.0
1.0
1.0
66.0
71.0
11.0
1.0
3.0
3.0
23.0
4.0
6.0
1.0
1.0
166.0
1.0
1.0
3.0
3.0
674.0
3.0
97.0
9.0
1.0
965.0
3.0
2.0
63.0
9.0
674.0
2.0
28.0
29.0
907.0
7.0
14.0
2108.0
17.0
98.0
6.0
1.0
6.0
1.0
55.0
8.0
337.0
3.0
1195.0
1.0
3.0
4.0
1.0
3.0
5.0
24.0
3.0
475.0
1.0
1.0
8.0
13.0
51.0
3.0
22.0
726.0
6.0
4.0
3.0
3.0
1.0
11.0
1.0
1039.0
11.0
1235.0
1.0
1.0
1.0
217.0
150.0
1.0
5.0
146.0
39.0
3.0
1.0
2.0
19.0
3.0
2.0
1.0
70.0
9.0
3.0
247.0
3.0
1.0
4.0
3.0
1.0
556.0
24.0
596.0
1.0
1.0
58.0
15.0
9.0
1.0
3.0
1.0
7.0
1.0
998.0
1.0
1.0
248.0
3.0
109.0
1.0
2.0
1.0
1.0
302.0
2.0
1.0
11.0
977.0
2.0
7.0
12.0
2.0
2.0
93.0
379.0
27.0
28.0
1.0
53.0
24.0
1.0
2.0
19.0
4.0
3.0
44.0
15.0
143.0
2.0
8.0
1.0
6.0
1.0
4.0
3.0
36.0
1.0
3.0
1.0
3.0
1.0
2.0
2001.0
2.0
1.0
3.0
21.0
313.0
912.0
1225.0
8.0
9.0
3.0
4.0
1.0
2.0
2.0
1.0
924.0
1.0
1.0
1.0
62.0
9.0
2.0
2.0
8.0
685.0
36.0
1.0
4.0
999.0
8.0
7.0
66.0
4.0
66.0
8.0
3.0
200.0
9.0
212.0
696.0
9.0
8.0
1.0
14.0
14.0
120.0
19.0
9.0
1.0
3.0
1.0
1.0
2.0
22.0
3.0
1.0
1.0
1.0
45.0
3.0
3.0
35.0
6.0
3.0
6.0
3.0
1.0
3.0
9.0
1.0
33.0
3454.0
65.0
2.0
40.0
2.0
14.0
3.0
1.0
2.0
3.0
6.0
2.0
7.0
1.0
3.0
11.0
145.0
15.0
1.0
1.0
1.0
4.0
4.0
7.0
2.0
1.0
1.0
2.0
33.0
226.0
2.0
1.0
40.0
4.0
1.0
241.0
1.0
5.0
19.0
2.0
1.0
104.0
3.0
1.0
266.0
1.0
2.0
1.0
49.0
1.0
1.0
3.0
79.0
145.0
49.0
7.0
1229.0
2.0
3.0
3.0
2.0
1.0
1.0
3.0
1.0
3.0
3.0
7.0
14.0
1.0
14385.0
2.0
946.0
1.0
3.0
2.0
3.0
75.0
1.0
17.0
2.0
2.0
3.0
4.0
1.0
3.0
465.0
3.0
13.0
1229.0
1121.0
346.0
7.0
1.0
2.0
4.0
1251.0
4.0
797.0
451.0
34.0
3.0
242.0
1.0
8.0
30.0
3.0
160.0
1.0
1.0
1.0
1.0
1.0
1.0
961.0
351.0
1.0
26.0
8.0
1.0
3.0
97.0
146.0
8.0
11.0
619.0
1.0
103.0
81.0
1.0
27.0
1.0
8.0
13.0
8.0
93.0
4.0
26.0
5.0
2.0
1.0
1.0
2.0
2.0
3.0
1.0
436.0
3.0
8.0
3.0
4.0
3.0
33.0
3.0
19.0
7.0
7.0
208.0
1.0
1.0
1597.0
1.0
185.0
6.0
6.0
1.0
5.0
66.0
8.0
1.0
1.0
1.0
105.0
1075.0
3.0
1.0
1.0
1.0
1.0
2.0
1.0
3.0
102.0
26.0
1.0
3.0
1.0
1.0
5.0
110.0
3.0
1.0
3.0
1.0
100.0
22.0
1.0
1.0
2.0
2.0
3.0
8.0
10.0
1086.0
2.0
1.0
2.0
2.0
2.0
9.0
172.0
24.0
1.0
284.0
2.0
6.0
3.0
9.0
3.0
2.0
5.0
1.0
2.0
3.0
795.0
261.0
14.0
1.0
157.0
207.0
318.0
1.0
1.0
3.0
1.0
8.0
18.0
3.0
1.0
1499.0
2248.0
152.0
5.0
4.0
41.0
3.0
10.0
9.0
3588.0
1.0
2.0
1.0
3.0
74.0
3.0
1.0
1.0
5.0
6.0
674.0
1.0
24.0
1.0
65.0
341.0
204.0
2.0
3.0
9.0
3.0
2.0
1.0
11.0
58.0
28.0
1.0
25.0
1.0
1.0
282.0
100.0
24.0
16.0
13.0
5.0
1.0
6598.0
59.0
1.0
5173.0
4.0
1.0
12.0
13.0
1.0
2.0
3.0
1.0
1.0
18.0
167.0
1.0
473.0
9.0
5.0
4.0
1.0
6.0
1.0
3.0
1.0
24.0
3.0
1.0
7.0
10.0
4.0
3.0
603.0
3.0
1.0
2.0
4318.0
2.0
1.0
12.0
4.0
2.0
47.0
3.0
546.0
1.0
6.0
580.0
23.0
12.0
9.0
261.0
288.0
1.0
1.0
157.0
10.0
7.0
2.0
3.0
50.0
5.0
51.0
1.0
1.0
1.0
1.0
1.0
2.0
4.0
1.0
7.0
91.0
2.0
17.0
73.0
8.0
1.0
1618.0
69.0
3.0
1203.0
1.0
5.0
3.0
3.0
181.0
4.0
46.0
31.0
7.0
2.0
2.0
157.0
2.0
19.0
1.0
3.0
386.0
4.0
7.0
3.0
2.0
69.0
6.0
3.0
4.0
27.0
1.0
102.0
58.0
39.0
2.0
3.0
2.0
88.0
3.0
8.0
66.0
2.0
1.0
1.0
12.0
3.0
3.0
6.0
7.0
6.0
292.0
46.0
2.0
1.0
25.0
1.0
3.0
70.0
1.0
7.0
28.0
1.0
567.0
96.0
21.0
1.0
3.0
1.0
3.0
3.0
2.0
2.0
3.0
177.0
22.0
3.0
1.0
3.0
3.0
3.0
2.0
1056.0
2.0
7.0
1.0
8.0
1.0
1.0
19.0
5.0
9.0
918.0
3.0
8.0
318.0
3.0
1.0
2.0
17.0
19.0
1.0
2.0
3.0
3.0
1.0
1.0
818.0
3.0
162.0
35.0
4.0
87.0
46.0
3.0
1.0
3.0
1.0
3.0
54.0
2.0
2.0
5.0
2.0
3.0
2529.0
24.0
4.0
242.0
2.0
1.0
2.0
1.0
536.0
1.0
3.0
1.0
20.0
493.0
7.0
292.0
6.0
1.0
1596.0
1.0
177.0
3.0
3.0
117.0
1616.0
892.0
5.0
148.0
1.0
21.0
43.0
3.0
19.0
16.0
1.0
1.0
5.0
982.0
95.0
9.0
831.0
10.0
1.0
27.0
5.0
112.0
1.0
1.0
1.0
32.0
2.0
7.0
93.0
1.0
4.0
3.0
8.0
5.0
2.0
3.0
2.0
17.0
3.0
1.0
232.0
1082.0
1.0
3.0
3.0
1.0
64.0
131.0
2.0
1.0
1.0
1.0
7.0
1.0
3.0
1.0
1.0
4.0
46.0
1.0
4.0
1.0
83.0
1.0
1112.0
45.0
3.0
1.0
1.0
102.0
3.0
1.0
3.0
11.0
1.0
1.0
3.0
10.0
426.0
3.0
1.0
1.0
696.0
1.0
3.0
1.0
16.0
1.0
1.0
4.0
8.0
102.0
3.0
1.0
2.0
5.0
1.0
149.0
3.0
3.0
1.0
22.0
1.0
4.0
2.0
62.0
2.0
1.0
58.0
1.0
6.0
525.0
152.0
1.0
119.0
2.0
705.0
4.0
148.0
3.0
1.0
28.0
70.0
3.0
4.0
3.0
8.0
359.0
1.0
4.0
2.0
577.0
8.0
2.0
2.0
420.0
14.0
1.0
591.0
52.0
5.0
3.0
2.0
24.0
1.0
1.0
1.0
2.0
1.0
9.0
2.0
4.0
4.0
1.0
8.0
8.0
9.0
3.0
6.0
1.0
3.0
1.0
1018.0
3.0
4.0
5.0
108.0
110.0
16.0
3.0
1.0
1.0
573.0
3.0
5.0
9.0
1.0
1.0
3.0
1.0
8.0
3.0
1.0
849.0
59.0
2.0
1.0
60.0
1.0
2.0
39.0
34.0
114.0
2.0
28.0
1.0
1.0
1.0
3.0
2.0
1.0
3.0
426.0
3.0
2.0
2.0
3.0
1508.0
1.0
13.0
2.0
3.0
2.0
55.0
5.0
3.0
800.0
2.0
184.0
76.0
2.0
30.0
31.0
192.0
1.0
2.0
2.0
2.0
3.0
1.0
1.0
9.0
2.0
1.0
3.0
1.0
2.0
1.0
126.0
2458.0
3.0
3.0
15.0
2141.0
3.0
68.0
3.0
8.0
2.0
1.0
19.0
4.0
3.0
1.0
71.0
2.0
1.0
4.0
2.0
1.0
3.0
4.0
4.0
1.0
1.0
166.0
3.0
1.0
29.0
1.0
1.0
1.0
1.0
10.0
3.0
1.0
1.0
1.0
79.0
1.0
3.0
3.0
4.0
3.0
1.0
1.0
1205.0
1.0
3.0
2.0
1.0
1.0
720.0
5.0
3.0
3.0
28.0
13.0
3.0
1.0
79.0
2.0
3.0
3.0
9.0
1.0
67.0
1122.0
120.0
3.0
18.0
14.0
54.0
3.0
3.0
129.0
3.0
1.0
35.0
2.0
2.0
3.0
2.0
1.0
1.0
4.0
40.0
1.0
1.0
591.0
6.0
1.0
11.0
2.0
2.0
53.0
1.0
1.0
12.0
1.0
3.0
3.0
3.0
24.0
5946.0
6.0
1.0
3.0
1.0
1.0
6.0
1.0
3.0
1691.0
9.0
2.0
6.0
23.0
42.0
662.0
2.0
61.0
1.0
3.0
1.0
3.0
386.0
1.0
1075.0
4.0
61.0
191.0
1.0
4.0
7.0
8.0
9.0
21.0
1944.0
3.0
4.0
1.0
3.0
1137.0
54.0
3.0
2.0
533.0
7.0
11.0
3.0
1463.0
3.0
25.0
2.0
49.0
1.0
24.0
1.0
23.0
59.0
32.0
2.0
6.0
1.0
1.0
33.0
1.0
17.0
1.0
3883.0
8.0
101.0
1.0
163.0
4.0
7.0
3.0
1.0
4.0
1.0
2.0
3.0
1.0
4100.0
1.0
3.0
3.0
4.0
44.0
24.0
36.0
16.0
1.0
2.0
3.0
1.0
5.0
3.0
2.0
30.0
1.0
17.0
4.0
342.0
1.0
19.0
3.0
3.0
487.0
2.0
3.0
27.0
4.0
9.0
79.0
4.0
1.0
3.0
3.0
87.0
5.0
2.0
478.0
5.0
1.0
1.0
1.0
149.0
1031.0
3.0
3.0
3.0
12.0
1.0
3.0
27.0
3.0
282.0
4.0
3.0
1608.0
3.0
3.0
36.0
1.0
1703.0
3.0
1.0
2.0
2409.0
17.0
6.0
648.0
25.0
638.0
3.0
3.0
10.0
5210.0
19.0
19.0
186.0
1.0
5.0
3.0
2.0
2.0
1.0
10.0
15.0
1.0
1.0
116.0
3.0
1.0
12.0
7.0
1.0
4.0
9.0
1067.0
2.0
1.0
17.0
3.0
3.0
285.0
97.0
237.0
3.0
1.0
1018.0
14.0
3.0
90.0
2.0
2.0
1.0
2.0
1.0
1.0
1.0
105.0
1.0
2.0
800.0
3.0
3.0
24.0
1.0
1.0
1.0
288.0
2.0
13.0
5.0
1.0
3852.0
1.0
118.0
5.0
6.0
1.0
6.0
8.0
1.0
1.0
2.0
73.0
1.0
9.0
3.0
4.0
1.0
12688.0
3.0
3.0
2.0
1.0
17.0
9.0
34.0
12.0
1.0
457.0
2.0
11.0
4.0
24.0
1.0
910.0
182.0
1.0
2440.0
1.0
1498.0
2.0
407.0
6.0
23919.0
20.0
2.0
62.0
2.0
344.0
1.0
32.0
140.0
3.0
103.0
4.0
3.0
9.0
61.0
74.0
2.0
1.0
502.0
14.0
1272.0
173.0
188.0
2.0
1.0
4.0
10.0
601.0
3.0
2.0
3.0
625.0
708.0
66.0
102.0
1.0
2.0
1.0
3.0
5.0
15.0
361.0
131.0
97.0
1.0
1.0
19.0
3.0
2.0
3.0
5.0
1133.0
2105.0
1.0
25.0
1.0
112.0
17.0
2.0
1.0
1.0
277.0
2.0
1.0
1014.0
12.0
6.0
1.0
17.0
2.0
248.0
3.0
143.0
23.0
1.0
3.0
3.0
761.0
1.0
218.0
3.0
1.0
1044.0
97.0
2.0
34.0
1.0
3.0
93.0
19.0
674.0
1.0
9.0
1.0
351.0
5.0
7.0
373.0
1.0
58.0
338.0
715.0
7.0
40.0
22.0
65.0
3.0
1.0
1.0
4.0
1.0
1.0
704.0
1.0
6.0
33.0
3.0
102.0
15.0
1.0
24.0
1.0
1022.0
25.0
1.0
1.0
3.0
9.0
69.0
752.0
8.0
10.0
1.0
757.0
103.0
1.0
7.0
844.0
3.0
1.0
5.0
2.0
2.0
666.0
157.0
2.0
3.0
3.0
3.0
98.0
3.0
4.0
1.0
1.0
1.0
205.0
4.0
4.0
224.0
1.0
7.0
125.0
13.0
1.0
30.0
2.0
8.0
5.0
2.0
8.0
313.0
8.0
1.0
8.0
1.0
5.0
1.0
29.0
1078.0
1.0
3.0
65.0
24.0
1.0
3.0
2.0
263.0
44.0
4.0
1.0
4.0
11.0
1.0
3.0
1.0
10.0
2.0
2.0
12.0
673.0
1.0
1.0
4.0
17.0
1.0
3.0
1.0
1.0
10.0
4.0
38.0
1.0
44.0
3.0
3.0
53.0
1.0
40.0
36.0
36.0
2.0
6.0
8.0
10.0
63.0
55.0
25.0
1497.0
1.0
3.0
182.0
1.0
39.0
519.0
116.0
2.0
34.0
421.0
12.0
4.0
1.0
2.0
9.0
1.0
261.0
1.0
93.0
3.0
2176.0
151.0
47.0
1.0
3.0
3.0
3.0
3.0
1.0
8.0
1.0
2.0
2.0
605.0
1.0
42.0
2.0
1.0
3.0
6.0
1.0
2.0
1038.0
3.0
256.0
1.0
3.0
7.0
1.0
9.0
696.0
1.0
659.0
1.0
18.0
1.0
3.0
47.0
24.0
6808.0
1.0
3.0
1.0
363.0
3.0
1.0
3.0
1.0
1265.0
3.0
93.0
8.0
9.0
167.0
3.0
1341.0
36.0
3745.0
3.0
2.0
7423.0
1.0
11.0
2.0
1.0
7.0
11.0
6.0
3.0
15.0
390.0
1.0
14.0
2.0
1.0
13.0
1.0
3.0
56.0
1.0
31.0
92.0
501.0
95.0
37.0
87.0
2.0
7.0
3.0
18.0
5.0
60.0
1.0
22.0
11.0
5.0
129.0
1.0
86.0
222.0
3.0
1.0
8.0
3.0
2095.0
1.0
4.0
52.0
11.0
11.0
82.0
1901.0
181.0
2.0
3.0
3.0
956.0
1.0
887.0
4.0
3.0
3.0
4.0
115.0
13.0
4.0
1.0
4.0
3.0
13.0
2.0
1.0
3.0
22.0
1996.0
2.0
15.0
1.0
4.0
1.0
1.0
1.0
2.0
1.0
5395.0
437.0
1.0
1.0
1.0
3.0
3.0
963.0
3.0
2.0
6.0
157.0
3.0
15.0
3.0
4.0
5.0
3.0
1.0
2500.0
1.0
1.0
1.0
4.0
137.0
4.0
21.0
1.0
2.0
1.0
3.0
50.0
1.0
2.0
164.0
2.0
2.0
4.0
292.0
2.0
143.0
8847.0
68.0
11.0
4.0
3.0
2.0
3.0
2.0
27.0
965.0
1.0
12.0
6.0
1.0
3.0
1.0
3.0
21.0
3.0
60.0
6.0
3.0
3.0
2.0
55.0
5.0
10.0
12.0
1.0
13.0
965.0
1.0
1.0
1.0
2.0
383.0
24.0
95.0
3.0
3.0
38.0
1.0
10.0
3.0
2214.0
6.0
1.0
3.0
2.0
1.0
1.0
13.0
822.0
3.0
2.0
3.0
288.0
3.0
24.0
13.0
15.0
3.0
167.0
51.0
1.0
10.0
2.0
1.0
6.0
1.0
1.0
1.0
486.0
10.0
1.0
2.0
1.0
163.0
1668.0
2.0
325.0
332.0
1255.0
2.0
11.0
1.0
1.0
1.0
2164.0
32.0
1008.0
1318.0
66.0
8.0
1.0
5.0
1.0
5.0
3.0
1.0
3.0
2.0
1.0
14.0
2.0
3.0
1111.0
99.0
2.0
2.0
2.0
4.0
2.0
288.0
25.0
10.0
4.0
998.0
3.0
1.0
86.0
285.0
6.0
889.0
1.0
1.0
3.0
14.0
17.0
3.0
45.0
1514.0
6.0
68.0
1.0
5.0
10.0
2.0
4.0
66.0
26.0
1.0
2.0
2.0
3.0
41.0
135.0
1.0
2.0
1.0
3.0
69.0
4.0
12.0
2.0
4.0
20.0
3.0
2.0
20.0
4.0
2.0
5.0
2.0
1.0
649.0
2.0
44.0
1.0
1.0
3.0
66570.0
1.0
1.0
5023.0
4.0
3.0
2.0
24.0
5.0
2.0
4.0
1.0
2.0
4.0
3.0
1.0
2.0
1805.0
1.0
3289.0
227.0
2.0
3.0
3.0
282.0
8.0
99.0
9.0
41.0
56.0
13.0
79.0
4.0
5.0
4.0
1.0
3.0
26.0
1.0
281.0
6.0
43.0
4.0
244.0
3.0
1.0
3.0
2.0
2.0
177.0
622.0
10.0
4.0
1.0
2.0
1.0
1.0
1.0
7.0
3.0
1.0
1.0
2.0
2.0
3.0
379.0
1.0
75.0
1.0
1.0
2.0
183.0
3.0
484.0
128.0
281.0
3.0
360.0
9.0
1.0
2.0
1398.0
11.0
3.0
2.0
56.0
1.0
51.0
1001.0
218.0
1.0
3.0
3.0
2.0
3.0
1.0
1.0
14.0
11.0
3.0
15.0
1.0
4.0
941.0
4.0
6.0
3.0
2.0
502.0
3.0
1472.0
78.0
846.0
37.0
4.0
1.0
1.0
228.0
13.0
1137.0
21.0
28.0
3.0
8.0
1.0
1.0
1.0
1.0
3.0
3.0
4.0
1.0
1.0
45.0
4.0
8.0
6.0
1.0
5.0
1.0
247.0
3.0
10.0
1.0
3.0
1.0
1.0
1.0
13.0
1.0
1.0
1.0
7.0
24.0
3.0
42.0
1161.0
1.0
49.0
1.0
8.0
1.0
442.0
5.0
9.0
25.0
1.0
3.0
3.0
3.0
2103.0
24.0
8.0
1.0
1317.0
5.0
3.0
914.0
1.0
48.0
68.0
14.0
1.0
3.0
17.0
12.0
1.0
3.0
1.0
3.0
2.0
3579.0
89.0
1.0
11.0
1.0
11.0
4.0
3.0
3.0
1.0
3.0
19.0
2.0
43.0
3.0
3.0
46.0
3.0
3.0
103.0
3.0
7860.0
1.0
1.0
1.0
1.0
10.0
19.0
11.0
7.0
282.0
4.0
3.0
16.0
4.0
16.0
1.0
22.0
1.0
313.0
1.0
3415.0
1.0
179.0
11.0
3.0
1.0
4.0
338.0
2.0
3.0
1.0
34.0
171.0
1.0
1642.0
14.0
27.0
21.0
8.0
13.0
1.0
16.0
17.0
1.0
1.0
35.0
18.0
95.0
5.0
11.0
10.0
668.0
4.0
1.0
2.0
1.0
4.0
10.0
7.0
938.0
52.0
1.0
3.0
1.0
3.0
5646.0
1.0
1.0
3.0
24.0
87.0
2.0
1471.0
3.0
3.0
3.0
1.0
1.0
10.0
1029.0
3453.0
1.0
1.0
1.0
9.0
36.0
2.0
9.0
10.0
9609.0
712.0
3.0
1.0
6.0
8.0
2.0
24.0
14.0
12.0
258.0
1.0
3.0
7.0
1.0
2.0
2.0
1.0
50.0
478.0
96.0
2.0
15.0
52.0
1.0
1.0
406.0
24.0
4.0
531.0
30.0
1.0
116.0
10.0
24.0
138.0
1.0
1.0
3.0
2.0
33.0
2.0
5.0
1.0
1.0
1.0
3.0
1.0
8.0
2.0
7.0
8.0
3.0
34.0
19.0
2.0
3.0
8.0
1.0
1.0
1.0
1191.0
24.0
1.0
4943.0
351.0
5.0
490.0
3.0
1.0
5.0
714.0
198.0
44.0
2.0
2.0
164.0
4.0
2.0
3.0
61.0
1.0
13.0
64.0
2.0
10.0
1.0
4.0
19.0
792.0
15.0
13.0
4.0
1.0
3.0
3.0
1.0
1.0
2.0
1759.0
7.0
114.0
13.0
102.0
622.0
1.0
3.0
1.0
3.0
248.0
4.0
1.0
438.0
1.0
8.0
22.0
1.0
51.0
12904.0
2.0
2.0
2.0
1.0
2.0
370.0
961.0
1.0
444.0
8.0
1.0
3.0
17.0
13.0
3.0
1.0
4.0
205.0
1.0
351.0
37.0
161.0
1.0
1.0
2.0
3.0
1.0
14.0
1.0
3.0
1.0
1.0
3.0
5.0
5.0
19.0
5.0
452.0
338.0
2.0
2.0
1.0
3.0
189.0
51.0
10.0
4.0
12.0
2.0
2.0
1.0
1.0
1.0
14.0
9.0
3.0
2.0
5.0
89.0
32.0
3.0
1.0
1.0
1.0
2.0
1.0
8.0
2.0
3.0
5.0
8.0
3.0
2.0
59.0
41.0
65.0
3.0
66.0
1.0
1.0
2.0
362.0
3.0
13.0
1.0
738.0
6.0
5.0
7.0
213.0
3.0
140.0
2.0
1.0
1.0
2.0
1.0
2.0
961.0
1.0
9.0
1.0
16.0
313.0
2.0
29.0
1.0
254.0
31.0
2.0
3.0
3.0
1.0
3.0
1.0
3.0
65.0
5.0
4.0
4.0
69.0
8.0
2.0
1.0
4.0
3.0
1.0
1.0
2.0
3.0
4.0
351.0
216.0
67.0
2.0
2.0
1.0
18.0
1.0
2.0
2.0
344.0
1.0
2.0
19.0
3.0
857.0
3.0
4.0
5.0
712.0
1.0
3.0
22.0
4495.0
5.0
2.0
1.0
1.0
1.0
3.0
3.0
1.0
71.0
6.0
18.0
1.0
4.0
1.0
2.0
1.0
1.0
4.0
1.0
2.0
2.0
50.0
16.0
5.0
908.0
1.0
1.0
52.0
1.0
2.0
5.0
1.0
779.0
19.0
1.0
3.0
3.0
2.0
1.0
12.0
46.0
61.0
390.0
1004.0
1.0
24.0
1.0
16.0
3.0
1.0
11.0
9.0
9.0
2491.0
2.0
1.0
1.0
8.0
176.0
635.0
1.0
4.0
3.0
9.0
111.0
1.0
11.0
1.0
2.0
1.0
8.0
3.0
1.0
600.0
1.0
8.0
29.0
22.0
3.0
6.0
1.0
1.0
1.0
1.0
9.0
18.0
9.0
4.0
344.0
34.0
3.0
33.0
9.0
3.0
1.0
1034.0
46.0
103.0
31.0
1.0
5.0
1.0
69.0
2.0
158.0
36.0
6.0
157.0
2.0
3.0
445.0
10.0
1.0
1.0
3.0
255.0
1.0
233.0
6.0
1.0
1.0
1.0
1.0
9.0
2.0
88.0
2.0
3.0
1.0
1.0
1.0
1.0
13.0
4.0
9.0
47.0
1.0
3.0
18.0
1.0
4.0
7.0
1.0
2.0
106.0
1.0
1.0
3.0
1.0
40.0
714.0
61.0
88.0
1.0
138.0
972.0
44.0
25.0
3.0
118.0
3.0
4.0
1.0
1.0
9.0
47.0
5.0
16.0
199.0
429.0
3.0
164.0
1.0
576.0
571.0
1.0
1.0
1.0
4.0
3.0
5.0
1754.0
120.0
678.0
351.0
3.0
254.0
4.0
40.0
5.0
5.0
5.0
8.0
2.0
1.0
6.0
10.0
4.0
1000.0
59.0
1.0
1.0
3.0
34.0
4.0
3.0
1.0
10.0
1.0
295.0
1.0
1.0
8273.0
7.0
2.0
5.0
3.0
69.0
8.0
1246.0
5.0
2.0
569.0
1.0
2.0
21.0
1.0
3.0
4.0
4.0
24.0
1.0
9.0
432.0
913.0
9.0
3.0
1.0
1.0
2.0
5.0
3.0
2.0
1.0
7.0
160.0
578.0
535.0
28.0
1.0
3.0
1.0
6.0
2.0
53.0
1.0
3.0
2.0
1.0
1.0
30.0
1.0
3.0
2.0
7.0
5.0
24.0
4.0
3.0
52.0
53.0
202.0
1.0
2.0
1.0
1.0
70.0
9.0
351.0
4.0
5.0
2.0
1.0
1944.0
45.0
1.0
22.0
2.0
3.0
2.0
1.0
295.0
1.0
2.0
3.0
4.0
1.0
63.0
6.0
1.0
1.0
1.0
1.0
7.0
1.0
1.0
2411.0
11.0
886.0
1097.0
34.0
27.0
3.0
457.0
284.0
33.0
2.0
181.0
6.0
7.0
1.0
2.0
1.0
2.0
1.0
1.0
1.0
3.0
106.0
1.0
1482.0
42.0
994.0
2.0
1.0
3.0
1.0
3.0
6.0
3.0
22.0
1.0
15.0
24.0
14.0
45.0
7.0
148.0
103.0
6.0
3.0
9.0
300.0
184.0
116.0
3.0
16.0
8.0
34.0
1.0
2.0
14.0
1.0
6.0
5.0
1.0
674.0
1.0
9.0
4.0
3.0
2.0
2.0
16.0
1.0
9.0
12.0
1723.0
1018.0
1127.0
3.0
3.0
8.0
28.0
94.0
12.0
3.0
48.0
1.0
105.0
3.0
1.0
18.0
5.0
2.0
10.0
3.0
9.0
12.0
566.0
2.0
1.0
26.0
4.0
1.0
3.0
1.0
2.0
961.0
92.0
16.0
540.0
963.0
214.0
1.0
474.0
8.0
9.0
1.0
2.0
8.0
3.0
7.0
1.0
1.0
51.0
99.0
3.0
1.0
1.0
3.0
296.0
2.0
136.0
3.0
1.0
3.0
1.0
2.0
3.0
2.0
72.0
1.0
3.0
24.0
12.0
238.0
7.0
90.0
13.0
1.0
9.0
26.0
38.0
1056.0
32.0
1.0
78.0
64.0
899.0
22.0
4.0
4.0
3.0
1.0
2.0
1.0
3.0
18.0
1.0
1.0
260.0
335.0
240.0
2.0
3.0
3.0
3.0
1.0
3.0
1.0
2.0
3.0
1.0
111.0
4452.0
3.0
3.0
11.0
4.0
565.0
2.0
2.0
3.0
3.0
1.0
19.0
948.0
610.0
1.0
1.0
1.0
1.0
720.0
64.0
4.0
3.0
1.0
1.0
12.0
3.0
2.0
4.0
1.0
16.0
3.0
9.0
4.0
3.0
97.0
2.0
3.0
6.0
1.0
3.0
7.0
4.0
14.0
2.0
75.0
3.0
1105.0
1.0
9.0
4.0
1.0
4.0
2.0
33.0
19.0
10.0
2.0
163.0
1283.0
7.0
1.0
184.0
730.0
10.0
2.0
56.0
27583.0
4.0
1.0
10.0
11.0
8.0
1.0
2.0
107.0
1.0
2.0
696.0
2.0
1.0
9.0
344.0
1.0
1.0
3.0
1.0
4.0
3.0
14.0
1232.0
1.0
4.0
1.0
8.0
7.0
106.0
17.0
8.0
1.0
2.0
61.0
3.0
42.0
4.0
1.0
5.0
1.0
101.0
9.0
3.0
17.0
2.0
1.0
75.0
100.0
2.0
1.0
1631.0
73.0
1.0
3.0
17.0
16.0
1183.0
3.0
68.0
31.0
1.0
2.0
1.0
1.0
20.0
3.0
3.0
15.0
7.0
2.0
3.0
5.0
37.0
3.0
4.0
9.0
125.0
18.0
142.0
67.0
16.0
1.0
25.0
8.0
1.0
1.0
4.0
19.0
1058.0
1.0
9.0
3.0
17.0
110.0
9.0
220.0
1.0
3.0
4.0
6.0
7.0
1.0
4.0
102.0
9.0
1838.0
4.0
2.0
92.0
21.0
1.0
18.0
3.0
1.0
15.0
2.0
65.0
1.0
65.0
2.0
3.0
419.0
1.0
6.0
111.0
13.0
4.0
13.0
3497.0
1.0
178.0
1346.0
1.0
291.0
292.0
14.0
1.0
2.0
1.0
10.0
1.0
3.0
3.0
133.0
58.0
1.0
2.0
1.0
1.0
1130.0
3.0
1.0
1.0
1.0
36.0
4.0
62.0
1.0
6.0
256.0
1.0
3.0
13.0
1.0
10.0
3.0
1.0
1.0
41.0
118.0
9.0
1909.0
12.0
156.0
313.0
1.0
1.0
27.0
1.0
1754.0
112.0
5.0
1248.0
48.0
563.0
696.0
1635.0
1.0
2.0
2.0
13810.0
1335.0
129.0
1.0
1.0
328.0
70.0
1.0
419.0
21.0
2.0
9.0
6.0
60.0
96.0
457.0
1.0
32671.0
33.0
631.0
2.0
3.0
1.0
3.0
23.0
1.0
3558.0
1.0
1.0
19.0
223.0
1.0
61.0
851.0
2.0
9.0
828.0
15.0
3.0
1.0
807.0
5.0
1.0
1.0
11.0
1.0
4.0
1.0
165.0
1.0
1.0
2.0
1.0
6.0
4.0
143.0
3.0
2.0
1.0
374.0
1.0
8.0
3.0
7.0
202.0
103.0
3.0
1.0
2.0
2.0
1.0
217.0
241.0
4.0
18.0
2132.0
143.0
486.0
1.0
7.0
1.0
3.0
1.0
9.0
3.0
8.0
3000.0
1.0
3.0
9.0
2.0
3.0
1.0
457.0
197.0
1.0
1.0
88.0
3.0
3.0
2.0
1.0
2.0
1.0
5142.0
8.0
1.0
1.0
3.0
5.0
87.0
565.0
1.0
33.0
18.0
13.0
1.0
115.0
3.0
1.0
14.0
2.0
1.0
2.0
3.0
1.0
8.0
1.0
6.0
666.0
1.0
974.0
1.0
3.0
3.0
2.0
1.0
3.0
254.0
2.0
17.0
4.0
1.0
1028.0
1514.0
17.0
7.0
4.0
3.0
1.0
4.0
18.0
10.0
587.0
3.0
9.0
1.0
2.0
1.0
9.0
9.0
2.0
3.0
6.0
1624.0
1.0
1.0
3.0
1.0
1.0
1.0
23.0
1.0
4.0
1.0
4.0
1.0
15.0
1.0
454.0
26.0
50.0
121.0
3.0
2.0
3.0
1.0
1.0
71.0
2.0
17.0
95718.0
1.0
1.0
3.0
1.0
1.0
1.0
640.0
3.0
117.0
1.0
3.0
1.0
1.0
2.0
1.0
17.0
1.0
12.0
1.0
214.0
43.0
3.0
286.0
3.0
8.0
10.0
1.0
2.0
1.0
15.0
8.0
3.0
10.0
326.0
5.0
3.0
1.0
17.0
1.0
224.0
4.0
1.0
2.0
42.0
1.0
3.0
1.0
55.0
45.0
1.0
27.0
3.0
6.0
3.0
6.0
1.0
2.0
3.0
1273.0
3.0
390.0
36.0
2.0
1.0
8.0
3.0
1.0
54.0
3.0
1078.0
2.0
5816.0
2667.0
690.0
21.0
4.0
1.0
6582.0
1.0
1.0
149.0
1.0
7.0
828.0
2.0
1.0
139.0
2.0
4.0
56.0
17.0
1.0
7.0
3.0
3.0
1.0
1.0
1.0
2.0
2391.0
1.0
1.0
1.0
3.0
70.0
246.0
9.0
1.0
1.0
1.0
129.0
25.0
18.0
3.0
3.0
20.0
1.0
55.0
11.0
1.0
13.0
748.0
1046.0
1532.0
451.0
99.0
1.0
22.0
1.0
1.0
1.0
19.0
1.0
3.0
81.0
1.0
4.0
1.0
4.0
1.0
174.0
3.0
1.0
1.0
10.0
65.0
2.0
2.0
500.0
24.0
3.0
165.0
7.0
1.0
1.0
1.0
3.0
3.0
3.0
3.0
517.0
1.0
14385.0
9.0
1.0
4.0
1.0
2483.0
1.0
282.0
11.0
4.0
1.0
1.0
109.0
152.0
1.0
464.0
1.0
3.0
1.0
5.0
1125.0
1.0
3.0
3.0
1.0
983.0
144.0
3.0
3.0
6.0
3.0
3.0
1.0
1.0
1.0
328.0
1.0
21.0
10.0
1.0
115.0
5.0
3.0
3.0
3.0
2.0
1.0
3.0
1.0
1606.0
1.0
4.0
84.0
313.0
3.0
2.0
1639.0
253.0
1.0
4.0
37.0
3.0
2.0
178.0
1.0
554.0
541.0
3.0
5.0
138.0
1.0
1910.0
84.0
2.0
10.0
1.0
3.0
4.0
3.0
2.0
5.0
1.0
199.0
1.0
1.0
2.0
3.0
1.0
3.0
1.0
800.0
89.0
3.0
2.0
44.0
312.0
1.0
3.0
1.0
13.0
3.0
13.0
1.0
39.0
3.0
1.0
3.0
1.0
3.0
1.0
1.0
1.0
1.0
1.0
2.0
3.0
1.0
5.0
420.0
5.0
4.0
8.0
3.0
1.0
3.0
3.0
3.0
368.0
6.0
18596.0
1.0
3817.0
1.0
30.0
34.0
1.0
183.0
1.0
1.0
1.0
3.0
3.0
292.0
4.0
1.0
10.0
1108.0
1.0
3.0
1.0
145.0
305.0
47.0
3.0
2.0
3.0
14.0
337.0
3.0
67.0
1.0
5.0
2.0
2.0
2.0
12.0
128.0
66.0
341.0
45.0
6.0
30.0
1.0
22946.0
8.0
1522.0
351.0
1.0
1.0
278.0
1.0
1.0
9.0
1588.0
2.0
338.0
10.0
1.0
2.0
554.0
137.0
431.0
238.0
22.0
4.0
8.0
1.0
1.0
1.0
1.0
78.0
9.0
2.0
694.0
1.0
94.0
1.0
1018.0
1119.0
430.0
89.0
150.0
3.0
1.0
44.0
174.0
8.0
16.0
3.0
16.0
1.0
4335.0
28.0
9.0
16.0
235.0
20.0
19.0
39.0
39.0
2.0
1.0
6.0
3.0
1.0
336.0
7.0
1.0
3.0
4.0
3.0
1.0
29.0
1.0
1.0
74.0
4.0
52.0
1.0
104.0
32.0
3.0
2133.0
7.0
1.0
118.0
1.0
3.0
321.0
3.0
4.0
45.0
1.0
1.0
2.0
1.0
2.0
114.0
1.0
3.0
1.0
2.0
35.0
4.0
3.0
1.0
1.0
21.0
1.0
24.0
288.0
1.0
1.0
2.0
88.0
1.0
7.0
362.0
31.0
319.0
3.0
5.0
10.0
84.0
18.0
242.0
13.0
1.0
7430.0
12.0
12.0
12.0
1.0
2.0
8.0
155.0
2.0
2.0
1.0
2.0
3.0
75.0
3.0
1.0
4.0
19.0
3.0
2.0
6.0
14.0
2.0
116.0
4.0
5.0
4.0
40.0
2.0
1.0
22.0
1.0
3.0
3.0
30.0
5.0
2.0
12.0
48.0
1.0
1.0
1.0
1.0
72.0
16.0
123.0
2.0
1.0
4.0
3.0
6.0
1.0
3.0
134.0
1.0
4.0
7.0
1.0
9.0
3.0
532.0
8.0
2.0
1.0
522.0
4.0
288.0
4.0
2.0
2.0
2.0
1.0
38.0
1.0
89.0
10.0
2.0
722.0
713.0
7.0
4.0
16.0
3.0
2.0
1.0
1.0
6181.0
8.0
331.0
8.0
1.0
601.0
11.0
2.0
165.0
2.0
3.0
19.0
159.0
2.0
1.0
1.0
7.0
6.0
8.0
3.0
1.0
438.0
298.0
107.0
24.0
1.0
22.0
747.0
3.0
2.0
2.0
1.0
1258.0
132.0
8.0
2.0
8.0
10.0
4.0
2.0
3.0
3.0
2.0
6294.0
3.0
1538.0
1.0
4.0
100.0
93.0
334.0
9.0
9.0
343.0
3.0
1.0
2.0
23.0
1.0
2.0
1.0
5.0
1.0
1.0
17.0
2.0
6.0
2.0
3.0
2.0
2.0
45.0
3.0
1.0
1.0
8.0
1.0
4.0
1.0
2.0
3.0
559.0
1.0
2.0
4.0
5327.0
282.0
3.0
2.0
1.0
1.0
1.0
1.0
102.0
6.0
69.0
4.0
23.0
3.0
1.0
26.0
1.0
389.0
1.0
1.0
9.0
40.0
3.0
5.0
3.0
541.0
7.0
4.0
16.0
1.0
11.0
12.0
10.0
6.0
1.0
3.0
3.0
4.0
31.0
2.0
12.0
549.0
3.0
65.0
1.0
351.0
16.0
3.0
24.0
1.0
238.0
1814.0
103.0
3.0
3.0
29.0
13.0
1.0
5.0
1.0
3.0
20.0
116.0
227.0
2815.0
6.0
1491.0
2.0
2.0
10.0
3.0
1018.0
3.0
1.0
3.0
9.0
71.0
1.0
312.0
1.0
11.0
3.0
15.0
2.0
1.0
10.0
5.0
34.0
17.0
2.0
40.0
3.0
9.0
567.0
8.0
2.0
3.0
1.0
3.0
47.0
3.0
3.0
664.0
1.0
6.0
5.0
3.0
3.0
1.0
24.0
3.0
1.0
400.0
6.0
3.0
1.0
1.0
1.0
19.0
6.0
111.0
818.0
6.0
3.0
22.0
1.0
13.0
3.0
1.0
164.0
819.0
16.0
3.0
9.0
392.0
9.0
18.0
8.0
27.0
1.0
5.0
1.0
3.0
1.0
78.0
2.0
1917.0
134.0
164.0
1.0
23.0
6.0
4.0
2.0
4.0
6.0
2.0
24.0
690.0
8.0
6.0
2.0
3.0
31.0
2.0
2.0
107.0
319.0
1.0
958.0
1.0
3920.0
3.0
10.0
1.0
11.0
3.0
3.0
3.0
1.0
3.0
2272.0
102.0
7.0
4.0
11742.0
1.0
6.0
2.0
3.0
23.0
1762.0
447.0
7.0
2.0
2.0
6.0
344.0
1530.0
4.0
28.0
1.0
3.0
1.0
1.0
36.0
28.0
3.0
5.0
2.0
1.0
3.0
1.0
282.0
303.0
14.0
1.0
1.0
1.0
2.0
59.0
49.0
1.0
3.0
1.0
17.0
11.0
1.0
7.0
111.0
849.0
74.0
1.0
953.0
1.0
1.0
4134.0
2.0
3956.0
3630.0
112.0
1.0
3.0
2.0
7.0
5.0
1.0
3.0
55.0
351.0
5.0
2.0
1.0
8.0
1.0
4.0
1.0
26.0
15.0
9.0
3.0
3.0
187.0
1.0
9.0
14.0
9.0
1.0
3.0
2251.0
3.0
2.0
1.0
1238.0
1.0
145.0
288.0
11.0
1.0
17.0
17.0
3.0
3.0
1.0
1.0
4.0
437.0
11.0
696.0
478.0
1204.0
1.0
3.0
58.0
76.0
1498.0
3.0
3.0
17.0
237.0
6.0
283.0
99.0
77.0
69.0
15.0
2.0
1.0
7562.0
320.0
965.0
5.0
4.0
8.0
1.0
3.0
2.0
4.0
1753.0
108.0
3.0
1.0
69.0
1.0
1.0
10.0
2.0
6.0
7.0
1.0
1.0
1.0
1286.0
1.0
1256.0
593.0
3.0
1.0
8.0
14.0
3.0
1.0
2.0
12.0
3.0
1.0
188.0
65.0
1.0
123.0
27.0
1.0
6.0
3.0
10.0
1.0
59.0
424.0
48.0
12.0
1.0
20387.0
3.0
3.0
4.0
215.0
9.0
31.0
11.0
1.0
49.0
535.0
22.0
2.0
59.0
21.0
2.0
21.0
548.0
17.0
1.0
941.0
252.0
3.0
62.0
70.0
1.0
1.0
6.0
11.0
3.0
23.0
17.0
72.0
1200.0
3.0
8.0
2054.0
417.0
1.0
2.0
2.0
296.0
4.0
1.0
104.0
1.0
1.0
73.0
984.0
1.0
3.0
1.0
4.0
7.0
168.0
2.0
1.0
37.0
2.0
1712.0
117.0
132.0
1.0
104.0
1.0
313.0
27.0
9.0
1.0
3.0
61.0
2.0
1.0
15.0
296.0
5316.0
15.0
1.0
1.0
1.0
1.0
3.0
113.0
1.0
1.0
14385.0
4.0
2.0
1.0
10.0
5.0
14.0
1.0
4.0
1.0
2.0
3102.0
15.0
1.0
5.0
7.0
4.0
59.0
1.0
4.0
186.0
6.0
4.0
3.0
3.0
1.0
2.0
22.0
7.0
42.0
4.0
7.0
1.0
1.0
5.0
104.0
10.0
72.0
1.0
15.0
1.0
7.0
2.0
13.0
240.0
1.0
2.0
24.0
1.0
573.0
23.0
697.0
6.0
166.0
3.0
4.0
44.0
17.0
3.0
5.0
2.0
2.0
1.0
2.0
17.0
1.0
5.0
7.0
8.0
3.0
3.0
800.0
14.0
8635.0
8.0
1.0
7.0
1.0
3372.0
1.0
2.0
1.0
41.0
3.0
845.0
2.0
5.0
6.0
12.0
6.0
995.0
447.0
999.0
3.0
8.0
1.0
7.0
1.0
32.0
58.0
1.0
1.0
1944.0
2.0
229.0
1.0
1.0
3.0
7.0
654.0
424.0
23.0
85.0
3.0
1.0
24.0
2.0
2.0
1.0
51.0
2.0
10.0
1.0
8.0
1.0
313.0
1.0
444.0
2.0
226.0
9.0
139.0
1.0
478.0
7.0
1.0
4.0
23.0
10.0
2.0
105.0
8.0
1.0
19.0
3.0
638.0
6.0
15.0
387.0
1.0
1.0
42.0
1.0
132.0
1.0
3.0
3.0
86.0
3.0
4.0
375.0
67.0
3.0
4.0
17.0
48.0
2.0
733.0
278.0
6.0
4.0
2.0
3.0
1105.0
1.0
439.0
1.0
1.0
27.0
4.0
1.0
1.0
1704.0
1.0
282.0
65.0
83.0
1.0
17.0
2.0
632.0
1.0
160.0
3.0
220.0
298.0
333.0
2.0
2.0
1.0
836.0
7.0
12.0
4.0
24.0
3.0
6.0
837.0
3.0
4.0
1.0
1.0
6.0
75.0
3.0
147.0
42.0
13.0
21.0
12.0
1.0
2.0
3.0
44.0
6.0
33.0
2.0
2.0
1.0
8.0
294.0
4.0
7.0
14.0
64.0
1161.0
21.0
248.0
1.0
19.0
3.0
4.0
1.0
1.0
3.0
9.0
3.0
5342.0
437.0
3.0
6.0
1.0
1.0
4.0
2.0
3.0
4.0
292.0
3.0
17.0
1888.0
2.0
10.0
4.0
1.0
3.0
10.0
6.0
1.0
9.0
16.0
120.0
7.0
3.0
5.0
132.0
4.0
191.0
998.0
1.0
6.0
1.0
2.0
9.0
12.0
2.0
2.0
99.0
1.0
28.0
2.0
3112.0
1.0
3.0
1.0
6.0
41.0
2.0
3.0
7.0
791.0
1.0
24.0
1.0
2.0
20.0
1.0
15.0
1.0
1.0
3.0
322.0
1.0
2.0
5.0
22.0
316.0
8.0
1.0
19.0
132.0
1.0
57.0
1.0
3.0
5.0
2.0
7.0
1.0
3.0
8.0
5.0
3.0
1.0
9.0
1.0
9.0
42.0
2.0
68.0
1.0
1.0
1.0
77.0
1836.0
3.0
2.0
6.0
4.0
2.0
1.0
1005.0
27.0
87.0
1.0
1.0
1.0
1.0
1442.0
4.0
2.0
2.0
155.0
1.0
3.0
23.0
1.0
1.0
17.0
1853.0
4.0
6.0
1.0
1.0
83.0
8.0
1.0
8690.0
1.0
3.0
3.0
5.0
40.0
2.0
14.0
52.0
2.0
351.0
2.0
3.0
3.0
3.0
73.0
18.0
2.0
1.0
2.0
9.0
1.0
2.0
351.0
1.0
6.0
26.0
176.0
1428.0
1.0
513.0
6.0
2473.0
1.0
408.0
1.0
3.0
7.0
2.0
2.0
7863.0
2.0
42.0
34.0
100.0
206.0
13.0
81.0
3.0
2.0
260.0
1.0
2.0
3254.0
9.0
2.0
1018.0
5.0
1.0
2.0
1729.0
6.0
1.0
3.0
2.0
3.0
3.0
177.0
2.0
8.0
2.0
309.0
6.0
1.0
1.0
1427.0
782.0
2.0
4.0
5.0
2.0
1.0
12.0
25.0
1448.0
4.0
318.0
1.0
1.0
2.0
1.0
1.0
68.0
400.0
3.0
6.0
1.0
952.0
5.0
7.0
8.0
24.0
5.0
6.0
4.0
1.0
24.0
2.0
16.0
285.0
3.0
1.0
82.0
3.0
21.0
2.0
44.0
100.0
765.0
1.0
3.0
451.0
1.0
2.0
3.0
1.0
1.0
1.0
4.0
2497.0
1312.0
3.0
36.0
94.0
51.0
3.0
553.0
3.0
4.0
1944.0
5.0
2.0
16.0
1.0
50.0
1.0
2.0
2.0
29.0
297.0
370.0
25.0
3.0
3.0
114.0
2.0
7.0
11.0
2.0
3.0
3.0
4.0
1.0
1.0
2.0
48.0
21.0
14.0
1.0
2.0
3.0
2.0
2.0
3.0
1.0
3.0
8.0
24.0
343.0
1.0
9.0
1.0
29.0
2.0
3.0
2.0
1647.0
65.0
254.0
1.0
1.0
4.0
1.0
1.0
3.0
1.0
36.0
596.0
560.0
3.0
12.0
9.0
8.0
82.0
19.0
1.0
3.0
1870.0
11.0
3.0
7.0
2.0
191.0
2.0
365.0
3.0
1.0
1.0
4.0
1.0
29.0
2.0
7.0
1.0
1.0
1.0
316.0
1.0
44.0
218.0
3.0
7.0
2.0
1.0
32.0
927.0
1.0
3.0
9.0
191.0
2.0
176.0
1.0
94.0
1669.0
3.0
449.0
596.0
1.0
1539.0
31.0
2.0
6.0
1.0
2.0
1.0
76.0
1.0
8.0
28.0
760.0
1.0
1027.0
2823.0
53.0
2.0
12.0
55.0
2.0
2.0
1.0
4.0
7108.0
2666.0
1.0
16.0
696.0
44.0
1.0
3.0
6.0
14385.0
10.0
84.0
282.0
1.0
7.0
9.0
1.0
3.0
99.0
28.0
20.0
2.0
7.0
6.0
3.0
55.0
2.0
1.0
3.0
2263.0
1.0
1.0
1.0
1.0
21.0
4.0
2123.0
7.0
1.0
23.0
1.0
1.0
1365.0
12.0
3.0
3.0
2.0
20.0
90.0
3.0
1.0
9.0
2.0
1.0
102.0
3.0
3.0
4.0
8.0
166.0
3.0
7.0
1.0
1505.0
1.0
168.0
5.0
3.0
1.0
106.0
2.0
1.0
1.0
2.0
3.0
1.0
2.0
2.0
241.0
3.0
3.0
8.0
2.0
13.0
3.0
1.0
16.0
2.0
2.0
1.0
3.0
10.0
5.0
665.0
1.0
1.0
2.0
1.0
7.0
4.0
74.0
2.0
1.0
39.0
1.0
2.0
1.0
150.0
763.0
1.0
358.0
1.0
6.0
1.0
1.0
2.0
15.0
85.0
1.0
1.0
31.0
2.0
192.0
145.0
3.0
3.0
3.0
26.0
6.0
4.0
2.0
1.0
29.0
1.0
56.0
1.0
70.0
1.0
1.0
157.0
5.0
24.0
17.0
138.0
181.0
3.0
8.0
305.0
1387.0
472.0
18.0
1.0
1014.0
1.0
1.0
1.0
46.0
4.0
3.0
1.0
1.0
11.0
3.0
15.0
3.0
1.0
25.0
18.0
3.0
3.0
4.0
1040.0
55.0
4.0
2.0
108.0
2.0
8.0
4.0
1.0
16.0
3.0
2.0
12.0
1.0
281.0
2.0
13.0
5.0
3.0
12.0
2.0
2123.0
361.0
1.0
5.0
2.0
83.0
2.0
10.0
3.0
1.0
1302.0
1.0
9.0
164.0
2.0
2.0
4.0
14.0
9.0
22.0
1.0
25.0
4.0
1.0
8.0
10.0
1.0
4.0
5.0
11.0
206.0
8.0
46.0
3.0
2.0
49.0
4.0
4.0
2.0
3.0
7.0
186.0
24.0
1.0
1643.0
21.0
703.0
1.0
3.0
4.0
3.0
3.0
1.0
1585.0
8.0
23.0
3.0
42.0
412.0
1.0
790.0
124.0
3.0
219.0
666.0
53.0
2.0
488.0
1.0
3.0
1.0
11.0
1.0
1.0
80.0
2.0
157.0
2.0
1.0
9.0
1.0
1.0
279.0
3.0
1.0
3.0
2.0
3.0
1.0
13.0
4.0
1.0
2.0
4.0
3.0
5.0
1.0
3.0
2.0
38.0
24.0
15.0
2.0
288.0
939.0
3.0
8.0
1.0
830.0
3.0
1.0
36.0
29.0
1.0
903.0
2.0
1.0
6.0
1013.0
5.0
1.0
1.0
1.0
542.0
2.0
1.0
5.0
1.0
3.0
65.0
15.0
3.0
9.0
102.0
1.0
47.0
1.0
9.0
1.0
2.0
266.0
3.0
1.0
1.0
5962.0
2.0
2.0
3.0
1473.0
17.0
3.0
31.0
24.0
3.0
4.0
265.0
177.0
10.0
125.0
2473.0
3.0
75.0
1.0
1.0
613.0
1.0
3.0
3300.0
6.0
491.0
1.0
3.0
1.0
6.0
4.0
2.0
2.0
2975.0
4.0
3.0
17.0
1.0
100.0
1.0
7.0
3.0
3211.0
55.0
1.0
1571.0
1.0
1.0
1.0
1.0
13.0
2.0
3.0
227.0
2.0
1.0
28.0
5.0
1.0
12.0
1.0
1.0
471.0
321.0
1.0
2.0
22.0
7.0
49.0
1.0
19.0
1.0
8.0
31.0
1.0
23.0
2.0
5.0
82.0
1027.0
8.0
2.0
3.0
1.0
1.0
1.0
62.0
92.0
1.0
3.0
23.0
11.0
19.0
282.0
3.0
1.0
3.0
803.0
6.0
579.0
13937.0
144.0
39.0
1446.0
4.0
1.0
1.0
2.0
1.0
3.0
3.0
5214.0
6.0
1.0
1826.0
104.0
72.0
17.0
2.0
1.0
2.0
697.0
1.0
7.0
2.0
1.0
817.0
1.0
5.0
7.0
1.0
1.0
6.0
3.0
18.0
5.0
1762.0
1.0
1.0
10.0
1.0
40.0
1.0
3.0
3.0
1.0
1.0
14.0
1.0
1.0
17.0
3.0
21.0
1.0
14.0
25.0
2.0
12.0
1.0
1.0
2845.0
1994.0
3.0
1.0
30.0
443.0
37.0
1.0
3.0
576.0
5.0
1.0
1517.0
1.0
3.0
464.0
3.0
614.0
3.0
18.0
1.0
3.0
33.0
302.0
3.0
1.0
54.0
1854.0
74.0
114.0
69.0
1.0
1.0
3.0
3.0
1.0
1.0
961.0
4.0
833.0
1.0
562.0
9.0
221.0
47.0
46.0
2.0
3.0
1.0
3.0
60.0
65.0
2.0
3.0
3.0
1.0
456.0
1.0
1.0
5.0
3.0
3.0
67.0
3.0
1744.0
1.0
21.0
1.0
12.0
3894.0
11.0
6.0
3.0
3.0
6.0
4.0
3.0
16.0
8.0
1.0
2.0
1.0
16.0
118.0
12.0
5.0
3.0
3.0
2.0
2095.0
2.0
1.0
1.0
1.0
4351.0
30.0
19.0
2.0
103.0
5.0
14.0
39.0
46.0
5.0
4.0
1.0
305.0
1.0
36.0
1.0
1.0
369.0
66.0
3.0
1.0
772.0
5.0
626.0
1.0
1.0
1.0
1.0
2.0
1366.0
2.0
3.0
1.0
55.0
1.0
19.0
3.0
95.0
1.0
1.0
1.0
1.0
19.0
108.0
3517.0
1432.0
3.0
24.0
2.0
2.0
3.0
1.0
438.0
17.0
2.0
1.0
3.0
1.0
1.0
1.0
1.0
4.0
1.0
1.0
1.0
3.0
1.0
3.0
24.0
1.0
613.0
934.0
1.0
1.0
3.0
1540.0
381.0
359.0
3.0
1083.0
10.0
10.0
1.0
4.0
1.0
107.0
3.0
122.0
13.0
3.0
1012.0
102.0
3.0
3.0
1.0
3.0
4.0
3.0
282.0
1.0
251.0
15.0
1.0
3.0
1.0
5.0
11.0
1.0
1.0
1.0
55.0
1.0
1179.0
125.0
8.0
2.0
38.0
3.0
2.0
439.0
16.0
65.0
2207.0
1782.0
9.0
44.0
1.0
1.0
1.0
177.0
1745.0
97.0
3.0
8.0
102.0
1.0
3.0
109.0
1.0
44.0
25.0
350.0
846.0
1.0
2.0
4.0
1.0
1.0
413.0
1.0
16480.0
68.0
1.0
10.0
17.0
1.0
9.0
3.0
1.0
103.0
863.0
382.0
6.0
1.0
4.0
1.0
2.0
24.0
3.0
3.0
19.0
106.0
1.0
175.0
1.0
1462.0
80.0
20.0
3.0
955.0
3.0
24.0
10.0
1.0
1.0
12.0
26.0
6.0
2.0
60.0
575.0
1.0
1.0
2.0
926.0
15.0
9.0
12.0
1.0
1.0
86.0
866.0
3.0
9.0
1.0
5.0
3.0
4.0
242.0
6.0
3.0
7.0
86.0
3.0
33.0
1.0
144.0
2.0
2.0
21.0
2.0
63.0
2.0
2.0
101.0
1.0
1.0
1.0
6.0
1.0
1.0
1.0
46.0
66.0
2.0
1.0
1212.0
1.0
11114.0
1.0
90.0
10.0
51.0
3.0
1.0
3.0
9.0
7.0
5.0
2.0
2.0
4618.0
3.0
9.0
2.0
20.0
39.0
4.0
16.0
2.0
3.0
734.0
4.0
5.0
1645.0
1.0
1.0
6.0
1.0
9.0
1.0
1.0
2.0
18.0
2.0
2.0
1.0
8.0
1.0
1.0
6757.0
19.0
2.0
116.0
42.0
3.0
14903.0
6.0
2.0
2.0
2.0
4.0
3.0
3.0
16.0
3.0
1.0
2.0
1.0
1.0
1.0
8688.0
337.0
1.0
12.0
2.0
3.0
3.0
2.0
1.0
1.0
203.0
42.0
1.0
8.0
2.0
1.0
370.0
2.0
192.0
1.0
2.0
2.0
19.0
4.0
15.0
3.0
3.0
52.0
7.0
27.0
12.0
1.0
2.0
611.0
22.0
11.0
1.0
1.0
19.0
12.0
244.0
24.0
1.0
1.0
3.0
1.0
106.0
2.0
2.0
2.0
506.0
1.0
1.0
4.0
4.0
296.0
58.0
6.0
10.0
1.0
1.0
1225.0
1.0
24.0
3.0
1075.0
1.0
2.0
51.0
1.0
2.0
4.0
1.0
1.0
1930.0
1.0
6.0
357.0
4.0
3.0
82.0
7.0
1.0
2.0
4.0
3.0
1.0
1.0
64.0
120.0
84.0
41.0
3.0
1.0
1.0
3.0
1.0
503.0
4.0
267.0
2.0
1.0
1.0
75.0
3.0
2.0
3.0
8.0
1.0
1.0
1.0
512.0
19.0
4.0
23.0
12.0
3.0
86.0
3.0
108.0
3.0
3.0
3.0
14385.0
1.0
2.0
2.0
2.0
292.0
2.0
5.0
47.0
9.0
334.0
1.0
10.0
3.0
1.0
50.0
288.0
334.0
59.0
188.0
1.0
9.0
3.0
3.0
2.0
4.0
4.0
1.0
6.0
17.0
1.0
488.0
1.0
1.0
2.0
7.0
961.0
9.0
1.0
1.0
302.0
24.0
2.0
1.0
1.0
1.0
1.0
4.0
5.0
612.0
1410.0
17.0
3.0
1.0
4.0
3.0
23.0
57.0
12.0
107.0
87.0
175.0
6.0
2.0
10.0
5.0
4.0
119.0
35.0
21.0
1.0
1.0
21.0
2.0
1018.0
187.0
1.0
3.0
1.0
1.0
38.0
1.0
69.0
3.0
3.0
29.0
3.0
3.0
2.0
9.0
2.0
13.0
5.0
3.0
4.0
237.0
27.0
219.0
1.0
2.0
3.0
39.0
16.0
2.0
959.0
4.0
389.0
1.0
12.0
3.0
823.0
5.0
2820.0
4.0
46.0
1.0
4.0
4.0
1.0
15.0
1.0
887.0
1.0
61.0
897.0
5.0
1.0
288.0
2.0
3.0
588.0
33.0
769.0
1.0
16.0
9.0
17.0
1245.0
425.0
2.0
1.0
3.0
9.0
3.0
3.0
1.0
3.0
12.0
3.0
1.0
242.0
2.0
3.0
294.0
1.0
4.0
1.0
2.0
2.0
3.0
20.0
6.0
753.0
20.0
415.0
2.0
22.0
3.0
25.0
1.0
4.0
16.0
1.0
1.0
8.0
1.0
3.0
2.0
2.0
19.0
2.0
3.0
1.0
3.0
20.0
1.0
843.0
56.0
243.0
1.0
1.0
57.0
16.0
4.0
15.0
105.0
2.0
3.0
16.0
3.0
4.0
37.0
11.0
4.0
1.0
28.0
1.0
8.0
5.0
546.0
961.0
1.0
2.0
11.0
2.0
6.0
8.0
1.0
596.0
1.0
2.0
62.0
2.0
50.0
1.0
4.0
7.0
1629.0
1.0
28.0
174.0
9.0
3.0
2.0
1.0
13.0
3.0
4.0
1.0
719.0
4.0
16.0
1.0
9.0
3.0
1.0
2.0
51.0
1.0
1.0
7.0
30.0
4.0
137.0
8.0
112.0
3.0
241.0
3.0
3.0
3.0
62.0
3.0
3.0
3.0
7.0
4.0
3.0
4.0
4.0
7.0
127.0
5.0
50.0
2857.0
65.0
145.0
1.0
1.0
1.0
5.0
3.0
1.0
3.0
3.0
9.0
16.0
1.0
2.0
4.0
4.0
1418.0
9.0
1.0
596.0
1.0
120.0
146.0
847.0
62.0
6.0
14.0
1.0
17.0
5.0
49.0
1046.0
1.0
1.0
1.0
17.0
3.0
2.0
98.0
4351.0
67.0
1.0
815.0
170.0
8.0
19.0
14.0
3.0
2.0
112.0
2.0
8.0
2.0
45.0
1.0
3.0
295.0
64.0
18.0
39.0
5.0
15.0
17.0
3.0
3.0
277.0
11.0
6.0
3416.0
71.0
20.0
60.0
114.0
1.0
2.0
1.0
770.0
10.0
1.0
40.0
4.0
5.0
1.0
1.0
132.0
12.0
13.0
1.0
453.0
6.0
1366.0
25.0
1.0
5.0
1.0
3.0
1.0
3.0
4.0
1.0
3.0
2.0
2.0
112.0
7.0
2.0
1.0
3.0
29.0
755.0
3.0
1.0
3.0
1.0
67.0
14.0
283.0
3.0
1.0
1.0
36.0
7.0
3324.0
14.0
120.0
1.0
8.0
1.0
1.0
625.0
3.0
3.0
4.0
3.0
16.0
1029.0
4.0
4.0
1.0
1.0
84.0
471.0
2.0
58.0
1.0
586.0
55.0
4.0
1.0
797.0
25.0
49.0
1.0
32.0
1.0
4.0
10.0
76.0
8.0
1.0
103.0
3.0
1.0
17.0
2.0
1.0
4.0
2.0
3.0
1165.0
2.0
3.0
3.0
1.0
24.0
4.0
1.0
10.0
10968.0
1.0
3.0
1.0
1.0
129.0
1.0
10.0
1145.0
1.0
12.0
3.0
38.0
9.0
1.0
7707.0
5.0
6.0
242.0
18.0
1.0
3.0
208.0
58.0
1.0
3.0
3.0
2.0
3.0
1.0
23.0
65.0
1.0
9.0
3.0
3.0
1.0
14.0
3.0
4.0
1.0
75.0
11.0
3.0
3.0
2.0
27.0
1.0
32.0
3.0
22.0
1.0
1.0
1.0
3.0
5.0
6.0
168.0
2.0
3.0
4.0
5.0
1.0
1.0
25.0
750.0
1.0
3.0
3.0
14.0
1.0
1.0
1.0
9.0
10.0
1.0
19.0
13.0
1.0
41.0
28.0
68.0
41.0
426.0
2.0
58.0
3.0
1.0
1.0
9.0
29.0
943.0
2.0
2.0
4.0
2015.0
24.0
1.0
1.0
11.0
3.0
2.0
3.0
2.0
252.0
53.0
3.0
48.0
19.0
1377.0
4.0
14.0
20.0
1.0
10.0
4623.0
24.0
1179.0
14189.0
20.0
1.0
64.0
9.0
1.0
2.0
3.0
22.0
23.0
110.0
1.0
151.0
1.0
2.0
4.0
1116.0
2.0
8.0
1.0
2.0
3.0
6.0
121.0
49.0
33.0
3.0
12.0
13.0
148.0
13.0
3.0
1.0
36.0
8.0
1.0
2.0
20.0
1.0
5.0
161.0
71.0
10.0
227.0
70.0
1.0
7.0
3.0
17.0
1.0
2.0
3.0
104.0
584.0
6.0
3.0
1422.0
2.0
58.0
4.0
1.0
1027.0
2.0
3.0
583.0
278.0
5.0
1018.0
4.0
6.0
13.0
4.0
103.0
1.0
618.0
3.0
1121.0
22.0
7.0
3.0
2.0
278.0
3.0
3.0
1.0
1.0
6.0
340.0
492.0
1.0
9.0
8.0
25.0
1.0
36.0
146.0
1.0
1.0
3.0
1865.0
3.0
1.0
2.0
2.0
1.0
1.0
1.0
4.0
1.0
105.0
1.0
31.0
1.0
2.0
6.0
1.0
1.0
3.0
2.0
270.0
425.0
16.0
37.0
238.0
3.0
3.0
59.0
896.0
2.0
2.0
2.0
4.0
2.0
1.0
4.0
3.0
6522.0
3.0
697.0
1.0
3.0
31.0
1.0
47.0
86.0
1.0
1018.0
2.0
1.0
59.0
1.0
2.0
19.0
1.0
1.0
1.0
8.0
1.0
18.0
1.0
3.0
3.0
24.0
4.0
126.0
5.0
1.0
35.0
4612.0
2.0
3.0
4.0
2.0
1.0
1.0
1.0
1.0
2.0
3.0
1.0
5.0
140.0
11.0
30359.0
19.0
1.0
1.0
35.0
28.0
358.0
2.0
2.0
58.0
61.0
19.0
16.0
4.0
1.0
4.0
798.0
3.0
17.0
74.0
351.0
3.0
3.0
2.0
1.0
10.0
50.0
24725.0
1.0
6.0
1.0
16.0
24.0
3.0
1.0
9.0
27.0
1.0
18.0
1.0
7.0
513.0
110.0
20.0
1.0
252.0
674.0
12.0
4.0
779.0
63.0
9.0
39.0
3.0
39.0
6.0
1.0
49.0
11.0
47.0
19.0
10.0
37.0
3.0
155.0
1.0
3.0
2592.0
1186.0
5.0
8.0
5.0
2704.0
6.0
3.0
1.0
1.0
1.0
1.0
1.0
5.0
7.0
2.0
5.0
1.0
96.0
255.0
3.0
1.0
1969.0
472.0
14.0
2.0
3.0
30.0
1.0
3.0
4.0
4.0
1.0
1.0
138.0
1.0
1256.0
1.0
3.0
1.0
1032.0
8.0
650.0
2.0
1.0
1.0
24.0
1.0
3.0
1000.0
1.0
1.0
752.0
4.0
1031.0
3.0
6.0
819.0
43.0
3.0
1.0
4091.0
4.0
156.0
4.0
9.0
4.0
1.0
135.0
3.0
2.0
2081.0
1.0
535.0
2.0
51.0
2.0
1.0
1.0
1429.0
1.0
24.0
3.0
1185.0
1.0
5.0
138.0
11.0
3.0
8.0
2.0
23.0
8.0
5.0
1.0
66.0
15.0
20.0
3.0
3.0
3.0
1.0
1.0
16.0
250.0
3.0
1.0
4.0
14.0
930.0
3.0
3.0
1.0
288.0
2.0
3.0
3.0
1.0
236.0
2.0
1011.0
3.0
46.0
2.0
629.0
1.0
1.0
647.0
7.0
1.0
3.0
3.0
3.0
1.0
8.0
2.0
3.0
103.0
1.0
42.0
1358.0
20.0
48.0
5.0
2.0
48.0
13182.0
28.0
7.0
88.0
1.0
15.0
1.0
8.0
1.0
5174.0
9.0
5.0
1.0
1.0
1.0
180.0
2.0
1.0
20.0
9.0
3.0
117.0
26.0
1.0
4.0
1.0
1.0
230.0
3.0
2.0
5.0
8.0
496.0
1.0
32.0
105.0
3.0
2.0
7.0
4959.0
4.0
578.0
66.0
145.0
42.0
351.0
28.0
553.0
1.0
533.0
23.0
93739.0
2.0
1331.0
17.0
658.0
2.0
615.0
2.0
5.0
3.0
548.0
6689.0
3.0
2155.0
3.0
20.0
19.0
90.0
1.0
380.0
3.0
4.0
1.0
298.0
1.0
2.0
1.0
259.0
1.0
10.0
84.0
7.0
3.0
1039.0
106.0
37.0
19.0
8.0
12.0
9.0
3.0
3.0
1.0
102.0
1.0
257.0
99.0
3.0
17.0
1.0
1.0
4.0
22.0
4.0
62.0
3.0
4.0
454.0
68.0
3.0
1.0
1585.0
1.0
1.0
9.0
5.0
1.0
1.0
1.0
3.0
28.0
5.0
104.0
1.0
5.0
1.0
2.0
3219.0
8.0
2593.0
152.0
94.0
1.0
4.0
41.0
38.0
19.0
3.0
341.0
4.0
3.0
5.0
18.0
460.0
1.0
6.0
1.0
3.0
1.0
4.0
5.0
1.0
1.0
3.0
1170.0
2.0
208.0
1.0
1.0
1.0
5.0
2.0
1.0
1.0
19.0
3.0
3.0
1.0
3.0
2020.0
1.0
1.0
1.0
3.0
3.0
1.0
8.0
2.0
1.0
3.0
1.0
42.0
3.0
10.0
59.0
11.0
2.0
2.0
1.0
1.0
4.0
5.0
17.0
3.0
22.0
1.0
3.0
1.0
674.0
2.0
40.0
10.0
1.0
232.0
1.0
1.0
2.0
1.0
3.0
4.0
12.0
10.0
18.0
1.0
3.0
1.0
2.0
3.0
3.0
11.0
8.0
2.0
1.0
1.0
2.0
7.0
1.0
1.0
1.0
596.0
2.0
3892.0
8.0
1155.0
1.0
3.0
3.0
279.0
81.0
1.0
3.0
684.0
3.0
73.0
1.0
3.0
229.0
99.0
1.0
3.0
2.0
8.0
24.0
102.0
1.0
3.0
5.0
3.0
1.0
2.0
193.0
2.0
1.0
3.0
3.0
2.0
1.0
352.0
4.0
55.0
1.0
1.0
3.0
4.0
101.0
24.0
240.0
3.0
1.0
10.0
351.0
2.0
5822.0
1.0
23.0
1.0
3.0
2.0
3.0
3.0
3.0
33.0
358.0
3.0
2.0
3.0
1.0
9.0
1.0
25.0
2.0
14.0
8.0
1.0
29.0
1.0
1.0
1.0
441.0
259.0
3.0
3510.0
10.0
1.0
3.0
3833.0
1.0
643.0
1.0
3.0
278.0
1.0
5.0
2.0
6.0
57.0
3.0
3.0
68.0
58.0
258.0
1.0
1.0
1.0
10.0
3869.0
3.0
3.0
1.0
737.0
1.0
2.0
3.0
601.0
1.0
837.0
2.0
3.0
2.0
1044.0
24.0
3.0
1.0
7.0
4.0
1.0
106.0
72.0
130.0
3.0
475.0
6.0
6.0
4.0
1.0
229.0
3.0
3.0
3.0
522.0
1.0
2.0
2.0
76.0
11.0
3.0
104.0
1.0
13.0
75.0
14.0
15.0
131.0
1.0
3.0
3.0
3.0
3.0
957.0
111.0
1.0
7.0
1874.0
1102.0
1274.0
18.0
1.0
696.0
1.0
652.0
3.0
23.0
8.0
2428.0
47.0
1186.0
3.0
4.0
10.0
1.0
2.0
36.0
1.0
11.0
3.0
2.0
5.0
1.0
33.0
3.0
385.0
5.0
8.0
3.0
1.0
1361.0
1700.0
5.0
79.0
3.0
1.0
2.0
1.0
1.0
1936.0
2.0
15.0
3.0
1.0
3.0
1.0
7.0
6334.0
507.0
9.0
35.0
1.0
5.0
1396.0
4.0
3.0
2.0
13.0
2.0
3.0
3.0
232.0
1.0
1.0
1.0
1.0
1.0
25.0
8.0
1.0
16.0
162.0
472.0
3.0
1664.0
28.0
1.0
4.0
4.0
2.0
1.0
17.0
3.0
1.0
34.0
3.0
660.0
792.0
2.0
3.0
470.0
295.0
2361.0
3.0
94.0
114.0
65.0
6.0
2.0
1660.0
1.0
74.0
4.0
1.0
86.0
1.0
4.0
2.0
22.0
3.0
9.0
3.0
5.0
1.0
65.0
3.0
1429.0
14.0
2.0
43.0
19.0
3.0
2.0
2.0
22.0
2.0
2.0
25.0
57.0
1.0
24.0
21.0
1.0
1.0
1.0
3.0
1443.0
177.0
1.0
1.0
3.0
17.0
1.0
1.0
3.0
1.0
1.0
1.0
17.0
1.0
1522.0
30.0
313.0
4.0
73.0
6.0
1.0
2.0
84.0
2.0
4.0
4.0
13.0
71.0
58.0
1047.0
1.0
9.0
5.0
1020.0
7.0
489.0
1.0
3.0
3602.0
14.0
1.0
119.0
2.0
3.0
1.0
4.0
8.0
1.0
3.0
1.0
4.0
7.0
2991.0
34.0
1.0
1.0
4.0
122.0
447.0
32.0
3.0
2.0
351.0
1.0
1.0
1.0
7.0
3.0
2.0
175.0
488.0
29.0
1.0
5.0
6.0
1018.0
4.0
64.0
19.0
3.0
1.0
959.0
461.0
1.0
2.0
1.0
5.0
24.0
1.0
3.0
5.0
288.0
2.0
9.0
1.0
19831.0
31.0
1.0
5.0
5.0
3.0
1.0
3.0
1.0
1.0
1028.0
5.0
3.0
40.0
4.0
1.0
1.0
3.0
1.0
7.0
4.0
563.0
4.0
2.0
507.0
3.0
477.0
55.0
2.0
4.0
123.0
27.0
862.0
42.0
10520.0
3.0
83.0
1.0
3.0
3.0
1.0
5274.0
1.0
3419.0
1698.0
1.0
3.0
9.0
3.0
6.0
1.0
113.0
96.0
1.0
2.0
203.0
193.0
1.0
10.0
3.0
1.0
2589.0
19.0
55.0
2.0
101.0
1.0
4.0
1.0
12.0
74.0
14.0
1.0
3.0
1.0
4.0
2.0
452.0
18.0
1.0
3.0
7.0
1309.0
1.0
1.0
1.0
222.0
1.0
1.0
3.0
1.0
56.0
3.0
748.0
1.0
17.0
2.0
3.0
2.0
1.0
136.0
3.0
3.0
1.0
1.0
78.0
65.0
17.0
28.0
3.0
1.0
1923.0
10.0
1.0
1033.0
2751.0
1.0
239.0
10.0
1.0
1202.0
5515.0
232.0
1489.0
11.0
101.0
475.0
3.0
1.0
1.0
1.0
154.0
2.0
3.0
7.0
119.0
22.0
4.0
1054.0
1.0
24.0
10.0
3.0
2.0
140.0
3.0
1.0
95724.0
3.0
5.0
3.0
3.0
109.0
2.0
393.0
1.0
1.0
4.0
2.0
14.0
1.0
3.0
3.0
11.0
1.0
1.0
1.0
1.0
1.0
9.0
150.0
3.0
59.0
1.0
1.0
3.0
3.0
2.0
1213.0
157.0
24.0
2.0
4.0
2.0
3.0
1.0
3.0
278.0
2.0
1.0
9.0
2.0
7.0
6804.0
22.0
14189.0
5.0
421.0
4.0
3.0
1.0
3.0
1.0
88.0
24.0
8.0
3.0
1.0
1.0
972.0
1.0
1.0
4.0
336.0
167.0
11593.0
15.0
10.0
8.0
3078.0
18.0
5.0
1.0
1.0
1.0
1828.0
664.0
3.0
33.0
1.0
31.0
9.0
3.0
36.0
45.0
3794.0
17.0
1.0
676.0
3.0
1.0
3.0
1.0
1.0
1937.0
19.0
773.0
1.0
3.0
540.0
1517.0
24.0
3.0
6.0
6.0
489.0
1.0
2.0
3.0
7.0
1734.0
11.0
3.0
1.0
21.0
5.0
287.0
1.0
1.0
3.0
886.0
3.0
1.0
10.0
2.0
282.0
401.0
1.0
1631.0
27.0
1.0
4.0
3.0
10.0
1.0
2.0
4.0
1.0
1.0
109.0
1.0
1.0
2.0
2.0
64.0
77.0
2618.0
1.0
4.0
2.0
12.0
135.0
68.0
2.0
3.0
3.0
6.0
1.0
1.0
9.0
326.0
3.0
2.0
1.0
1.0
1220.0
3.0
1.0
2.0
967.0
21.0
8.0
2.0
158.0
5.0
1.0
1.0
516.0
108.0
1242.0
9.0
14.0
1.0
9.0
10.0
46.0
13.0
1.0
24.0
2.0
16.0
1.0
1.0
3.0
31.0
417.0
17.0
5.0
16.0
1.0
1.0
2.0
528.0
1.0
2.0
6.0
1.0
9.0
3.0
132.0
2.0
1.0
1.0
14.0
1.0
13.0
9.0
1.0
494.0
14.0
206.0
1.0
356.0
2.0
1.0
4.0
13.0
1.0
1071.0
2.0
7.0
13.0
9.0
1.0
2.0
1.0
875.0
3.0
2.0
8.0
1.0
10.0
2.0
1.0
1.0
1.0
1479.0
399.0
1.0
1317.0
95.0
15.0
24.0
76.0
20.0
1.0
30.0
823.0
3.0
28.0
148.0
146.0
29.0
4.0
2.0
1.0
1.0
11.0
3.0
3.0
1.0
9.0
142.0
18.0
549.0
1.0
166.0
5.0
7.0
1.0
158.0
8.0
1.0
1070.0
4.0
2.0
4.0
46.0
823.0
7.0
49.0
1.0
1.0
14.0
3.0
7.0
252.0
19.0
2.0
28.0
27.0
1.0
3.0
1.0
2.0
1786.0
2.0
3.0
1.0
2.0
50.0
2964.0
1.0
1.0
1.0
3.0
3.0
6.0
1.0
4.0
3.0
2.0
5.0
3.0
421.0
13.0
587.0
98.0
3.0
122.0
3.0
1.0
1.0
3.0
1.0
1.0
42.0
596.0
2.0
9.0
3.0
8.0
3.0
1.0
3.0
73.0
3.0
6.0
8.0
1008.0
2.0
281.0
3.0
1.0
13.0
454.0
1.0
5.0
3.0
1.0
19.0
1.0
4.0
459.0
3.0
1.0
3.0
1.0
81.0
6598.0
3.0
2.0
10.0
34.0
3.0
4.0
10.0
2.0
47.0
1.0
50.0
3.0
2227.0
1.0
15.0
15.0
2.0
14.0
69.0
3.0
296.0
3.0
14.0
5.0
1072.0
288.0
3.0
3.0
638.0
13.0
15.0
13.0
1368.0
1.0
292.0
1.0
3.0
6.0
1.0
945.0
3.0
24.0
8.0
317.0
1.0
2.0
2.0
1.0
332.0
542.0
86.0
600.0
302.0
1.0
8.0
2.0
23.0
1.0
5.0
3.0
11.0
1.0
4.0
67.0
40.0
10.0
8.0
753.0
2.0
10.0
1.0
30.0
581.0
3.0
3.0
1.0
3.0
7.0
1.0
1.0
1.0
3.0
155.0
166.0
35.0
40.0
8.0
167.0
3.0
25.0
1.0
24.0
12.0
1.0
288.0
10.0
17.0
128.0
59.0
110.0
2.0
9.0
1.0
1.0
3.0
136.0
3.0
1.0
1.0
1.0
3177.0
120.0
2.0
1.0
1.0
2.0
1.0
1.0
13.0
58.0
2235.0
1.0
1203.0
2.0
13.0
288.0
14.0
1.0
3.0
3.0
1.0
454.0
2.0
5915.0
65.0
4.0
1.0
2.0
3.0
1.0
4.0
75.0
512.0
21.0
4521.0
1.0
1.0
4.0
110.0
4.0
2.0
3.0
6.0
1.0
1.0
2.0
1.0
1.0
136.0
1.0
1.0
6.0
29.0
189.0
2.0
281.0
3505.0
26.0
480.0
2.0
3156.0
13.0
20.0
34.0
14.0
4.0
12.0
1.0
1.0
31.0
1.0
24.0
1.0
2.0
2.0
3.0
6.0
1.0
1.0
1.0
3.0
2.0
116.0
3.0
7.0
33.0
3.0
243.0
1.0
7.0
1473.0
351.0
40.0
3.0
25.0
2.0
2.0
1997.0
11.0
3.0
2.0
3.0
9.0
2.0
1.0
74.0
24.0
470.0
351.0
3.0
3.0
1.0
6.0
82.0
4.0
685.0
2.0
1.0
668.0
10.0
2.0
1.0
2.0
3.0
1.0
45.0
62.0
1.0
3.0
3.0
2.0
2.0
1.0
9.0
2.0
4.0
2.0
92.0
692.0
288.0
1.0
1.0
6.0
3.0
3.0
1.0
2.0
391.0
104.0
292.0
4.0
1.0
10.0
1.0
1.0
2.0
89.0
1.0
17.0
50.0
146.0
1156.0
3.0
991.0
2.0
71.0
288.0
12.0
6.0
510.0
5.0
1.0
875.0
1.0
4.0
1.0
4.0
512.0
1.0
67.0
1.0
19.0
1.0
41.0
5.0
48410.0
1523.0
8.0
361.0
110.0
19.0
33.0
1.0
4.0
189.0
1.0
8.0
50.0
2.0
1.0
2.0
6.0
696.0
211.0
3.0
3.0
1002.0
131.0
1.0
3.0
2.0
3.0
755.0
1.0
5.0
911.0
3.0
1.0
1078.0
1.0
7.0
3.0
947.0
1.0
4.0
2.0
19.0
231.0
9.0
1.0
759.0
2.0
1.0
51.0
371.0
2.0
33.0
2.0
3.0
235.0
3.0
19.0
8.0
1.0
25.0
3.0
1.0
2.0
1.0
3.0
2.0
3.0
17.0
1.0
1.0
1.0
23.0
1.0
4445.0
1.0
573.0
6.0
2.0
2.0
3.0
2.0
407.0
1.0
7.0
537.0
2.0
79.0
1.0
2.0
25.0
40.0
3.0
3.0
4.0
23.0
144.0
232.0
1.0
3.0
2.0
31.0
1.0
275.0
1321.0
3.0
8.0
3363.0
32.0
3.0
1.0
86.0
51.0
4.0
35.0
3.0
4.0
1791.0
3.0
5.0
1.0
2.0
3.0
22.0
3.0
1.0
1.0
79.0
1.0
1.0
5.0
6.0
19.0
1.0
1.0
18.0
4.0
3.0
1.0
179.0
1.0
3.0
2.0
3.0
8.0
1.0
1.0
1.0
2683.0
3.0
14.0
9.0
6.0
1.0
16.0
5.0
1.0
3.0
272.0
1.0
3.0
33.0
1.0
1.0
3.0
74.0
20.0
1.0
2.0
152.0
5.0
2.0
2.0
6.0
67.0
2.0
1.0
1.0
1.0
11.0
2.0
1.0
12.0
1.0
1.0
3.0
960.0
1.0
2.0
200.0
19.0
2.0
142.0
3.0
4.0
1.0
2.0
1.0
8.0
1.0
2986.0
3.0
4.0
3.0
2142.0
68.0
3.0
1.0
242.0
1016.0
10.0
1.0
3.0
1.0
7.0
2.0
7.0
89.0
13.0
15.0
3.0
2.0
178.0
3.0
24.0
6.0
1.0
20.0
2.0
16.0
9.0
3.0
30.0
1.0
907.0
4.0
1043.0
3.0
22.0
3.0
9.0
17.0
7.0
1.0
1826.0
19.0
29.0
1.0
4.0
1.0
55.0
1.0
1.0
8.0
64.0
370.0
1.0
1.0
46.0
27.0
5.0
2.0
2.0
1.0
1.0
3.0
1.0
3.0
1.0
3.0
1.0
1939.0
3.0
7.0
89.0
1.0
1.0
14.0
11.0
525.0
288.0
3.0
19.0
1.0
960.0
1.0
899.0
1.0
1.0
4.0
1450.0
5.0
3.0
8.0
2.0
1.0
3581.0
143.0
117.0
1.0
44.0
1120.0
674.0
216.0
80.0
21.0
1.0
338.0
499.0
421.0
5.0
236.0
19.0
1.0
111.0
11.0
1.0
1637.0
8.0
67.0
2.0
15.0
89.0
129.0
200.0
3.0
1.0
2.0
7.0
596.0
3.0
63.0
2.0
19.0
2.0
79.0
1.0
4.0
4.0
4.0
2.0
701.0
1.0
1.0
61.0
2.0
2050.0
3.0
1.0
16.0
3.0
343.0
2.0
43.0
6.0
835.0
55.0
1.0
1.0
1.0
899.0
3.0
1.0
3.0
63.0
258.0
3.0
2.0
1.0
1.0
11.0
23.0
959.0
2.0
1.0
62.0
7.0
4.0
1.0
8.0
3.0
1.0
7.0
9.0
3.0
7.0
3.0
3.0
6.0
6.0
56.0
4.0
626.0
2.0
40.0
4.0
16.0
4.0
4.0
3.0
1.0
410.0
1913.0
1.0
4.0
3.0
3.0
2.0
3.0
4.0
1.0
71.0
4.0
91.0
2.0
47.0
58.0
19.0
4151.0
3.0
21.0
38.0
2.0
3.0
453.0
1.0
2194.0
38.0
39.0
604.0
1.0
277.0
1.0
1.0
2.0
2.0
8.0
24.0
3.0
2.0
6.0
2.0
3.0
1.0
34.0
1151.0
1.0
2.0
10.0
3.0
1561.0
6.0
713.0
1.0
148.0
3.0
13428.0
1.0
3.0
1.0
1.0
3.0
575.0
674.0
677.0
2.0
7.0
209.0
2.0
6.0
160.0
2.0
13.0
1.0
2.0
62.0
3.0
1.0
9.0
3.0
3.0
15.0
1.0
3.0
437.0
5.0
1.0
37.0
644.0
52.0
1.0
47.0
2.0
1.0
40.0
2.0
2.0
649.0
173.0
4.0
11.0
3.0
472.0
1.0
1100.0
444.0
9.0
229.0
4.0
1.0
3.0
36.0
1043.0
50.0
19.0
35485.0
376.0
1.0
3.0
1.0
2.0
529.0
10.0
1.0
412.0
106.0
5.0
1.0
2.0
64.0
1.0
310.0
1709.0
1.0
16.0
10.0
65.0
591.0
1.0
4.0
3.0
1421.0
9.0
2.0
4.0
3.0
1.0
14.0
3.0
1.0
178.0
1.0
1.0
10.0
1.0
1.0
1.0
1.0
3.0
46.0
11.0
33.0
31.0
1.0
1211.0
5.0
2.0
1.0
1.0
13.0
18.0
19.0
6.0
3.0
2.0
383.0
1.0
3.0
86.0
2.0
3.0
1.0
172.0
1.0
1.0
2.0
8.0
3.0
23.0
6.0
1.0
3.0
107.0
9.0
3.0
1.0
1.0
1.0
3.0
2.0
4.0
1.0
3.0
1.0
10.0
2370.0
1.0
3.0
592.0
3.0
4.0
55.0
1.0
7.0
1.0
2.0
3.0
1.0
2.0
235.0
3.0
323.0
3.0
4.0
5.0
1.0
178.0
5.0
1.0
3.0
71.0
3.0
3.0
2.0
1.0
2.0
3.0
1.0
3.0
1.0
288.0
2.0
2.0
3.0
1.0
14.0
7.0
3.0
2.0
3.0
2.0
9.0
1.0
13.0
28.0
3.0
1.0
2.0
20.0
2.0
2.0
4.0
966.0
4.0
3.0
3.0
1459.0
507.0
3.0
2.0
86.0
31.0
3.0
34.0
3.0
1.0
7.0
2.0
9.0
13.0
4.0
8.0
1.0
764.0
3.0
2.0
3.0
34.0
1.0
3.0
3.0
1.0
5.0
3.0
1.0
2.0
3.0
1.0
3.0
60.0
1.0
3.0
1.0
1.0
2657.0
1.0
1.0
3.0
1.0
2.0
53.0
3.0
1.0
1.0
24.0
6.0
1.0
351.0
9.0
32.0
3.0
615.0
1.0
1.0
1.0
699.0
1.0
3.0
205.0
311.0
1.0
2.0
1.0
246.0
2.0
1.0
10.0
12.0
130.0
1.0
3.0
169.0
9.0
13.0
24.0
3.0
338.0
3.0
2.0
34.0
1.0
1.0
6.0
27.0
5.0
15.0
3.0
2.0
1.0
1.0
2.0
270.0
1.0
1.0
4.0
2.0
1.0
3.0
8.0
2.0
1.0
3.0
3.0
288.0
3.0
402.0
656.0
3.0
6.0
3.0
1.0
1.0
6.0
3.0
1.0
1626.0
876.0
7.0
2.0
1.0
19.0
1.0
102.0
2.0
2.0
4.0
864.0
3.0
3.0
4.0
6.0
132.0
1.0
1.0
105.0
9.0
1.0
2.0
7.0
182.0
92.0
3.0
1.0
1291.0
2.0
3.0
7.0
1.0
4899.0
657.0
1.0
1036.0
4.0
8.0
3.0
31.0
1.0
1.0
2.0
1.0
3.0
27.0
19.0
19.0
9.0
5884.0
2.0
2.0
249.0
1541.0
2.0
697.0
1.0
1.0
5.0
2.0
1.0
1.0
1883.0
3.0
2.0
2.0
17.0
32.0
9.0
1.0
3.0
3.0
1018.0
2.0
50.0
146.0
3.0
6.0
32.0
1.0
3.0
1.0
37.0
3.0
6.0
221.0
243.0
7.0
98.0
20.0
133.0
1.0
72.0
7.0
7.0
3.0
1726.0
274.0
1101.0
3.0
1.0
99.0
3.0
3.0
20.0
17.0
1.0
3.0
2.0
2.0
215.0
8.0
1.0
61.0
76.0
5.0
494.0
1.0
3.0
30.0
13.0
1.0
1.0
3.0
1.0
3.0
69.0
1.0
64.0
23.0
3.0
716.0
38.0
23.0
1.0
386.0
9.0
17.0
1.0
1269.0
1.0
1.0
2.0
2749.0
24.0
1.0
1.0
1.0
2302.0
50.0
78.0
102.0
3.0
97.0
4726.0
15.0
1.0
351.0
168.0
17.0
9824.0
1.0
3.0
1.0
8.0
139.0
24.0
2.0
1.0
69.0
887.0
12.0
3.0
993.0
1.0
347.0
560.0
24.0
99.0
1.0
3.0
3.0
1.0
25.0
1.0
19.0
398.0
2.0
2.0
3.0
40.0
3.0
2.0
30.0
13.0
1.0
3.0
3.0
3.0
18.0
24.0
288.0
3.0
1.0
14189.0
1.0
3.0
320.0
4.0
1.0
1.0
2.0
1.0
5.0
1.0
30.0
160.0
13.0
173.0
16.0
281.0
15.0
3.0
9.0
1.0
65.0
6.0
587.0
9.0
1.0
1.0
2.0
18.0
4.0
1.0
2.0
19.0
2.0
5.0
1.0
1.0
3.0
3.0
1.0
6.0
1142.0
132.0
29.0
1.0
62.0
166.0
3.0
1403.0
41.0
2.0
4.0
48.0
1.0
145.0
7.0
1.0
1.0
573.0
3083.0
4.0
3.0
144.0
1.0
7.0
23.0
13.0
10.0
1.0
1.0
1305.0
2.0
319.0
360.0
29.0
1.0
1.0
3.0
1.0
8.0
11.0
2752.0
1586.0
1.0
267.0
232.0
1.0
90.0
12.0
2.0
1.0
1.0
1.0
6.0
20.0
134.0
1.0
2.0
8.0
5.0
1.0
24.0
69.0
17.0
3.0
1.0
7459.0
3.0
702.0
13.0
3.0
24.0
236.0
1.0
1.0
4.0
8.0
1.0
3.0
23.0
1.0
3.0
1.0
1.0
1.0
1.0
3.0
9.0
3.0
1063.0
8.0
14.0
6.0
93.0
1.0
1.0
8.0
3.0
1.0
56.0
3.0
1.0
596.0
1.0
44.0
1.0
4.0
1.0
941.0
3.0
1.0
4.0
3.0
3.0
2.0
20.0
26.0
39.0
6.0
1.0
1.0
1293.0
2.0
109.0
172.0
2.0
313.0
6.0
3.0
1.0
320.0
144.0
3.0
151.0
1.0
2.0
2.0
1.0
7.0
3.0
18.0
36.0
4.0
312.0
2562.0
1.0
1.0
8.0
1.0
277.0
32.0
6.0
4.0
144.0
37.0
1.0
3.0
1.0
2.0
2.0
4.0
260.0
4.0
74.0
3.0
3.0
86.0
26.0
1.0
3.0
101.0
1.0
9.0
1.0
1466.0
106.0
1.0
1.0
3.0
9.0
1.0
10.0
10.0
1.0
1.0
1.0
1.0
1.0
433.0
27.0
2.0
7.0
7.0
1452.0
10.0
9.0
1.0
3.0
3.0
4.0
1846.0
19.0
3.0
11.0
27.0
20.0
3.0
4966.0
1.0
2433.0
1.0
1.0
1345.0
4.0
1.0
7.0
36.0
1.0
1.0
14.0
3.0
9.0
10.0
24.0
8.0
1.0
41.0
24.0
1.0
7.0
3.0
1.0
3.0
164.0
213.0
2.0
11.0
73.0
1.0
1.0
3.0
351.0
3.0
1.0
6.0
1.0
1.0
24.0
4.0
2.0
1.0
91.0
1.0
1.0
5210.0
2.0
9.0
232.0
18.0
24.0
27.0
1.0
1.0
1.0
644.0
2.0
1.0
3.0
4.0
2.0
1.0
1.0
2.0
6.0
4.0
3.0
1.0
2.0
235.0
1.0
27.0
2.0
78.0
14.0
234.0
110.0
1.0
19.0
948.0
9.0
3.0
150.0
1.0
2.0
667.0
1.0
3.0
1.0
1.0
25.0
2.0
1.0
3.0
3.0
9.0
1.0
2.0
779.0
1.0
3.0
63.0
1.0
2.0
2.0
3.0
9.0
8.0
2.0
343.0
1069.0
132.0
1.0
2.0
2.0
3.0
9.0
37.0
3.0
2.0
114.0
1.0
4.0
6.0
1.0
685.0
1.0
7.0
1.0
1.0
1.0
1.0
3.0
3.0
2.0
1.0
3.0
2.0
2.0
3.0
1.0
3.0
152.0
175.0
1.0
245.0
5.0
1.0
1.0
3.0
23.0
2.0
34.0
1.0
3.0
3.0
3.0
189.0
1.0
4.0
4.0
18.0
2.0
1.0
9.0
2.0
3.0
2.0
3.0
464.0
3.0
2.0
10.0
33.0
1.0
641.0
133.0
313.0
1.0
3.0
1.0
1.0
1.0
3.0
24.0
296.0
1.0
66.0
2.0
55.0
1.0
68.0
1.0
3.0
1.0
1310.0
503.0
1.0
3.0
3.0
4.0
2.0
3.0
3.0
129.0
1.0
2793.0
36.0
27.0
18.0
4.0
1.0
3.0
1.0
9.0
1.0
10.0
3.0
72.0
2.0
1.0
3.0
7.0
1.0
48.0
1.0
45.0
5.0
3.0
2.0
37.0
6.0
8.0
69.0
2.0
9.0
2.0
1869.0
1.0
112.0
1.0
2.0
1.0
3.0
4.0
3.0
1.0
3.0
2.0
2.0
1.0
9.0
1.0
10.0
3.0
1.0
2.0
50.0
6.0
4.0
292.0
4.0
333.0
69.0
118.0
3.0
1.0
1.0
356.0
1.0
15.0
17.0
5.0
39.0
3.0
68.0
1.0
1.0
3.0
1.0
121.0
1.0
822.0
17.0
3.0
5.0
217.0
3.0
63.0
1.0
1.0
6.0
3.0
79.0
1.0
1.0
88.0
18.0
3.0
3.0
3.0
1.0
6.0
1.0
1.0
33.0
3.0
1.0
17.0
1078.0
2.0
10.0
3.0
57.0
2.0
1159.0
45.0
2.0
2.0
52.0
1.0
1.0
1.0
126.0
14.0
3.0
17.0
5.0
2.0
1.0
99.0
3.0
3.0
8.0
9.0
158.0
1.0
129.0
4.0
205.0
2.0
6.0
33.0
206.0
1.0
1.0
3.0
1.0
1.0
2.0
1506.0
8.0
1.0
3.0
14189.0
1.0
3.0
1.0
2.0
4.0
13.0
2.0
55.0
1.0
50.0
10.0
977.0
3.0
3.0
9.0
5.0
13.0
282.0
1.0
1.0
3.0
1.0
15.0
1091.0
3.0
27.0
3.0
6.0
26.0
2.0
3.0
1.0
1.0
9.0
2.0
5.0
6.0
20.0
3.0
3.0
8.0
5.0
2.0
14.0
1.0
3.0
3.0
1.0
93.0
2.0
1.0
3.0
1.0
9.0
1.0
19.0
450.0
28.0
9.0
3.0
1.0
1.0
8.0
1.0
57.0
282.0
5.0
154.0
2.0
1097.0
1.0
1.0
3.0
1.0
242.0
2.0
1.0
1.0
7.0
3.0
10.0
36.0
18.0
148.0
4.0
3.0
1.0
13.0
1.0
2.0
1.0
9.0
232.0
1.0
105.0
12.0
1.0
4.0
62.0
1.0
1.0
1.0
33.0
2.0
20.0
1.0
135.0
349.0
2.0
1.0
8.0
1.0
4.0
6.0
1.0
1052.0
259.0
45.0
12.0
23.0
19.0
1.0
3.0
1.0
3.0
14.0
12.0
4.0
15.0
2.0
122.0
8.0
3.0
3.0
3.0
2.0
66.0
1.0
1.0
11.0
2.0
7.0
7.0
5.0
1.0
381.0
1.0
145.0
151.0
1.0
3.0
3.0
41.0
429.0
197.0
1.0
4847.0
524.0
74.0
1157.0
1.0
1.0
2.0
247.0
2.0
24.0
1.0
4.0
1.0
1.0
13136.0
3.0
1.0
2.0
1.0
282.0
3.0
10.0
3.0
1.0
3.0
2.0
1.0
2.0
24.0
2.0
6.0
1.0
2.0
13.0
1.0
290.0
1.0
2.0
1.0
2.0
1.0
4.0
502.0
1.0
97.0
14.0
2396.0
3.0
100.0
9.0
65.0
13.0
19.0
1.0
9.0
3.0
1.0
2.0
5.0
1.0
1.0
1.0
3.0
13.0
246.0
15.0
33.0
1.0
1.0
4.0
7.0
41.0
6.0
58.0
9.0
1.0
2.0
1.0
2.0
3.0
2.0
1.0
3.0
3.0
3.0
3.0
22.0
75.0
1018.0
1.0
3.0
150.0
1.0
7.0
4.0
2.0
16.0
296.0
1.0
42.0
1894.0
8.0
3.0
3.0
4.0
6.0
1.0
22.0
3.0
1.0
3.0
3.0
2.0
1.0
2.0
2.0
3.0
1.0
285.0
5.0
421.0
33.0
17.0
1309.0
496.0
50.0
23.0
1.0
197.0
3.0
105.0
2.0
5.0
81.0
20.0
2.0
29.0
1.0
6.0
291.0
524.0
34.0
3.0
1.0
20.0
1.0
3.0
1.0
278.0
72.0
40.0
1.0
7.0
3.0
1.0
195.0
2.0
22.0
52.0
1.0
3.0
1956.0
1.0
1.0
1.0
1.0
1.0
2.0
1.0
4.0
282.0
172.0
2.0
3.0
39.0
10.0
77.0
5.0
1256.0
3.0
2.0
110.0
177.0
2.0
15.0
105.0
14.0
90.0
159.0
102.0
1753.0
1.0
3.0
21.0
171.0
1.0
3.0
1.0
3.0
9.0
12.0
207.0
34.0
62.0
29.0
1.0
3.0
1.0
3.0
2.0
1.0
12.0
1.0
1.0
3387.0
2.0
3.0
1.0
7.0
3.0
3.0
1.0
57.0
1.0
288.0
1.0
2.0
1501.0
26.0
342.0
1609.0
8.0
2.0
1.0
25.0
1.0
9.0
1721.0
6.0
26.0
1.0
432.0
635.0
1.0
2.0
10.0
1.0
1.0
1.0
24.0
1.0
5.0
19.0
9.0
2.0
4.0
67.0
5.0
355.0
3.0
1.0
1.0
6572.0
167.0
37.0
3.0
1018.0
15.0
97.0
576.0
1.0
3.0
6.0
17.0
2.0
3.0
2529.0
7609.0
19.0
2.0
4.0
1.0
20.0
2.0
3.0
896.0
14.0
2.0
2.0
1130.0
3.0
1.0
1253.0
1.0
35.0
1.0
1.0
3.0
596.0
446.0
1.0
52.0
1.0
4.0
562.0
1.0
1.0
2.0
5.0
5.0
548.0
1.0
10.0
8.0
9.0
1.0
4.0
78.0
33.0
4.0
848.0
3.0
1.0
17.0
4.0
1.0
2.0
7.0
5.0
444.0
21.0
3.0
203.0
7.0
53.0
3495.0
25.0
21.0
1.0
1.0
16.0
5.0
7.0
3.0
24.0
268.0
8.0
236.0
236.0
1.0
1639.0
4.0
1.0
6.0
7.0
1144.0
31.0
14.0
1.0
6.0
282.0
442.0
13.0
276.0
12.0
3.0
1.0
85.0
3.0
1.0
1.0
87.0
2.0
4.0
1.0
5.0
7.0
795.0
3840.0
1.0
1246.0
3.0
151.0
3.0
2.0
351.0
152.0
20.0
60.0
1.0
1.0
1.0
4.0
1.0
1.0
1.0
147.0
17.0
2.0
1.0
2.0
2.0
881.0
1.0
2.0
1.0
3.0
7.0
4.0
26.0
4.0
351.0
3.0
3.0
4.0
8.0
154.0
3.0
11.0
2.0
1.0
3.0
19.0
662.0
3.0
110.0
1.0
160.0
1036.0
11.0
1.0
3.0
3.0
14.0
14.0
107.0
1.0
103.0
54.0
5822.0
4.0
1.0
60.0
1.0
2.0
8.0
69.0
1432.0
1748.0
2.0
13.0
2.0
2.0
1.0
779.0
9.0
811.0
1.0
28.0
4.0
400.0
3.0
3.0
3.0
2.0
190.0
1.0
2173.0
1.0
49.0
1.0
9.0
57.0
2.0
3.0
112.0
10.0
467.0
3.0
3.0
3.0
33.0
3.0
4.0
11.0
1.0
1.0
3.0
76.0
963.0
8.0
1.0
1570.0
3.0
27.0
3.0
24.0
2.0
1.0
1.0
2.0
1.0
1.0
3.0
3.0
1315.0
2.0
361.0
3.0
351.0
9.0
7.0
2.0
105.0
1.0
9.0
9.0
7.0
1.0
4.0
1.0
313.0
8.0
8.0
1.0
393.0
8.0
1.0
3.0
1.0
2905.0
1.0
1039.0
344.0
69.0
1.0
15.0
3.0
66.0
726.0
24.0
3.0
11.0
1.0
3.0
1.0
631.0
7.0
3.0
2.0
172.0
1.0
1.0
1.0
3623.0
1.0
3.0
3.0
4433.0
122.0
321.0
1259.0
1.0
3.0
19.0
2.0
1761.0
2.0
1.0
65.0
3.0
3.0
1.0
58.0
28.0
2.0
1414.0
1.0
4.0
40.0
1.0
3.0
463.0
12.0
540.0
7.0
72.0
2.0
3.0
1.0
18.0
9.0
246.0
1.0
1.0
7.0
1.0
1.0
2.0
3.0
6.0
1.0
3.0
2.0
574.0
458.0
3.0
56.0
7.0
3.0
1.0
27.0
3.0
1296.0
288.0
2.0
1.0
9.0
4.0
4.0
15.0
3.0
3.0
5.0
1.0
135.0
147.0
5.0
1.0
1.0
3.0
1.0
6.0
3.0
29.0
1106.0
87.0
3.0
40.0
36.0
1.0
12.0
38.0
79.0
14.0
44.0
1018.0
1.0
24.0
194.0
51.0
779.0
34.0
1862.0
3.0
255.0
18.0
1.0
9.0
6.0
9.0
1.0
362.0
1.0
9.0
1.0
9.0
8.0
1.0
1.0
4.0
3.0
2.0
19.0
286.0
3.0
6716.0
1.0
1.0
1.0
3.0
24.0
356.0
1.0
1.0
1.0
696.0
1.0
3.0
3.0
1.0
2.0
1.0
1.0
10.0
45.0
24.0
1.0
399.0
3.0
1.0
1.0
11.0
65.0
1620.0
1.0
3.0
2.0
2.0
289.0
42.0
3.0
52.0
12.0
1.0
3.0
1.0
3.0
2.0
947.0
4.0
3.0
2.0
2.0
3.0
3.0
1.0
1.0
1.0
1.0
7.0
7.0
351.0
1.0
1.0
35.0
20.0
15.0
1.0
1.0
1651.0
28.0
46.0
7.0
19.0
1.0
1.0
1.0
1.0
58.0
6.0
3.0
1.0
1.0
25.0
43.0
2.0
6.0
1.0
1.0
3.0
2.0
3.0
1.0
129.0
9.0
1.0
421.0
7.0
6.0
164.0
3.0
2312.0
3.0
71.0
9.0
71.0
8.0
8.0
3.0
1.0
122.0
676.0
3.0
3.0
1.0
155.0
3.0
2.0
3.0
6.0
9.0
5.0
1113.0
1.0
1.0
1.0
33.0
11.0
3.0
1.0
4286.0
3.0
1.0
3.0
3.0
1.0
22.0
296.0
7.0
5.0
1.0
24.0
1.0
9.0
10.0
120.0
9.0
540.0
44.0
1.0
21.0
51.0
1.0
38.0
3.0
31.0
14.0
24.0
1.0
557.0
3.0
2.0
1.0
165.0
459.0
1.0
3.0
2.0
24.0
1.0
17.0
12.0
8.0
312.0
18.0
16.0
977.0
1.0
4.0
3.0
25.0
3.0
9.0
2.0
12.0
4.0
3.0
24.0
1.0
2571.0
706.0
55.0
1.0
2.0
3.0
1.0
2914.0
1.0
1.0
3.0
1.0
3.0
243.0
1.0
1.0
2.0
1.0
2.0
19.0
1.0
15.0
508.0
95.0
1.0
1.0
244.0
4.0
2.0
1.0
1.0
58.0
1.0
3.0
5.0
9.0
1.0
3.0
576.0
64.0
45.0
1.0
3.0
5196.0
7.0
23.0
2.0
1.0
2.0
310.0
20.0
7.0
1.0
304.0
9.0
1.0
6.0
4.0
3.0
3.0
19.0
1.0
6.0
2.0
23.0
48.0
51.0
7.0
109.0
1.0
848.0
1.0
2.0
282.0
298.0
1.0
20.0
31.0
31.0
198.0
9.0
3.0
1.0
24.0
1.0
7.0
1908.0
1.0
3120.0
4.0
1.0
4.0
119.0
3545.0
6.0
1.0
1.0
1.0
19.0
2.0
591.0
421.0
6.0
1.0
7.0
1681.0
28.0
1.0
2.0
3.0
2.0
49.0
29.0
1311.0
14.0
2.0
6.0
102.0
14.0
2.0
3.0
12.0
1.0
65.0
1265.0
1.0
1.0
3.0
1.0
435.0
1.0
1.0
8.0
88.0
1.0
2.0
3.0
146.0
4.0
15.0
1.0
3.0
6.0
521.0
3.0
9.0
2.0
3.0
48.0
4.0
5.0
1.0
5.0
26.0
6.0
1.0
1.0
1.0
3.0
3634.0
130.0
301.0
1.0
74.0
17.0
201.0
1.0
13.0
14.0
13.0
1.0
3.0
91.0
3.0
145.0
1254.0
1.0
1.0
4.0
1.0
1251.0
1.0
1.0
164.0
129.0
1249.0
1.0
74.0
3.0
3.0
1.0
5.0
3.0
40.0
3.0
25.0
333.0
170.0
142.0
382.0
4.0
1.0
4.0
4.0
13.0
1.0
2.0
3.0
2.0
51.0
3.0
3232.0
1.0
9.0
199.0
1.0
3.0
3.0
1.0
152.0
6.0
65.0
6.0
133.0
2205.0
6.0
371.0
1.0
2.0
3.0
17.0
1.0
1.0
23.0
55.0
4.0
3.0
40.0
8.0
5.0
3.0
1.0
1.0
157.0
1.0
232.0
3.0
3259.0
2.0
3.0
5.0
1.0
145.0
3.0
1.0
4.0
3.0
3.0
34.0
8.0
2.0
1.0
14.0
125.0
1.0
63.0
643.0
4918.0
1.0
1.0
1.0
5.0
1.0
4.0
1.0
2.0
1.0
2.0
8.0
1.0
107.0
3.0
1.0
3.0
960.0
1.0
3.0
92.0
10.0
8.0
227.0
1.0
780.0
93.0
3.0
1.0
2.0
1.0
135.0
3.0
1.0
1.0
3.0
3.0
1.0
1.0
9.0
4.0
47.0
21.0
2.0
3.0
1.0
140.0
80.0
10.0
67.0
12.0
3.0
3.0
1.0
11.0
249.0
350.0
3.0
12.0
5.0
1.0
3.0
137.0
1.0
25.0
7.0
4.0
18.0
24.0
1.0
19.0
1.0
3.0
9.0
2.0
1.0
1.0
3.0
1.0
8.0
2.0
14.0
1.0
1.0
3.0
14189.0
2.0
149.0
1.0
3.0
5.0
2.0
9.0
2117.0
338.0
44.0
1010.0
1.0
16.0
24.0
15.0
8.0
1.0
3.0
1.0
17.0
239.0
3.0
30.0
2.0
1.0
957.0
5.0
9.0
23.0
972.0
2.0
1.0
15.0
2.0
6.0
8.0
3.0
4.0
134.0
1.0
72.0
40.0
6.0
1.0
12.0
96.0
3.0
1.0
440.0
18.0
15.0
522.0
3.0
1.0
203.0
1.0
2.0
28.0
19.0
32.0
1.0
34.0
5.0
2310.0
88.0
1.0
2.0
5.0
1.0
26.0
7.0
1.0
1.0
238.0
4.0
7.0
100.0
49.0
3.0
1.0
2.0
1.0
65.0
1.0
34.0
863.0
4.0
1.0
1.0
20.0
8.0
18.0
3.0
1.0
1.0
1.0
3.0
5.0
2.0
1.0
24.0
389.0
1.0
1.0
1.0
1628.0
1.0
1.0
10.0
14.0
5.0
1234.0
2.0
3.0
1.0
1.0
153.0
3.0
1.0
19.0
3.0
1.0
1.0
1.0
7.0
20.0
1.0
5.0
2.0
3.0
1.0
2.0
1.0
1.0
1.0
1.0
2.0
25.0
3.0
4.0
61.0
1.0
30.0
1.0
3.0
33.0
1.0
2.0
3.0
1.0
1.0
1091.0
3.0
29.0
3.0
5.0
10.0
1.0
1.0
190.0
16.0
2.0
4.0
1.0
4843.0
5.0
14.0
3.0
7.0
3.0
4.0
3.0
2.0
187.0
3.0
3786.0
24.0
1.0
3.0
21.0
10.0
4.0
1.0
1.0
15.0
3.0
5.0
3200.0
25.0
3.0
2.0
1.0
5.0
5.0
1.0
36.0
24.0
3.0
8.0
1.0
2.0
1.0
13.0
651.0
1.0
7.0
1.0
52.0
587.0
24.0
484.0
8.0
8.0
3.0
737.0
1.0
6706.0
16.0
1.0
1.0
5.0
7.0
1.0
34.0
4.0
3.0
3.0
1.0
3.0
1.0
5.0
252.0
910.0
961.0
1.0
1.0
1.0
238.0
39609.0
1.0
32.0
1.0
1.0
74.0
2.0
1.0
24.0
25.0
1264.0
8.0
6.0
3.0
1.0
1.0
1.0
1359.0
3.0
6566.0
13.0
3.0
535.0
1.0
3.0
2440.0
32.0
4.0
24.0
3.0
177.0
53.0
4.0
17.0
1.0
1.0
35.0
964.0
8.0
1.0
3.0
1.0
5.0
1.0
93.0
342.0
7.0
9.0
282.0
1.0
147.0
834.0
8.0
47.0
5.0
10.0
3.0
1.0
2.0
941.0
2.0
977.0
5.0
3.0
1.0
11.0
2.0
2.0
3.0
1.0
16.0
1.0
1384.0
444.0
2.0
12.0
2.0
286.0
23.0
1.0
114.0
61.0
1.0
5.0
1.0
2.0
3.0
3.0
3.0
62.0
1310.0
3.0
157.0
3112.0
3.0
3.0
82.0
2.0
1022.0
3.0
175.0
96.0
12.0
1.0
9.0
1.0
2.0
11.0
3.0
9.0
24.0
98.0
4.0
3.0
2.0
3.0
1.0
3834.0
16.0
1.0
40.0
1698.0
1.0
13.0
3.0
1.0
110.0
1334.0
3.0
3.0
2.0
7880.0
56.0
4.0
7.0
66.0
27.0
308.0
1.0
1.0
1.0
20.0
6.0
268.0
1.0
1.0
11.0
7.0
2.0
4.0
3.0
56.0
1.0
9.0
1.0
1.0
76.0
7.0
4.0
2.0
141.0
1.0
4.0
1.0
34.0
3.0
3.0
3.0
2.0
2.0
1432.0
4.0
12.0
1.0
3.0
2.0
1.0
6.0
1.0
2.0
351.0
1.0
2.0
1.0
4.0
893.0
1.0
3.0
10.0
3.0
946.0
3.0
41.0
1.0
1225.0
1.0
3.0
119.0
3.0
1.0
4.0
1.0
1.0
1.0
3.0
1.0
3.0
2.0
1.0
3.0
3.0
4.0
3.0
1.0
1.0
423.0
82.0
2.0
389.0
1.0
1.0
1.0
3.0
1.0
19.0
1.0
1.0
210.0
3.0
46.0
1.0
1.0
11.0
20000.0
1.0
1021.0
3.0
874.0
379.0
3.0
2.0
2.0
75.0
5.0
1.0
2.0
3.0
29.0
1.0
45.0
24.0
2.0
4.0
1.0
3.0
325.0
1.0
1.0
1.0
3.0
32.0
1.0
118.0
1.0
1.0
5.0
1.0
1.0
1.0
51.0
4.0
10.0
4.0
351.0
1.0
68.0
875.0
36.0
3.0
21.0
20.0
6.0
8.0
90.0
351.0
1.0
4.0
151.0
2015.0
16.0
178.0
20.0
1.0
489.0
1.0
2.0
37.0
1.0
2.0
1.0
915.0
612.0
29.0
4.0
3.0
968.0
2.0
977.0
4.0
256.0
282.0
1.0
3.0
1.0
8.0
3574.0
19.0
8.0
3.0
10.0
3.0
1.0
6.0
2.0
2.0
1.0
1.0
200.0
5.0
853.0
75.0
14.0
3.0
1.0
7.0
2.0
77.0
55.0
594.0
5.0
16.0
9.0
1.0
351.0
1.0
3.0
168.0
1.0
576.0
1.0
1.0
4.0
3.0
3.0
3.0
421.0
3.0
351.0
2.0
2.0
163.0
3.0
13.0
1.0
3.0
921.0
19.0
2.0
2384.0
3.0
3.0
3.0
2.0
1.0
4.0
3.0
282.0
2.0
2.0
41.0
1.0
36.0
361.0
464.0
1.0
3.0
1.0
30.0
64.0
912.0
2.0
923.0
3.0
2.0
1.0
1.0
4.0
12.0
3.0
3.0
325.0
3.0
1.0
1.0
3.0
580.0
28.0
908.0
2.0
2.0
38.0
804.0
1.0
9.0
2924.0
7.0
2.0
259.0
86.0
1.0
17.0
1.0
1.0
3.0
3.0
3.0
7.0
49.0
1.0
19.0
2.0
2.0
1.0
1.0
13637.0
190.0
2.0
1.0
563.0
1.0
8.0
2.0
79.0
32.0
1.0
10.0
39.0
7.0
1.0
4.0
132.0
720.0
88.0
1.0
2.0
1067.0
3.0
119.0
1063.0
3.0
67.0
2.0
1.0
1.0
3.0
171.0
177.0
3.0
3.0
2.0
1.0
1.0
1.0
6.0
24.0
1.0
44.0
3.0
185.0
17.0
1.0
114.0
63.0
13.0
43.0
79.0
1.0
217.0
11.0
779.0
4.0
9.0
2.0
1.0
95324.0
205.0
3.0
913.0
1.0
11.0
1.0
22.0
992.0
4.0
3.0
22.0
5584.0
1.0
3.0
3.0
1.0
1.0
934.0
72.0
1.0
1.0
274.0
2.0
3.0
25.0
2.0
1.0
824.0
1.0
1.0
4.0
1.0
1.0
874.0
1.0
1.0
6987.0
9.0
5.0
6075.0
3.0
84.0
2.0
1.0
1904.0
3.0
1.0
2.0
3.0
1.0
1.0
185.0
5.0
12.0
3.0
3.0
14.0
4.0
6.0
3.0
1.0
10.0
1.0
3.0
353.0
3106.0
56.0
1.0
8.0
687.0
15.0
84938.0
596.0
1.0
1.0
6.0
171.0
3.0
9.0
674.0
2.0
2.0
430.0
7.0
1.0
933.0
1.0
2.0
3.0
453.0
3.0
1411.0
1.0
42.0
22.0
3.0
1.0
1.0
28.0
14.0
6.0
1.0
2.0
61.0
42.0
22.0
1.0
3.0
10.0
51.0
23.0
1.0
375.0
1.0
32.0
3.0
3.0
2.0
1.0
4.0
70.0
31.0
125.0
1.0
1.0
2.0
72.0
7.0
4.0
1.0
2.0
1.0
1.0
3.0
1.0
2.0
2.0
1.0
1.0
1032.0
1815.0
3.0
1.0
30.0
28.0
2.0
9.0
4.0
3.0
472.0
63.0
1125.0
3.0
2.0
7.0
509.0
351.0
1.0
1.0
1.0
3.0
6.0
2.0
14.0
116.0
1.0
3.0
11.0
197.0
1.0
516.0
1.0
2.0
3.0
582.0
2.0
5.0
3.0
149.0
3.0
45.0
1.0
18.0
4.0
3.0
99.0
79.0
2.0
9.0
1.0
16.0
2.0
217.0
465.0
51.0
39.0
885.0
76.0
3.0
3.0
82.0
2.0
13.0
3.0
15.0
1.0
4.0
1.0
6.0
24.0
244.0
1.0
87.0
9.0
2.0
4279.0
41.0
1.0
3.0
4.0
30.0
3.0
1.0
460.0
1.0
17.0
17.0
2.0
1.0
1018.0
26.0
12.0
1.0
4.0
2.0
3.0
3.0
11.0
838.0
1.0
961.0
9.0
19.0
2.0
173.0
1.0
3.0
3.0
9.0
5.0
141.0
3.0
1096.0
1.0
176.0
3.0
2.0
65.0
2.0
6.0
2.0
3.0
19.0
2.0
3.0
5.0
44.0
3.0
17.0
2.0
19.0
14.0
389.0
455.0
3.0
10.0
1.0
3.0
400.0
10.0
1.0
426.0
5.0
5.0
1.0
7.0
1.0
5.0
29.0
1.0
14.0
1.0
3.0
117.0
1432.0
2.0
3.0
102.0
11.0
46.0
1.0
17.0
1.0
15.0
3.0
24.0
1.0
3.0
292.0
1.0
421.0
14.0
270.0
3.0
407.0
2.0
8.0
1.0
394.0
1490.0
3.0
3.0
6.0
1.0
4.0
9.0
2.0
30.0
2.0
3.0
50.0
1.0
2.0
11.0
3.0
2.0
1.0
389.0
1.0
3.0
22.0
5.0
1.0
3.0
141.0
1.0
1.0
2.0
959.0
33.0
1.0
3.0
723.0
1.0
1.0
1225.0
814.0
1.0
2.0
51.0
87.0
44.0
4.0
1.0
3.0
1.0
15.0
159.0
16.0
56.0
1041.0
3.0
2.0
4.0
3.0
1.0
67.0
19.0
1.0
2.0
7.0
13.0
1088.0
4.0
7.0
3.0
1.0
10.0
1.0
3.0
1.0
18.0
12.0
20.0
119.0
34.0
1.0
216.0
108.0
1.0
20.0
1.0
3.0
4.0
3.0
244.0
1.0
1.0
1.0
1.0
1.0
2.0
195.0
783.0
267.0
3.0
1.0
244.0
2.0
177.0
3.0
8.0
5281.0
15.0
9.0
548.0
1.0
1.0
79.0
181.0
3.0
3.0
18.0
1832.0
8.0
3.0
6.0
1.0
98.0
2805.0
1.0
2.0
9.0
3.0
4.0
1.0
1.0
886.0
1.0
1.0
351.0
71.0
279.0
2.0
309.0
81.0
15.0
18.0
1.0
41.0
1526.0
1.0
1.0
3.0
2.0
1.0
69.0
2.0
56.0
1402.0
512.0
8.0
6.0
3.0
1.0
1.0
6.0
19.0
3.0
38.0
1.0
4.0
1.0
69.0
18.0
99.0
394.0
52.0
472.0
18.0
1.0
1.0
5.0
60.0
24.0
3.0
36.0
73.0
64.0
13.0
2.0
3.0
5.0
1.0
2.0
2659.0
88.0
1.0
1.0
50.0
5.0
22.0
323.0
2.0
1.0
4.0
649.0
1809.0
56.0
10.0
1.0
3.0
6.0
3.0
3.0
42.0
16.0
1.0
1.0
6.0
12.0
1.0
137.0
1671.0
3.0
3.0
1.0
22.0
445.0
2.0
4.0
19.0
8.0
1.0
1418.0
21.0
2.0
1.0
35.0
3.0
3.0
2.0
22.0
18.0
25.0
7.0
1.0
1.0
11.0
14.0
12.0
39.0
2.0
1.0
1167.0
10.0
1.0
5.0
22.0
62.0
5.0
3.0
427.0
5.0
1.0
1.0
54.0
16.0
3.0
3.0
34.0
21.0
1.0
98.0
5.0
40.0
1.0
58.0
1.0
4.0
3.0
172.0
19.0
171.0
1333.0
157.0
1.0
1.0
3.0
3.0
1.0
4.0
1.0
2.0
2472.0
2.0
1.0
4.0
1.0
49.0
1.0
15.0
18.0
1.0
173.0
23.0
32.0
2.0
1.0
3625.0
1017.0
61.0
159.0
635.0
1.0
14.0
8.0
12.0
3.0
4.0
40.0
3.0
17.0
114.0
8.0
312.0
27.0
1.0
3.0
5.0
372.0
6.0
1.0
24.0
4.0
6.0
1.0
5.0
1.0
1.0
1.0
2.0
561.0
19.0
9.0
6.0
587.0
678.0
1.0
2.0
3.0
1.0
421.0
17.0
1.0
1.0
964.0
39.0
1.0
13.0
5.0
7.0
177.0
16.0
2.0
2.0
66.0
1.0
1.0
152.0
10.0
16.0
26.0
1.0
3.0
4.0
3.0
8586.0
1.0
209.0
1.0
18.0
1.0
2.0
3.0
4.0
2.0
17.0
1.0
37.0
1.0
2.0
24.0
3.0
180.0
355.0
272.0
3.0
3.0
1.0
5.0
9.0
2.0
9.0
3.0
73.0
2.0
1.0
1.0
5028.0
10.0
1.0
1.0
4.0
6.0
1.0
1.0
2.0
9.0
2.0
1.0
3.0
1.0
1.0
3.0
15.0
34.0
11.0
9.0
3.0
14.0
1.0
961.0
3.0
7.0
10.0
2.0
60.0
3.0
38.0
1.0
474.0
338.0
1.0
6.0
159.0
8.0
1.0
6.0
37.0
4.0
1309.0
14.0
2.0
1.0
39.0
2.0
1.0
5.0
8.0
2.0
31.0
9.0
2.0
668.0
1.0
26.0
11.0
16.0
2.0
7.0
5.0
3.0
15.0
232.0
5.0
1.0
2.0
73.0
3.0
1.0
18.0
102.0
722.0
10.0
12.0
2.0
4.0
31.0
5.0
1.0
1.0
1.0
1.0
1.0
2.0
68.0
4.0
2.0
90.0
775.0
887.0
2.0
24.0
5.0
3.0
19.0
3.0
350.0
1.0
3.0
3.0
698.0
4.0
1.0
2.0
1.0
1.0
2.0
523.0
3.0
3.0
17.0
23.0
1.0
57.0
19.0
1.0
1.0
1.0
77.0
1.0
288.0
53.0
3.0
3.0
39.0
2.0
133.0
7.0
1.0
4.0
8.0
51.0
4.0
10.0
471.0
1.0
1.0
674.0
3.0
2.0
38.0
1.0
1.0
9.0
18.0
2.0
2.0
1.0
3.0
2.0
2.0
200.0
39.0
2.0
1.0
1036.0
104.0
4.0
1.0
1.0
1.0
1432.0
2807.0
1.0
73.0
83.0
232.0
98.0
1.0
3.0
2.0
2.0
59.0
9.0
102.0
3.0
9.0
1141.0
14385.0
816.0
120.0
2.0
2.0
8.0
3.0
1.0
152.0
258.0
1.0
1.0
7.0
4.0
1.0
4.0
1.0
3.0
2.0
5.0
1.0
2821.0
1.0
14.0
1.0
25.0
25.0
1.0
4.0
8.0
1.0
1.0
29.0
718.0
5.0
1598.0
3.0
46.0
1.0
35.0
35.0
5.0
784.0
7.0
1078.0
452.0
9.0
51.0
657.0
1.0
8.0
54.0
1634.0
1.0
51.0
2.0
1.0
3.0
1.0
1.0
3.0
3.0
6.0
52.0
3.0
1.0
15.0
28.0
170.0
1.0
6.0
290.0
7.0
383.0
44.0
3.0
3.0
7.0
13.0
4.0
1.0
266.0
1.0
99.0
3.0
33.0
3.0
38.0
61.0
1.0
3.0
292.0
3.0
3.0
19.0
2.0
14.0
228.0
74.0
1.0
40.0
7.0
7.0
1.0
1.0
1.0
2.0
24.0
1.0
2.0
2.0
177.0
4.0
2.0
27.0
1.0
7.0
1.0
946.0
389.0
1050.0
3.0
1.0
85.0
3.0
3.0
1.0
3.0
1.0
1.0
353.0
14.0
1.0
19.0
51.0
9.0
1417.0
1.0
10.0
1.0
18.0
1.0
3.0
348.0
4.0
3.0
294.0
13.0
42.0
1.0
1109.0
2.0
1.0
63.0
3.0
1.0
1.0
1.0
69.0
1.0
6.0
142.0
2.0
3.0
533.0
9.0
123.0
1.0
132.0
1.0
12.0
57.0
17.0
2.0
32.0
4.0
9739.0
885.0
34.0
3.0
5.0
162.0
3.0
1.0
4.0
2.0
17.0
27.0
2.0
13.0
1018.0
3.0
1.0
1.0
3.0
23.0
2.0
1.0
2.0
1.0
1.0
664.0
697.0
33.0
1.0
88.0
1.0
3.0
3.0
1.0
2.0
1.0
157.0
76.0
19.0
1.0
1.0
3.0
5.0
49.0
3.0
3.0
38.0
12.0
9.0
3.0
8.0
22.0
2.0
1082.0
625.0
4.0
3.0
6.0
19.0
6576.0
57.0
24.0
370.0
2.0
3.0
1078.0
1.0
131.0
1.0
3.0
4.0
246.0
1.0
4.0
3.0
16.0
9.0
2.0
1617.0
1064.0
1.0
1.0
1.0
4.0
1.0
1.0
3.0
3.0
3644.0
535.0
4.0
22.0
5.0
3.0
2.0
3033.0
1.0
15.0
13.0
3.0
2.0
65.0
2.0
3.0
1.0
185.0
12.0
1.0
9.0
3.0
571.0
1575.0
863.0
11.0
2.0
8.0
10.0
7.0
5.0
3.0
1.0
11.0
19.0
1.0
1.0
15.0
344.0
4.0
2.0
23.0
16.0
5940.0
119.0
9.0
24.0
1.0
19.0
3.0
1.0
1.0
3.0
1548.0
9.0
3.0
4.0
1.0
101.0
3.0
3.0
1.0
1.0
208.0
1882.0
1.0
1.0
3.0
91.0
4.0
7.0
1.0
8.0
2.0
90.0
1.0
27.0
9.0
640.0
3.0
1466.0
1.0
4.0
35.0
3.0
53.0
1783.0
11.0
1.0
3.0
1.0
1.0
2.0
30.0
1.0
2.0
3.0
3.0
1.0
1.0
3.0
98.0
4.0
3327.0
3.0
7.0
3.0
12.0
1.0
2.0
4.0
4.0
1.0
4.0
3.0
1.0
1.0
917.0
370.0
2.0
1.0
34.0
1.0
3.0
6.0
1026.0
3.0
2.0
1.0
3.0
1.0
1.0
8.0
2.0
56.0
779.0
8.0
3.0
3.0
23925.0
1.0
1.0
4.0
3.0
292.0
55.0
105.0
1.0
4.0
6.0
1.0
3.0
3.0
5.0
729.0
1.0
47.0
1.0
3.0
7.0
18.0
240.0
463.0
15.0
3.0
1.0
5.0
2.0
3.0
1.0
24.0
1.0
2.0
3.0
1621.0
19.0
1.0
6.0
24.0
3.0
3.0
6.0
71.0
1.0
43.0
5.0
38.0
2.0
3.0
1.0
32.0
1.0
728.0
3.0
3.0
3.0
1.0
8.0
47.0
3.0
2.0
2255.0
4.0
3.0
1.0
2.0
10.0
18.0
3.0
1.0
39.0
1.0
55.0
19.0
14.0
1.0
1.0
344.0
1.0
1525.0
335.0
102.0
8.0
1.0
3.0
10.0
4.0
3.0
1.0
1.0
1.0
45.0
3.0
1.0
82.0
1.0
7.0
6.0
9.0
2.0
1.0
1.0
451.0
166.0
8.0
1.0
69.0
926.0
20.0
2800.0
16.0
17.0
25.0
1.0
2.0
3.0
2.0
1428.0
596.0
2.0
3.0
3.0
34.0
114.0
2.0
1.0
9.0
3.0
1.0
3.0
13.0
3.0
1.0
3.0
1.0
20.0
9.0
1.0
19.0
3.0
3.0
23.0
1.0
1.0
1.0
2.0
670.0
1.0
1.0
47.0
1.0
67.0
3.0
79.0
30.0
8.0
1.0
1.0
1.0
24.0
91.0
1.0
1.0
4.0
5.0
4.0
3.0
1.0
1466.0
2.0
5.0
68.0
1.0
1.0
1.0
3.0
1.0
13.0
10.0
1.0
85.0
4.0
1.0
20.0
3.0
19.0
237.0
2.0
4.0
1.0
1.0
30.0
2.0
6.0
12.0
24.0
3.0
3.0
4.0
1.0
3.0
1.0
21.0
1.0
1.0
6.0
5.0
935.0
3.0
426.0
1.0
17.0
2.0
8.0
1.0
1.0
1.0
12.0
21.0
79.0
1.0
238.0
1.0
6.0
2.0
21.0
3.0
21.0
17.0
2.0
1.0
61.0
3.0
3.0
1.0
3.0
3.0
3.0
212.0
1.0
1.0
46.0
57.0
1.0
17.0
1.0
223.0
3.0
2916.0
22.0
4.0
4.0
1441.0
3.0
12.0
7225.0
1.0
1.0
42.0
2.0
8.0
596.0
2.0
66.0
9.0
3.0
1.0
10.0
24.0
36.0
368.0
1.0
49.0
6.0
2.0
2.0
4.0
26.0
1.0
3.0
3.0
3.0
3.0
1.0
3.0
1.0
6.0
588.0
65.0
1.0
7.0
1.0
9.0
1.0
31.0
2.0
5.0
3.0
3.0
37.0
4.0
6.0
24.0
24.0
1.0
804.0
20.0
2.0
1.0
3.0
15.0
5.0
6.0
93.0
1.0
1274.0
8.0
1.0
17.0
3.0
24.0
3.0
350.0
12.0
52.0
459.0
33.0
3.0
3.0
668.0
1.0
3.0
383.0
1.0
200.0
153.0
17.0
2.0
2.0
2.0
16.0
26.0
3.0
1.0
7.0
611.0
1.0
3.0
14189.0
1.0
16.0
108.0
18.0
1.0
4.0
56.0
57.0
7.0
1.0
1.0
1.0
2.0
51.0
1.0
3.0
19.0
37.0
1.0
4.0
13.0
18.0
3.0
3.0
752.0
30.0
32.0
493.0
7.0
1.0
8.0
1.0
17.0
1.0
3.0
11.0
11.0
101.0
39.0
1.0
1.0
9.0
2.0
2.0
1.0
1.0
899.0
1.0
3.0
265.0
2.0
9.0
3.0
1.0
1.0
32.0
5.0
24.0
60.0
17.0
1.0
9.0
2306.0
1.0
21.0
333.0
4.0
1.0
24.0
26.0
2.0
614.0
3.0
2.0
14.0
33.0
7.0
3.0
3.0
13000.0
1.0
1.0
1.0
140.0
1.0
3.0
47.0
1.0
152.0
576.0
224.0
1.0
1.0
1.0
1.0
1.0
288.0
58.0
1.0
7.0
1.0
684.0
3.0
2.0
1.0
5.0
3.0
8.0
1.0
1.0
293.0
6.0
7.0
2.0
1.0
3.0
27.0
1.0
1018.0
392.0
3.0
3.0
5.0
10.0
3.0
431.0
1.0
1.0
132.0
3.0
2.0
1205.0
11.0
18.0
2.0
1.0
10.0
674.0
1.0
2.0
3.0
3.0
3.0
3.0
11.0
2.0
32.0
309.0
17.0
4.0
2.0
1.0
4.0
1.0
1453.0
58.0
24.0
92.0
8.0
487.0
6.0
2.0
4.0
16.0
8.0
3.0
1.0
7.0
3.0
4.0
68.0
55.0
552.0
2.0
32.0
9.0
39.0
5142.0
295.0
5.0
23.0
20.0
6.0
1.0
4.0
40.0
4.0
1.0
1.0
1.0
10.0
1.0
1.0
3.0
17.0
3.0
784.0
2.0
1.0
55.0
3.0
1.0
2.0
7.0
137.0
2.0
3.0
187.0
2.0
980.0
390.0
2.0
2.0
68.0
1.0
3.0
7.0
1.0
959.0
1.0
9.0
1.0
1.0
3.0
2.0
1.0
40.0
8.0
103.0
1.0
47.0
59.0
4813.0
7.0
1.0
3.0
56.0
9.0
164.0
33.0
3.0
40.0
3.0
2.0
48.0
4.0
3.0
37.0
65.0
1.0
3.0
16.0
3.0
1.0
911.0
24.0
793.0
3.0
1.0
1.0
2.0
1.0
49.0
2.0
1.0
883.0
1.0
1.0
1.0
6.0
4.0
153.0
3.0
58.0
3.0
1.0
149.0
73.0
116.0
1.0
1.0
47.0
2.0
7.0
1.0
5.0
69.0
5.0
1.0
6.0
4.0
10001.0
1.0
25.0
2.0
1.0
23.0
2307.0
1750.0
543.0
2.0
43.0
2.0
30.0
60.0
780.0
18.0
1.0
1.0
1.0
1.0
7.0
8.0
1.0
4.0
2.0
1.0
8.0
3.0
23.0
991.0
696.0
351.0
869.0
4.0
72.0
1.0
16.0
30.0
1.0
2.0
9.0
1.0
1.0
1.0
79.0
370.0
29.0
1.0
1.0
6.0
3.0
635.0
24.0
4.0
9.0
1.0
1.0
3.0
52.0
4.0
3.0
5358.0
5.0
472.0
3.0
19.0
1.0
1.0
1.0
1.0
3.0
8.0
17.0
4.0
2.0
12.0
5.0
3.0
3.0
3.0
1.0
1.0
5.0
2.0
2.0
1.0
4.0
3.0
572.0
2.0
1.0
10.0
1.0
3.0
2.0
5.0
4.0
3.0
25.0
2.0
143.0
99.0
1.0
24.0
11.0
174.0
5.0
941.0
1.0
323.0
4.0
9.0
2.0
13.0
3.0
1.0
6.0
5.0
20.0
9.0
2.0
4.0
18.0
3.0
42.0
5782.0
8.0
24.0
1.0
1.0
11.0
3.0
2.0
30.0
15.0
685.0
1.0
2.0
1.0
3.0
13.0
46.0
2.0
1.0
42.0
1935.0
45.0
3.0
63.0
1.0
1.0
1.0
674.0
4.0
1841.0
1.0
12.0
82.0
55.0
48.0
369.0
1.0
232.0
6.0
3.0
7.0
1.0
202.0
1.0
9.0
19.0
406.0
40.0
1.0
1.0
4.0
1.0
1.0
2.0
107.0
3.0
28.0
36.0
3.0
29.0
6.0
6.0
136.0
4.0
3.0
3.0
1536.0
117.0
194.0
1.0
1.0
1.0
3.0
2.0
15.0
1.0
3.0
1.0
2554.0
47.0
1763.0
3.0
1.0
18.0
1.0
381.0
500.0
1.0
1.0
3.0
3.0
6.0
14.0
111.0
1.0
4.0
1.0
1.0
3.0
668.0
1.0
130.0
1.0
4720.0
3.0
5.0
20.0
383.0
1.0
942.0
1.0
2.0
2.0
4.0
1.0
26.0
2.0
4.0
11.0
2.0
19.0
323.0
33.0
1754.0
254.0
1.0
2.0
14.0
75.0
1.0
149.0
2.0
4.0
380.0
4.0
114.0
3.0
8.0
946.0
37.0
1.0
292.0
1.0
1.0
8.0
8.0
12.0
108.0
40.0
2.0
75.0
4.0
1.0
3.0
720.0
10.0
126.0
1.0
1.0
1.0
1.0
3.0
47.0
1.0
125.0
1.0
1.0
123.0
3.0
3654.0
4.0
6.0
2176.0
3.0
9.0
145.0
18.0
101.0
1.0
1.0
58.0
83.0
4.0
305.0
3.0
1657.0
160.0
55.0
10.0
3.0
2.0
3.0
1.0
3.0
1.0
3.0
3.0
44.0
1.0
3.0
2.0
5.0
1.0
9.0
8.0
3.0
1.0
1.0
1.0
1.0
28.0
3.0
2.0
1.0
1.0
3.0
10.0
260.0
2.0
1.0
1.0
36.0
4.0
2217.0
2.0
9.0
1.0
41.0
3.0
3.0
1.0
1.0
1.0
2087.0
107.0
1.0
88.0
3.0
2.0
6.0
5.0
1.0
87.0
308.0
94.0
8.0
3.0
1.0
70.0
900.0
4.0
1.0
3.0
2.0
1.0
1.0
1.0
6.0
1.0
366.0
3.0
2237.0
5.0
5.0
2.0
7.0
3.0
4.0
3.0
3.0
2.0
1.0
1.0
1.0
164.0
21.0
5.0
1.0
239.0
6.0
4.0
16.0
1.0
1.0
2.0
6.0
72.0
1.0
25.0
876.0
1.0
3.0
2.0
2.0
1.0
4.0
9.0
4.0
3.0
10.0
1.0
5.0
72.0
20.0
8.0
1.0
1.0
2.0
36323.0
23.0
5.0
42.0
1.0
2.0
3.0
4004.0
1.0
1.0
3.0
7.0
117.0
6.0
17.0
1.0
19.0
32.0
214.0
5.0
4.0
2.0
2.0
3.0
11.0
1.0
1.0
1018.0
2.0
8.0
2.0
3.0
19.0
3.0
3.0
1.0
1506.0
1.0
1.0
3.0
3671.0
15.0
3.0
1.0
5.0
3.0
34.0
191.0
3.0
294.0
1.0
4.0
1.0
1.0
1.0
103.0
1.0
60.0
6.0
22.0
3.0
3.0
1137.0
1.0
1.0
2.0
9.0
82.0
2.0
4.0
2.0
19.0
24.0
3.0
397.0
404.0
17.0
14.0
21.0
6.0
308.0
17.0
34.0
3336.0
10.0
24.0
4.0
3.0
1.0
6.0
14.0
537.0
6.0
39.0
2939.0
4.0
262.0
46.0
4.0
7.0
301.0
318.0
7.0
9.0
3.0
3.0
1.0
149.0
1.0
1737.0
1.0
1.0
31.0
1877.0
1.0
1.0
82.0
301.0
45.0
2.0
522.0
1.0
3.0
4.0
2.0
3.0
3.0
5.0
4.0
1.0
8676.0
1.0
10.0
35.0
118.0
1.0
1.0
2.0
1.0
3.0
4.0
1.0
1.0
1.0
172.0
7.0
1.0
3.0
17.0
123.0
212.0
2.0
4.0
3.0
2.0
3.0
1.0
1.0
2.0
2.0
3.0
2.0
6.0
3.0
1.0
1.0
7.0
7.0
7.0
2408.0
34.0
1.0
7.0
2.0
19.0
1.0
5.0
21.0
1.0
1691.0
24.0
1704.0
3.0
584.0
19.0
9.0
1.0
1.0
9.0
6.0
1.0
1018.0
21.0
3.0
3.0
2613.0
1.0
370.0
518.0
10.0
3.0
4.0
8.0
1.0
37.0
12.0
1.0
1.0
7.0
406.0
163.0
1.0
2.0
7.0
36.0
1.0
1.0
1.0
30.0
233.0
1.0
1.0
2.0
1.0
23.0
3.0
19.0
35.0
2.0
1.0
2.0
3.0
4.0
9.0
1025.0
1.0
15.0
34.0
4.0
5.0
156.0
660.0
24.0
7.0
14.0
4.0
20.0
2.0
227.0
6.0
165.0
24.0
24.0
4.0
238.0
3.0
2.0
1.0
3.0
3.0
1.0
7.0
19.0
47.0
68.0
6.0
8.0
3.0
589.0
2.0
82.0
1.0
151.0
3.0
3409.0
946.0
2.0
1.0
1.0
604.0
4.0
1.0
3.0
2.0
3.0
1.0
23.0
1.0
757.0
3.0
1.0
35.0
16.0
2.0
9.0
1.0
274.0
96.0
580.0
27.0
638.0
1.0
650.0
2.0
3.0
9.0
2579.0
119.0
5.0
1.0
464.0
2.0
48.0
117.0
519.0
2.0
25.0
2311.0
2.0
2.0
3.0
2.0
1.0
17.0
2.0
1.0
1.0
113.0
1.0
1.0
1.0
10.0
8.0
5.0
3.0
4.0
110.0
1.0
42.0
2.0
594.0
135.0
3.0
1.0
1.0
1.0
2.0
2.0
6.0
2.0
20.0
5.0
1.0
23.0
3.0
9.0
7.0
733.0
3.0
85.0
6101.0
9.0
1.0
4.0
1.0
3.0
25.0
3.0
3.0
28.0
2.0
1.0
22.0
1.0
361.0
23.0
3.0
337.0
6.0
1573.0
5.0
101.0
431.0
1.0
3.0
14.0
24.0
3.0
2.0
1.0
22.0
14.0
2.0
246.0
4.0
3.0
1.0
35.0
1.0
17.0
1017.0
1.0
1.0
3.0
38.0
4.0
1.0
3.0
5.0
4.0
64.0
4.0
2.0
4.0
7.0
1.0
6.0
1.0
1088.0
2.0
6.0
1.0
793.0
37.0
79.0
2.0
18.0
3.0
1.0
25.0
3.0
235.0
1291.0
9.0
27.0
6.0
1729.0
3.0
137.0
3.0
4674.0
4.0
1.0
2.0
3.0
6850.0
1.0
27.0
12904.0
9.0
792.0
7.0
3.0
155.0
35.0
4.0
3.0
2.0
3.0
1.0
244.0
1.0
519.0
1.0
2134.0
14.0
67.0
2.0
33.0
576.0
6.0
1.0
2.0
78.0
1.0
3.0
1.0
1.0
11.0
2.0
13.0
85.0
5.0
2.0
20.0
21.0
1.0
8.0
2.0
63.0
30.0
664.0
4.0
3.0
10.0
2.0
110.0
1.0
14.0
2.0
1.0
693.0
7.0
17.0
2.0
1.0
1.0
6.0
13.0
16.0
3.0
2.0
3.0
3.0
1.0
1.0
1.0
18.0
305.0
5569.0
119.0
696.0
3.0
18.0
162.0
5.0
59.0
1.0
17.0
37.0
3.0
3015.0
2.0
977.0
33.0
1.0
3.0
6.0
12.0
8.0
3.0
20.0
2.0
3.0
1.0
2913.0
2.0
2.0
1.0
203.0
3.0
722.0
11.0
6.0
1.0
19.0
72.0
46.0
3.0
1.0
694.0
1.0
30.0
2.0
1.0
1759.0
147.0
1.0
4.0
7.0
1.0
1.0
121.0
11.0
16.0
84.0
1.0
1.0
15.0
144.0
67.0
1.0
59.0
1.0
14.0
313.0
5.0
1.0
1.0
21.0
60.0
18.0
14.0
3.0
1.0
8.0
5.0
1.0
1.0
3.0
60.0
1.0
3.0
2.0
232.0
1.0
1.0
3.0
1.0
1.0
1726.0
32.0
2.0
3.0
128.0
336.0
3.0
3.0
3.0
470.0
1.0
2.0
195.0
3.0
34.0
288.0
3.0
3.0
3.0
6.0
3.0
5.0
3.0
241.0
1.0
292.0
9.0
3.0
3.0
1.0
1.0
2.0
90.0
2.0
1.0
102.0
2.0
4.0
2.0
3.0
7.0
17.0
17.0
1.0
36.0
2.0
2.0
1.0
31.0
1.0
3.0
3.0
3.0
414.0
132.0
1.0
401.0
3.0
131.0
675.0
1.0
12.0
5.0
2.0
30.0
1.0
19.0
61.0
12.0
1391.0
19.0
6.0
8.0
1.0
596.0
1.0
350.0
242.0
16.0
10.0
260.0
4.0
3.0
1136.0
2.0
3.0
1.0
3.0
1.0
38.0
3.0
24.0
1.0
5146.0
1743.0
1.0
1.0
1.0
7.0
5.0
3.0
21.0
800.0
1.0
8.0
6.0
1.0
10.0
5191.0
2284.0
485.0
3.0
94.0
1210.0
1.0
2.0
1.0
4.0
5.0
16.0
3.0
23.0
2.0
9166.0
31.0
125.0
1072.0
674.0
1.0
9.0
6.0
672.0
48.0
1.0
22.0
1.0
3.0
1.0
3.0
3.0
2.0
264.0
1.0
3.0
52.0
1.0
6.0
3.0
8.0
1.0
21.0
17.0
3.0
464.0
2.0
3.0
510.0
1488.0
1.0
2.0
10769.0
600.0
351.0
1.0
940.0
14.0
2.0
3.0
27.0
19.0
181.0
3.0
1329.0
2.0
1.0
5.0
6.0
7.0
1.0
338.0
3.0
12.0
25.0
2.0
1.0
3.0
1147.0
1.0
8.0
1.0
2.0
8.0
1.0
7.0
2.0
7.0
7.0
1.0
89.0
167.0
165.0
1.0
3.0
1.0
1.0
2.0
2.0
1.0
1.0
1.0
17.0
2.0
3.0
14455.0
33.0
1.0
1246.0
76.0
6.0
74.0
3.0
9.0
3.0
55.0
56.0
1.0
1.0
1.0
114.0
24.0
55.0
4.0
2.0
3.0
9.0
3.0
787.0
3.0
24.0
3.0
9.0
30.0
2.0
6.0
1.0
118.0
1.0
1.0
3.0
6.0
1.0
11.0
5.0
1.0
948.0
22.0
1.0
1.0
3.0
1.0
1.0
1.0
3.0
281.0
1.0
1077.0
1.0
1.0
1.0
7.0
2.0
4.0
1.0
12.0
9.0
1.0
88.0
3.0
1.0
2.0
3.0
4.0
338.0
1359.0
1.0
14.0
30.0
3.0
2.0
10.0
20.0
1.0
3.0
4.0
72.0
7.0
10.0
123.0
1.0
1.0
3.0
3.0
1.0
169.0
1.0
2.0
3.0
3.0
4.0
2849.0
184.0
1.0
231.0
3.0
3.0
5.0
1.0
4323.0
5.0
3.0
1139.0
1.0
34.0
127.0
1.0
18.0
678.0
3.0
15.0
1.0
3267.0
4.0
6.0
4.0
2.0
2.0
1.0
1.0
1911.0
1.0
2.0
109.0
24.0
2.0
3.0
1.0
11.0
1.0
56.0
4.0
103.0
1662.0
3.0
40.0
1.0
7.0
1.0
34.0
2.0
938.0
1.0
2.0
136.0
472.0
1.0
2.0
7.0
36.0
1.0
1.0
575.0
861.0
366.0
1246.0
3.0
2852.0
2.0
2.0
1.0
41.0
3.0
2.0
12.0
3.0
3.0
1.0
16.0
1.0
10.0
32.0
282.0
3.0
2.0
3.0
40.0
72.0
101.0
1.0
3.0
3.0
2.0
1027.0
554.0
24.0
2.0
2.0
3.0
2.0
207.0
3.0
3.0
3.0
3.0
3.0
3.0
11212.0
2.0
1.0
2.0
3.0
159.0
2.0
1.0
2.0
65.0
75.0
2.0
1.0
3.0
370.0
3.0
11.0
5.0
2.0
1.0
16.0
54.0
3.0
779.0
14.0
1.0
1.0
56.0
3.0
1.0
2.0
8.0
292.0
23.0
3.0
302.0
91.0
1.0
332.0
1.0
3.0
991.0
3.0
1.0
28.0
1.0
85.0
49.0
1.0
1.0
1.0
5.0
1.0
10.0
3.0
34.0
1.0
93.0
3.0
14.0
1.0
282.0
1.0
1.0
3.0
3.0
3.0
1480.0
421.0
2.0
16.0
2.0
20.0
1.0
2.0
67.0
1.0
3.0
3.0
3.0
68.0
3.0
2.0
1.0
1.0
1763.0
126.0
375.0
203.0
1427.0
2.0
6.0
3.0
2.0
509.0
1.0
1.0
3.0
3.0
3.0
3.0
3.0
33.0
1.0
104.0
3.0
2.0
1.0
4.0
1.0
492.0
656.0
51.0
3.0
4.0
3.0
1.0
1.0
2.0
338.0
4.0
4.0
43.0
19.0
98.0
8.0
359.0
26.0
1.0
9.0
2.0
4.0
9.0
38.0
960.0
1.0
11.0
284.0
2.0
1.0
7.0
7.0
250.0
3.0
3.0
10.0
10.0
1.0
80.0
8.0
1.0
1.0
8.0
1.0
207.0
43.0
1.0
14.0
2.0
1.0
959.0
1.0
3.0
6.0
298.0
1.0
1.0
1.0
49.0
60.0
10.0
8.0
69.0
3.0
1.0
9.0
1235.0
3.0
808.0
4.0
1.0
454.0
8.0
1.0
3.0
163.0
152.0
43.0
34.0
1.0
5.0
28.0
32.0
231.0
2.0
1.0
2341.0
1.0
2.0
1.0
2.0
37.0
19.0
3.0
905.0
4.0
100.0
26.0
1.0
2.0
1.0
24.0
47.0
69.0
1.0
1.0
17.0
1.0
7.0
3.0
1.0
4.0
4.0
1.0
1.0
1.0
1.0
28017.0
2.0
2.0
727.0
3.0
17.0
202.0
1.0
19.0
1.0
24.0
233.0
3.0
24.0
4.0
545.0
8.0
1628.0
3.0
1.0
2.0
33.0
1.0
4.0
1.0
2.0
3.0
1.0
1.0
1.0
351.0
1.0
2.0
118.0
4.0
1.0
34.0
3.0
3.0
1.0
19.0
3.0
113.0
3.0
95.0
8.0
4.0
2.0
17.0
22.0
8.0
2478.0
1.0
291.0
676.0
1.0
548.0
2.0
2.0
3.0
11.0
3.0
9.0
8.0
16.0
2.0
6.0
19.0
42.0
17.0
6.0
2.0
3.0
240.0
4.0
2645.0
1.0
3.0
2.0
16.0
2.0
7.0
1.0
1.0
1.0
6598.0
1.0
2.0
1.0
11.0
3.0
1.0
9.0
3.0
2103.0
74.0
1.0
9.0
24.0
4.0
3.0
1.0
941.0
5.0
87.0
3.0
2.0
3.0
20.0
1.0
16.0
2.0
3.0
1.0
1.0
1.0
11.0
29.0
1.0
1.0
4.0
1.0
14.0
13.0
1.0
6.0
22.0
136.0
1.0
10.0
3.0
641.0
2.0
166.0
1.0
1.0
8.0
1.0
8.0
3.0
204.0
101.0
3.0
76.0
1.0
1.0
3.0
17.0
159.0
8.0
3.0
3.0
1.0
1.0
1.0
87.0
3.0
1.0
26.0
3.0
2.0
1.0
1.0
9.0
1.0
9.0
4.0
1384.0
14.0
21.0
3.0
1.0
3.0
3.0
446.0
14848.0
2.0
5.0
2040.0
48.0
5.0
7.0
7.0
1.0
1.0
438.0
16.0
3.0
871.0
2.0
4.0
1.0
5.0
890.0
3.0
1.0
1075.0
65.0
3.0
60.0
295.0
3.0
1.0
1.0
75.0
1.0
154.0
2.0
5.0
1.0
1283.0
6.0
1.0
5729.0
1.0
3010.0
2.0
1.0
3.0
1.0
2.0
82.0
4.0
1.0
5.0
1.0
4.0
4471.0
8.0
1.0
1.0
232.0
15.0
476.0
93.0
34.0
2.0
808.0
1.0
14.0
1.0
73.0
1.0
2.0
2.0
648.0
1.0
271.0
3.0
1.0
11868.0
1117.0
1.0
24.0
3.0
1.0
3.0
3.0
58.0
2.0
3.0
17.0
1.0
24299.0
5.0
3.0
20.0
24.0
1.0
34.0
134.0
3.0
13.0
2.0
3.0
5.0
16.0
4.0
17.0
16.0
1.0
3.0
6.0
72.0
4.0
14.0
1.0
9.0
1.0
46.0
1.0
7.0
6.0
2.0
1.0
3.0
34.0
1.0
45.0
13226.0
3.0
8.0
4.0
1.0
1.0
1.0
313.0
1.0
57.0
2.0
2.0
1.0
1.0
1.0
3.0
1.0
1.0
13.0
1.0
3.0
1.0
1.0
1.0
3.0
1.0
670.0
56.0
1.0
60.0
1.0
1.0
33.0
3.0
2.0
7.0
19.0
858.0
13.0
471.0
9.0
14189.0
322.0
562.0
13.0
1.0
638.0
4.0
4.0
3.0
1.0
3.0
1.0
2.0
6.0
1.0
440.0
11.0
3.0
2.0
3.0
1.0
3.0
803.0
6.0
24.0
47.0
37.0
101.0
10.0
1.0
395.0
1.0
4531.0
1.0
80.0
1.0
3.0
1.0
2.0
3.0
1.0
18.0
21.0
128.0
303.0
138.0
42.0
83.0
2.0
1.0
1.0
131.0
375.0
6.0
303.0
3.0
271.0
1.0
1.0
2.0
29.0
4.0
1.0
3.0
6.0
1.0
87.0
953.0
4.0
41.0
74.0
1.0
5.0
2.0
2.0
3.0
4.0
2.0
516.0
102.0
30.0
916.0
4.0
2.0
2.0
2.0
3.0
3.0
377.0
8.0
8.0
5.0
144.0
288.0
351.0
1.0
205.0
8.0
2.0
1.0
611.0
808.0
2.0
1.0
1.0
3.0
33.0
288.0
8.0
1.0
3.0
24.0
2085.0
24.0
15.0
2.0
16.0
2.0
2.0
42.0
3.0
1.0
3.0
1.0
10.0
2.0
7.0
6.0
2.0
1.0
179.0
8.0
249.0
2.0
3.0
1.0
887.0
1.0
35.0
2.0
1.0
638.0
3.0
21.0
4212.0
1.0
1.0
2.0
1.0
1.0
4.0
144.0
9.0
2.0
7.0
1.0
15.0
1.0
107.0
1.0
9.0
48.0
154.0
3.0
11.0
1.0
1.0
135.0
7.0
7.0
116.0
1.0
1.0
3.0
14.0
1.0
1.0
5.0
3.0
1.0
2.0
13.0
2.0
102.0
639.0
3.0
460.0
3.0
192.0
87.0
1.0
3.0
1.0
3.0
7.0
1.0
1.0
4.0
5.0
81.0
74.0
1.0
756.0
145.0
56.0
1.0
1.0
44.0
1.0
4.0
1.0
3.0
1.0
1.0
164.0
20993.0
3.0
697.0
6.0
55.0
3.0
4.0
3.0
1.0
3.0
3.0
392.0
3.0
965.0
3.0
9.0
1.0
4.0
466.0
1.0
1.0
2.0
60.0
6.0
1.0
1.0
596.0
522.0
4910.0
959.0
19.0
1.0
8.0
1.0
1.0
1.0
34.0
10.0
9.0
4.0
74.0
2.0
1.0
9.0
2.0
1.0
3106.0
9.0
4.0
1.0
17.0
3.0
41.0
1.0
1.0
4341.0
3.0
3.0
3.0
35.0
2.0
887.0
13.0
1.0
8.0
155.0
1.0
2.0
6.0
1.0
14.0
1.0
2.0
23.0
1.0
3.0
71.0
3.0
351.0
103.0
1.0
1.0
2.0
9.0
366.0
1.0
272.0
334.0
14.0
1225.0
9.0
1.0
1.0
3.0
232.0
4.0
1.0
2.0
5.0
11.0
1.0
30.0
1.0
14.0
1.0
85.0
13.0
30.0
15.0
1.0
279.0
3.0
3.0
2.0
4.0
1.0
1.0
2.0
1.0
1.0
8.0
3.0
361.0
1.0
2.0
2.0
8.0
1.0
102.0
1.0
15.0
101.0
76.0
23.0
69.0
1.0
64.0
21.0
1074.0
9.0
1.0
23.0
1.0
4.0
4.0
230.0
1.0
184.0
3.0
12.0
3.0
7.0
1.0
6.0
5.0
1.0
15.0
2.0
1.0
1.0
4.0
45.0
1.0
4.0
79.0
17.0
1.0
14.0
376.0
1.0
1360.0
3.0
9.0
115.0
22.0
2.0
1.0
2.0
11.0
1.0
8.0
1.0
2.0
1.0
2.0
1.0
2.0
8.0
3.0
16.0
7.0
46.0
351.0
7.0
111.0
2.0
1.0
5.0
23.0
3.0
4.0
73.0
26.0
3.0
2.0
3.0
4.0
18.0
34.0
1.0
1508.0
52.0
32.0
3.0
11.0
21.0
5.0
2.0
51.0
114.0
44.0
259.0
2.0
1470.0
1.0
546.0
1.0
4.0
5.0
1.0
5.0
3.0
2.0
1.0
17.0
9.0
2.0
823.0
3.0
4.0
1.0
446.0
5665.0
11.0
6.0
1.0
12.0
3.0
1.0
3.0
3.0
2.0
8.0
4.0
216.0
242.0
436.0
351.0
1.0
932.0
3.0
7.0
29.0
1.0
4.0
55.0
1.0
3.0
5.0
1.0
9.0
1.0
17.0
2.0
1.0
525.0
30.0
61.0
1.0
1.0
2.0
1.0
10.0
763.0
2.0
207.0
1.0
1.0
1.0
1428.0
1.0
2.0
4.0
7.0
17.0
178.0
200.0
4.0
662.0
2.0
6.0
4.0
3.0
7.0
3.0
14354.0
1.0
23.0
655.0
3.0
166.0
489.0
1.0
778.0
3.0
1.0
1.0
28.0
1.0
1.0
1.0
18.0
3.0
1.0
101.0
14.0
2.0
3.0
1.0
3.0
30.0
5.0
51.0
34.0
1.0
3.0
1.0
239.0
3.0
3.0
33.0
1.0
2.0
1.0
4.0
1.0
10.0
1.0
2.0
1.0
1.0
2986.0
1136.0
1.0
3.0
5.0
7.0
25.0
1420.0
1.0
3.0
14.0
1.0
1.0
8.0
8.0
1.0
41.0
2.0
102.0
45.0
3.0
22.0
14.0
1.0
59.0
33.0
102.0
31.0
4.0
7.0
1.0
1.0
1.0
34.0
1.0
2.0
1.0
14.0
2.0
1.0
9760.0
109.0
1.0
10.0
1.0
1051.0
3.0
2.0
6.0
14.0
38.0
78.0
1.0
177.0
282.0
3.0
3.0
4.0
1018.0
2.0
60.0
5.0
16.0
3.0
96.0
11.0
94.0
2.0
1.0
3.0
1.0
62.0
17.0
1.0
1.0
15.0
3.0
1552.0
1.0
2.0
1.0
1.0
10.0
25.0
2.0
3.0
18.0
92.0
4.0
1.0
7.0
5.0
200.0
3.0
3.0
2.0
1.0
55.0
3.0
4.0
13.0
492.0
1.0
232.0
1.0
22.0
2.0
1.0
3.0
1.0
3.0
1.0
71.0
1.0
2.0
3.0
3.0
66.0
3.0
10.0
1.0
20.0
1.0
1.0
106.0
8.0
6.0
30.0
1.0
848.0
2.0
3.0
1.0
7.0
1.0
298.0
99.0
1.0
1230.0
2.0
1.0
1.0
1.0
13.0
8.0
12.0
3.0
1.0
47.0
693.0
2.0
146.0
1.0
444.0
71.0
5.0
38.0
652.0
1.0
1.0
4.0
1.0
30.0
38.0
4.0
216.0
351.0
1.0
3.0
1.0
1.0
3.0
389.0
282.0
4.0
458.0
2.0
3.0
14.0
200.0
6.0
3.0
2.0
73.0
2.0
5.0
2.0
1.0
3.0
36.0
10.0
8.0
102.0
3.0
5.0
12.0
9.0
9.0
7.0
2.0
1.0
1.0
351.0
1.0
9.0
8.0
3.0
426.0
1.0
7.0
2.0
6.0
725.0
1.0
10.0
4.0
1.0
182.0
2.0
4.0
19.0
2.0
1.0
8.0
1.0
16.0
177.0
2.0
1.0
18.0
1.0
76.0
1.0
1.0
1.0
2.0
2.0
16.0
62.0
52.0
1.0
1.0
140.0
25.0
11.0
937.0
30.0
14.0
3.0
65.0
7.0
24.0
105.0
687.0
1.0
9.0
3.0
2.0
1.0
24299.0
2.0
3.0
1.0
2.0
22.0
2.0
19.0
3.0
3.0
28.0
3.0
3.0
4.0
6.0
10.0
4.0
1.0
3.0
1.0
1.0
48.0
1.0
2.0
4.0
5.0
1.0
2.0
3.0
292.0
323.0
2.0
3.0
16.0
3.0
1297.0
241.0
313.0
3.0
5.0
3.0
8.0
3.0
697.0
7.0
1.0
2.0
30.0
339.0
6101.0
2.0
1.0
1.0
1.0
3.0
2.0
44.0
5.0
3.0
3.0
1.0
43.0
1.0
1.0
920.0
1.0
5.0
4.0
1.0
23.0
3.0
3.0
36.0
3589.0
2421.0
3.0
2391.0
216.0
130.0
1.0
965.0
4.0
2.0
1.0
1.0
2.0
1091.0
1.0
12.0
67.0
1.0
3.0
2.0
1.0
22.0
3.0
1.0
6.0
1.0
1.0
5.0
1.0
4.0
1.0
2.0
1360.0
377.0
1.0
5.0
71.0
3.0
3.0
11.0
4.0
4722.0
215.0
17296.0
4.0
104.0
1.0
105.0
886.0
1.0
746.0
10.0
3.0
35.0
1.0
1.0
1033.0
3.0
1471.0
3.0
367.0
1734.0
1.0
12.0
8.0
23.0
2.0
3.0
1591.0
1.0
373.0
88.0
4.0
1.0
109.0
2.0
1.0
7.0
19.0
17.0
2.0
1.0
3.0
4.0
4.0
11.0
2.0
1.0
47.0
23.0
1.0
1.0
2.0
2.0
318.0
65.0
3.0
4.0
370.0
5.0
2.0
9.0
1883.0
1.0
1.0
12.0
31978.0
6.0
1.0
1.0
5.0
3.0
1.0
1.0
1.0
1.0
9.0
1.0
701.0
107.0
15.0
45.0
37.0
1.0
1.0
17.0
1.0
1.0
3.0
288.0
3.0
4.0
8.0
1.0
771.0
2.0
1.0
1.0
1.0
8.0
16.0
3.0
7.0
2.0
11.0
41.0
1.0
24.0
2.0
2.0
1.0
6.0
440.0
572.0
696.0
171.0
9.0
3.0
1.0
2.0
1.0
1.0
1.0
6.0
563.0
1546.0
18.0
1018.0
179099.0
1.0
4.0
1.0
1.0
65.0
1.0
16.0
2.0
3.0
2.0
3.0
157.0
1.0
3.0
2050.0
3395.0
1.0
120.0
1179.0
1.0
12.0
2.0
292.0
1.0
3.0
3.0
1.0
199.0
2.0
2.0
4.0
7013.0
1.0
2.0
6.0
62.0
18.0
4.0
1.0
3.0
56.0
1.0
1.0
4.0
209.0
17.0
1.0
1.0
11.0
1.0
3.0
1.0
3.0
12.0
1.0
86.0
1.0
2154.0
6.0
470.0
9.0
5.0
284.0
16.0
1.0
35.0
702.0
1.0
3.0
16.0
878.0
3.0
32.0
73.0
10.0
3.0
11.0
3.0
44.0
1.0
5.0
10.0
22.0
3.0
374.0
2.0
3.0
24.0
1.0
2.0
2.0
3.0
15.0
79.0
3.0
12.0
1.0
2.0
1.0
1.0
3.0
1.0
49.0
66101.0
3.0
7.0
3.0
5.0
6.0
1.0
2.0
1.0
12.0
7.0
19.0
1.0
1.0
1455.0
491.0
6.0
1007.0
138.0
2.0
3.0
2.0
3.0
12.0
357.0
93.0
7.0
8.0
2.0
3.0
42.0
2.0
2.0
166.0
4.0
23.0
996.0
16.0
585.0
2263.0
100.0
4.0
1.0
1.0
3.0
1015.0
90.0
12.0
14.0
4390.0
12.0
3.0
19.0
1.0
70.0
3.0
2.0
37.0
351.0
8.0
1.0
3.0
1.0
34.0
2.0
279.0
55.0
15.0
3.0
16.0
3.0
115.0
8.0
3.0
24.0
9.0
2.0
1.0
9.0
10.0
2.0
8.0
1.0
10.0
1384.0
22.0
475.0
22.0
13.0
1.0
94.0
13.0
1.0
103.0
5.0
1.0
24.0
1.0
209.0
1.0
1188.0
1.0
6.0
1332.0
1.0
3.0
8.0
1.0
1.0
2.0
1.0
1.0
2.0
1.0
3.0
43.0
132.0
835.0
2.0
1185.0
39.0
10.0
257.0
603.0
1.0
7.0
1.0
6.0
133.0
6.0
1.0
3.0
1.0
1.0
3.0
2.0
5.0
1.0
1.0
2.0
2.0
66.0
282.0
696.0
2.0
10.0
1.0
3.0
23.0
1.0
2.0
87.0
273.0
3.0
2.0
3608.0
3.0
1.0
2.0
1.0
1873.0
6.0
1.0
7.0
3.0
9.0
2.0
24.0
785.0
1.0
9.0
351.0
1.0
292.0
1.0
33.0
9.0
1.0
694.0
3.0
29.0
1.0
1.0
10.0
5.0
3.0
1.0
1.0
1891.0
4.0
2.0
1.0
2.0
33.0
4.0
818.0
2.0
3.0
6.0
468.0
32.0
3.0
10.0
1.0
1.0
1290.0
4.0
3.0
6.0
212.0
4435.0
1.0
3.0
3.0
25.0
116.0
19.0
4.0
3.0
3.0
2340.0
1.0
3.0
43.0
14.0
105.0
4.0
1.0
5.0
15.0
1.0
1.0
1.0
265.0
112.0
205.0
1018.0
126.0
6234.0
1.0
5.0
5.0
1.0
8.0
3.0
38.0
3.0
3.0
90.0
2.0
11.0
7.0
22.0
1.0
7.0
4.0
55.0
1.0
3.0
50.0
3.0
17.0
1.0
2.0
4.0
4.0
65.0
1518.0
351.0
19.0
10.0
3.0
1.0
3.0
2.0
474.0
2.0
17.0
14.0
4.0
1.0
62.0
1.0
4.0
2.0
32.0
1.0
1.0
1500.0
292.0
7.0
1.0
12.0
3.0
4439.0
5.0
194.0
3.0
1031.0
1035.0
5.0
26.0
4.0
3.0
1.0
5.0
2.0
1.0
2.0
2.0
21.0
1.0
596.0
8.0
3.0
1131.0
3.0
1.0
2.0
3.0
7.0
1.0
1.0
11.0
643.0
2.0
22.0
2.0
2.0
1.0
1.0
2.0
3.0
3.0
3.0
2.0
3.0
1.0
3.0
1.0
3.0
1.0
115.0
1069.0
3.0
3.0
4.0
2.0
3.0
3.0
60.0
4.0
685.0
4.0
1342.0
2.0
5.0
403.0
7419.0
3.0
26.0
927.0
2.0
3.0
69.0
45.0
2.0
2.0
15.0
30.0
3.0
121.0
282.0
17.0
8.0
1.0
1.0
32.0
2491.0
1.0
1703.0
1530.0
1.0
3.0
2616.0
1.0
2.0
42.0
9.0
87.0
1.0
295.0
1238.0
3.0
2.0
3.0
5.0
2.0
2.0
2.0
24.0
4.0
2.0
2.0
225.0
7.0
22.0
1.0
3.0
1.0
30.0
827.0
1.0
680.0
33.0
1.0
3.0
236.0
2.0
3.0
23104.0
3.0
4.0
512.0
24.0
28.0
1.0
3.0
3867.0
476.0
159.0
2.0
1.0
6.0
1.0
28.0
61.0
1706.0
2.0
756.0
1.0
2.0
3.0
8.0
3.0
3.0
5.0
6.0
904.0
1.0
1.0
4.0
3.0
3278.0
1.0
3.0
1.0
8.0
31.0
3.0
15.0
10001.0
1.0
3.0
2.0
1595.0
4.0
906.0
8.0
6998.0
3.0
4.0
31.0
2.0
20.0
3.0
438.0
3.0
3.0
19.0
41.0
1.0
1192.0
23.0
3.0
1.0
1.0
3.0
1514.0
2.0
19.0
5.0
20.0
17.0
5.0
1.0
4.0
252.0
1.0
1868.0
17.0
1.0
11.0
34.0
10.0
13.0
3.0
35.0
4.0
2.0
8.0
1.0
3.0
1.0
53.0
53.0
1.0
2.0
3.0
55.0
3.0
1.0
1.0
3.0
2.0
118.0
405.0
338.0
91.0
1799.0
38.0
136.0
7.0
4.0
1.0
2.0
885.0
41.0
1.0
2.0
1.0
7.0
10.0
16.0
1.0
64.0
1.0
1.0
48.0
15.0
2.0
10.0
1.0
1.0
271.0
43.0
5.0
4.0
2.0
37.0
3.0
1.0
3.0
721.0
1.0
48.0
91.0
9.0
4.0
721.0
2.0
10.0
92.0
31.0
3.0
3.0
2.0
82.0
1.0
1.0
19.0
2.0
1.0
1.0
1.0
149.0
6.0
7.0
282.0
13.0
3.0
2.0
3.0
3.0
11.0
1.0
5.0
996.0
15.0
519.0
214.0
1.0
3.0
37.0
2.0
1.0
33.0
798.0
4.0
1.0
2.0
5.0
9.0
3.0
4.0
41.0
1.0
8.0
6.0
9.0
3.0
2.0
1.0
1.0
323.0
776.0
8.0
2.0
1482.0
452.0
3.0
22.0
1.0
1.0
8.0
1.0
29.0
2.0
1.0
4.0
1.0
1.0
3.0
3.0
2.0
1.0
19.0
2.0
1.0
117.0
1.0
37.0
40.0
60.0
4.0
1.0
810.0
1.0
29.0
80.0
138.0
6.0
9.0
556.0
84.0
4.0
7.0
1.0
1.0
3.0
23.0
2608.0
2.0
2.0
4.0
14.0
6.0
2.0
3.0
3.0
1.0
17.0
7.0
31.0
31.0
4.0
3.0
2.0
152.0
3.0
576.0
2.0
3.0
1.0
11.0
1.0
49.0
3.0
4.0
7.0
224.0
13.0
4.0
390.0
3.0
478.0
696.0
4.0
3.0
39.0
2.0
1.0
1.0
2.0
24.0
3.0
6.0
4.0
1.0
1.0
2.0
552.0
926.0
69.0
7850.0
1.0
1.0
57.0
7.0
114.0
1.0
1.0
1.0
3.0
338.0
101.0
1.0
1.0
1.0
718.0
7.0
2.0
1.0
38.0
32.0
1.0
91.0
3.0
2.0
2.0
8.0
1.0
351.0
14.0
34.0
1.0
1.0
140.0
7.0
4.0
9.0
10.0
548.0
76.0
4.0
3.0
13.0
5.0
1047.0
3.0
22.0
3589.0
3.0
1.0
1.0
31.0
3.0
1.0
606.0
1.0
9.0
1.0
1.0
1.0
5.0
1939.0
1.0
1.0
39.0
2.0
3.0
313.0
1.0
1.0
4.0
1.0
40.0
1.0
18.0
3.0
3.0
4.0
3.0
720.0
17.0
1.0
1.0
1.0
37.0
3.0
37.0
1.0
1.0
1.0
1.0
2.0
455.0
3.0
82.0
3.0
24.0
1.0
12.0
31.0
2.0
1.0
288.0
32.0
4.0
1.0
3.0
1.0
2.0
2.0
1.0
1.0
45.0
3.0
3.0
2.0
55.0
2.0
3.0
1.0
21.0
18.0
1.0
3604.0
3.0
23.0
1.0
5.0
36.0
1.0
152.0
1.0
47.0
77.0
1.0
1.0
12.0
3.0
1.0
6.0
3.0
3.0
2.0
27.0
12.0
36.0
7.0
53.0
6.0
6.0
1955.0
17.0
281.0
5.0
2.0
1.0
1.0
53.0
390.0
1.0
14.0
1.0
2.0
35.0
301.0
12.0
1.0
1.0
1.0
1.0
18.0
1.0
1.0
1.0
79.0
1.0
12.0
691.0
1.0
7.0
1.0
22.0
1.0
26.0
1.0
3.0
2.0
3.0
3.0
176.0
2.0
1.0
3.0
2.0
22.0
47.0
12.0
1176.0
4.0
1.0
4.0
4.0
2.0
1.0
1.0
1.0
2.0
27.0
3.0
72.0
1.0
2.0
1.0
1.0
1802.0
31.0
13.0
1.0
1.0
16.0
1.0
1.0
1.0
14385.0
59.0
25.0
78.0
2.0
1.0
2.0
1.0
1.0
1.0
7.0
2.0
1.0
2.0
16.0
1.0
14.0
151.0
1.0
10.0
29.0
12.0
1.0
79.0
3.0
3.0
2.0
438.0
524.0
4240.0
24.0
14.0
8684.0
3218.0
16.0
1.0
132.0
1.0
12.0
30.0
1.0
19.0
1.0
25.0
144.0
4.0
18.0
6.0
2.0
8.0
6.0
9.0
3.0
1.0
1.0
1.0
10.0
960.0
685.0
46.0
2.0
7.0
3.0
1.0
1.0
3710.0
1.0
3.0
1.0
1.0
621.0
437.0
8.0
1.0
1.0
1.0
1.0
7.0
9.0
3.0
1.0
13.0
623.0
1.0
2.0
3.0
1.0
1.0
1.0
1.0
77.0
34.0
1346.0
7.0
678.0
147.0
1.0
3.0
362.0
1.0
71.0
3.0
965.0
3.0
17.0
7.0
6.0
4.0
1.0
2.0
2.0
181.0
1.0
2.0
110.0
9.0
19.0
2.0
1.0
117.0
1.0
1.0
1.0
3.0
3.0
2.0
23.0
2.0
46.0
3.0
3.0
3.0
10.0
7.0
9.0
9.0
51.0
4.0
3.0
1136.0
8.0
1.0
1.0
34.0
2.0
1.0
4.0
6.0
1.0
3.0
30.0
4.0
2.0
73.0
26.0
4.0
42.0
89.0
62.0
26.0
7.0
9.0
3.0
1.0
64.0
1.0
23.0
1.0
1.0
965.0
3.0
265.0
1.0
1310.0
647.0
44.0
1.0
48.0
6.0
2.0
62.0
172.0
24.0
3.0
3.0
3.0
15.0
1.0
3.0
3.0
1.0
7.0
94.0
5.0
3.0
2.0
2434.0
9.0
3.0
1906.0
3224.0
3.0
3.0
59.0
15.0
355.0
167.0
106.0
9.0
203.0
1.0
1.0
8.0
11.0
9.0
38.0
1.0
2.0
1.0
88.0
271.0
9.0
9.0
11.0
9.0
3.0
2.0
16.0
2.0
3.0
12.0
12.0
1.0
3.0
2.0
1.0
5.0
26.0
7.0
1.0
3.0
3.0
5.0
36.0
1.0
1.0
1606.0
4.0
1.0
846.0
9.0
119.0
3.0
3.0
3.0
1.0
5.0
11.0
1.0
1.0
5.0
3.0
32.0
3.0
107.0
2824.0
1.0
3.0
1.0
2.0
1.0
4.0
11.0
2.0
40.0
1.0
26.0
3.0
16.0
1.0
1.0
1.0
271.0
16.0
1.0
2.0
3.0
6.0
63.0
7.0
641.0
4.0
2.0
4.0
1075.0
2.0
3.0
3.0
56.0
4.0
2.0
3.0
247.0
23.0
37.0
2.0
735.0
2.0
2.0
1.0
6.0
94.0
9.0
19.0
2.0
1.0
457.0
1814.0
382.0
1.0
418.0
1.0
1.0
1.0
2.0
2.0
2.0
515.0
3.0
8.0
1.0
1.0
1.0
3.0
20.0
8.0
24.0
1.0
1.0
1.0
1317.0
105.0
2.0
3.0
287.0
2.0
3.0
2.0
13.0
2.0
2.0
4.0
25.0
1.0
2.0
720.0
1.0
2.0
35.0
7.0
1.0
286.0
359.0
1225.0
1175.0
1.0
1.0
1.0
1.0
7.0
2.0
13.0
3.0
4.0
128.0
1.0
1.0
1.0
1.0
1.0
13.0
117.0
33.0
1.0
80.0
3.0
401.0
153.0
911.0
2.0
1172.0
416.0
1.0
1.0
3.0
398.0
4.0
9.0
72.0
1507.0
191.0
2.0
47.0
2.0
200.0
1.0
3.0
2432.0
3.0
3.0
3.0
1.0
5.0
3.0
23.0
5.0
3.0
1.0
1.0
17.0
1.0
3.0
315.0
2.0
20.0
18.0
2.0
1.0
3.0
1.0
1.0
3.0
9.0
86.0
2.0
1.0
3.0
1111.0
3.0
1.0
7.0
2.0
31.0
75.0
1.0
31.0
1648.0
1.0
10.0
99.0
6.0
37.0
3.0
1.0
2.0
7.0
15.0
6.0
292.0
1.0
83.0
164.0
2.0
1.0
1703.0
164.0
3.0
9.0
1.0
471.0
20.0
5.0
4.0
1.0
3.0
4.0
3.0
3.0
638.0
1.0
50.0
77.0
1238.0
28.0
9.0
5.0
720.0
1.0
8.0
1192.0
1.0
8.0
297.0
1.0
1.0
3.0
735.0
1103.0
63.0
114.0
2.0
389.0
2.0
15.0
1.0
1.0
1511.0
3.0
3.0
346.0
1.0
70.0
2.0
1.0
23.0
535.0
909.0
626.0
5443.0
35.0
1.0
386.0
1.0
150.0
45.0
1.0
3.0
1.0
1.0
3.0
4.0
1422.0
1.0
3.0
1225.0
13.0
337.0
8.0
6.0
139.0
1.0
1.0
375.0
2.0
3.0
60.0
1.0
152.0
594.0
4.0
1.0
1.0
134.0
1.0
1.0
56.0
17.0
6.0
117.0
271.0
1.0
65.0
40.0
119.0
3.0
1.0
119.0
129.0
3.0
3.0
3003.0
2.0
5.0
65.0
2.0
3.0
1.0
34.0
1.0
1.0
8.0
1.0
1.0
32.0
2547.0
95.0
2.0
5.0
313.0
31.0
177.0
622.0
135.0
2.0
3.0
3.0
10.0
1.0
1.0
3.0
63.0
2.0
2.0
3.0
3.0
3.0
2.0
1.0
1.0
8.0
8.0
1.0
27.0
9.0
351.0
2.0
1.0
1.0
8.0
9.0
3.0
3.0
17.0
1.0
1.0
2.0
8.0
3.0
21.0
3.0
1.0
1742.0
2.0
17.0
24.0
3.0
3.0
1.0
1.0
1.0
3.0
4.0
29.0
341.0
3.0
9.0
1.0
67.0
1.0
71.0
3.0
11.0
1.0
17.0
3.0
3.0
5.0
2.0
5.0
1.0
6.0
1303.0
1.0
7.0
6.0
1734.0
16.0
19.0
3.0
3.0
1.0
1.0
5.0
3.0
14.0
2.0
3.0
11.0
3.0
3.0
8.0
1602.0
7.0
39864.0
2.0
75.0
24.0
34.0
2.0
2.0
3655.0
350.0
61.0
1.0
10.0
36.0
3.0
4.0
23.0
2.0
34.0
1.0
152.0
9.0
9.0
7.0
3.0
13.0
1.0
8.0
1.0
16.0
2.0
2.0
1224.0
7.0
17.0
1.0
24.0
3.0
48.0
1.0
9.0
9.0
221.0
2.0
21.0
1.0
1617.0
3.0
2.0
1.0
596.0
82.0
1.0
3.0
3.0
2.0
319.0
3.0
20.0
3.0
19.0
34.0
620.0
1.0
11.0
635.0
75.0
2.0
2.0
1.0
1.0
24.0
8.0
13.0
1.0
3.0
3.0
285.0
1.0
163.0
6.0
7.0
21.0
99.0
1.0
2396.0
82.0
3.0
7.0
2.0
3.0
52.0
1.0
3.0
472.0
10.0
23.0
17.0
31.0
299.0
1.0
2.0
1.0
12.0
1102.0
2.0
33.0
1.0
1.0
221.0
763.0
1224.0
1.0
3.0
27.0
2.0
68.0
1.0
3.0
7.0
1.0
1.0
3.0
104.0
44.0
3.0
16.0
4.0
1.0
4.0
11.0
3.0
35.0
1.0
112.0
17.0
1018.0
28.0
1.0
408.0
17.0
1.0
103.0
1.0
3.0
9.0
260.0
943.0
2.0
1033.0
24.0
3.0
1.0
754.0
74.0
3.0
1.0
36.0
1076.0
1.0
1.0
2.0
1.0
62.0
1.0
1.0
3.0
5.0
1.0
1.0
8.0
1.0
9.0
3.0
1.0
10.0
94.0
20.0
6.0
2577.0
1.0
3.0
1.0
2.0
5.0
369.0
175.0
687.0
134.0
442.0
17.0
1.0
1.0
1.0
4.0
282.0
1.0
1.0
1.0
1.0
1.0
1.0
9.0
8.0
130.0
1.0
2.0
2.0
1.0
6.0
8.0
3857.0
2.0
95360.0
4.0
3.0
5.0
4.0
1.0
1.0
20.0
3.0
5.0
41.0
55.0
2.0
1.0
1222.0
4.0
2.0
6.0
45.0
18.0
11.0
4.0
2.0
9.0
743.0
3.0
4.0
1.0
1.0
1.0
1.0
19.0
51.0
889.0
4.0
122.0
31.0
3.0
3.0
3.0
41.0
1.0
43.0
1.0
2.0
3.0
20391.0
14.0
2.0
1.0
79.0
3.0
1018.0
513.0
3.0
4.0
4.0
6.0
4.0
2.0
1.0
1.0
1.0
350.0
351.0
29.0
1.0
1230.0
3.0
1.0
2.0
10.0
404.0
1690.0
1.0
1.0
1.0
3.0
1.0
3.0
1.0
1.0
1520.0
92.0
21.0
426.0
9.0
13.0
3.0
421.0
1.0
264.0
3.0
1.0
4.0
3.0
3.0
1.0
42.0
1.0
1.0
3.0
8.0
1.0
24.0
3.0
3.0
1.0
1.0
3.0
1.0
1.0
400.0
1.0
3.0
1775.0
196.0
7.0
1.0
3.0
27.0
1.0
11.0
7.0
351.0
9.0
31.0
2.0
6.0
288.0
1.0
14.0
166.0
18.0
282.0
149.0
2.0
1002.0
2.0
9.0
5946.0
25.0
1.0
17.0
1.0
1.0
15.0
362.0
3.0
2.0
5.0
9.0
5.0
538.0
24.0
20.0
1756.0
318.0
25.0
2222.0
3.0
2.0
1.0
7.0
2052.0
1.0
29.0
45.0
5.0
3.0
59575.0
1.0
1.0
3.0
5.0
3.0
5.0
309.0
1.0
31.0
1.0
453.0
6.0
22.0
74.0
2.0
2.0
3.0
1.0
1.0
16.0
1.0
4.0
2.0
4.0
140.0
1.0
1.0
49.0
5.0
4.0
5.0
1.0
7.0
531.0
3.0
13.0
4.0
2399.0
1.0
1.0
3.0
9.0
8.0
545.0
61.0
1.0
1.0
489.0
6.0
145.0
75.0
1.0
1.0
3.0
8.0
6.0
77.0
97.0
3.0
4.0
1.0
4.0
3.0
11.0
2.0
9.0
47.0
1.0
1.0
2.0
3.0
72.0
467.0
4.0
302.0
3.0
1.0
1.0
60.0
88.0
2.0
7.0
8.0
3.0
4.0
1844.0
3.0
14.0
4.0
3.0
1256.0
1.0
1.0
19.0
1.0
3.0
130.0
90.0
36.0
1426.0
3.0
73.0
1.0
54.0
1.0
2.0
3.0
24.0
231.0
39.0
551.0
2.0
627.0
725.0
1.0
25.0
6.0
12.0
288.0
1.0
1.0
7.0
172.0
52.0
6.0
1.0
1.0
9.0
73.0
17.0
1003.0
11.0
1915.0
3.0
2.0
2.0
75.0
44.0
87.0
5.0
20.0
1.0
2.0
1.0
1259.0
6.0
8.0
8.0
10.0
1001.0
2.0
3.0
15.0
2.0
3.0
3.0
3.0
2.0
190.0
9.0
4.0
1.0
1.0
603.0
3.0
1.0
380.0
3.0
305.0
4.0
16.0
27759.0
4.0
4.0
17.0
22.0
75.0
956.0
3.0
3.0
2.0
4.0
1.0
13.0
2023.0
2.0
8.0
1.0
759.0
1.0
2.0
101.0
16.0
31.0
19.0
57.0
1.0
1.0
3.0
3.0
2.0
1.0
164.0
3.0
4.0
1.0
10.0
26.0
8.0
351.0
25.0
1.0
15.0
49.0
12.0
1.0
6.0
1.0
1058.0
3.0
14.0
1.0
571.0
1.0
684.0
5.0
18.0
1.0
7.0
116.0
17.0
1.0
1.0
7.0
3.0
3133.0
48.0
4.0
1.0
2.0
3.0
3.0
30.0
1.0
67.0
54.0
1.0
252.0
19.0
5206.0
9.0
2.0
2.0
268.0
19.0
1.0
86.0
4.0
1.0
1.0
6.0
3.0
3053.0
1.0
9.0
2.0
39.0
2.0
3.0
6.0
23.0
3.0
4.0
3.0
5.0
3.0
1.0
28.0
4.0
1.0
604.0
3.0
26.0
6.0
15.0
3.0
4.0
4.0
3.0
3.0
4.0
18.0
24.0
50.0
1.0
685.0
4.0
35.0
2.0
1.0
24.0
3.0
1.0
1.0
152.0
1.0
17.0
2.0
187.0
57.0
8.0
6.0
6.0
66.0
16.0
7.0
3.0
3.0
4.0
88.0
8.0
961.0
327.0
1.0
12.0
1.0
1287.0
1.0
30.0
4.0
3.0
4.0
2.0
8.0
1.0
917.0
71.0
1.0
7.0
2.0
4.0
6487.0
1.0
4.0
4.0
1.0
10.0
3.0
4.0
692.0
1.0
169.0
568.0
2.0
1.0
1.0
725.0
3.0
40.0
209.0
3.0
583.0
282.0
2.0
3.0
1.0
3.0
11.0
3.0
1.0
252.0
19.0
42.0
12.0
1.0
1.0
3.0
1.0
1.0
9.0
1.0
3.0
674.0
18.0
1.0
3.0
1.0
1.0
1.0
1171.0
3.0
10.0
1.0
1.0
355.0
2.0
319.0
1.0
2.0
17.0
3.0
2.0
3.0
5.0
1.0
2.0
495.0
3.0
3.0
2.0
80.0
3.0
19.0
24.0
57.0
7.0
9.0
4.0
5.0
9.0
1.0
9.0
1.0
3.0
157.0
1.0
1.0
2.0
3.0
3.0
3.0
2.0
24.0
119.0
5904.0
12.0
2.0
1.0
2.0
1.0
38.0
3.0
4.0
1.0
9.0
2.0
1.0
1.0
1.0
23.0
22.0
4.0
1.0
3.0
3.0
10.0
75.0
1.0
23.0
457.0
379.0
3.0
1.0
3.0
2.0
10.0
1.0
69.0
4.0
4.0
1.0
107.0
379.0
40.0
85.0
12.0
2.0
1.0
32.0
1.0
1.0
55.0
3.0
40.0
3.0
1.0
373.0
1.0
4.0
19.0
4.0
5.0
43.0
972.0
6.0
3.0
7.0
4.0
376.0
1.0
2.0
351.0
3.0
15.0
1.0
3.0
5.0
25.0
1.0
1.0
2.0
149.0
6.0
1.0
1115.0
1117.0
16.0
12.0
3.0
2.0
1135.0
6.0
34.0
1.0
265.0
5.0
3.0
2508.0
1.0
229.0
7.0
45.0
10.0
1.0
3.0
13.0
2.0
1.0
351.0
1.0
3.0
132.0
1.0
4.0
3.0
4.0
4.0
10.0
969.0
17.0
7.0
1.0
1.0
3.0
1.0
34.0
1.0
92.0
9.0
64.0
23.0
1.0
1.0
1.0
173.0
142.0
3.0
1.0
156.0
23.0
11.0
9.0
1.0
209.0
3.0
17.0
62.0
49.0
5.0
1.0
2.0
1.0
105.0
28.0
18.0
43.0
3.0
1028.0
2.0
420.0
3.0
33.0
1.0
5.0
11.0
1.0
1.0
1.0
3.0
3.0
4.0
2.0
1.0
1.0
1.0
2.0
1.0
75.0
1.0
3.0
6.0
4.0
21.0
8.0
7.0
3.0
11.0
166.0
212.0
63.0
1.0
105.0
1.0
1.0
4.0
4850.0
33.0
1.0
2.0
3.0
216.0
1.0
10.0
14.0
1704.0
1.0
3.0
6.0
56.0
1.0
1.0
101.0
3.0
3.0
1198.0
6.0
305.0
2.0
1132.0
6.0
19.0
10.0
339.0
2.0
3.0
6.0
29.0
40.0
3.0
1.0
2.0
23.0
7.0
1.0
1.0
2.0
158.0
292.0
3.0
2.0
608.0
1.0
24.0
8.0
3.0
1.0
3.0
3.0
2.0
10.0
1.0
1.0
83.0
8.0
4.0
16.0
11.0
1.0
1.0
249.0
529.0
3.0
1.0
29.0
28.0
1936.0
1.0
8.0
1972.0
1.0
3.0
3.0
38.0
2.0
6.0
7.0
77.0
288.0
14.0
1.0
11.0
1.0
5772.0
1.0
2.0
84.0
415.0
240.0
1008.0
6.0
3.0
60.0
8.0
68.0
59.0
3.0
2.0
6.0
1.0
1.0
3.0
337.0
2632.0
17.0
1.0
1.0
13.0
1.0
86.0
2.0
3.0
622.0
34.0
1.0
3.0
2.0
3.0
6.0
322.0
1117.0
2.0
4.0
1.0
3.0
9.0
52.0
1.0
6.0
3.0
1.0
14.0
4.0
3.0
1.0
1517.0
1.0
1.0
9.0
27.0
2.0
467.0
3.0
5058.0
1.0
1.0
1.0
1.0
1.0
6.0
2.0
1.0
29.0
8.0
8.0
2.0
31.0
1.0
4.0
615.0
3.0
1.0
57.0
3.0
6.0
4.0
686.0
115.0
2.0
82.0
1.0
149.0
1717.0
12.0
115.0
1.0
55.0
135.0
2.0
3.0
3.0
1.0
69.0
3.0
472.0
1.0
27.0
1.0
108.0
1.0
9.0
1.0
60.0
270.0
3.0
229.0
158.0
4.0
8.0
31.0
1.0
7.0
83.0
871.0
3.0
1.0
1.0
1.0
12.0
60.0
3.0
35.0
22.0
1.0
15.0
51.0
4.0
1.0
34.0
14.0
109.0
4.0
1.0
17.0
2.0
2.0
3.0
1.0
2.0
103.0
1.0
1.0
1.0
351.0
8.0
2.0
1.0
92.0
1.0
1.0
19.0
7.0
86.0
3.0
1.0
8.0
1.0
3.0
3.0
1.0
79.0
1.0
10.0
3.0
60.0
207.0
1.0
31.0
40.0
5.0
441.0
1.0
1.0
23.0
1.0
3.0
5.0
1.0
2720.0
1.0
2.0
1.0
7.0
1.0
1198.0
1.0
65.0
1.0
1.0
1.0
71.0
3717.0
3.0
932.0
1.0
28.0
3.0
54.0
961.0
4.0
1.0
54.0
3.0
10.0
2.0
4290.0
19573.0
36.0
31.0
149.0
1.0
1.0
40.0
1.0
1.0
25.0
938.0
11.0
23.0
6.0
1.0
1.0
3.0
1.0
1.0
3.0
111.0
20.0
462.0
2.0
90.0
33.0
596.0
1.0
1.0
1.0
6.0
3.0
932.0
29.0
7.0
1.0
58.0
317.0
3.0
30.0
7.0
1.0
3.0
2250.0
2.0
1.0
277.0
16.0
103.0
19.0
1002.0
1.0
1.0
551.0
1.0
1.0
7.0
2.0
10.0
1.0
49.0
573.0
4.0
1.0
3.0
3975.0
4.0
1.0
282.0
2.0
4.0
132.0
116.0
2.0
6.0
3.0
1.0
2.0
1.0
5.0
3.0
5.0
1607.0
1.0
16.0
39.0
275.0
3.0
1.0
2.0
3.0
3.0
2.0
81.0
4.0
1.0
1.0
3.0
2616.0
15.0
1.0
2.0
13.0
1192.0
3.0
2.0
593.0
1.0
1.0
1.0
1.0
1300.0
4.0
3.0
2.0
2.0
9.0
88.0
1.0
2.0
2.0
3.0
5.0
8.0
46.0
10.0
99.0
6.0
636.0
3.0
62.0
37.0
12.0
3.0
392.0
6.0
448.0
16.0
2.0
9.0
1.0
2.0
3.0
21.0
3.0
3.0
3.0
27.0
1.0
23.0
1.0
5.0
1.0
3.0
2.0
7.0
3.0
9.0
585.0
4480.0
565.0
2.0
55.0
799.0
6.0
6.0
3.0
9.0
3.0
248.0
1380.0
4.0
9.0
3.0
800.0
4367.0
1.0
24.0
34.0
3.0
3.0
5.0
19.0
3.0
79.0
13.0
1180.0
7.0
7.0
1184.0
1.0
7.0
13.0
2.0
40.0
3.0
985.0
31.0
3.0
1.0
5.0
123.0
66.0
2.0
29.0
2.0
82.0
1.0
2375.0
343.0
9.0
7890.0
288.0
4.0
1.0
3.0
84.0
3.0
1.0
25.0
3.0
4.0
28.0
65.0
3.0
7.0
737.0
53.0
1.0
1.0
1.0
41.0
23.0
996.0
13.0
2.0
1.0
5.0
1.0
2.0
3.0
2.0
2.0
109.0
22.0
2.0
9.0
2.0
1.0
2.0
3.0
107.0
3.0
242.0
107.0
1.0
59.0
2.0
17.0
2.0
9739.0
1.0
2.0
3.0
1.0
3.0
37.0
24.0
2.0
3.0
351.0
1.0
1.0
312.0
1.0
375.0
658.0
3.0
212.0
52.0
1.0
1.0
5.0
3.0
4.0
1.0
1.0
110.0
776.0
36.0
2.0
102.0
3.0
2.0
1.0
1.0
3.0
3.0
1.0
5.0
6.0
14762.0
18.0
2.0
77.0
1217.0
1.0
20.0
6.0
157.0
1.0
3.0
14.0
1704.0
3.0
65.0
143.0
5.0
1.0
1.0
1.0
145.0
963.0
3.0
5.0
37.0
1.0
75.0
2.0
7.0
14.0
2.0
1.0
1.0
6.0
2.0
3435.0
13.0
5.0
7.0
14.0
2.0
3.0
633.0
3.0
3.0
1.0
19.0
469.0
1.0
34.0
1.0
1.0
2009.0
196.0
3.0
5.0
89.0
33.0
87.0
118.0
429.0
1.0
4.0
14.0
29.0
9.0
3.0
95.0
1.0
3.0
6.0
322.0
86.0
6.0
2.0
1.0
1.0
1836.0
4.0
56.0
1.0
2207.0
3.0
3.0
301.0
1.0
1.0
19.0
3.0
18.0
2.0
1.0
2.0
18.0
3.0
13.0
8.0
5.0
1.0
1.0
64.0
1.0
3.0
29.0
3.0
38.0
2.0
1.0
3.0
292.0
27.0
4.0
3.0
3.0
3.0
1.0
338.0
4.0
443.0
3.0
1.0
3.0
1888.0
1.0
13978.0
73.0
1.0
94.0
1.0
2.0
108.0
3000.0
9.0
3.0
3.0
365.0
9.0
1.0
3.0
9.0
1.0
105.0
2.0
1.0
38.0
1.0
7.0
170.0
4.0
1.0
7.0
1243.0
32.0
1.0
21.0
3.0
240.0
12.0
278.0
749.0
257.0
3.0
108.0
1.0
6.0
14.0
4.0
3.0
3.0
1.0
1.0
1924.0
19.0
2.0
300.0
1.0
2.0
81.0
6.0
596.0
919.0
3.0
2.0
594.0
3.0
26.0
5509.0
3.0
2.0
12.0
2.0
6.0
122.0
1.0
4.0
1.0
19.0
3.0
12.0
20.0
2.0
1.0
3.0
1.0
4.0
8.0
1.0
1.0
31.0
4.0
2.0
1.0
1.0
1.0
3.0
57.0
1.0
36.0
3.0
7.0
23.0
1.0
3.0
57.0
1.0
2.0
698.0
1.0
33.0
3.0
9.0
11.0
103.0
3.0
3.0
79.0
1.0
713.0
9.0
65.0
3.0
3.0
49.0
1.0
1.0
3.0
2.0
6.0
6.0
1.0
1.0
3.0
3.0
699.0
18.0
35.0
11.0
1.0
2.0
3.0
2.0
3.0
1.0
16.0
4.0
2.0
3.0
2.0
8.0
3.0
4.0
3.0
932.0
3.0
10.0
849.0
612.0
9.0
189.0
1.0
77.0
1.0
9346.0
2.0
6.0
23.0
2.0
3.0
1.0
351.0
1.0
6.0
1.0
17.0
1.0
337.0
22.0
3.0
197.0
3.0
31.0
14.0
1221.0
1.0
91.0
512.0
574.0
1067.0
73.0
1.0
2.0
1.0
2.0
3.0
4.0
6.0
3.0
2.0
8.0
180.0
1.0
989.0
1.0
16.0
1.0
2.0
1.0
1.0
22.0
13.0
2.0
113.0
5.0
18.0
187.0
76.0
7.0
1.0
1.0
576.0
1.0
1.0
4.0
5.0
4.0
11.0
4.0
17.0
61.0
1.0
70.0
27.0
1.0
1.0
1.0
74.0
1.0
8.0
1.0
8.0
2.0
99.0
56.0
67.0
6.0
14385.0
9.0
1.0
8.0
6.0
1.0
5.0
1.0
1005.0
3.0
16.0
4.0
149.0
2.0
3.0
7.0
1.0
6.0
1.0
993.0
3.0
19.0
3.0
2.0
1010.0
9.0
30.0
1.0
16.0
3.0
8.0
714.0
17.0
1.0
2130.0
6.0
2.0
13.0
348.0
92.0
23.0
1.0
1.0
2.0
32.0
1.0
7.0
3.0
1.0
90.0
16.0
6.0
1.0
2.0
24.0
1.0
16.0
1538.0
261.0
6.0
1.0
1114.0
1.0
80.0
1.0
3.0
1.0
7.0
3.0
6.0
3.0
1.0
730.0
32.0
2.0
62.0
1.0
3.0
2.0
6.0
27.0
1.0
1.0
8.0
238.0
75.0
1.0
28.0
7.0
4.0
475.0
1.0
1.0
87.0
6.0
32.0
1.0
24.0
3.0
1.0
4.0
26.0
65.0
12.0
3.0
1.0
1.0
1.0
166.0
2.0
1.0
3.0
1.0
1.0
336.0
3.0
3.0
200.0
1.0
12.0
33.0
701.0
1.0
2.0
3.0
3.0
23.0
292.0
370.0
313.0
3.0
5.0
1.0
482.0
2.0
509.0
1.0
2.0
3.0
132.0
265.0
1.0
1.0
6.0
3.0
75.0
9.0
4.0
2.0
1.0
3.0
8691.0
71.0
66.0
32.0
74.0
3.0
889.0
41.0
19.0
5.0
22.0
42.0
2.0
1.0
2.0
1.0
3.0
1.0
62.0
7.0
3.0
4.0
7.0
1.0
60.0
4.0
7.0
3.0
32.0
3.0
59.0
1.0
2.0
18.0
11.0
1.0
1.0
8.0
2.0
164.0
22.0
2.0
1259.0
1.0
1.0
2.0
4.0
31.0
353.0
33.0
1.0
1210.0
1.0
7.0
1.0
94.0
29.0
1.0
565.0
24.0
1.0
2.0
67.0
7.0
59.0
6.0
5.0
622.0
5.0
6.0
258.0
4.0
189.0
74.0
25.0
1.0
1.0
2.0
668.0
1.0
2.0
1.0
3.0
2.0
578.0
159.0
3.0
7.0
29.0
73.0
2.0
3.0
1.0
1.0
16.0
105.0
7.0
3.0
2.0
1.0
2.0
3.0
10.0
3.0
4.0
4.0
3.0
1733.0
2.0
118.0
38.0
9.0
6.0
3.0
2.0
961.0
1.0
1.0
96.0
1690.0
1.0
20.0
1.0
2.0
20.0
596.0
1.0
1.0
2.0
19.0
838.0
3.0
101.0
3.0
2.0
4.0
1.0
16.0
2.0
8.0
727.0
1.0
4.0
1.0
1.0
1.0
1.0
2.0
81.0
4.0
1.0
144.0
100.0
570.0
7.0
3801.0
890.0
1.0
313.0
2.0
1095.0
1.0
30.0
3.0
15.0
2.0
1743.0
148.0
1041.0
30.0
5.0
12.0
14.0
2.0
15.0
15.0
8.0
1.0
3.0
13.0
3.0
3.0
61.0
11.0
3.0
1.0
1.0
239.0
12.0
1.0
1496.0
3.0
107.0
1.0
30.0
2646.0
15.0
279.0
5.0
1.0
372.0
1.0
3.0
1.0
3043.0
1.0
348.0
3.0
20.0
846.0
158.0
10.0
55.0
7.0
105.0
5347.0
7.0
4.0
1.0
3.0
13.0
114.0
6.0
1.0
12.0
1454.0
94.0
2.0
1.0
1.0
34.0
1.0
57.0
1.0
547.0
232.0
1.0
3.0
3.0
24.0
17.0
2.0
1.0
134.0
51.0
1.0
108.0
3.0
421.0
11.0
1.0
1.0
5.0
3.0
1.0
1.0
3.0
163.0
51.0
17.0
1.0
5.0
3.0
3.0
31.0
2.0
1.0
2245.0
216.0
4.0
1.0
377.0
1.0
2895.0
2.0
6.0
3.0
1.0
102.0
1.0
2.0
1.0
17.0
3.0
7.0
9.0
7.0
106.0
1347.0
119.0
2.0
3.0
5.0
5.0
11.0
27.0
10.0
2.0
568.0
15.0
2.0
172.0
1.0
1090.0
58.0
1.0
3.0
1.0
1.0
3.0
2.0
9.0
5.0
24.0
20.0
5.0
3.0
2.0
3040.0
19.0
904.0
19.0
1.0
1578.0
1.0
1.0
487.0
1.0
9.0
3.0
3.0
1.0
4.0
13.0
1.0
31.0
110.0
13.0
21.0
143.0
1.0
977.0
1.0
1.0
1401.0
233.0
17.0
186.0
345.0
5.0
31.0
24.0
4.0
3.0
4.0
1.0
2.0
2.0
3.0
3.0
2.0
5.0
6.0
1.0
3.0
26.0
3.0
48.0
282.0
1.0
2.0
2.0
23.0
3.0
3.0
13.0
1.0
1.0
6.0
1.0
1.0
5.0
1.0
268.0
11.0
1.0
1.0
3.0
2.0
3.0
3.0
1.0
157.0
5.0
2.0
1492.0
8.0
5.0
1.0
2.0
3.0
3.0
1.0
192.0
1.0
1277.0
1.0
4.0
2.0
19.0
1.0
27.0
1.0
320.0
9.0
1.0
3.0
3.0
4.0
3.0
27.0
4.0
46.0
3.0
2.0
6518.0
22.0
1.0
5.0
5.0
191.0
7.0
1.0
2197.0
3.0
4.0
1.0
1.0
1.0
1.0
1.0
1.0
119.0
3.0
5.0
19.0
1.0
1421.0
9.0
1.0
3189.0
712.0
340.0
5.0
1.0
5.0
14.0
9.0
6.0
10.0
1833.0
3.0
3.0
3.0
1.0
7.0
4.0
1708.0
4.0
4.0
3.0
45.0
235.0
1557.0
961.0
3.0
1.0
1.0
4.0
88.0
3.0
4.0
2.0
7.0
1.0
19.0
3.0
5.0
529.0
8.0
2.0
1.0
1.0
43.0
71.0
53.0
9.0
1.0
20.0
4.0
18.0
1.0
92.0
1.0
7.0
930.0
1.0
15.0
31.0
1.0
2.0
3.0
1.0
1.0
218.0
4.0
5.0
20.0
3.0
1.0
1.0
1.0
5.0
2.0
1.0
12.0
1422.0
8.0
3.0
3.0
101.0
7.0
4.0
5.0
69.0
8.0
1.0
1.0
221.0
274.0
4.0
20.0
4.0
4219.0
1.0
1252.0
15.0
3.0
86.0
1111.0
65.0
1134.0
6.0
19.0
31.0
1.0
1.0
45.0
11.0
1.0
1.0
23.0
24330.0
2.0
65.0
1064.0
1.0
1.0
48.0
3.0
92.0
2.0
1.0
14436.0
2.0
14.0
3.0
1.0
18.0
84.0
6.0
55.0
22.0
528.0
12.0
1.0
1.0
313.0
6.0
1.0
20.0
8.0
3.0
1.0
1.0
3.0
1.0
1.0
30.0
53.0
3.0
3.0
492.0
421.0
3.0
1102.0
3.0
389.0
1.0
8.0
3.0
15.0
14.0
1.0
36.0
2.0
26.0
382.0
47.0
285.0
2.0
2.0
1.0
7330.0
7.0
46.0
1.0
138.0
3.0
79.0
19.0
6.0
1.0
4352.0
1.0
45.0
3.0
68.0
1.0
4.0
4.0
1.0
2.0
2.0
1.0
3.0
20.0
3.0
21.0
18.0
60.0
30.0
2.0
3.0
24.0
3.0
3876.0
3.0
1.0
244.0
1.0
247.0
1.0
1.0
2.0
1.0
9.0
5.0
2.0
105.0
1.0
2.0
1.0
5.0
1.0
638.0
1.0
3.0
102.0
1432.0
102.0
13.0
9361.0
5.0
3.0
8.0
7.0
351.0
1.0
2.0
340.0
78418.0
11.0
219.0
23.0
2.0
1.0
3.0
1941.0
29.0
2.0
67.0
2.0
21.0
577.0
33.0
1.0
11.0
1.0
645.0
1.0
2.0
5.0
1.0
1.0
3.0
2.0
5.0
889.0
2392.0
960.0
63935.0
1.0
218.0
4.0
56.0
1.0
3.0
3.0
49.0
3.0
24.0
1.0
1.0
2.0
1.0
4.0
1.0
1.0
282.0
1.0
172.0
2.0
9.0
1.0
3.0
3.0
3.0
4.0
185.0
4.0
13.0
30.0
2.0
100.0
3580.0
65.0
9.0
3.0
5.0
9.0
2.0
4.0
4.0
2.0
6.0
2.0
1.0
1.0
2.0
24.0
447.0
3.0
75.0
64.0
3.0
17.0
3.0
6.0
1.0
3.0
75.0
4.0
1.0
55.0
1.0
1.0
6.0
5.0
2.0
64.0
8.0
63.0
2.0
1.0
1.0
2.0
4.0
35.0
2.0
3.0
1.0
3.0
3.0
3.0
1.0
1.0
5.0
3.0
1.0
4.0
12.0
1.0
13.0
3.0
1.0
3.0
2.0
1.0
925.0
1.0
8.0
383.0
2.0
24.0
9.0
1.0
3.0
18.0
3.0
3.0
1638.0
9.0
6.0
21.0
5.0
3.0
1.0
1024.0
12.0
1.0
181.0
4.0
462.0
69.0
18.0
169.0
3.0
1.0
1.0
473.0
1.0
17.0
8.0
2.0
24.0
1.0
819.0
3.0
1.0
10.0
2.0
2.0
20.0
114.0
8.0
2.0
351.0
32.0
19.0
1.0
1.0
1.0
1.0
31.0
1078.0
50.0
557.0
2.0
9.0
14.0
9.0
761.0
2.0
2.0
647.0
23.0
1622.0
6.0
2.0
13.0
1.0
7.0
1.0
94.0
3.0
7.0
19.0
3.0
1.0
4.0
3.0
1.0
4.0
3.0
1.0
4.0
3.0
4.0
2.0
10.0
101.0
74.0
9.0
1.0
3.0
295.0
5.0
10590.0
1.0
2554.0
35.0
52.0
3.0
3.0
2.0
65.0
24.0
1.0
1.0
4.0
5.0
2.0
24.0
3.0
3.0
152.0
75.0
166.0
1.0
1.0
22.0
4.0
200.0
159.0
2.0
3.0
1.0
9.0
7.0
67.0
1.0
98.0
9.0
7.0
148.0
3.0
1.0
6.0
1.0
7.0
2.0
23.0
3.0
862.0
1.0
26.0
7054.0
47.0
52.0
3.0
5.0
1.0
4.0
17.0
3.0
3.0
30.0
9.0
3.0
1946.0
8.0
53.0
10.0
1183.0
220.0
52.0
3.0
7.0
1.0
19.0
62.0
117.0
3.0
34.0
19.0
9.0
1.0
51.0
3.0
467.0
4.0
26.0
265.0
272.0
1.0
7.0
1.0
513.0
1.0
1.0
2648.0
5.0
3.0
353.0
4.0
10.0
2.0
576.0
3.0
2.0
1.0
135.0
14.0
2.0
6.0
5.0
1.0
5.0
1.0
2.0
1.0
251.0
1.0
6.0
4.0
528.0
6.0
355.0
3.0
2.0
3.0
22.0
1.0
8.0
92.0
3.0
35.0
87.0
14.0
2.0
1.0
2307.0
1.0
3.0
25.0
1.0
6.0
1.0
3.0
14.0
399.0
24.0
2.0
47.0
24.0
5.0
7374.0
1529.0
102.0
1.0
1276.0
172.0
34.0
109.0
3.0
3.0
1.0
13.0
6.0
3.0
1.0
11.0
1.0
1.0
310.0
1.0
11.0
1.0
7.0
3.0
1.0
21.0
1.0
2.0
3.0
3.0
24.0
2.0
1.0
3352.0
3.0
3.0
2.0
3.0
1.0
2.0
3363.0
1.0
1.0
1.0
2.0
3.0
1759.0
17.0
3.0
3.0
1.0
1.0
3.0
3.0
4.0
3.0
3.0
888.0
1.0
1.0
3.0
2.0
187.0
19.0
2.0
12.0
2.0
27.0
17.0
2.0
2.0
9.0
25.0
3.0
50.0
441.0
1.0
3.0
4.0
3.0
13.0
1.0
559.0
50.0
1.0
9.0
1.0
182.0
5.0
227.0
2.0
1.0
1.0
1056.0
3.0
377.0
1.0
25.0
17.0
1023.0
8.0
125.0
2.0
7.0
5.0
3.0
2.0
1.0
1.0
3.0
352.0
16.0
1.0
1.0
1064.0
2.0
2.0
1.0
1771.0
2.0
1.0
393.0
7.0
613.0
2769.0
1.0
2.0
1.0
17.0
435.0
3.0
27.0
1.0
46.0
1.0
3.0
596.0
2.0
2.0
18.0
1751.0
9.0
1466.0
246.0
938.0
8.0
160.0
4.0
1703.0
12.0
340.0
1.0
1.0
3.0
15.0
351.0
3.0
4.0
1.0
3.0
2.0
5.0
3.0
7.0
1.0
59.0
2.0
1.0
2.0
3.0
2.0
10001.0
8.0
51.0
6.0
3.0
1.0
22.0
3.0
13.0
809.0
1.0
1.0
596.0
1249.0
407.0
8.0
314.0
193.0
3.0
3.0
13.0
7.0
12.0
1.0
27.0
24.0
4842.0
1.0
1.0
117.0
166.0
122.0
3.0
2.0
3.0
3.0
7.0
21.0
1.0
1.0
25.0
4.0
237.0
85.0
1.0
1.0
1.0
1.0
3.0
3.0
1.0
140.0
1.0
1.0
1.0
2.0
1.0
33.0
1.0
74.0
943.0
6.0
1.0
1.0
19.0
3.0
4.0
2.0
208.0
41.0
3.0
2.0
1.0
1.0
1.0
4.0
2.0
1.0
3.0
6.0
3.0
1.0
19.0
1.0
7.0
2.0
6.0
59.0
1.0
1.0
1.0
469.0
135.0
3.0
24.0
34.0
8.0
25.0
2.0
8.0
1.0
74.0
77.0
25.0
6.0
1.0
1116.0
5.0
24.0
3.0
82.0
4.0
2.0
1.0
282.0
1.0
1.0
3.0
9.0
684.0
61.0
1.0
15.0
3.0
2.0
1.0
1.0
492.0
10.0
6.0
13.0
12.0
11.0
45.0
1.0
1.0
1.0
1.0
1.0
36.0
6.0
3.0
3.0
36.0
26.0
4.0
16.0
384.0
4.0
25.0
17.0
6.0
1.0
3.0
129.0
3.0
842.0
5.0
2.0
2819.0
2.0
15.0
1.0
289.0
3.0
69.0
61.0
186.0
3.0
322.0
3.0
15.0
9.0
123.0
1.0
1.0
18.0
3.0
4.0
5.0
1.0
2.0
339.0
3.0
1.0
3.0
2.0
3.0
943.0
1.0
5.0
1.0
6.0
288.0
526.0
38.0
8.0
3.0
48.0
4.0
942.0
3.0
34.0
4.0
1.0
3.0
856.0
8.0
655.0
122.0
350.0
36.0
3.0
2.0
3.0
2.0
1.0
3.0
508.0
2.0
74.0
3.0
3.0
2.0
3.0
1.0
2.0
2.0
112.0
1.0
68.0
1813.0
2.0
1.0
13.0
15.0
696.0
1.0
2.0
160.0
638.0
2.0
45.0
1.0
237.0
1.0
9.0
6.0
132.0
2.0
9.0
4.0
28.0
65.0
3.0
1.0
9.0
1.0
1.0
13.0
444.0
1.0
5.0
2.0
9.0
2.0
2.0
3.0
542.0
19.0
229.0
1.0
105.0
1696.0
3.0
1.0
3.0
1297.0
1.0
6.0
108.0
14.0
4.0
1.0
1.0
26.0
3.0
1.0
4.0
1.0
1.0
11.0
1.0
30.0
1.0
4.0
2.0
3.0
89.0
67.0
1.0
314.0
1.0
129.0
526.0
1.0
4.0
2.0
1.0
1.0
3.0
3.0
1.0
2.0
6.0
1.0
5.0
19.0
23.0
2.0
923.0
4.0
7.0
121.0
376.0
111.0
197.0
1.0
7.0
1.0
6.0
1.0
24.0
32.0
11.0
8.0
587.0
1.0
3.0
1.0
44.0
236.0
886.0
986.0
1.0
12.0
40.0
9.0
476.0
224.0
105.0
154.0
3.0
3.0
1.0
5.0
1.0
2.0
1.0
11.0
9.0
26.0
1.0
4.0
1.0
19.0
2.0
1.0
1.0
3.0
124.0
9.0
1.0
3.0
87.0
6.0
17.0
2.0
2.0
1.0
16.0
768.0
134.0
1.0
2.0
35.0
122.0
1221.0
1.0
2495.0
3.0
371.0
2.0
21.0
75.0
762.0
16.0
995.0
24.0
100.0
3.0
3.0
1.0
4.0
3.0
3.0
9.0
17.0
3.0
343.0
435.0
1.0
1.0
1.0
1.0
1.0
72.0
4.0
118.0
13.0
1.0
5.0
1.0
234.0
20.0
2.0
1.0
5.0
1.0
13.0
452.0
1.0
1.0
1.0
1.0
1.0
1.0
1.0
1.0
3.0
2.0
1249.0
3.0
35.0
4.0
5.0
698.0
1.0
20.0
104.0
9.0
19.0
2.0
1.0
6.0
3.0
308.0
15.0
1.0
4732.0
2.0
1.0
1.0
1309.0
7.0
22.0
3.0
1.0
13.0
1.0
28.0
5.0
4.0
32.0
1.0
5.0
4.0
9.0
1297.0
13.0
313.0
65.0
24.0
1.0
1.0
1.0
9.0
1.0
3.0
3.0
4.0
14.0
3.0
662.0
1.0
55.0
3.0
3.0
2.0
74.0
81.0
3.0
1102.0
3.0
1.0
6.0
43.0
1.0
41.0
737.0
3.0
2.0
91.0
3.0
1.0
1.0
2.0
961.0
3.0
12.0
2.0
3.0
2.0
9.0
2.0
1.0
1.0
14.0
11.0
4.0
4.0
2.0
132.0
4.0
2.0
4.0
134.0
3.0
1.0
9.0
14.0
1.0
1.0
1735.0
3.0
6.0
24.0
4.0
1.0
2.0
678.0
1.0
5.0
2.0
2.0
1.0
5.0
14.0
3.0
15.0
235.0
1.0
2.0
4.0
2.0
4.0
18.0
1.0
1886.0
1.0
1.0
1.0
533.0
1.0
3.0
2.0
11.0
21867.0
83.0
61.0
4.0
2.0
310.0
4.0
14.0
1.0
1.0
6.0
6.0
1.0
26.0
1.0
2.0
1.0
27.0
3.0
1.0
1.0
575.0
21.0
47.0
10.0
1.0
3882.0
1.0
3.0
1.0
70.0
15.0
1.0
19.0
1807.0
1.0
3.0
1.0
3.0
1003.0
5.0
5.0
1513.0
3.0
1.0
6.0
2.0
65.0
1.0
80.0
2.0
1.0
2.0
23.0
3.0
35.0
1.0
1.0
2.0
86.0
1.0
228.0
3.0
1.0
2.0
3.0
2.0
1.0
2.0
234.0
40.0
1.0
2.0
1.0
50.0
7.0
24.0
351.0
7.0
3.0
3.0
10.0
23.0
6.0
2.0
30.0
13.0
232.0
1.0
5.0
2.0
8.0
3.0
3.0
6.0
5.0
8.0
82.0
1.0
2419.0
1.0
129.0
1.0
8.0
3.0
91.0
3.0
1.0
1.0
27968.0
3.0
3.0
1.0
4.0
2.0
10.0
1.0
19.0
36.0
1.0
58.0
3.0
2.0
1.0
11.0
1.0
2.0
1.0
814.0
6.0
2.0
1.0
3.0
5.0
3.0
2.0
4.0
302.0
3.0
1.0
104.0
24.0
4.0
2.0
1018.0
3.0
1.0
69.0
746.0
1.0
54.0
10.0
1088.0
1343.0
200.0
3.0
3.0
5.0
3.0
496.0
243.0
17.0
76.0
57.0
76.0
4.0
3.0
2759.0
1.0
1.0
1.0
1.0
19.0
7.0
45.0
115.0
1.0
2.0
6075.0
12.0
1.0
292.0
1.0
1.0
3.0
1.0
8.0
519.0
4.0
19.0
1.0
2.0
83.0
3.0
2.0
19.0
1.0
1.0
83.0
15689.0
1.0
16.0
13.0
1.0
3.0
5.0
1080.0
1264.0
23.0
39.0
171.0
1027.0
2.0
7.0
2.0
23.0
3.0
11.0
371.0
3.0
10.0
1.0
1.0
1.0
9.0
1.0
5.0
1.0
3.0
1.0
3.0
2.0
1.0
1272.0
6.0
1.0
8.0
73.0
3.0
3.0
41.0
1.0
1.0
1.0
2.0
4.0
1120.0
1.0
3.0
14.0
60.0
73.0
8.0
3.0
1.0
70.0
3.0
1.0
2.0
1.0
3.0
2.0
1.0
634.0
1.0
535.0
648.0
2.0
8.0
1.0
1.0
413.0
57.0
1.0
1.0
3.0
14.0
181.0
1534.0
19.0
4.0
6.0
1.0
2.0
2.0
3.0
17.0
193.0
3.0
130.0
65.0
2780.0
7.0
6.0
1.0
3.0
51.0
1.0
3.0
69.0
1.0
2.0
353.0
26.0
15.0
1.0
40.0
7.0
1.0
3.0
1047.0
4.0
7.0
1.0
3.0
1.0
1.0
5.0
1.0
10.0
3.0
1.0
23.0
4.0
8.0
3.0
1.0
3.0
2.0
1.0
150.0
2.0
306.0
7.0
2.0
119.0
3.0
3.0
24.0
15.0
9.0
1.0
1.0
3.0
6.0
3.0
3.0
844.0
1708.0
619.0
3.0
14385.0
26.0
7.0
1.0
2.0
4.0
3.0
1.0
41.0
1.0
5.0
8374.0
2.0
23.0
32.0
164.0
2.0
1.0
2.0
24.0
2.0
4.0
33.0
268.0
1.0
9.0
234.0
526.0
1.0
3.0
2.0
1.0
3141.0
351.0
4.0
10.0
9.0
1.0
1585.0
12.0
1416.0
5.0
23.0
1.0
1.0
1.0
2.0
1.0
4.0
4.0
3.0
12.0
1.0
1.0
6.0
351.0
3.0
1668.0
33.0
356.0
3.0
1.0
1.0
75.0
1.0
1.0
8.0
2.0
13.0
1.0
1.0
3.0
45.0
1.0
2.0
1548.0
1.0
3.0
1.0
3.0
1.0
1.0
4733.0
22.0
25.0
1.0
48.0
95.0
3.0
3.0
7.0
2.0
9.0
113.0
1.0
462.0
43.0
2.0
1.0
85.0
1383.0
30.0
1.0
1.0
9.0
1437.0
1.0
737.0
1.0
1.0
3.0
16.0
2.0
6.0
1.0
1.0
9.0
14385.0
1.0
3.0
3.0
3.0
1.0
1.0
1.0
1.0
19.0
351.0
1.0
2.0
551.0
7.0
5333.0
3.0
9.0
1.0
1.0
3.0
141.0
665.0
30.0
3.0
367.0
835.0
461.0
1.0
1.0
1.0
62.0
1.0
11.0
7.0
5.0
25.0
1.0
15.0
1.0
9.0
69.0
6.0
15.0
3.0
24.0
119.0
4.0
3.0
3.0
46.0
6.0
55.0
2.0
3.0
281.0
2.0
2.0
1225.0
2.0
3.0
2.0
5.0
405.0
4.0
1198.0
24.0
4.0
1.0
1018.0
19.0
1.0
2.0
311.0
19241.0
94.0
1258.0
3.0
10.0
1.0
1.0
50.0
3.0
16.0
6.0
2.0
737.0
1.0
8.0
1.0
1.0
976.0
12.0
1.0
4.0
3.0
12.0
3.0
3.0
7.0
3.0
16.0
15.0
13.0
264.0
2.0
3.0
8.0
7.0
3.0
9.0
286.0
1.0
1222.0
1.0
1.0
1.0
1.0
1.0
8.0
49.0
28.0
4.0
1.0
1.0
22.0
473.0
3.0
3.0
1.0
1.0
65.0
1.0
2.0
166.0
3.0
2.0
2.0
4.0
3.0
8.0
13.0
290.0
1.0
3.0
1.0
34.0
10.0
9.0
1073.0
3.0
1.0
6.0
3.0
1.0
3.0
2.0
5.0
3.0
3.0
3.0
1.0
65.0
30.0
15.0
7.0
9.0
3.0
1.0
71.0
678.0
5189.0
3.0
1.0
1.0
2.0
2.0
98.0
1.0
583.0
1.0
48.0
4.0
9.0
1.0
33.0
25.0
1.0
6.0
1.0
27.0
3.0
1.0
1.0
26.0
3.0
3.0
1.0
2.0
1.0
3574.0
167.0
17.0
159.0
2.0
2.0
10.0
1.0
1.0
1120.0
3.0
6.0
32.0
1063.0
1.0
2.0
10.0
2472.0
138.0
1.0
311.0
1018.0
1.0
1.0
1031.0
1.0
24.0
3.0
167.0
2.0
2.0
7.0
1.0
130.0
4.0
15.0
34.0
1.0
20.0
3.0
22.0
24.0
3.0
7376.0
8.0
1.0
23.0
15.0
27.0
3.0
860.0
3.0
19.0
4.0
24.0
1442.0
5.0
1.0
1.0
1.0
66.0
3.0
58.0
649.0
4.0
2.0
1.0
3.0
5.0
1.0
1.0
78.0
6.0
3.0
4.0
1.0
1.0
213.0
6.0
23.0
28.0
3.0
1.0
12182.0
45.0
289.0
4.0
295.0
43.0
1.0
2.0
232.0
1.0
2.0
70.0
3.0
1.0
15.0
3.0
2.0
1.0
40.0
3.0
1.0
30.0
1.0
64661.0
1.0
9.0
1.0
478.0
1.0
20.0
2.0
1018.0
6.0
359.0
1.0
3.0
12.0
1.0
27155.0
3.0
3.0
2.0
1.0
152.0
5.0
3.0
1.0
3.0
2.0
1.0
1.0
7.0
10.0
43.0
42.0
7.0
37.0
3.0
153.0
85.0
1.0
1.0
1.0
2.0
9.0
24.0
2.0
4.0
2.0
9.0
103.0
3.0
9.0
3.0
9.0
1.0
3.0
1.0
1.0
9410.0
1159.0
1.0
565.0
1.0
2.0
7.0
3.0
878.0
1.0
124.0
2532.0
306.0
1.0
1.0
1.0
8.0
2.0
110.0
3.0
399.0
4.0
1.0
10.0
16.0
4.0
3.0
1.0
1.0
1.0
83.0
4.0
180.0
4.0
73.0
5.0
5.0
204.0
3.0
1303.0
6.0
1.0
9.0
2.0
1.0
87.0
13.0
22.0
1.0
1.0
312.0
1.0
1.0
4.0
1.0
1.0
351.0
2.0
3.0
3.0
1.0
15.0
293.0
19.0
3.0
3.0
653.0
2.0
1.0
3.0
352.0
7.0
40.0
1.0
1.0
2.0
57.0
4.0
8.0
123.0
2.0
8.0
2.0
7.0
4444.0
960.0
1.0
46.0
351.0
2.0
5.0
1.0
3.0
155.0
626.0
3.0
356.0
1.0
2.0
2.0
2298.0
1.0
18.0
42.0
1.0
6468.0
6.0
2.0
6.0
66.0
1.0
1.0
1253.0
1.0
292.0
8.0
52.0
7.0
3.0
1.0
71.0
2.0
50.0
1.0
771.0
4.0
18.0
1.0
3.0
21.0
40.0
1.0
14.0
1.0
1.0
2.0
183.0
3.0
25.0
4.0
1076.0
3.0
5.0
1.0
1.0
19.0
1.0
1272.0
1.0
1.0
1.0
1.0
5.0
283.0
3.0
1.0
1.0
1.0
3.0
1.0
3.0
586.0
8.0
1145.0
1.0
2.0
6.0
1.0
52.0
3.0
23.0
3.0
8.0
1.0
292.0
5.0
1.0
3.0
8.0
3.0
3.0
43.0
3.0
2.0
2.0
214.0
37.0
11207.0
3.0
15.0
1.0
2.0
1.0
4.0
46.0
1.0
8.0
1111.0
1225.0
3.0
3.0
1.0
2.0
3.0
3.0
7857.0
19.0
10.0
3.0
25.0
3.0
4.0
3.0
1.0
102.0
3.0
1.0
1.0
5.0
3.0
9.0
102.0
3.0
2.0
2.0
24.0
266.0
288.0
3.0
3.0
4.0
38.0
3.0
74.0
5.0
1075.0
2.0
19.0
1.0
1.0
1.0
4.0
9.0
158.0
3.0
36.0
1654.0
1.0
33.0
2.0
3.0
1.0
10.0
15.0
8.0
1.0
19.0
1723.0
3.0
1.0
3.0
7.0
1.0
29.0
8.0
4.0
46.0
1.0
258.0
3.0
1.0
65.0
602.0
252.0
7.0
4.0
44.0
4.0
3.0
1.0
3.0
130.0
2.0
3.0
3.0
1.0
2.0
75.0
1.0
3.0
17.0
652.0
12.0
580.0
17.0
1.0
77.0
15.0
1.0
5.0
1.0
3.0
1.0
2.0
3.0
2.0
1.0
1.0
2.0
351.0
5.0
2.0
1.0
2.0
3.0
6.0
7.0
1.0
2.0
3.0
43.0
183.0
1.0
5.0
64.0
39.0
103.0
1.0
697.0
67.0
1.0
354.0
1.0
2.0
1.0
3735.0
60.0
10.0
7.0
548.0
1.0
46.0
1.0
115.0
48.0
35.0
1.0
1.0
20.0
989.0
3.0
1554.0
3.0
14.0
6.0
16.0
1.0
177.0
3.0
44.0
1.0
3.0
4.0
1.0
87.0
1.0
2.0
6.0
20.0
2.0
817.0
1.0
12.0
1.0
9.0
3.0
1.0
33.0
2.0
1.0
116.0
2.0
145.0
1.0
1.0
3.0
1.0
17.0
961.0
122.0
251.0
11.0
1.0
1.0
3.0
256.0
442.0
24.0
1.0
1808.0
9.0
206.0
920.0
1.0
6.0
3.0
701.0
1.0
1.0
30.0
2.0
1.0
2.0
303.0
9.0
11.0
7.0
18.0
4.0
3.0
2.0
16.0
7.0
9.0
3.0
2.0
344.0
1.0
1.0
1.0
55.0
19.0
1.0
3.0
1.0
15.0
1.0
3.0
3.0
669.0
3.0
849.0
3.0
3.0
1.0
3.0
2.0
1.0
444.0
3.0
108.0
3.0
7.0
1.0
3.0
24.0
351.0
3.0
929.0
3.0
588.0
1.0
191.0
19.0
1.0
346.0
3.0
3.0
4.0
6.0
4.0
16.0
103.0
4.0
3.0
3.0
5.0
7.0
38.0
17.0
14.0
7.0
24.0
5.0
23104.0
1.0
1.0
1097.0
6.0
446.0
1.0
8.0
7.0
3.0
373.0
2.0
2.0
8.0
173.0
4.0
3.0
11.0
1.0
416.0
1.0
3.0
1.0
3.0
1.0
8.0
51.0
186.0
5.0
1021.0
10.0
439.0
6.0
1.0
2.0
64.0
124.0
3.0
3.0
1.0
24.0
3.0
3.0
4.0
2.0
2.0
204.0
7.0
1.0
16.0
66.0
3.0
2.0
71.0
3.0
3.0
3.0
6.0
1.0
4.0
2.0
14.0
5.0
2.0
149.0
5.0
222.0
24.0
3.0
1.0
2.0
98.0
1.0
569.0
3.0
1.0
6.0
114.0
2.0
234.0
1.0
82.0
3.0
1.0
1.0
3.0
1.0
1.0
1.0
149.0
2.0
3.0
735.0
2.0
2.0
465.0
4.0
1.0
612.0
18.0
1.0
2.0
4.0
3.0
1.0
4.0
1.0
2.0
1.0
5.0
430.0
42.0
100.0
1.0
1.0
1147.0
1.0
23.0
8.0
7.0
29.0
14.0
65.0
2.0
1.0
13.0
67.0
1.0
1.0
103.0
1.0
75.0
1.0
1.0
696.0
668.0
2.0
1.0
1.0
3.0
2523.0
2.0
1.0
1.0
1.0
400.0
4.0
39.0
17.0
265.0
4.0
351.0
142.0
3.0
80.0
2.0
2.0
2.0
10.0
2.0
1.0
1.0
3.0
8.0
7.0
5.0
345.0
5.0
1.0
3.0
423.0
1.0
41.0
3.0
1.0
90.0
1.0
452.0
351.0
37.0
17.0
5.0
3.0
3.0
2.0
3.0
87.0
10.0
3.0
5.0
16.0
1.0
296.0
18.0
277.0
3.0
13.0
1.0
216.0
4.0
1268.0
1.0
1.0
3.0
6.0
2.0
3.0
14385.0
2.0
12.0
250.0
3.0
2.0
12.0
3.0
6.0
112.0
727.0
46.0
1.0
9.0
3.0
1900.0
1.0
1.0
44.0
55.0
1.0
5.0
1.0
114.0
3.0
3.0
1.0
2.0
20.0
1.0
2.0
3.0
59.0
3.0
1.0
2.0
11.0
1.0
2.0
331.0
1.0
3.0
1171.0
36.0
1042.0
1.0
29.0
324.0
2.0
42.0
15.0
2.0
737.0
42.0
2.0
14555.0
14.0
17.0
2.0
3.0
10.0
6.0
3.0
218.0
3.0
7.0
156.0
5.0
1.0
97.0
4.0
4.0
1.0
255.0
3.0
1.0
5.0
5.0
3.0
642.0
3.0
7.0
29.0
245.0
2.0
3.0
3.0
1.0
1.0
1.0
6.0
3.0
4.0
1.0
13.0
14.0
542.0
1.0
24.0
978.0
3.0
313.0
1.0
1.0
3.0
1.0
1.0
23.0
73.0
2.0
4.0
2.0
201.0
13.0
3.0
1.0
5.0
4.0
2.0
5.0
9.0
78.0
37.0
8.0
1.0
1.0
1.0
1.0
1.0
12.0
67.0
6305.0
2.0
3.0
574.0
4.0
1.0
29.0
2.0
355.0
1.0
9.0
2.0
793.0
1.0
1.0
1.0
3.0
779.0
1200.0
587.0
2.0
51.0
1.0
23.0
38.0
1.0
11.0
292.0
255.0
4.0
373.0
1.0
3.0
379.0
93.0
85.0
30.0
3.0
1.0
3.0
900.0
6.0
3.0
1.0
28.0
1.0
1.0
1.0
2.0
3.0
215.0
1.0
2695.0
1.0
4.0
10.0
68.0
73.0
1800.0
2.0
15.0
1.0
1.0
469.0
4.0
8.0
1.0
16.0
3.0
1.0
4.0
1.0
261.0
1.0
3.0
1.0
3.0
2.0
1.0
3.0
1.0
118.0
1.0
33.0
82.0
1.0
3.0
3.0
5.0
1.0
29.0
4.0
591.0
3.0
102.0
2.0
7.0
1.0
2.0
18.0
4.0
2.0
8.0
109.0
60.0
460.0
7.0
5.0
154.0
2.0
1.0
2.0
1.0
1.0
19.0
8.0
5.0
1491.0
3.0
737.0
360.0
20.0
5.0
1.0
8.0
65.0
6.0
3.0
65.0
5.0
11.0
69.0
2.0
351.0
1.0
965.0
19.0
138.0
914.0
28.0
2627.0
41.0
9.0
772.0
13.0
1.0
1.0
2.0
254.0
153.0
83.0
57.0
6.0
3.0
3.0
3.0
34.0
24.0
117.0
1.0
65.0
1.0
21.0
1.0
2.0
4.0
6.0
9.0
63.0
1.0
3.0
31.0
3.0
28.0
2.0
112.0
965.0
1.0
7.0
1.0
3864.0
252.0
2.0
2.0
6.0
3.0
2.0
3.0
55.0
1.0
1.0
99.0
43.0
102.0
1.0
10.0
696.0
1.0
3.0
1.0
78.0
64793.0
12.0
1.0
1.0
4.0
5.0
1.0
2.0
30.0
3.0
24.0
1.0
4.0
24.0
167.0
22.0
19.0
1.0
1.0
164.0
40.0
1.0
3.0
1.0
242.0
105.0
1896.0
1.0
87.0
7.0
2.0
2.0
3.0
59.0
1.0
5.0
322.0
1224.0
2.0
684.0
1.0
24.0
1.0
6.0
18.0
2.0
15.0
1.0
46.0
1.0
1.0
1.0
1.0
90.0
1581.0
596.0
1.0
3.0
245.0
101.0
1.0
410.0
2.0
1.0
2.0
11.0
302.0
8.0
1172.0
9.0
361.0
152.0
200.0
2.0
2.0
292.0
687.0
3.0
8.0
5.0
1.0
6.0
3.0
3.0
1.0
29.0
4.0
1.0
7.0
2.0
1.0
1.0
8.0
3.0
1.0
1.0
1.0
413.0
2.0
39.0
1.0
74.0
2.0
4.0
1.0
2.0
1.0
1.0
3.0
4.0
2.0
1.0
1.0
3.0
351.0
1.0
7.0
3.0
282.0
39.0
328.0
1.0
3.0
3.0
5.0
5.0
3.0
1.0
1.0
2.0
1653.0
3.0
3048.0
3.0
62.0
5.0
9.0
102.0
16.0
1.0
3.0
3.0
1.0
3.0
1.0
4.0
4.0
24.0
2.0
3.0
1.0
1324.0
2.0
3.0
1.0
1368.0
1.0
12.0
3.0
3.0
1.0
3.0
117.0
1.0
97.0
45.0
9.0
1.0
5.0
2282.0
13.0
1.0
1.0
48.0
3.0
1.0
6.0
1.0
1.0
1412.0
1.0
3.0
35.0
9.0
2.0
1.0
127.0
12.0
1.0
19.0
1.0
2.0
1.0
5.0
1.0
1.0
2287.0
190.0
1.0
1.0
8.0
11.0
13.0
38.0
1.0
1.0
3.0
1.0
3.0
6.0
4.0
1.0
4.0
1.0
6.0
541.0
3.0
4.0
1.0
3.0
280.0
6.0
1.0
1.0
9.0
2.0
1.0
13010.0
3.0
1.0
2.0
3.0
1.0
102.0
115.0
351.0
9.0
2.0
3.0
1.0
1.0
2.0
29.0
87.0
3.0
1.0
3.0
3.0
4.0
3.0
2.0
1.0
4.0
2.0
1.0
1.0
3.0
1.0
3.0
1.0
3.0
2.0
338.0
3.0
276.0
3.0
125.0
4.0
7.0
1.0
4.0
231.0
743.0
3991.0
171.0
3.0
10.0
3.0
3.0
1.0
1.0
1.0
1.0
26.0
1.0
2.0
61.0
288.0
1.0
242.0
3.0
1.0
3.0
209.0
1.0
1.0
3.0
1.0
3.0
1736.0
5.0
4351.0
26.0
3.0
3.0
4.0
788.0
2.0
2.0
86.0
31.0
1.0
7.0
1.0
1.0
14.0
4.0
110.0
175.0
97.0
4.0
1.0
102.0
6.0
33.0
3.0
880.0
132.0
16.0
3.0
8.0
1.0
32.0
23.0
187.0
1.0
3.0
17.0
156.0
16.0
8.0
1.0
34.0
2.0
887.0
7.0
5.0
3.0
3.0
743.0
7.0
4.0
329.0
1.0
192.0
1.0
1.0
15.0
3.0
1.0
213.0
1.0
1.0
106.0
28.0
1.0
3.0
3.0
3416.0
3.0
9.0
1.0
1.0
1.0
1.0
1.0
3.0
677.0
2.0
9.0
1.0
1.0
2.0
1.0
3.0
492.0
1.0
58.0
3.0
288.0
4.0
9.0
787.0
3.0
114.0
3.0
1.0
6.0
2.0
1180.0
15.0
121.0
2040.0
21.0
3.0
3.0
74.0
1.0
443.0
1.0
10.0
1.0
13916.0
3.0
972.0
242.0
1.0
1.0
3.0
21.0
1.0
1.0
264.0
36.0
11.0
3.0
512.0
26.0
44287.0
1142.0
2.0
7.0
2.0
1.0
3.0
1.0
1.0
30.0
1.0
1.0
656.0
1.0
9.0
313.0
38.0
4.0
8.0
106.0
1.0
33.0
5.0
14.0
25.0
15.0
1.0
1.0
116.0
699.0
19.0
16.0
2.0
1.0
1.0
29.0
1.0
200.0
179.0
91.0
3.0
3.0
190.0
56.0
3.0
1.0
1.0
3.0
1.0
178.0
3.0
24.0
4.0
150.0
4.0
5.0
1622.0
1.0
1.0
246.0
2.0
8.0
2.0
2.0
20.0
417.0
58.0
2.0
3.0
19.0
61.0
4.0
1639.0
1.0
1.0
1249.0
1.0
3.0
3.0
212.0
30.0
1.0
295.0
1.0
346.0
27.0
93.0
350.0
16.0
1.0
2.0
2.0
421.0
17.0
1.0
3.0
1.0
1.0
4.0
8.0
7.0
274.0
1.0
3.0
3.0
2.0
104.0
877.0
1.0
4.0
28.0
5.0
19.0
13.0
4.0
1.0
1.0
2.0
8.0
1.0
10.0
2588.0
3.0
9.0
439.0
3.0
6.0
4846.0
1.0
17.0
138.0
1.0
1.0
1.0
79.0
3.0
1.0
12.0
11.0
3.0
1.0
1.0
1.0
274.0
5.0
1.0
1.0
2.0
1.0
82.0
3.0
15.0
3.0
2.0
1.0
1100.0
1.0
24.0
5.0
5756.0
30.0
1.0
8.0
14.0
3.0
117.0
1.0
3351.0
3.0
2.0
1.0
150.0
10.0
5.0
2.0
4.0
6.0
2.0
211.0
1.0
1.0
3.0
1.0
125.0
2.0
1.0
247.0
10.0
42.0
1.0
3.0
8.0
18.0
1.0
1.0
8.0
24.0
3.0
1.0
2613.0
278.0
1.0
1.0
20.0
12474.0
246.0
3.0
123.0
451.0
3.0
2.0
6.0
2.0
45.0
7388.0
3.0
1.0
50.0
1.0
4.0
29.0
9.0
8.0
4.0
24.0
581.0
1.0
9.0
19.0
2.0
1571.0
1.0
1.0
7.0
2.0
30.0
2.0
1.0
36.0
208.0
4597.0
86.0
1.0
1.0
9641.0
1.0
1.0
6.0
1.0
4.0
42.0
1971.0
1.0
3.0
12.0
1.0
1.0
7.0
24.0
696.0
3.0
1.0
60.0
3.0
5.0
22.0
5.0
1.0
103.0
55.0
2.0
1.0
2.0
8.0
16.0
3.0
2.0
5.0
10.0
2.0
5.0
3.0
4.0
1.0
1.0
5.0
10.0
98.0
1.0
14.0
12.0
86.0
4.0
315.0
8.0
1.0
7.0
1.0
2.0
1318.0
166.0
3.0
2.0
1.0
799.0
535.0
1.0
3.0
16.0
1.0
1432.0
623.0
4425.0
3.0
1.0
3.0
255.0
1.0
3.0
19.0
3.0
165.0
65.0
9.0
9.0
4.0
56.0
165.0
9.0
33.0
54.0
1.0
6.0
5.0
2.0
3.0
115.0
47.0
1.0
3462.0
1.0
3.0
2539.0
1.0
2.0
1.0
1.0
3.0
2.0
1.0
1.0
1.0
1.0
21.0
14.0
10.0
1251.0
92.0
11.0
5.0
6.0
1.0
1.0
5.0
2.0
3.0
30.0
24.0
1.0
1.0
2.0
1.0
2.0
104.0
11.0
13.0
136.0
4.0
1.0
1.0
1.0
9.0
22.0
24.0
1.0
3.0
4.0
1.0
2.0
12.0
483.0
1.0
126.0
4.0
8.0
2.0
1.0
1.0
2.0
22.0
2.0
18.0
1.0
2.0
1.0
3.0
177.0
2.0
3.0
12.0
1.0
84.0
1.0
1.0
3.0
1413.0
3.0
1077.0
1.0
7.0
9.0
2.0
1.0
2.0
73.0
5.0
3.0
492.0
3.0
6209.0
1872.0
1.0
1.0
3.0
13.0
1.0
20.0
3.0
25.0
1.0
717.0
5.0
1.0
3.0
19.0
169.0
5.0
1.0
1.0
4219.0
695.0
9.0
1.0
51.0
8.0
2.0
3.0
74.0
3256.0
8.0
949.0
3.0
3.0
3.0
2.0
3.0
2.0
45.0
1.0
625.0
1.0
167.0
1.0
7.0
4.0
11.0
24.0
1.0
8.0
6056.0
3.0
193.0
1.0
1.0
148.0
3663.0
42.0
4.0
1.0
3.0
687.0
12.0
11.0
1.0
12.0
1.0
2.0
1.0
3.0
1.0
1.0
1.0
3.0
1.0
3.0
2.0
3.0
2.0
1.0
176.0
1.0
4.0
3.0
3.0
4.0
212.0
394.0
733.0
2.0
22.0
1.0
2.0
1.0
1.0
338.0
1.0
4.0
2.0
33.0
1558.0
63.0
2.0
8.0
80.0
9359.0
27.0
8.0
2.0
23.0
1.0
164.0
1.0
4.0
1.0
35.0
16.0
1.0
3.0
36.0
2.0
46.0
2.0
3.0
3943.0
1.0
1517.0
152.0
25.0
11.0
7.0
1.0
1.0
1.0
492.0
31.0
1.0
1006.0
1.0
1.0
1.0
1535.0
5.0
430.0
90.0
1.0
2.0
1449.0
3.0
2.0
205.0
46.0
22.0
79.0
1.0
1.0
1.0
3.0
4.0
5.0
569.0
1.0
115.0
1.0
2.0
478.0
33.0
1.0
1.0
72.0
1.0
254.0
19.0
1.0
2.0
2.0
248.0
3.0
2.0
19.0
3.0
11.0
18.0
3.0
27.0
1.0
3.0
2.0
22.0
11.0
2.0
4.0
147.0
3.0
17.0
955.0
3.0
1.0
7.0
2.0
1.0
2.0
3.0
3.0
2.0
10.0
1303.0
880.0
28.0
6.0
12.0
43.0
2.0
3.0
117.0
3.0
2.0
2.0
4.0
1.0
33.0
30.0
10.0
14.0
1.0
2.0
4.0
86.0
1.0
1.0
1.0
2.0
3.0
39.0
3.0
17.0
153.0
1.0
344.0
1.0
3.0
1.0
3.0
1.0
3.0
1.0
2.0
2.0
555.0
6.0
1.0
2.0
32.0
1.0
12.0
1676.0
18.0
11.0
764.0
73.0
2.0
1293.0
2.0
165.0
101.0
4.0
25.0
1.0
1.0
42.0
3.0
8.0
3.0
27.0
66.0
27.0
3.0
1.0
1672.0
60.0
3.0
3.0
1.0
288.0
2.0
4.0
3580.0
296.0
1.0
2.0
1.0
858.0
6.0
74340.0
1.0
806.0
1.0
889.0
1.0
2.0
1.0
1.0
1.0
5.0
1.0
105.0
1.0
24.0
129.0
11.0
1.0
1.0
16.0
282.0
16.0
2123.0
1010.0
1.0
3.0
106.0
22.0
1.0
1810.0
1.0
14.0
3.0
1.0
12.0
19.0
4.0
1183.0
429.0
3.0
39.0
41.0
9.0
2.0
3.0
1.0
34.0
1.0
2.0
3.0
642.0
1.0
1.0
10.0
1.0
31.0
2.0
1.0
569.0
23.0
370.0
785.0
157.0
1.0
447.0
1.0
94.0
1.0
83.0
1.0
6.0
1090.0
4.0
1.0
7.0
1.0
313.0
2.0
4.0
3.0
2.0
412.0
1149.0
1.0
1.0
127.0
1.0
37.0
5.0
6.0
1.0
3.0
2.0
11.0
3.0
2.0
41.0
1.0
112.0
149.0
25.0
161.0
873.0
3.0
3.0
1.0
3.0
195.0
3.0
654.0
2.0
3.0
3.0
10.0
514.0
519.0
14.0
93.0
3.0
1.0
8.0
9.0
2.0
1.0
1.0
1.0
1.0
3.0
68.0
2.0
1.0
2.0
1.0
1.0
19.0
1.0
4.0
4.0
823.0
1.0
10.0
388.0
71.0
1.0
2.0
3.0
1.0
863.0
2.0
411.0
5.0
367.0
5.0
1.0
9.0
5.0
14734.0
3.0
1.0
1305.0
2.0
1778.0
5217.0
9.0
3.0
173.0
11.0
3.0
2.0
1.0
4.0
37.0
2.0
1.0
1089.0
17.0
2.0
2.0
1.0
2.0
3.0
2.0
1394.0
10.0
1.0
1.0
1.0
3.0
11.0
1.0
3.0
2.0
1453.0
3.0
566.0
5.0
36.0
5.0
5.0
2.0
3.0
3.0
5599.0
11.0
1.0
15.0
4.0
1.0
3.0
1.0
5.0
20.0
17.0
12.0
3.0
1.0
1.0
464.0
4.0
1.0
144.0
279.0
3.0
3.0
2.0
2.0
1.0
22.0
1003.0
2.0
1.0
1.0
8.0
2.0
288.0
501.0
713.0
1632.0
3574.0
3.0
97.0
55.0
3.0
3.0
46.0
3.0
1.0
3.0
514.0
4.0
4.0
5.0
1025.0
21.0
784.0
211.0
453.0
3.0
3.0
2.0
1.0
1.0
1.0
29.0
1.0
1.0
4.0
6.0
27.0
2.0
2.0
12.0
4.0
3.0
24.0
19.0
6.0
105.0
6.0
535.0
558.0
1.0
10.0
991.0
5.0
7.0
3.0
961.0
3.0
3.0
1.0
24.0
3.0
2.0
6.0
20.0
1.0
4.0
1.0
9.0
15.0
6489.0
4414.0
2.0
1.0
31728.0
1.0
3.0
3.0
35.0
1.0
3.0
2.0
26.0
4.0
1.0
9.0
1.0
2.0
168.0
3.0
3.0
105.0
4.0
7.0
1.0
259.0
12.0
15.0
8.0
8.0
2.0
1.0
1.0
3.0
1.0
1.0
1.0
26.0
2.0
6.0
3.0
1.0
17.0
768.0
1.0
9.0
107.0
1.0
1.0
3.0
1.0
6.0
1505.0
5.0
1.0
74.0
1.0
1.0
11.0
2.0
3.0
1.0
2.0
21.0
3.0
1.0
5.0
843.0
31.0
16.0
30.0
12.0
1.0
1.0
1.0
102.0
2.0
38.0
50.0
3.0
2049.0
647.0
3.0
106.0
1.0
31.0
1576.0
9.0
2.0
1.0
6.0
3.0
135.0
1.0
312.0
1.0
4.0
57.0
1.0
45.0
2543.0
11061.0
150.0
3.0
2004.0
29.0
5.0
165.0
1.0
2979.0
1908.0
2.0
421.0
1.0
9.0
7.0
5.0
1.0
3.0
4.0
3.0
1.0
15.0
3.0
1.0
9.0
1569.0
1.0
1.0
149.0
2.0
5.0
1.0
1.0
1.0
1.0
3.0
1225.0
3.0
1.0
1.0
613.0
4.0
125.0
59.0
33.0
16.0
64.0
1.0
31.0
18.0
2.0
1.0
1.0
46.0
20.0
3.0
5.0
3.0
3.0
1.0
1.0
13.0
3.0
3.0
2.0
84.0
5.0
1.0
2.0
2.0
82.0
1385.0
3.0
3.0
2.0
201.0
16.0
36.0
1.0
5.0
13.0
1.0
3.0
3.0
10.0
7.0
6.0
3.0
25.0
3.0
3.0
1.0
54.0
3.0
1.0
266.0
10.0
14.0
4.0
7096.0
2.0
35.0
1.0
1.0
8.0
3.0
60.0
70.0
1.0
17.0
4.0
1422.0
1277.0
1.0
150.0
30.0
5.0
9.0
364.0
1.0
3.0
10.0
3.0
1.0
24.0
4.0
546.0
1.0
69.0
1.0
25.0
1.0
1.0
31.0
19.0
17.0
3.0
5.0
1.0
1.0
83.0
75.0
1.0
1.0
1.0
9.0
144.0
1.0
6.0
11.0
2.0
8.0
1.0
17.0
1.0
3.0
1.0
67.0
617.0
9.0
1.0
2.0
1.0
3.0
98.0
2.0
1.0
1.0
92.0
2.0
6753.0
70.0
520.0
1.0
65.0
1.0
1.0
3.0
1536.0
2.0
2.0
9.0
178.0
102.0
67.0
1.0
2.0
1.0
6.0
1.0
196.0
81.0
8.0
1.0
3.0
32.0
20.0
316.0
1.0
1.0
8.0
2.0
311.0
23.0
14.0
16.0
1.0
3.0
1.0
2.0
4351.0
26.0
86.0
8.0
6.0
1.0
5.0
1.0
1.0
2.0
5.0
7.0
3.0
3.0
1.0
421.0
2.0
1.0
2.0
2.0
1.0
1.0
1.0
8.0
338.0
3.0
3.0
1.0
310.0
1.0
162.0
3.0
23.0
1.0
1.0
7.0
770.0
4.0
3.0
1739.0
1.0
1.0
1.0
2.0
3.0
3.0
8.0
13.0
3.0
8.0
9.0
9.0
1.0
4.0
1.0
346.0
3.0
13.0
3.0
8.0
1.0
11.0
2.0
4434.0
3.0
4.0
573.0
7.0
428.0
218.0
1081.0
19.0
7471.0
1117.0
9.0
4.0
1.0
37.0
233.0
2.0
67.0
12.0
4.0
23.0
12.0
2.0
13.0
6.0
1.0
17.0
9.0
67.0
3.0
3.0
3902.0
22.0
1.0
74.0
324.0
4.0
1.0
3.0
4.0
1.0
46.0
5.0
2.0
102.0
3.0
1.0
3.0
3.0
19.0
1.0
3838.0
1.0
3.0
731.0
170.0
74.0
1.0
3.0
981.0
8.0
3.0
1.0
4475.0
10.0
9.0
5.0
3.0
2.0
7.0
1.0
19.0
27.0
3.0
2.0
1109.0
1.0
25.0
1.0
8.0
21.0
152.0
1.0
2.0
3.0
124.0
1.0
64.0
3.0
22.0
1.0
1.0
4.0
1.0
1.0
2.0
8.0
2.0
1.0
1493.0
3.0
4.0
31.0
4.0
1066.0
1815.0
5.0
10717.0
17.0
1.0
2.0
1782.0
2.0
4.0
5.0
9.0
18.0
158.0
3.0
1556.0
33.0
1.0
1.0
3.0
3.0
6.0
5.0
596.0
1.0
977.0
1.0
101.0
3.0
4.0
9.0
8.0
5.0
666.0
414.0
17.0
63.0
5641.0
1.0
19.0
2.0
1.0
9.0
28.0
395.0
2.0
24.0
3.0
5.0
12.0
2.0
1.0
14.0
7.0
3.0
1.0
202.0
2.0
1.0
5.0
2.0
2.0
1536.0
1.0
1.0
3.0
132.0
8.0
1.0
17.0
9.0
2.0
1.0
7.0
1.0
4.0
1.0
2.0
2.0
550.0
1.0
282.0
1.0
1.0
3.0
3.0
24.0
1.0
1.0
4.0
265.0
1.0
11.0
1.0
1.0
3.0
101.0
351.0
18.0
1.0
2.0
3.0
3.0
6.0
4.0
1.0
152.0
4.0
2.0
3.0
16.0
1.0
2.0
3.0
735.0
3.0
1.0
1.0
3.0
60.0
7.0
3.0
2.0
1.0
3.0
2.0
13.0
2.0
2.0
230.0
703.0
2.0
7.0
8.0
4513.0
1.0
5.0
75.0
2.0
1.0
899.0
1.0
796.0
1.0
1.0
102.0
1.0
12.0
3.0
379.0
1.0
50.0
1.0
25.0
21.0
11.0
1.0
8.0
1668.0
83.0
33.0
1.0
338.0
9.0
68.0
21.0
1.0
41.0
2.0
29.0
83.0
19.0
2.0
23.0
3.0
10.0
516.0
10.0
1.0
1.0
1.0
82.0
1.0
30.0
1.0
148.0
32.0
5.0
32.0
2.0
1.0
740.0
326.0
19.0
1.0
5.0
7.0
1.0
7.0
5.0
1398.0
124.0
9.0
3.0
1.0
3.0
160.0
1601.0
2.0
1.0
1177.0
2643.0
1.0
1093.0
1.0
2.0
24.0
3.0
67.0
1.0
1.0
2799.0
9.0
3000.0
26.0
3.0
2.0
37.0
3.0
1.0
533.0
6.0
1.0
2.0
43066.0
2.0
93.0
38.0
87.0
6.0
1.0
7.0
1.0
1.0
1.0
1.0
135.0
2.0
4.0
12.0
67.0
1.0
3.0
20.0
3.0
1.0
1.0
3.0
24.0
1.0
1.0
1.0
4.0
1.0
7.0
250.0
2.0
43.0
513.0
3.0
21.0
1.0
3.0
11.0
14.0
1.0
98.0
1.0
909.0
9.0
3.0
1.0
1.0
5.0
6.0
4.0
1.0
2.0
38.0
3.0
19.0
1.0
7.0
1.0
503.0
1.0
13.0
1.0
2.0
127.0
23.0
2.0
1.0
4.0
5.0
5.0
92.0
1516.0
2.0
3.0
3.0
11.0
16528.0
801.0
1.0
1.0
2.0
161.0
1.0
2.0
6.0
3.0
21.0
2.0
2.0
3.0
1.0
1.0
108.0
1.0
26.0
351.0
32.0
2.0
3.0
2.0
413.0
31.0
1.0
1.0
39333.0
24.0
1.0
1.0
75.0
1513.0
296.0
28.0
4.0
2.0
2.0
1.0
60.0
1168.0
2639.0
2.0
1.0
1.0
19.0
166.0
3.0
1.0
1.0
1.0
16.0
1.0
977.0
1.0
3.0
19.0
3.0
124.0
1.0
2.0
1.0
9.0
2.0
1.0
3.0
1.0
2.0
292.0
2.0
6.0
5816.0
7.0
2.0
2.0
343.0
199.0
1.0
3.0
27.0
1.0
611.0
3.0
16.0
597.0
2.0
1.0
5.0
5.0
66.0
42.0
61013.0
20.0
231.0
1.0
9.0
2.0
11.0
1.0
2.0
1.0
23.0
1.0
4.0
1.0
3.0
2.0
29.0
10.0
1.0
2.0
1.0
538.0
288.0
314.0
11.0
1.0
41.0
67.0
1.0
1673.0
1.0
89.0
7.0
1.0
4.0
20.0
7361.0
3.0
1.0
23.0
3.0
2.0
2.0
1.0
1.0
3.0
4.0
9.0
2.0
1.0
1.0
6.0
1.0
1.0
9.0
1.0
1012.0
2.0
1.0
131.0
6.0
106.0
23.0
1.0
2.0
14385.0
594.0
3.0
1.0
21.0
1341.0
3.0
8.0
2.0
6.0
1.0
1.0
5.0
199.0
1.0
73.0
421.0
1691.0
62.0
30.0
1.0
17.0
1734.0
16.0
37.0
2.0
1.0
1.0
1.0
1425.0
22.0
55.0
266.0
67.0
1.0
798.0
1.0
56.0
8.0
991.0
45.0
3.0
2.0
1.0
3.0
961.0
1.0
10.0
1.0
3.0
77.0
10.0
5.0
116.0
14.0
7.0
1.0
1.0
1.0
1.0
10.0
3000.0
1.0
1.0
660.0
16.0
3.0
1.0
3.0
668.0
1.0
510.0
1.0
4.0
8.0
14.0
415.0
3.0
2.0
2.0
2.0
65.0
4.0
3.0
4334.0
2.0
1.0
1230.0
9.0
2.0
11.0
11.0
3.0
1.0
1.0
2.0
1.0
1.0
6.0
389.0
2.0
351.0
3.0
1.0
1.0
9.0
11.0
24.0
1.0
108.0
2.0
3.0
9.0
2.0
3.0
24.0
290.0
1.0
2.0
2.0
13.0
1.0
1.0
1.0
19.0
1.0
587.0
1965.0
2.0
1.0
36.0
383.0
2.0
1.0
2.0
3.0
1.0
1.0
3.0
31.0
19.0
3.0
3.0
1.0
16.0
1.0
2.0
110.0
20.0
835.0
4.0
12.0
35.0
2.0
3.0
332.0
9.0
3.0
14.0
3.0
55.0
5.0
1.0
1039.0
132.0
3.0
274.0
1.0
12.0
34.0
9.0
2.0
1.0
451.0
13.0
9.0
2.0
960.0
5.0
46.0
2.0
3.0
24.0
3.0
31.0
2.0
3.0
164.0
24.0
17.0
2.0
15.0
9.0
8.0
9.0
2.0
3.0
7.0
3.0
36.0
1.0
1.0
3.0
445.0
246.0
774.0
25.0
5.0
2.0
3.0
8.0
1404.0
1.0
24.0
1.0
2.0
1.0
1.0
1.0
3.0
9.0
4.0
1.0
2.0
3.0
1.0
1.0
2.0
661.0
11056.0
2.0
24.0
2.0
1.0
10.0
594.0
3.0
1.0
8.0
7.0
1013.0
364.0
1.0
1.0
3.0
7.0
8.0
1.0
128.0
16.0
1.0
3.0
1.0
7.0
7.0
7.0
9.0
2.0
7.0
6.0
10.0
8.0
2.0
1.0
103.0
1.0
3.0
5.0
1410.0
4.0
3.0
2.0
97.0
2.0
1.0
8.0
3.0
2.0
4.0
1.0
24.0
1.0
2.0
5.0
8.0
6.0
3.0
4.0
32.0
3.0
112.0
4.0
1.0
29.0
1.0
3.0
3.0
1.0
4.0
11.0
63.0
1.0
7.0
2.0
12.0
8.0
41.0
282.0
5.0
1.0
103.0
7.0
6.0
276.0
1.0
116.0
158.0
265.0
13.0
1.0
2.0
1.0
667.0
1.0
1.0
82.0
9.0
391.0
18.0
1.0
1.0
13.0
3.0
16.0
152.0
1076.0
1.0
1.0
2.0
6.0
2430.0
1.0
1.0
3.0
52.0
64.0
34.0
1.0
33.0
1.0
709.0
1.0
1.0
4.0
2.0
6215.0
56.0
1.0
15.0
48.0
26.0
62.0
3.0
8.0
1.0
1.0
1.0
5.0
2.0
1.0
2.0
35.0
14.0
60.0
1.0
8.0
3.0
8.0
23.0
15.0
1.0
8.0
9.0
4.0
7.0
421.0
1121.0
3.0
8.0
29.0
9.0
1.0
79.0
3.0
11.0
3.0
1.0
4.0
1.0
10.0
115.0
9.0
183.0
2.0
26.0
4.0
5.0
1.0
1.0
4.0
3.0
1018.0
2.0
2.0
3.0
3.0
12.0
1.0
2.0
1.0
60.0
1.0
1.0
1.0
10.0
2350.0
323.0
24.0
2.0
2.0
7.0
5.0
6.0
38.0
188.0
22.0
1.0
2.0
2.0
1531.0
72.0
3.0
2.0
3.0
1.0
356.0
25.0
1.0
8.0
3.0
65.0
3.0
14.0
3.0
1.0
3.0
125.0
3.0
17.0
1.0
6.0
24.0
13.0
17.0
1.0
244.0
139.0
1.0
1.0
1.0
1.0
1071.0
3.0
7.0
8.0
14.0
582.0
38.0
2.0
4.0
36.0
1.0
9.0
1.0
19.0
1.0
20.0
7.0
9.0
3.0
2.0
32.0
11.0
1.0
4372.0
1.0
351.0
209.0
2.0
2.0
1.0
43.0
1.0
15.0
1.0
2.0
159.0
3.0
138.0
2.0
2.0
4.0
2.0
1321.0
4.0
18.0
139.0
9.0
3.0
1.0
3.0
897.0
3.0
311.0
1.0
1.0
35.0
1.0
596.0
57.0
4.0
2.0
1.0
20.0
1.0
3.0
28.0
1.0
39.0
79.0
1430.0
11.0
4434.0
2092.0
399.0
3.0
5.0
3.0
2062.0
1.0
144.0
1.0
1.0
1.0
588.0
1.0
2.0
154.0
83.0
1422.0
2497.0
2.0
2.0
1.0
7.0
2.0
65.0
3.0
1225.0
100.0
3.0
1925.0
2.0
2.0
32.0
39.0
3.0
1.0
1.0
1.0
3.0
110.0
253.0
594.0
17.0
4.0
10.0
10.0
1.0
3.0
3.0
4.0
1.0
7.0
1.0
1.0
4.0
257.0
3.0
37.0
63.0
1.0
3.0
1.0
2.0
2.0
26.0
1.0
3.0
4.0
737.0
1.0
8.0
4.0
1.0
9.0
1.0
4.0
74.0
4.0
1.0
1680.0
9.0
1.0
53.0
94.0
4.0
73.0
2.0
46.0
4.0
7.0
87.0
1.0
4.0
1.0
3.0
1.0
1.0
298.0
3.0
252.0
5.0
5.0
2.0
4.0
7.0
75.0
3.0
720.0
1.0
3.0
16.0
878.0
6.0
1797.0
3.0
12.0
4.0
3.0
668.0
6.0
2.0
1.0
1.0
9.0
3.0
1.0
55.0
2989.0
4.0
738.0
1.0
1.0
4.0
4.0
1.0
2.0
73.0
1.0
3.0
1.0
3.0
2.0
24.0
638.0
1.0
3.0
1239.0
73.0
4.0
3.0
1.0
2.0
1.0
2.0
6.0
5.0
3.0
1.0
1166.0
364.0
990.0
109.0
3.0
3.0
21.0
1.0
9.0
37.0
3.0
3.0
5.0
271.0
3.0
3.0
2.0
4.0
6.0
1.0
10.0
5.0
2605.0
4.0
15.0
674.0
46.0
3.0
3.0
78.0
1.0
1.0
410.0
1.0
9.0
3.0
96.0
1225.0
3.0
31.0
2.0
3.0
17.0
370.0
29.0
2.0
3.0
78.0
3.0
253.0
1.0
22.0
19.0
67.0
107.0
11.0
3.0
19.0
3.0
1.0
1.0
19.0
1.0
4.0
596.0
731.0
1.0
32.0
1.0
1.0
1.0
13.0
3.0
1.0
3.0
9.0
1837.0
1.0
79.0
31.0
1.0
1.0
2.0
2849.0
1922.0
3.0
3.0
1.0
2.0
19.0
188.0
3.0
6.0
1.0
27.0
46.0
1.0
3.0
2.0
1.0
82.0
8.0
14.0
3.0
3.0
33.0
1.0
3.0
3.0
1249.0
1.0
1018.0
3.0
3.0
2.0
4424.0
105.0
1.0
1.0
13.0
24.0
1.0
3.0
3.0
2.0
2.0
3.0
3.0
2.0
6.0
74.0
2.0
8.0
626.0
81.0
19.0
3.0
4.0
276.0
611.0
12.0
8.0
282.0
3.0
7.0
3.0
3.0
1.0
1.0
1.0
2.0
1.0
239.0
1.0
2.0
1.0
14175.0
1.0
19.0
3.0
5.0
2.0
3.0
2.0
1.0
215.0
1.0
2.0
118.0
12.0
2.0
3.0
38.0
1.0
98.0
4.0
1.0
1.0
16.0
281.0
80.0
3.0
3.0
166.0
596.0
101.0
338.0
3.0
4.0
16.0
13538.0
1.0
3.0
2.0
17.0
1810.0
4.0
38.0
34.0
162.0
23.0
201.0
27.0
67.0
5473.0
7.0
41.0
1.0
1450.0
2.0
3.0
3.0
3.0
50.0
2.0
1.0
2.0
2.0
3.0
87.0
2.0
16.0
8.0
33.0
1.0
2.0
1.0
3.0
39.0
596.0
5.0
780.0
3.0
1.0
2.0
2055.0
295.0
1.0
1.0
30.0
3.0
903.0
14.0
8.0
282.0
2.0
699.0
1.0
3.0
225.0
6.0
2.0
5.0
35.0
25.0
3.0
7.0
10.0
102.0
3.0
716.0
1.0
1.0
13.0
2.0
8.0
826.0
11.0
28.0
3.0
5.0
1.0
32.0
6.0
26.0
1.0
3.0
3.0
1.0
32.0
14.0
7.0
130.0
91.0
4.0
1.0
1.0
4.0
1.0
58.0
51.0
1.0
5.0
1.0
1.0
19.0
41.0
3.0
49.0
1.0
13.0
138.0
138.0
24.0
2261.0
9.0
1.0
3.0
2.0
14385.0
4.0
4278.0
1.0
3.0
3.0
3.0
1.0
1.0
273.0
1.0
1.0
10.0
200.0
1.0
3.0
3.0
3.0
2.0
3.0
3.0
24.0
3.0
23.0
1.0
861.0
3.0
3.0
3.0
793.0
696.0
1.0
17.0
1.0
31.0
9.0
107.0
1.0
3.0
1.0
4.0
4.0
18.0
24.0
137.0
1.0
1516.0
2840.0
160.0
18.0
1.0
115.0
15.0
127.0
1.0
1.0
4.0
24.0
24.0
4.0
4.0
1.0
408.0
27.0
532.0
68.0
1.0
4.0
339.0
539.0
1.0
33.0
3.0
596.0
1.0
25.0
28.0
4.0
118.0
1.0
2.0
2.0
351.0
7.0
13.0
12.0
1.0
3.0
93.0
11.0
82.0
1.0
5.0
1.0
55.0
4.0
11.0
36.0
4.0
3.0
591.0
2527.0
1.0
1.0
1.0
5.0
272.0
4.0
50.0
3.0
4.0
54.0
1.0
3.0
2.0
3.0
53.0
2.0
12.0
1.0
3.0
63.0
2.0
1.0
1.0
6.0
284.0
1.0
1.0
3.0
1.0
10.0
4.0
200.0
943.0
1.0
5.0
9.0
2430.0
3.0
3.0
19.0
1.0
257.0
8.0
1.0
69.0
1.0
2673.0
1.0
1428.0
2.0
1.0
488.0
141.0
9.0
1.0
10.0
19.0
15.0
1.0
16.0
3.0
3.0
3.0
1.0
1.0
4.0
97.0
203.0
1.0
2.0
3.0
276.0
129.0
2.0
4.0
45.0
42036.0
485.0
1.0
2.0
1.0
1.0
3.0
3.0
4.0
1.0
26.0
36.0
1.0
5.0
724.0
172.0
2.0
3.0
2.0
2.0
6.0
15.0
1.0
1.0
19.0
2.0
10.0
66.0
3.0
32.0
1.0
1.0
2.0
959.0
17.0
3.0
10.0
1.0
1.0
1.0
1260.0
2.0
9.0
37.0
1.0
4.0
56.0
11.0
3.0
6.0
4.0
4.0
1.0
3.0
4.0
7.0
164.0
11.0
1.0
4.0
3.0
62.0
517.0
1.0
117.0
1.0
1.0
110.0
3.0
1.0
1.0
1.0
12.0
1.0
40.0
351.0
1.0
1.0
1.0
93.0
14.0
2.0
320.0
1.0
1.0
121.0
2.0
155.0
3.0
1.0
1.0
3.0
22.0
40.0
45.0
1.0
3.0
7.0
87.0
29.0
6.0
1.0
12.0
142.0
66.0
2.0
3.0
6.0
1.0
1.0
1.0
2.0
3.0
1.0
2.0
11.0
3.0
15.0
3.0
220.0
58.0
9.0
1.0
598.0
180.0
325.0
26.0
105.0
1.0
4.0
4.0
1.0
1.0
1.0
7.0
1.0
655.0
2.0
1.0
1.0
24.0
3.0
485.0
17.0
81.0
4445.0
4.0
1.0
19.0
1.0
34.0
563.0
1.0
3.0
1099.0
48.0
1.0
306.0
5.0
2.0
452.0
3.0
1.0
1.0
3.0
16.0
2.0
3.0
556.0
3.0
3.0
3.0
8.0
3.0
58.0
388.0
60.0
29.0
3.0
2.0
42.0
12.0
6.0
5.0
10.0
1.0
644.0
207.0
114.0
2.0
642.0
2.0
1.0
2.0
2.0
2.0
1.0
1.0
2.0
1.0
2.0
143.0
2.0
115.0
31.0
31.0
1.0
257.0
1515.0
25.0
3.0
2.0
55.0
1.0
32.0
6.0
1.0
6.0
4.0
8.0
2.0
9.0
23.0
65.0
3.0
244.0
3.0
97.0
3.0
447.0
5.0
1.0
5.0
2.0
1.0
3.0
1.0
2.0
8.0
24.0
3.0
1.0
20.0
133.0
1.0
241.0
4.0
3.0
24.0
1.0
2.0
23.0
14385.0
3.0
542.0
3.0
3.0
3.0
199.0
102.0
2.0
12.0
1.0
36.0
4.0
7.0
2.0
15.0
15.0
1.0
12.0
2.0
3.0
55.0
71.0
1.0
1.0
60.0
91.0
72.0
1.0
4.0
1.0
9.0
2.0
1.0
32.0
1.0
3.0
2.0
14.0
1.0
421.0
3.0
4.0
1.0
1.0
3.0
262.0
8.0
20812.0
79.0
562.0
8.0
1.0
3.0
660.0
1.0
2139.0
1.0
2.0
1.0
1.0
5.0
24.0
84.0
23.0
1.0
16.0
3.0
2612.0
5.0
3.0
3.0
3.0
8.0
1.0
7.0
3.0
12.0
12.0
1.0
1.0
108.0
7.0
1235.0
1.0
6.0
1.0
1.0
1.0
25.0
6835.0
475.0
303.0
5.0
24.0
515.0
231.0
2.0
7.0
8.0
2.0
2.0
1.0
3.0
9634.0
3.0
10.0
3.0
1.0
3.0
1.0
11.0
92.0
2.0
4.0
2.0
112.0
3.0
200.0
24.0
3.0
2.0
48.0
1.0
442.0
3.0
308.0
1.0
1.0
1486.0
4.0
3.0
25.0
2.0
1430.0
35.0
1.0
1.0
1.0
2.0
161.0
20.0
644.0
1.0
12.0
11.0
2.0
3.0
398.0
1.0
2.0
13.0
100.0
8.0
1.0
32.0
2.0
16.0
1.0
1.0
4.0
1483.0
1.0
25.0
1.0
1.0
1.0
11.0
3.0
3.0
19.0
14.0
4.0
23.0
3.0
8.0
23.0
1.0
1.0
1.0
1.0
3.0
1.0
3.0
1.0
4.0
196.0
1.0
35.0
21.0
2.0
1.0
3.0
3.0
23.0
3.0
103.0
965.0
5.0
4.0
1.0
175.0
76.0
2.0
7.0
27.0
1.0
1.0
105.0
1.0
3.0
6.0
2.0
1.0
3.0
10.0
17.0
9.0
585.0
46.0
1.0
9.0
1.0
3.0
114.0
3.0
65.0
1.0
5.0
139.0
3.0
4.0
1.0
3.0
351.0
1.0
4.0
3.0
3.0
78.0
3.0
3.0
33.0
1806.0
294.0
1.0
115.0
1.0
1.0
1.0
15.0
3.0
121.0
2.0
14.0
3.0
3.0
75.0
66.0
1.0
1.0
32.0
3.0
1.0
146.0
3.0
48.0
4.0
174.0
2.0
3.0
2.0
3.0
3.0
2.0
7.0
957.0
483.0
3.0
7.0
1.0
5.0
2.0
2.0
3.0
1.0
1.0
348.0
1.0
1.0
75.0
1.0
6.0
5.0
6.0
74.0
3.0
1.0
261.0
136.0
2.0
71.0
1.0
2.0
1.0
40.0
3.0
5.0
1.0
18.0
79.0
1271.0
3.0
976.0
5.0
3.0
4.0
15.0
1.0
14.0
95.0
3.0
137.0
3.0
1.0
3.0
1.0
3.0
157.0
102.0
2.0
751.0
3.0
66.0
40.0
138.0
15.0
16.0
434.0
1.0
2.0
62.0
1.0
163.0
37.0
149.0
1.0
2.0
4.0
27.0
6.0
6.0
11.0
2.0
1.0
10.0
1.0
62.0
19.0
19.0
1.0
2.0
3.0
3.0
4.0
3.0
5.0
3.0
3.0
1.0
3.0
186.0
34.0
1.0
2.0
2.0
10836.0
2.0
218.0
8.0
5.0
1.0
2.0
1.0
351.0
2.0
12.0
1.0
1.0
1.0
3.0
1078.0
3.0
9.0
3.0
1.0
1.0
2.0
3172.0
5.0
1.0
10.0
414.0
1.0
2454.0
3.0
172.0
24.0
74.0
3.0
182.0
1.0
472.0
2005.0
50.0
27.0
4.0
212.0
6.0
1.0
808.0
99.0
1514.0
2.0
2.0
1.0
3.0
3.0
984.0
236.0
3957.0
5.0
1.0
1.0
31.0
1.0
3.0
20.0
7.0
1.0
3.0
7.0
2.0
3.0
4.0
4.0
114.0
147.0
31.0
1.0
33.0
2.0
1.0
1.0
65.0
80.0
1.0
3.0
1.0
1608.0
292.0
75.0
2.0
2.0
1.0
1245.0
3.0
149.0
3.0
3.0
1.0
1.0
432.0
2.0
3436.0
3.0
3.0
7.0
173.0
3.0
1.0
19.0
45.0
12.0
3.0
3.0
6.0
1.0
123.0
2.0
43.0
1.0
7.0
39.0
1.0
2.0
68.0
2.0
3.0
3.0
163.0
3.0
1.0
1.0
2.0
1.0
1.0
4.0
2.0
1044.0
15.0
1.0
1.0
858.0
1.0
19.0
30.0
175.0
23.0
1.0
8.0
1.0
117.0
8.0
7.0
5.0
1.0
3.0
22.0
8.0
1.0
2.0
2.0
30.0
107.0
282.0
2.0
9.0
3.0
5.0
28.0
1.0
3.0
315.0
5.0
33.0
5.0
209.0
1.0
648.0
288.0
1.0
3.0
2.0
4.0
24.0
1.0
1.0
379.0
338.0
220.0
3384.0
630.0
3.0
3.0
3.0
2.0
3.0
1.0
4.0
7.0
107.0
2.0
3.0
37.0
1.0
8.0
6.0
5.0
988.0
18.0
585.0
299.0
1.0
248.0
3.0
2.0
1.0
15.0
62.0
6.0
1.0
3.0
10.0
64.0
490.0
3.0
3.0
5.0
1.0
2.0
124.0
24.0
33.0
2740.0
6.0
2053.0
1.0
3.0
27.0
1.0
1.0
1.0
4.0
1.0
3020.0
3.0
4.0
44.0
4.0
42.0
1.0
86.0
1.0
8672.0
1.0
40.0
1.0
11.0
1.0
98.0
3.0
3.0
80.0
5.0
1.0
28.0
1.0
1.0
1.0
148.0
17.0
1.0
7.0
9.0
199.0
865.0
1.0
1.0
3.0
1.0
6.0
75.0
235.0
147.0
1008.0
2.0
23.0
1.0
4.0
1166.0
1.0
9.0
4.0
1.0
8.0
2.0
2.0
3.0
104.0
5.0
5.0
24.0
409.0
23.0
3.0
1.0
7.0
1.0
337.0
9.0
17.0
42.0
3.0
3.0
1.0
1.0
2.0
5.0
1.0
29.0
8.0
3.0
4.0
1.0
7.0
119.0
4.0
2.0
1.0
2.0
39.0
1.0
1.0
52.0
102.0
512.0
3.0
119.0
370.0
11.0
3.0
4.0
3.0
3.0
6.0
12.0
1.0
3.0
1.0
3.0
9.0
1.0
5.0
3023.0
208.0
161.0
3.0
7.0
105.0
3.0
188.0
499.0
10.0
116.0
1.0
10.0
252.0
3.0
1.0
230.0
153.0
80.0
2.0
1.0
3.0
16.0
3.0
19.0
677.0
1.0
10.0
1.0
15.0
106.0
1.0
1.0
196.0
370.0
3.0
3.0
638.0
7.0
1979.0
24.0
81.0
76.0
734.0
44.0
9.0
2.0
11.0
1.0
2.0
2.0
1.0
3.0
3.0
1.0
351.0
1.0
1.0
23.0
1.0
41.0
9.0
24.0
3.0
2.0
1476.0
3.0
2.0
3.0
1.0
685.0
3.0
4.0
33.0
4.0
75.0
1.0
1.0
89.0
1.0
6.0
173.0
10001.0
2.0
4.0
5.0
1.0
655.0
9.0
9.0
3.0
945.0
40.0
2.0
16.0
3.0
2.0
71.0
46.0
1.0
2.0
5.0
1.0
28.0
1.0
3.0
272.0
3.0
7.0
1.0
1.0
10880.0
2513.0
232.0
22.0
288.0
23.0
2.0
19.0
3.0
3.0
1.0
1.0
24.0
59.0
2.0
437.0
4.0
502.0
1.0
25.0
2.0
156.0
1.0
1.0
45.0
63.0
4.0
1.0
384.0
4.0
74.0
3.0
1.0
1.0
4.0
6.0
4.0
14.0
59.0
4452.0
622.0
201.0
409.0
1.0
28.0
2.0
19.0
2.0
2.0
441.0
1.0
5.0
2.0
1.0
1.0
2.0
2064.0
208.0
2.0
3.0
3.0
6.0
1.0
242.0
1.0
3.0
1.0
6.0
111.0
6.0
656.0
2.0
7.0
1.0
2.0
3.0
9.0
333.0
40.0
1.0
121.0
647.0
2.0
1.0
7.0
14.0
92.0
1.0
3.0
3.0
16.0
288.0
2.0
2.0
3.0
132.0
69.0
26.0
1.0
27.0
1.0
1.0
10.0
16.0
1.0
24.0
1.0
1.0
11.0
1.0
1673.0
3.0
650.0
8927.0
24.0
17.0
4.0
1.0
19.0
523.0
16.0
1.0
30.0
4.0
1.0
948.0
1.0
1.0
3.0
1.0
17.0
4.0
1.0
1.0
276.0
3.0
3.0
2.0
36.0
1.0
3.0
3.0
1.0
577.0
111.0
3.0
1263.0
48.0
3.0
668.0
2.0
66.0
1.0
8.0
2.0
697.0
2.0
1.0
5.0
1.0
103.0
8.0
3.0
17.0
77.0
1.0
1.0
2.0
313.0
24.0
14.0
1.0
1.0
3.0
87.0
23.0
115.0
18.0
1.0
3.0
1.0
1.0
971.0
43.0
163.0
16.0
3.0
3.0
15.0
1.0
14.0
9.0
1.0
3.0
1723.0
5.0
3.0
1.0
1.0
75.0
2.0
13.0
1.0
3.0
2.0
3.0
40.0
50.0
3.0
41.0
372.0
1.0
282.0
13.0
13.0
1208.0
52.0
3.0
46.0
3.0
1.0
2.0
3.0
1024.0
33.0
1.0
3.0
77.0
1.0
4.0
1.0
1040.0
2.0
10.0
7391.0
1.0
1.0
1.0
4.0
556.0
5.0
26.0
1905.0
1.0
972.0
175.0
3009.0
35.0
10.0
543.0
77.0
709.0
2.0
24.0
11.0
1.0
174.0
3.0
2.0
1.0
3.0
1375.0
2.0
1413.0
1.0
282.0
563.0
15.0
1.0
817.0
1.0
3.0
27.0
1.0
87.0
64.0
13.0
5.0
3.0
2.0
3.0
1.0
1.0
8.0
646.0
1.0
479.0
1.0
2.0
546.0
1.0
7.0
2.0
60.0
1.0
1.0
2.0
417.0
3.0
2.0
2.0
324.0
1.0
1.0
1.0
1.0
3.0
3.0
3.0
1.0
3.0
1.0
4.0
1.0
66.0
10.0
66.0
2.0
3.0
3.0
2.0
4.0
3.0
7.0
1.0
1.0
22.0
1.0
6.0
2.0
1467.0
7.0
5.0
535.0
3.0
1943.0
7.0
1.0
1.0
130.0
63.0
1.0
2284.0
1.0
1.0
21.0
1411.0
12.0
15.0
3.0
3.0
1.0
3.0
1.0
18.0
270.0
5.0
65.0
3.0
731.0
8.0
2.0
534.0
3.0
1.0
14.0
28.0
23.0
2.0
14.0
24.0
19.0
7.0
596.0
3.0
21.0
3.0
15.0
16.0
834.0
3.0
254.0
1.0
13.0
9.0
141.0
13.0
714.0
3.0
1.0
4.0
2.0
9.0
194.0
1.0
2.0
1.0
1.0
4.0
7.0
1.0
3.0
1.0
1999.0
9.0
7.0
10.0
5.0
23.0
1.0
1.0
43.0
28.0
2.0
9.0
69.0
2.0
538.0
1.0
1.0
1.0
110.0
2.0
1.0
60.0
1.0
4.0
7.0
32.0
4602.0
1.0
3.0
1.0
14.0
2.0
1.0
1.0
457.0
3.0
3.0
3.0
211.0
4612.0
1.0
6.0
1.0
24.0
384.0
152.0
1.0
3.0
53.0
6.0
3.0
23.0
1.0
4.0
1018.0
86.0
120.0
1.0
1.0
4.0
1.0
10.0
1.0
15.0
8.0
3.0
4.0
3.0
491.0
10.0
2.0
1.0
34.0
1.0
2.0
126.0
3.0
2.0
2818.0
1.0
82.0
1172.0
4.0
97.0
5.0
5.0
17.0
5.0
4.0
1.0
5.0
1.0
701.0
230.0
1.0
1.0
3.0
1.0
1.0
3.0
41.0
3.0
1.0
6.0
3.0
2.0
5.0
4.0
1.0
90.0
126.0
9.0
75.0
1.0
1.0
3.0
282.0
67.0
6.0
55.0
347.0
1.0
3.0
1.0
1.0
3.0
3.0
1.0
1.0
92.0
1.0
1.0
6.0
1.0
1308.0
426.0
295.0
356.0
6.0
3.0
725.0
3.0
38.0
3.0
1.0
2.0
4.0
583.0
2.0
1.0
1.0
1.0
2.0
4.0
9.0
182.0
2.0
2281.0
8.0
16.0
17.0
29.0
1.0
2.0
178.0
281.0
16.0
4.0
5.0
3.0
523.0
1.0
19.0
305.0
364.0
12.0
1.0
2.0
1.0
882.0
12.0
1715.0
697.0
16.0
5.0
5.0
46.0
6.0
5.0
2.0
2.0
3.0
1.0
242.0
4.0
2.0
7.0
522.0
1.0
1.0
69.0
16.0
2.0
3.0
4.0
3.0
1.0
23.0
2.0
3.0
5.0
1352.0
3.0
26.0
374.0
1.0
2.0
7.0
20.0
1.0
1.0
1.0
3.0
666.0
1.0
3.0
1.0
230.0
3.0
1.0
6.0
1.0
1.0
146.0
1.0
3.0
9.0
4.0
5.0
3.0
2.0
24.0
50.0
1.0
3.0
3.0
1.0
2040.0
182.0
1.0
7.0
7.0
3.0
1089.0
2.0
10.0
377.0
1.0
19.0
2.0
22.0
39.0
1.0
13.0
55.0
2.0
47.0
1.0
3.0
2.0
232.0
3.0
1.0
3.0
37.0
43.0
1.0
1.0
1642.0
1.0
10560.0
27.0
157.0
11.0
1.0
16.0
8676.0
390.0
3.0
1229.0
11.0
9.0
2.0
40.0
3.0
1.0
1.0
539.0
55.0
7.0
3.0
65.0
10.0
35.0
2.0
60.0
6.0
1424.0
3.0
14385.0
1.0
1.0
197.0
4.0
238.0
373.0
2218.0
3.0
113.0
1.0
1.0
111.0
1.0
9.0
2.0
2.0
3.0
61.0
3.0
1816.0
319.0
1.0
3.0
1.0
3.0
8.0
1.0
1.0
117.0
313.0
31.0
18.0
15.0
318.0
3.0
1.0
133.0
3.0
16.0
18.0
2.0
9.0
1.0
69.0
2.0
386.0
21.0
4.0
1.0
10.0
5.0
6.0
22.0
240.0
74.0
5.0
172.0
1516.0
2.0
1438.0
3.0
1.0
3.0
21.0
181.0
1.0
115.0
1048.0
2.0
3.0
60.0
4.0
4.0
7.0
7.0
2.0
1429.0
3.0
913.0
1.0
1.0
37.0
6.0
1.0
4.0
117.0
7.0
1.0
3.0
2302.0
2.0
992.0
1.0
1312.0
3.0
10.0
2.0
3.0
87.0
1.0
12.0
1.0
12.0
1.0
5.0
3.0
1.0
1.0
2.0
5.0
24.0
5.0
3.0
1.0
1.0
4.0
114.0
1269.0
351.0
2.0
2.0
19.0
1.0
1.0
16.0
15.0
395.0
246.0
3.0
1.0
2.0
2.0
1.0
70.0
405.0
3.0
633.0
670.0
1.0
157.0
2.0
16.0
793.0
2.0
5.0
1.0
9.0
92.0
3.0
3.0
64.0
91.0
155.0
1.0
292.0
3621.0
203.0
133.0
17.0
965.0
1.0
69.0
1.0
331.0
10.0
1.0
2.0
1.0
3.0
1.0
17.0
1.0
23.0
68.0
1.0
1.0
1.0
2.0
7.0
3.0
22.0
3.0
14.0
137.0
2.0
2.0
51.0
1041.0
3.0
1.0
9.0
3.0
71.0
8.0
289.0
10.0
2.0
158.0
181.0
429.0
16.0
584.0
479.0
2.0
2.0
35.0
2.0
2.0
1.0
2.0
13.0
45.0
1.0
887.0
23.0
24.0
55.0
944.0
3.0
4.0
11.0
1.0
6.0
1.0
9.0
1.0
1.0
1.0
27.0
1.0
16.0
21.0
21.0
364.0
64.0
3.0
2.0
3.0
1075.0
1.0
3.0
421.0
3.0
3.0
5.0
3.0
11.0
2.0
3.0
4.0
212.0
3.0
40.0
3.0
13.0
1.0
2.0
3.0
961.0
8.0
2.0
3.0
2.0
17.0
1.0
220.0
6.0
43.0
3.0
1.0
16.0
10.0
85.0
1.0
31.0
644.0
6.0
26.0
8674.0
4.0
8.0
1.0
3.0
2.0
1.0
13.0
233.0
6.0
24.0
1.0
3.0
14500.0
409.0
3.0
1.0
1.0
98.0
2.0
8.0
352.0
567.0
981.0
3.0
8.0
33.0
10.0
1.0
46.0
3.0
3.0
298.0
678.0
2.0
3.0
1.0
6.0
22.0
22.0
23.0
2.0
1.0
1.0
1.0
2.0
318.0
2.0
5.0
5.0
586.0
1.0
82.0
1.0
495.0
5.0
16.0
2.0
2.0
55.0
4.0
6.0
1.0
3.0
576.0
16.0
3.0
3.0
1.0
8.0
16.0
1.0
5.0
2.0
9.0
3.0
1.0
1.0
3.0
351.0
1160.0
1.0
14.0
444.0
1060.0
4.0
2.0
15.0
3.0
1671.0
2.0
1.0
9.0
154.0
28.0
2409.0
278.0
4.0
14.0
36.0
9.0
7.0
1.0
1.0
30.0
13.0
1.0
25.0
3574.0
1.0
288.0
3.0
39.0
2.0
2.0
1497.0
14.0
17.0
1.0
13.0
8.0
3.0
3.0
623.0
1.0
3.0
2.0
3.0
290.0
1.0
1.0
19.0
11.0
615.0
1.0
1.0
2.0
4.0
58.0
36.0
2.0
3.0
3.0
3.0
2.0
1.0
7.0
2.0
44.0
27.0
2.0
1.0
3.0
2.0
133.0
46.0
8.0
1.0
17.0
3.0
44.0
9.0
1118.0
1.0
1.0
3.0
377.0
47.0
1598.0
21.0
2.0
147.0
1.0
3.0
27.0
2293.0
1.0
3.0
1.0
3.0
1.0
4.0
15.0
18.0
1.0
8.0
2.0
2.0
1.0
31.0
11.0
2.0
1.0
1.0
7.0
15.0
3.0
3.0
1.0
1290.0
1.0
5.0
13.0
4.0
2.0
153.0
3.0
3.0
2.0
376.0
1.0
3.0
22.0
163.0
862.0
2.0
58.0
4.0
2.0
3.0
1.0
8.0
1.0
3.0
39.0
22.0
1.0
127.0
996.0
3.0
231.0
1.0
3.0
3.0
2.0
1.0
1.0
2.0
3.0
3.0
9.0
1.0
1.0
34.0
24.0
21.0
12.0
3.0
2.0
1689.0
21.0
345.0
7.0
2.0
57.0
4.0
3.0
453.0
3.0
3.0
351.0
57.0
115.0
7.0
293.0
3.0
90.0
1.0
5.0
1.0
17.0
3.0
1.0
1.0
3.0
12.0
3.0
1.0
120.0
8.0
3.0
1.0
1.0
413.0
7.0
7.0
657.0
418.0
3.0
1469.0
4.0
1.0
1.0
2.0
3.0
2.0
454.0
3.0
1.0
2.0
5.0
3.0
17.0
75.0
2.0
3.0
1.0
5053.0
1.0
1.0
3.0
2963.0
3.0
2.0
3.0
23.0
17.0
220.0
1.0
1.0
1.0
1.0
102.0
1.0
2.0
14.0
1.0
4.0
74.0
1.0
612.0
4.0
1.0
1.0
1723.0
15.0
3.0
1.0
1458.0
1.0
6.0
5.0
2.0
136.0
1.0
11.0
1.0
152.0
1.0
218.0
6.0
5.0
2.0
12.0
51.0
65.0
2.0
4.0
4.0
4.0
10.0
128.0
2.0
1.0
101.0
1.0
1.0
182.0
8.0
3.0
1.0
1.0
9.0
3.0
13.0
80.0
98.0
14.0
1018.0
143.0
3.0
29.0
1.0
3.0
1.0
55.0
3.0
1.0
1429.0
4.0
3743.0
370.0
4235.0
1.0
2.0
1.0
3.0
1.0
3.0
3.0
1.0
1.0
6.0
7.0
282.0
22.0
1.0
230.0
1.0
82.0
2.0
828.0
3.0
24.0
159.0
1.0
14.0
31.0
9639.0
2.0
10.0
1.0
5.0
8.0
1.0
400.0
40.0
23.0
4.0
4.0
64.0
1.0
27.0
5.0
5.0
14.0
13.0
1.0
1018.0
4.0
1.0
17.0
2.0
5.0
43.0
45.0
1.0
24.0
1.0
1.0
4.0
19.0
24.0
8.0
75.0
1.0
10.0
6.0
3.0
3.0
2.0
24.0
1.0
3.0
3.0
1080.0
1.0
3.0
3.0
88.0
289.0
37.0
23.0
18.0
3.0
2.0
3.0
4.0
4.0
1.0
1.0
1.0
3.0
1.0
374.0
1.0
6.0
3.0
160.0
4.0
13.0
1.0
3.0
1018.0
1.0
2.0
3.0
1.0
1.0
2.0
1.0
14.0
38.0
1.0
19.0
6.0
1.0
1.0
3.0
2.0
62.0
351.0
3.0
1.0
47.0
1.0
3.0
157.0
91.0
6.0
1.0
1582.0
123.0
8.0
1.0
21.0
2.0
362.0
2.0
1.0
4.0
2.0
2.0
38.0
1.0
1.0
6.0
1109.0
2665.0
3.0
16.0
18.0
3.0
108.0
1.0
126.0
145.0
2.0
835.0
8.0
688.0
4.0
1.0
3.0
304.0
7.0
89.0
19.0
2.0
27.0
3.0
873.0
165.0
6.0
3.0
1.0
1.0
3.0
82.0
8.0
369.0
10.0
296.0
1046.0
1.0
1.0
1.0
1.0
1586.0
288.0
1.0
2.0
1.0
1.0
6.0
8.0
2.0
1.0
1.0
3.0
286.0
123.0
1277.0
2954.0
3.0
2.0
9.0
248.0
3.0
13.0
2.0
7.0
1.0
606.0
1650.0
3.0
2.0
484.0
1.0
2.0
2.0
3.0
1.0
5.0
1.0
1.0
17.0
3.0
25.0
34.0
1.0
5.0
505.0
3.0
1.0
79.0
2.0
14.0
8.0
1.0
14.0
48.0
3.0
278.0
1.0
1.0
1.0
4.0
9.0
1.0
1.0
68.0
8.0
1.0
3.0
3.0
30.0
1.0
684.0
6.0
1.0
605.0
1.0
3.0
1.0
1263.0
245.0
18.0
232.0
10.0
2.0
961.0
1.0
16.0
2.0
1.0
23.0
3.0
3418.0
3.0
4.0
1.0
1.0
72.0
3.0
1.0
2.0
2304.0
961.0
3.0
3.0
66.0
1.0
446.0
1506.0
3.0
3.0
73.0
1.0
85.0
8.0
32.0
3.0
1.0
282.0
35.0
30.0
15.0
1.0
1.0
3.0
71.0
3.0
3.0
9.0
3.0
1.0
6817.0
19.0
3.0
1938.0
1.0
9.0
16.0
1.0
25.0
1.0
1.0
163.0
1.0
2.0
3.0
1.0
15.0
1.0
1.0
5.0
3.0
1.0
252.0
1772.0
6.0
3.0
51.0
275.0
3.0
2.0
55.0
2.0
1.0
36.0
52.0
1.0
351.0
6.0
1.0
13.0
2.0
2.0
1.0
2.0
29.0
3.0
3.0
2.0
9.0
5.0
9.0
6.0
673.0
3.0
1.0
1.0
79.0
1.0
6.0
1.0
3169.0
1.0
3.0
1.0
40.0
1.0
1136.0
798.0
1410.0
16.0
3.0
3.0
24.0
150.0
9.0
4.0
31.0
1.0
7.0
11.0
1.0
11.0
1.0
327.0
159.0
2.0
20.0
3.0
1018.0
132.0
4.0
15.0
4.0
2.0
272.0
86.0
14.0
41.0
3.0
55.0
3.0
3.0
1.0
58.0
115.0
2.0
2.0
1.0
3.0
5.0
3.0
38.0
4.0
1.0
3.0
3.0
1.0
10.0
3.0
3.0
3.0
1.0
3.0
1.0
39.0
4.0
8.0
19.0
1.0
21.0
1.0
5.0
72.0
3.0
145.0
27.0
21.0
1.0
292.0
5.0
17.0
890.0
11.0
13.0
1.0
2.0
1.0
17.0
108.0
1.0
3.0
1.0
1.0
122.0
23.0
9.0
3.0
1.0
1.0
22.0
24.0
1.0
5.0
13.0
8.0
4.0
3.0
105.0
339.0
1.0
2.0
28.0
2.0
4.0
1.0
1.0
341.0
3.0
3.0
1379.0
1.0
3.0
945.0
1.0
2.0
7.0
4.0
50.0
24.0
495.0
3939.0
6.0
4.0
21.0
2.0
5.0
1.0
2.0
509.0
4.0
4.0
104.0
4.0
18.0
1869.0
6.0
2263.0
3.0
147.0
2.0
3.0
1.0
3.0
8.0
2.0
3.0
2.0
1.0
3.0
1.0
1.0
66.0
990.0
7.0
4.0
82.0
258.0
4.0
3.0
357.0
4.0
3.0
1.0
7.0
5.0
11.0
1.0
34.0
2.0
7.0
3.0
1.0
3.0
3.0
3.0
3.0
2247.0
3.0
1.0
305.0
3.0
9.0
1.0
21.0
19.0
1.0
48.0
1.0
31.0
1314.0
3.0
3.0
1.0
2.0
752.0
3.0
5.0
3.0
3.0
21.0
3.0
12.0
1.0
65.0
894.0
1.0
4.0
15.0
6.0
20.0
8.0
12.0
1.0
1.0
64.0
3.0
59575.0
1.0
3.0
4.0
4.0
616.0
1.0
171.0
102.0
4.0
106.0
3.0
2.0
3.0
28.0
2.0
2.0
5.0
19.0
300.0
1.0
9.0
69.0
900.0
4.0
3.0
3.0
1.0
2.0
2.0
4.0
478.0
4.0
58.0
1.0
257.0
5.0
2.0
1.0
1.0
3.0
2.0
615.0
2.0
3.0
6.0
4.0
1133.0
128.0
3.0
41.0
1.0
22.0
7.0
177.0
72.0
9.0
1.0
3.0
9.0
886.0
144.0
3.0
3.0
24.0
455.0
43.0
72.0
3.0
2821.0
1.0
1.0
1.0
1.0
3.0
1.0
1.0
2.0
23.0
4.0
3.0
1225.0
11.0
14.0
1.0
2.0
17.0
1.0
368.0
16.0
66.0
226.0
3.0
2.0
2.0
7342.0
6.0
1.0
2.0
10.0
1.0
2.0
1.0
1.0
1.0
2.0
152.0
3.0
1018.0
6.0
1.0
1.0
1.0
2.0
5.0
613.0
15.0
17.0
1.0
9.0
4.0
19.0
3.0
4.0
2.0
4.0
1.0
64.0
2418.0
1.0
25.0
29.0
176.0
32.0
19.0
4.0
1.0
25.0
2.0
1.0
48.0
3.0
4.0
1.0
493.0
7.0
3.0
8.0
4.0
282.0
1.0
5.0
1.0
351.0
1.0
7.0
2.0
1.0
1.0
54.0
3.0
16.0
34.0
2.0
39.0
7.0
2.0
18.0
1.0
1.0
5665.0
1.0
4.0
5.0
3.0
1.0
3.0
1.0
3.0
8.0
36.0
97.0
1.0
27.0
2.0
674.0
1.0
2.0
1.0
3.0
1.0
156.0
4.0
30.0
102.0
17.0
351.0
9.0
282.0
789.0
1.0
18.0
1.0
1.0
102.0
3.0
87.0
13.0
15.0
1.0
1.0
3.0
2.0
60.0
1.0
10.0
53.0
3.0
444.0
65.0
3.0
48.0
1.0
2.0
518.0
50.0
1.0
1.0
3174.0
3.0
16.0
1.0
8.0
681.0
5.0
574.0
3.0
36.0
1.0
1.0
24.0
1.0
117.0
5.0
85.0
19.0
2.0
641.0
3.0
3.0
525.0
1.0
3.0
2.0
46.0
1026.0
342.0
1.0
10.0
20.0
1.0
2.0
1.0
2.0
2.0
29.0
1.0
3.0
3.0
25.0
1.0
1357.0
3.0
1.0
223.0
104.0
176.0
583.0
1.0
2.0
19.0
4051.0
3.0
71.0
3.0
87.0
1.0
34.0
2.0
5.0
1.0
2.0
9.0
17.0
3.0
1.0
2.0
2285.0
654.0
16.0
1.0
3.0
8.0
4.0
345.0
24.0
4.0
1.0
957.0
1.0
3.0
18.0
3.0
3.0
1035.0
87.0
1.0
2.0
8.0
3.0
1.0
1.0
6.0
68.0
15.0
3.0
76.0
1.0
25.0
1311.0
1.0
2.0
1.0
3.0
3.0
31.0
1.0
125.0
13.0
3.0
1.0
1.0
2.0
109.0
1.0
12.0
2.0
1.0
1.0
3.0
1545.0
6.0
1.0
2.0
3.0
54.0
10.0
1.0
4.0
3.0
3.0
5.0
3.0
1553.0
3.0
1203.0
2.0
1.0
46722.0
4.0
2.0
1.0
4.0
17.0
3.0
74.0
93.0
4.0
17.0
1.0
2.0
2.0
1246.0
170.0
975.0
759.0
3.0
8066.0
1.0
1.0
195.0
64.0
46.0
628.0
1.0
1.0
7.0
17.0
63.0
247.0
3.0
3.0
160.0
4.0
8.0
1.0
79.0
4.0
1.0
2.0
90.0
27.0
12.0
1.0
203.0
1.0
1.0
3.0
2.0
942.0
1.0
1.0
5381.0
1.0
28.0
1.0
1.0
886.0
1.0
2.0
3.0
10397.0
1469.0
45.0
950.0
1.0
3148.0
2.0
1.0
3.0
1.0
47.0
1.0
31.0
1.0
1.0
2.0
3.0
394.0
3.0
1.0
8.0
3.0
1.0
4.0
1.0
3.0
8.0
2.0
15.0
4.0
2.0
10001.0
4.0
2.0
1.0
1.0
3.0
4.0
7.0
158.0
4.0
1.0
17.0
34.0
19.0
94.0
6.0
1.0
4.0
1.0
119.0
1.0
2.0
1.0
338.0
1.0
1.0
11.0
66.0
3.0
17.0
9.0
34.0
1.0
2.0
15.0
4.0
1.0
1.0
1.0
4.0
1.0
1.0
13.0
3.0
779.0
2.0
1.0
3.0
5.0
4.0
13.0
3.0
5.0
644.0
4.0
3.0
2.0
452.0
2.0
3.0
2.0
1.0
3.0
5.0
1.0
35.0
2.0
1.0
2.0
35.0
737.0
51.0
1.0
9.0
1.0
696.0
1.0
3.0
382.0
2.0
69.0
1.0
17.0
1.0
1.0
1.0
5028.0
2.0
14.0
434.0
1.0
10.0
3.0
1.0
4.0
106.0
109.0
1.0
395.0
3.0
1.0
1.0
4.0
1.0
1239.0
4.0
3.0
272.0
1.0
1663.0
3.0
3.0
1.0
1068.0
7.0
2.0
2.0
4.0
927.0
4.0
1.0
3.0
4.0
1.0
3.0
696.0
788.0
5.0
20.0
11.0
638.0
19.0
3.0
525.0
8.0
3.0
2.0
7.0
4.0
2.0
50.0
7.0
1.0
2854.0
3.0
1.0
24.0
121.0
1.0
721.0
9.0
19.0
35.0
8.0
15.0
260.0
1.0
63.0
6.0
4.0
1.0
637.0
295.0
1.0
1.0
2.0
418.0
2.0
3.0
806.0
1.0
7.0
3.0
685.0
2.0
3.0
1.0
1.0
117.0
1.0
25.0
149.0
12.0
2.0
9.0
377.0
3.0
338.0
428.0
666.0
1.0
555.0
1.0
4.0
19.0
1.0
3.0
12830.0
4.0
1.0
2.0
2.0
45.0
1.0
1.0
3.0
2.0
2.0
15.0
5.0
3.0
16.0
5.0
1.0
22.0
2.0
50.0
3.0
4.0
2.0
104.0
3.0
1.0
351.0
60.0
1.0
6.0
2.0
1.0
3.0
2418.0
3.0
5.0
9.0
3.0
2.0
5.0
8.0
1.0
5.0
1452.0
8.0
9.0
39.0
1.0
3.0
1137.0
6.0
5.0
2.0
3.0
1.0
152.0
393.0
2.0
522.0
1218.0
8.0
66.0
369.0
2.0
1.0
17.0
1.0
9.0
1.0
7.0
1.0
2.0
1.0
2.0
1.0
3.0
7.0
2165.0
18.0
3.0
2.0
1.0
12.0
3.0
370.0
2.0
3.0
3.0
29.0
1.0
1488.0
4.0
16.0
8.0
14.0
11.0
1.0
1.0
4.0
12.0
6.0
3.0
1.0
3.0
75.0
8.0
115.0
9.0
4.0
4.0
2.0
4.0
5.0
262.0
39.0
2.0
22.0
505.0
302.0
1.0
3.0
3.0
1.0
1.0
3.0
3.0
3.0
3.0
2.0
1.0
304.0
1.0
3.0
1.0
1.0
1.0
3.0
3.0
2.0
71.0
310.0
2.0
9.0
8.0
6.0
1.0
3.0
12.0
1.0
1.0
10.0
292.0
7.0
745.0
17.0
3.0
8.0
2.0
2.0
18.0
10.0
31.0
3.0
20.0
1.0
44.0
4462.0
2.0
4.0
1.0
104.0
5.0
4.0
1.0
1.0
3.0
1.0
2.0
4.0
1.0
5.0
2.0
4.0
48.0
48.0
1.0
7846.0
2225.0
4.0
2.0
1.0
1.0
98.0
3.0
1.0
1.0
21.0
3.0
2.0
1855.0
3.0
796.0
2209.0
3.0
3.0
195.0
3.0
19.0
1.0
4.0
1.0
2.0
8.0
3033.0
1.0
2.0
6.0
6.0
13.0
1.0
262.0
19.0
1.0
9.0
233.0
3.0
1.0
59.0
3.0
1.0
2.0
1.0
313.0
4.0
1.0
4.0
2.0
2.0
24.0
4.0
7.0
3.0
5.0
5.0
17.0
11.0
1.0
2.0
4.0
226.0
3.0
47.0
405.0
1.0
2.0
5.0
3.0
1.0
1.0
580.0
6.0
95.0
67.0
14.0
5.0
1.0
3.0
127.0
2.0
1.0
1.0
15.0
3.0
1.0
1.0
5.0
1.0
1.0
1.0
102.0
2.0
59.0
2.0
976.0
2.0
3.0
19.0
6.0
2.0
1.0
1.0
5.0
27.0
4.0
3.0
1189.0
7.0
24.0
10.0
1.0
7.0
3.0
1283.0
1565.0
1.0
1.0
3.0
1.0
7.0
12.0
74.0
2.0
2.0
7.0
3.0
65.0
30.0
1371.0
689.0
95.0
11.0
1.0
8.0
1.0
1.0
56.0
48.0
849.0
50.0
24.0
1.0
3.0
3.0
138.0
2.0
4.0
1.0
4.0
1.0
25.0
1.0
9.0
503.0
1.0
2.0
1.0
1.0
1.0
23.0
2.0
1.0
6.0
24.0
10.0
2040.0
2.0
1.0
3.0
1.0
8.0
6.0
1.0
2.0
65.0
2.0
1.0
277.0
10.0
3.0
3.0
600.0
3.0
2.0
23.0
921.0
1745.0
151.0
23.0
20.0
23.0
1.0
4.0
3840.0
1.0
9.0
36.0
2.0
1.0
3.0
1.0
1.0
1.0
8.0
3.0
3.0
1.0
451.0
1.0
38.0
1.0
24.0
1436.0
9.0
34.0
1.0
28.0
1.0
30.0
742.0
18.0
7.0
1.0
5.0
2.0
1.0
1904.0
1058.0
3.0
1.0
7.0
7.0
1.0
4.0
1230.0
2.0
2.0
3.0
403.0
5.0
1457.0
246.0
1.0
3.0
814.0
1424.0
65.0
5.0
14.0
3.0
5.0
227.0
31.0
1.0
1.0
1.0
3.0
59.0
19.0
4.0
1.0
415.0
2.0
3.0
6.0
45.0
6.0
66.0
1035.0
2.0
1.0
2.0
5389.0
21.0
136.0
2.0
5.0
19.0
1.0
1.0
1.0
4.0
2.0
737.0
354.0
232.0
2.0
49.0
106.0
1.0
1.0
6.0
571.0
27.0
1293.0
4.0
1.0
3.0
1.0
530.0
3.0
2.0
3.0
4485.0
292.0
8.0
102.0
3.0
2.0
1.0
5.0
4.0
1.0
1.0
4.0
2.0
3.0
66613.0
7.0
6.0
3.0
3.0
28.0
13310.0
617.0
282.0
2.0
977.0
1.0
16.0
1.0
1.0
2389.0
1.0
9671.0
3.0
24.0
6.0
3.0
5.0
6.0
15.0
218.0
2.0
945.0
6.0
104.0
1.0
19.0
1.0
1.0
4961.0
2.0
289.0
10.0
3.0
4282.0
665.0
7.0
2.0
294.0
1.0
1.0
543.0
24.0
1.0
34.0
1.0
5.0
1.0
141.0
2.0
563.0
527.0
1.0
1.0
1.0
4.0
25.0
12.0
3.0
3.0
46.0
99.0
1.0
2.0
2.0
8.0
1.0
1.0
5.0
23.0
1489.0
1.0
51.0
2221.0
2.0
3.0
1.0
75.0
4.0
391.0
1479.0
2.0
385.0
16.0
99.0
63.0
7.0
1.0
18.0
34.0
4.0
3.0
26.0
455.0
4.0
8.0
15.0
2.0
8.0
3.0
3.0
45.0
737.0
9.0
1.0
78.0
1.0
28.0
7.0
46.0
2.0
1.0
6636.0
1.0
87.0
8.0
2.0
3.0
1.0
549.0
1.0
55.0
2.0
1908.0
3.0
7.0
9.0
833.0
1.0
4.0
2.0
22.0
124.0
128.0
1.0
952.0
8.0
1.0
1.0
1.0
4.0
2.0
19.0
1.0
3.0
47.0
625.0
4.0
361.0
36.0
3.0
7.0
1.0
7873.0
1.0
95367.0
19.0
3.0
2.0
1.0
3.0
1.0
15.0
1.0
3.0
336.0
70.0
1.0
3.0
20.0
3.0
108.0
8.0
141.0
4.0
5.0
164.0
4.0
2.0
5.0
1.0
2.0
3.0
36.0
16.0
1.0
3.0
29.0
2.0
10.0
1.0
943.0
1.0
519.0
73.0
3.0
1.0
14.0
143.0
1772.0
3.0
9.0
14.0
2.0
3.0
1.0
3.0
6.0
3.0
3.0
2.0
34.0
5.0
3.0
4155.0
1.0
5.0
351.0
965.0
3.0
9.0
1.0
2.0
681.0
36.0
4.0
2.0
272.0
3.0
1.0
3.0
1747.0
4.0
44.0
1.0
1.0
3.0
1.0
1.0
2404.0
576.0
15.0
7.0
45.0
1073.0
169.0
3.0
5.0
3.0
354.0
1.0
9.0
2.0
2.0
68.0
231.0
1.0
2.0
2.0
4.0
2.0
8.0
5.0
32.0
1776.0
14.0
53.0
13.0
40.0
2.0
234.0
3.0
311.0
3.0
3.0
61.0
2.0
32.0
1.0
2942.0
1.0
55.0
2.0
386.0
4.0
1.0
2.0
3.0
1.0
1.0
61.0
42.0
1.0
371.0
1038.0
1.0
1.0
3.0
6.0
1.0
74.0
1655.0
15.0
8.0
4.0
1227.0
2.0
10.0
1.0
1.0
26.0
2.0
1.0
3.0
1.0
1303.0
1.0
391.0
58.0
2.0
1.0
7.0
1.0
6.0
16.0
5.0
201.0
19.0
17.0
70.0
19.0
2.0
93.0
3.0
758.0
1.0
104.0
1.0
2.0
3.0
3.0
12.0
3.0
292.0
214.0
17.0
15.0
11.0
1.0
4.0
1.0
5.0
1.0
835.0
3.0
1.0
1.0
142.0
5.0
6.0
1.0
31.0
51.0
1.0
119.0
287.0
1.0
1.0
5.0
3.0
95.0
3.0
79.0
261.0
97.0
1.0
1.0
3.0
4.0
8.0
17.0
13.0
249.0
1.0
17.0
147.0
48.0
1.0
1.0
278.0
20.0
3.0
1.0
20.0
2.0
431.0
1.0
1.0
1.0
31.0
3.0
3.0
1.0
634.0
9.0
105.0
1.0
2.0
4.0
37.0
5.0
2.0
3.0
1.0
1.0
19.0
4.0
1.0
1.0
1120.0
664.0
1.0
127.0
1.0
14.0
3.0
11.0
3.0
3.0
3.0
1.0
8.0
4.0
1.0
2.0
3.0
337.0
2.0
4.0
50.0
2693.0
24.0
1.0
1.0
3.0
34.0
3.0
85.0
1.0
112.0
3.0
40.0
1.0
977.0
3.0
3.0
1115.0
3.0
2.0
1.0
1.0
134.0
6.0
3.0
121.0
1.0
3.0
6.0
254.0
319.0
24.0
1.0
1.0
3.0
2.0
3.0
6.0
143.0
6.0
3.0
3.0
2.0
48.0
963.0
2.0
6.0
798.0
967.0
1.0
189.0
1.0
1.0
107.0
2.0
1.0
1.0
5.0
9.0
13.0
1.0
5.0
2.0
17.0
3.0
19.0
89.0
1.0
1414.0
3.0
87.0
7.0
3.0
7.0
96.0
1949.0
1.0
1.0
313.0
1.0
4.0
71.0
122.0
1.0
9.0
2.0
1.0
2.0
14.0
4.0
17.0
4.0
3.0
1.0
3.0
3.0
9.0
1.0
2.0
6.0
6.0
288.0
17.0
4.0
9.0
3.0
1.0
1927.0
1.0
2.0
1.0
28.0
2.0
1.0
33.0
1.0
13.0
282.0
74.0
2.0
139.0
14.0
17.0
3.0
1.0
2.0
1.0
3.0
1.0
39.0
16.0
1.0
1.0
943.0
63.0
3.0
7.0
3.0
2.0
3.0
325.0
5203.0
6.0
2.0
1.0
5.0
21.0
420.0
8.0
338.0
3.0
32.0
1.0
5.0
1.0
1.0
1.0
1.0
3.0
44.0
421.0
1.0
87.0
172.0
3.0
4.0
3.0
5.0
1.0
1.0
5.0
4029.0
3.0
4.0
7.0
108.0
697.0
35.0
102.0
12.0
2.0
1.0
3.0
31.0
59.0
3.0
580.0
4.0
155.0
3.0
1.0
20.0
345.0
175.0
28.0
642.0
1.0
2.0
4.0
3.0
1.0
5.0
8.0
2.0
1.0
1.0
8.0
3.0
1.0
1.0
3.0
102.0
1.0
4.0
1.0
1.0
19.0
14.0
3.0
1921.0
2.0
5.0
1.0
6.0
239.0
94.0
1.0
3.0
1652.0
3.0
442.0
1.0
19.0
1.0
7.0
542.0
1.0
18.0
518.0
3.0
286.0
3.0
1.0
63.0
10.0
5.0
2.0
1.0
1.0
33.0
4.0
1.0
762.0
2.0
16.0
1.0
479.0
87.0
3.0
2.0
2.0
1.0
3.0
57.0
1.0
1.0
155.0
3.0
161.0
7.0
1.0
23.0
282.0
12.0
9.0
1.0
2.0
5.0
35.0
23.0
2.0
12.0
4.0
8.0
21.0
1.0
2.0
11.0
3.0
354.0
1.0
1.0
12.0
3.0
4.0
3.0
3.0
169.0
20.0
1.0
1.0
3.0
10.0
3.0
2.0
236.0
2110.0
1.0
8.0
19.0
1.0
5.0
4.0
51.0
16.0
23.0
5.0
220.0
2.0
24.0
3.0
2.0
14189.0
6.0
21.0
23.0
2.0
8.0
25.0
131.0
24.0
10.0
288.0
2.0
3.0
1.0
2.0
261.0
2.0
3.0
8.0
3.0
1.0
1.0
2.0
29.0
972.0
3.0
3.0
19.0
1.0
1.0
1.0
1.0
190.0
2.0
1.0
5.0
1.0
22.0
2.0
64.0
1.0
336.0
3.0
351.0
11.0
1.0
4.0
249.0
3.0
1.0
3.0
25.0
1.0
7.0
32.0
376.0
288.0
580.0
838.0
715.0
288.0
3.0
34.0
4.0
13.0
2.0
4305.0
1.0
21.0
4.0
3.0
3.0
2.0
431.0
210.0
3.0
14.0
11.0
18.0
170.0
53.0
2.0
1.0
92.0
2.0
9.0
167.0
3.0
1.0
84.0
1.0
978.0
3.0
10.0
6.0
14.0
1.0
6.0
3.0
77.0
86.0
2.0
68.0
1.0
250.0
2.0
1.0
19.0
2.0
1618.0
71.0
5.0
3.0
3.0
16.0
1.0
2.0
1.0
140.0
4.0
28.0
83.0
1.0
1.0
3.0
23.0
293.0
2.0
3.0
1.0
1.0
4.0
7817.0
3.0
43.0
30.0
2.0
432.0
3.0
1788.0
27.0
19.0
17.0
33.0
15.0
7.0
1.0
6.0
1.0
65.0
1988.0
8.0
1.0
13.0
1.0
1.0
3.0
2.0
1.0
7.0
1.0
5.0
2.0
1.0
113.0
1.0
3.0
1.0
5.0
123.0
72.0
3.0
3.0
1.0
3.0
2.0
3.0
11.0
3.0
2.0
1.0
1.0
2.0
3.0
1.0
292.0
2.0
443.0
1.0
3.0
1609.0
587.0
3.0
25.0
60.0
596.0
10.0
1.0
3.0
3.0
2.0
9.0
4.0
2.0
2.0
2.0
1.0
2.0
1.0
9.0
948.0
5.0
1.0
4.0
435.0
1.0
9.0
172.0
4.0
4.0
3.0
8.0
2.0
1.0
1.0
1.0
4.0
86.0
4.0
1.0
1.0
11.0
1037.0
10.0
3.0
66.0
13.0
1.0
1.0
1.0
1.0
1.0
23.0
7.0
4.0
1558.0
1.0
13.0
14436.0
1.0
564.0
269.0
2.0
5.0
19.0
1.0
75.0
3.0
1.0
1.0
3.0
1.0
1.0
38.0
634.0
13.0
3.0
1.0
1.0
1.0
1.0
9.0
22.0
45.0
1.0
2.0
3.0
4.0
319.0
7.0
3.0
3.0
2.0
32.0
113.0
177.0
1498.0
1.0
3.0
2.0
2.0
1.0
356.0
9.0
1.0
14.0
3.0
3.0
2.0
722.0
289.0
4.0
9.0
9.0
1.0
1.0
3.0
3.0
8.0
1.0
1.0
1.0
1.0
1.0
5.0
7350.0
5.0
418.0
4.0
2.0
2.0
2.0
3.0
2461.0
480.0
1.0
1.0
9.0
9.0
2.0
52.0
615.0
2.0
8.0
2.0
24.0
4.0
1.0
210.0
29.0
3.0
1.0
1.0
2.0
1.0
7.0
9.0
3.0
97.0
9.0
11.0
20.0
1.0
2.0
13.0
1.0
2.0
1.0
3.0
141.0
469.0
225.0
1083.0
2.0
1.0
21.0
2.0
77.0
3.0
282.0
53.0
215.0
1.0
3.0
1.0
1.0
3.0
1.0
1.0
1.0
2.0
4120.0
1.0
3.0
1.0
69.0
4.0
4.0
2.0
202.0
1.0
5.0
806.0
1.0
184.0
13.0
22.0
132.0
6.0
282.0
5.0
230.0
1.0
7.0
5.0
2.0
5.0
515.0
1.0
1.0
3.0
27.0
1.0
2.0
2.0
9.0
5.0
3.0
3.0
3.0
3.0
3.0
1.0
2.0
1.0
6.0
2.0
509.0
2296.0
35.0
55.0
1.0
8.0
386.0
1.0
1.0
3.0
1.0
1.0
3.0
3.0
3.0
24.0
46.0
4.0
3.0
4.0
3.0
66.0
2.0
792.0
1.0
1.0
48.0
1.0
28.0
9725.0
881.0
18.0
886.0
9.0
138.0
8.0
4.0
1.0
2040.0
1.0
3.0
3.0
3.0
406.0
199.0
9.0
75.0
63.0
6.0
376.0
9.0
3.0
5.0
3.0
2.0
898.0
1.0
30.0
57.0
2.0
13.0
10.0
9.0
1.0
322.0
123.0
344.0
2.0
1.0
7785.0
3.0
1.0
3.0
1.0
4.0
63.0
3.0
4.0
6.0
209.0
4047.0
351.0
3.0
93.0
18.0
1.0
2.0
14.0
11.0
6.0
2.0
1.0
2.0
4.0
7.0
3.0
106.0
2.0
3.0
1.0
1.0
2.0
17.0
368.0
544.0
3.0
50.0
35.0
1.0
790.0
2.0
3.0
14.0
3.0
39.0
2.0
3.0
2.0
1.0
4.0
1.0
9.0
8.0
444.0
1.0
1.0
1572.0
282.0
4.0
2.0
48.0
1.0
60.0
1.0
3.0
6.0
238.0
11.0
1.0
17.0
22.0
6.0
1944.0
3.0
2.0
3.0
3.0
15.0
381.0
509.0
1.0
1557.0
54.0
82.0
10.0
7.0
16.0
1.0
1.0
12.0
82.0
3.0
1.0
3.0
2.0
3.0
46.0
19.0
1.0
139.0
4.0
11.0
1704.0
152.0
1.0
9.0
7.0
1.0
56.0
961.0
3.0
51.0
27.0
45.0
33.0
2.0
5.0
1.0
1814.0
1.0
2.0
19.0
17.0
5.0
1.0
101.0
1.0
38.0
117.0
3.0
4.0
1.0
2.0
11.0
6.0
7.0
3.0
12.0
4.0
25.0
1703.0
506.0
1.0
4.0
94.0
207.0
2.0
9.0
1.0
3.0
1.0
36.0
1.0
80.0
1.0
942.0
1.0
1.0
33.0
22.0
8.0
5693.0
118.0
4.0
1.0
3.0
3.0
2.0
1616.0
1.0
33.0
530.0
10.0
1.0
4.0
1.0
118.0
48.0
7.0
1.0
90.0
35.0
1351.0
1.0
200.0
1.0
1.0
336.0
1725.0
2362.0
1.0
8.0
1.0
15.0
1.0
2.0
3.0
484.0
5.0
4.0
1.0
6.0
3.0
7.0
19.0
1.0
100.0
3.0
23.0
977.0
9.0
1.0
3.0
5.0
2.0
9.0
3.0
1.0
3.0
3.0
613.0
1196.0
1018.0
82.0
11.0
1.0
1.0
1.0
1.0
64.0
1.0
118.0
1.0
24.0
69.0
9.0
1.0
5.0
13.0
432.0
7.0
3.0
1.0
2.0
293.0
1.0
1.0
492.0
2.0
3.0
1.0
1.0
3.0
1.0
3.0
158.0
38.0
1.0
1.0
5.0
17.0
46.0
93.0
1.0
3.0
1.0
230.0
3.0
1.0
36.0
6.0
2.0
630.0
1.0
2190.0
17.0
3.0
2.0
3.0
6.0
19.0
819.0
1.0
1.0
3.0
1.0
4.0
3.0
2.0
75.0
4.0
3.0
365.0
16.0
1.0
1.0
7.0
1.0
3.0
32.0
4.0
1.0
11.0
3.0
43.0
1061.0
1.0
6.0
25.0
1.0
3274.0
1.0
24.0
3.0
1.0
1.0
15.0
3.0
13.0
2.0
1.0
1.0
4.0
286.0
17.0
21.0
26.0
3.0
1017.0
2.0
2.0
2.0
3.0
1.0
39.0
57.0
5.0
159.0
19.0
3.0
1018.0
1.0
20.0
7.0
12.0
6718.0
1.0
2.0
24.0
234.0
878.0
1.0
26.0
216.0
6.0
1.0
65.0
1.0
1.0
7.0
3.0
2.0
393.0
1.0
6.0
25.0
2.0
238.0
1.0
48.0
33.0
206.0
1.0
1.0
1.0
3.0
1.0
1.0
1.0
1.0
3.0
1.0
2.0
2.0
2.0
4.0
4.0
10.0
1.0
7.0
9.0
1.0
105.0
3.0
12.0
3.0
2.0
5.0
364.0
1.0
8.0
5.0
2.0
3.0
5.0
1.0
3.0
1.0
5.0
1.0
48.0
1.0
142.0
3.0
1.0
1.0
3.0
4.0
24.0
204.0
36.0
4.0
4.0
53.0
1882.0
1.0
5731.0
1.0
2.0
24.0
282.0
5.0
5.0
1.0
9.0
4.0
70.0
1.0
1.0
4288.0
2.0
308.0
42.0
36.0
4.0
1.0
1.0
175.0
3.0
1.0
1.0
3.0
2.0
22.0
3.0
3.0
141.0
37.0
1.0
1.0
12.0
4.0
978.0
8.0
26.0
22.0
2.0
230.0
8.0
1.0
4.0
1.0
3.0
1.0
185.0
451.0
2.0
64.0
3.0
1.0
4.0
1484.0
2218.0
2.0
180.0
97.0
207.0
3.0
1.0
2.0
2.0
1.0
2.0
1.0
7.0
67.0
1.0
3.0
4.0
503.0
1.0
4.0
5.0
596.0
1.0
5.0
271.0
155.0
802.0
14.0
1.0
1237.0
5.0
1042.0
2.0
2.0
1.0
1.0
6.0
1.0
1.0
3.0
1.0
285.0
1.0
1.0
196.0
8.0
12.0
1.0
161.0
142.0
1.0
7.0
379.0
226.0
5.0
3.0
1.0
3.0
712.0
1.0
11.0
1.0
1.0
3.0
3.0
1.0
1.0
1.0
2.0
4.0
3.0
22.0
3.0
1.0
10.0
1014.0
31.0
1236.0
387.0
3.0
2.0
28.0
28.0
1.0
3.0
1.0
9.0
10.0
1.0
135.0
1.0
1.0
2.0
1.0
3.0
780.0
32.0
3.0
4.0
9.0
33.0
1.0
48.0
79.0
22.0
2.0
9.0
3.0
11.0
6.0
1695.0
2.0
1.0
2.0
6.0
4.0
3.0
54.0
13.0
8.0
2.0
58.0
4049.0
1.0
1.0
4.0
3.0
2.0
4.0
2.0
22.0
3.0
8.0
45.0
1.0
65.0
1.0
2.0
1.0
3.0
2.0
1.0
976.0
187.0
47.0
2.0
1.0
1429.0
88.0
595.0
3.0
6.0
1.0
3.0
6.0
635.0
1.0
2.0
3.0
3.0
1.0
164.0
3.0
1446.0
20.0
1.0
2.0
1183.0
1505.0
3.0
58.0
1.0
467.0
1.0
1.0
6.0
9.0
10.0
780.0
1.0
59.0
2.0
3.0
3.0
2.0
3.0
15.0
1.0
2.0
365.0
782.0
356.0
8.0
233.0
2.0
2.0
1.0
4.0
714.0
1.0
2.0
3.0
54.0
1.0
81.0
160.0
19.0
111.0
1.0
1.0
3.0
6.0
83.0
1.0
5.0
3.0
2.0
1.0
2.0
9.0
70.0
1.0
33.0
17.0
3.0
1.0
3943.0
1.0
6.0
1.0
16.0
26.0
11.0
1.0
1.0
1.0
1.0
3.0
1.0
1.0
2.0
8.0
9.0
1.0
1.0
265.0
76.0
117.0
10.0
4.0
6.0
150.0
596.0
5.0
481.0
1.0
8.0
3.0
4.0
3.0
8.0
6.0
2.0
20.0
3.0
155.0
34.0
3.0
2.0
75.0
1.0
2.0
65.0
143.0
7.0
4.0
19.0
1.0
779.0
1.0
2.0
9.0
55.0
12.0
1523.0
185.0
8.0
1.0
1.0
3.0
3.0
81.0
1.0
2.0
4.0
64.0
4.0
6.0
379.0
2.0
6.0
7.0
4.0
8291.0
3.0
3.0
156.0
2.0
8.0
45.0
1.0
108.0
26.0
1.0
3.0
430.0
1.0
3.0
3.0
1.0
2.0
8.0
35.0
355.0
3.0
325.0
2.0
66.0
45.0
412.0
3.0
9.0
1624.0
12.0
3.0
18.0
55.0
286.0
3.0
2.0
1.0
1.0
7.0
8.0
3.0
2.0
1.0
6.0
431.0
40.0
3.0
3.0
3.0
14189.0
2.0
2.0
1.0
5.0
3.0
3.0
1.0
4.0
8.0
339.0
471.0
1.0
1.0
1.0
3.0
9.0
2.0
36.0
6.0
8689.0
3.0
3.0
1.0
5.0
1.0
292.0
3.0
1.0
1.0
9.0
1.0
1.0
3.0
12274.0
184.0
22.0
19.0
1.0
292.0
685.0
282.0
1470.0
2.0
1.0
3.0
3.0
1.0
17.0
3.0
3.0
8.0
2.0
22.0
43.0
130.0
2.0
1.0
1.0
1.0
102.0
304.0
5.0
2.0
217.0
2.0
8.0
16.0
2.0
17.0
14.0
1.0
1.0
1.0
2.0
1.0
1.0
3.0
29.0
3.0
2.0
4.0
1.0
38.0
396.0
1.0
88.0
75.0
474.0
39.0
3.0
1.0
1.0
76.0
2.0
17.0
2.0
37.0
1.0
19.0
12.0
1.0
3.0
2.0
3.0
2.0
1466.0
1.0
2.0
49.0
1.0
3.0
1.0
22.0
879.0
3.0
1.0
2.0
2.0
307.0
14.0
3.0
24.0
1.0
23.0
1.0
70.0
3.0
1085.0
91.0
2658.0
1.0
11.0
231.0
1.0
5.0
450.0
1.0
421.0
9.0
9.0
2.0
1.0
1.0
1.0
1.0
17.0
3.0
1.0
1.0
1.0
33.0
135.0
1545.0
3.0
1.0
105.0
1.0
36.0
69.0
1.0
277.0
9.0
3.0
62.0
8.0
1.0
1.0
753.0
7.0
1.0
12.0
1.0
4.0
2.0
1.0
341.0
1.0
1.0
1.0
3.0
3.0
1.0
3.0
10.0
2.0
17.0
153.0
120.0
5.0
42.0
1.0
4.0
27.0
344.0
2.0
2199.0
11.0
10.0
245.0
9.0
3.0
6.0
1.0
1527.0
1.0
288.0
620.0
22.0
3.0
19.0
565.0
1256.0
1.0
43.0
6.0
5.0
1.0
464.0
55.0
4.0
3.0
1.0
3.0
1.0
3.0
13.0
3.0
1114.0
7.0
2.0
3.0
26.0
2.0
1.0
9.0
3.0
119.0
1.0
1.0
2.0
1.0
9.0
50.0
886.0
4.0
1046.0
1.0
9.0
115.0
3.0
5408.0
1.0
4.0
1.0
3.0
83.0
2.0
1.0
46.0
21.0
2.0
152.0
1177.0
1.0
3.0
1.0
3.0
470.0
2.0
317.0
2.0
38.0
1.0
1.0
19.0
11.0
11.0
1083.0
628.0
21.0
2.0
67.0
363.0
2.0
5.0
710.0
701.0
13.0
48.0
3.0
6386.0
1.0
5.0
2.0
39.0
17.0
8.0
1.0
3.0
1.0
3.0
3.0
1.0
32.0
8.0
289.0
4.0
10.0
3.0
2.0
87.0
3.0
2.0
3.0
1.0
3.0
842.0
8.0
486.0
24.0
473.0
1.0
2.0
1703.0
26.0
1.0
105.0
689.0
1.0
2.0
3.0
3.0
1185.0
13.0
718.0
10.0
37.0
4699.0
2.0
1.0
3.0
1.0
55.0
1.0
1.0
2.0
298.0
68.0
654.0
69.0
3.0
2106.0
9.0
1.0
3.0
1.0
8.0
1.0
1439.0
488.0
2.0
5.0
1018.0
1.0
3.0
364.0
29.0
4.0
1.0
107.0
4.0
2.0
839.0
2.0
2899.0
1.0
5132.0
3.0
2.0
11.0
1.0
92.0
1.0
6.0
4.0
3.0
3.0
3.0
1.0
1483.0
1.0
1.0
63.0
2.0
1.0
4.0
23.0
3.0
17.0
1.0
2.0
38.0
1.0
19.0
3.0
1.0
3.0
66.0
10.0
3.0
107.0
1515.0
6.0
17.0
5.0
7802.0
127.0
5.0
4.0
4.0
2.0
4.0
2.0
1.0
19.0
9.0
1.0
3.0
18.0
9.0
7.0
1.0
13908.0
1.0
950.0
2162.0
14.0
2.0
3.0
1.0
1.0
3.0
1.0
95.0
2.0
3.0
5.0
3.0
2.0
15.0
16.0
3.0
1.0
10.0
2570.0
3.0
8.0
25.0
3.0
3.0
1.0
4.0
1793.0
5.0
2.0
4.0
1.0
34.0
425.0
2.0
253.0
14.0
9.0
28.0
24.0
2.0
2.0
6.0
4.0
187.0
1.0
5.0
3.0
1.0
1.0
2.0
13.0
1.0
250.0
3.0
3.0
2.0
24.0
9.0
14.0
1.0
1.0
2.0
10.0
19.0
19.0
1.0
11.0
3.0
3.0
3.0
45.0
3.0
1.0
2.0
159.0
20.0
2.0
1.0
1.0
6.0
351.0
920.0
3290.0
1.0
7.0
1.0
1.0
1.0
2.0
554.0
797.0
4.0
4.0
6.0
26.0
6.0
24.0
11.0
369.0
2.0
1.0
1.0
791.0
3.0
1.0
841.0
2.0
2.0
1.0
1.0
201.0
3.0
1.0
250.0
8.0
433.0
1.0
16.0
10.0
1.0
20.0
2.0
69.0
11.0
24.0
7.0
3.0
1.0
4.0
1.0
6.0
10.0
119.0
4.0
14.0
9.0
4.0
7.0
3.0
3.0
186.0
1.0
19.0
1.0
1.0
1.0
103.0
734.0
5.0
1.0
1.0
10.0
1.0
393.0
19.0
694.0
1.0
3.0
42.0
3.0
17.0
2.0
3.0
1.0
31.0
9.0
6.0
31.0
3.0
116.0
3.0
3.0
3.0
3.0
2.0
1187.0
311.0
1.0
3.0
1.0
2.0
4.0
95.0
8.0
1.0
10.0
3.0
5.0
3.0
5.0
1.0
66.0
10.0
290.0
12.0
1.0
11.0
9.0
1.0
183.0
3.0
1.0
1.0
14385.0
949.0
2.0
3.0
351.0
5147.0
662.0
1.0
5.0
281.0
1.0
3.0
439.0
311.0
1.0
1.0
4246.0
123.0
18.0
3.0
1.0
3.0
3002.0
2818.0
407.0
1.0
19.0
4.0
2.0
2.0
2.0
1.0
220.0
1.0
554.0
3.0
2.0
69.0
9.0
1.0
1.0
1.0
1.0
1.0
25.0
1.0
3.0
87.0
1.0
1.0
1.0
3.0
82.0
206.0
1.0
3.0
2.0
13.0
1.0
1.0
24.0
42.0
9.0
3.0
5.0
15.0
351.0
3.0
8.0
4.0
19.0
9.0
5.0
1318.0
372.0
2.0
253.0
62972.0
6.0
9.0
7.0
22.0
1634.0
1.0
177.0
1.0
12.0
1.0
12.0
3.0
1.0
24.0
3.0
10.0
14.0
1.0
7.0
1.0
292.0
3750.0
6.0
1.0
1307.0
23.0
2.0
2.0
1.0
1.0
1.0
5.0
3.0
45.0
1.0
1.0
806.0
7.0
1.0
20.0
3.0
1.0
1.0
1.0
14.0
1.0
1.0
4.0
1.0
64.0
2.0
1.0
61.0
857.0
21.0
971.0
25.0
33.0
13.0
1.0
80.0
965.0
22.0
3.0
3.0
1.0
3.0
3.0
2.0
1.0
20.0
13653.0
56.0
6.0
3.0
342.0
28.0
725.0
2.0
3.0
146.0
9.0
3.0
17.0
239.0
3.0
172.0
954.0
1.0
3.0
3.0
71.0
3.0
420.0
474.0
3.0
10.0
400.0
1.0
83.0
1551.0
78.0
1.0
36.0
2.0
4.0
217.0
73.0
253.0
2.0
3.0
3.0
9.0
3.0
3.0
16.0
1.0
3.0
1.0
6.0
4.0
3.0
4.0
6.0
1.0
1.0
2.0
2.0
96.0
1.0
1765.0
1.0
5.0
57.0
3.0
652.0
3.0
3.0
2.0
351.0
7.0
8.0
900.0
12.0
422.0
4.0
3.0
2.0
2.0
1.0
6.0
3.0
3.0
129.0
2.0
3.0
189.0
1.0
65.0
4.0
8.0
272.0
292.0
3.0
1.0
2.0
73.0
1.0
1.0
2.0
1.0
1.0
427.0
6.0
3.0
1.0
3.0
1.0
2.0
1.0
7.0
1.0
177.0
4.0
1835.0
5.0
2.0
2.0
1.0
1.0
1.0
1.0
3.0
1541.0
19.0
2.0
13.0
3.0
3.0
373.0
3.0
1.0
555.0
60.0
1.0
1.0
1.0
75.0
455.0
2.0
12.0
704.0
5.0
404.0
79.0
3.0
5.0
1.0
288.0
1.0
6.0
11.0
1.0
11.0
8.0
1.0
8.0
2.0
2.0
2.0
9.0
3.0
1.0
14.0
43.0
1.0
451.0
2.0
1376.0
1.0
3.0
351.0
1.0
1.0
8.0
5.0
7172.0
3.0
1.0
1.0
1.0
3.0
2.0
4.0
17.0
1.0
2.0
10.0
1.0
678.0
345.0
15.0
32.0
5.0
27.0
14385.0
1.0
2.0
1.0
1.0
75.0
7.0
2.0
4.0
1.0
3.0
4.0
552.0
2.0
1.0
5.0
11.0
2.0
18.0
40.0
18.0
32.0
8.0
1.0
2.0
1.0
3.0
45.0
1.0
5.0
102.0
1.0
3.0
9.0
1.0
3.0
9.0
6.0
248.0
1046.0
1.0
12.0
2.0
3.0
3.0
3.0
3.0
57.0
123.0
1.0
3.0
2.0
3.0
317.0
6.0
3.0
147.0
5.0
2123.0
7.0
1.0
13.0
39.0
2.0
814.0
1.0
5.0
130.0
1496.0
3.0
30.0
1.0
30.0
9.0
3.0
1.0
2.0
218.0
2.0
2.0
54.0
1.0
4.0
2295.0
777.0
1.0
3.0
18.0
88.0
292.0
377.0
3.0
2.0
1.0
174.0
279.0
7.0
16.0
3.0
9.0
16.0
1789.0
2.0
1.0
2.0
3.0
1.0
3.0
1350.0
4.0
16.0
2.0
11564.0
1.0
312.0
353.0
191.0
15.0
7603.0
2.0
2.0
5.0
1059.0
3.0
300.0
3.0
14.0
9.0
15.0
464.0
3.0
1.0
1.0
39.0
1.0
1.0
5.0
4.0
421.0
3.0
1.0
122.0
3.0
1.0
40.0
30.0
2.0
1.0
1.0
3.0
2.0
695.0
3.0
2.0
1.0
4.0
4.0
3.0
111.0
3.0
3.0
58.0
2161.0
1.0
1.0
5070.0
1.0
3.0
1.0
8.0
1.0
2.0
1.0
3.0
3.0
9.0
28.0
14.0
3.0
17.0
351.0
1.0
20.0
15460.0
4.0
2.0
2.0
1.0
1.0
1.0
2.0
3.0
793.0
9.0
2074.0
1.0
3.0
4.0
696.0
103.0
2.0
3.0
174.0
7.0
22.0
1.0
1088.0
10.0
4.0
985.0
1.0
269.0
233.0
3.0
407.0
1.0
1.0
1.0
1047.0
562.0
4.0
89.0
3135.0
3.0
1.0
446.0
4.0
1.0
419.0
1.0
1.0
927.0
3631.0
1.0
30838.0
961.0
4.0
2.0
1.0
2.0
1078.0
4.0
348.0
8.0
2.0
3.0
1.0
1144.0
2550.0
1.0
2.0
1230.0
1428.0
3.0
1.0
1.0
19.0
65.0
4.0
8.0
3.0
1018.0
75.0
12.0
2.0
9.0
3.0
361.0
303.0
889.0
24.0
121.0
1.0
5.0
14.0
66.0
2.0
2.0
4.0
3.0
125.0
1.0
3.0
6.0
1.0
5.0
2.0
1.0
60.0
17.0
3.0
4.0
2.0
26.0
3.0
1.0
49.0
4.0
82.0
19.0
3.0
1.0
89.0
4.0
1.0
13.0
4.0
3.0
3.0
1.0
1.0
1.0
269.0
1.0
1.0
39.0
24.0
3.0
4.0
3.0
6.0
1.0
176.0
1033.0
4.0
1.0
9.0
2.0
382.0
29.0
1.0
29.0
1.0
1.0
20.0
2.0
11.0
1.0
17.0
3.0
1.0
326.0
6.0
16.0
2.0
11.0
3.0
60.0
1.0
19.0
112.0
3.0
1.0
1.0
5.0
596.0
9.0
2.0
573.0
2.0
267.0
53.0
4.0
1197.0
8.0
48.0
1.0
10.0
201.0
9.0
1.0
1.0
3.0
14.0
44.0
1.0
1.0
16.0
13.0
153.0
1.0
12.0
58.0
4.0
3.0
3.0
96.0
501.0
72.0
1.0
3.0
394.0
4.0
2.0
87.0
3.0
33.0
9.0
2.0
9.0
152.0
117.0
10.0
1.0
1.0
39.0
2.0
1.0
11.0
568.0
3.0
1.0
1.0
9.0
1.0
1.0
42.0
60.0
1.0
1.0
2277.0
1.0
27.0
10.0
1.0
12.0
28.0
9.0
4.0
2.0
1.0
3.0
118.0
254.0
3.0
1.0
2.0
3.0
6.0
505.0
3.0
3.0
1.0
3.0
19.0
1.0
1.0
4.0
3.0
1.0
500.0
351.0
14.0
3026.0
17.0
1.0
1615.0
2.0
14.0
6.0
343.0
20.0
1.0
33.0
2.0
1.0
3.0
4.0
376.0
1.0
36.0
3.0
5300.0
3.0
1.0
2.0
4.0
1.0
20.0
4.0
16.0
14.0
23.0
1.0
16.0
1.0
636.0
1.0
2.0
2.0
2.0
2.0
1.0
1.0
21.0
6.0
18.0
169.0
28.0
31.0
65.0
3.0
2.0
3.0
3.0
1.0
1353.0
829.0
5.0
3.0
3.0
16.0
2.0
6.0
58296.0
1.0
4.0
1.0
2.0
2.0
147.0
31.0
339.0
10.0
548.0
265.0
14.0
1.0
102.0
2.0
1.0
118.0
50.0
5.0
683.0
1.0
3.0
1.0
3.0
2.0
3.0
3.0
6.0
87.0
4.0
15.0
3.0
3.0
112.0
74420.0
1.0
3.0
1.0
6.0
5.0
1.0
4.0
17.0
1078.0
1.0
3.0
1060.0
1.0
2.0
1.0
1.0
2.0
3.0
2.0
1.0
1.0
3.0
1.0
1454.0
3.0
6.0
6.0
5.0
1.0
298.0
3.0
19.0
27.0
2.0
5.0
3.0
458.0
3.0
1.0
1.0
1.0
1117.0
351.0
1.0
17.0
2.0
3.0
1.0
59.0
3.0
6.0
441.0
1.0
1565.0
15.0
1.0
2.0
2.0
15.0
424.0
1.0
49.0
25.0
5.0
4.0
23.0
2.0
14385.0
1381.0
15.0
1.0
1.0
4.0
2.0
2.0
2.0
2.0
2.0
1.0
120.0
5.0
421.0
1.0
292.0
264.0
2.0
1110.0
3.0
184.0
14.0
1.0
107.0
2.0
1.0
76.0
19.0
114.0
1.0
8.0
1.0
356.0
1.0
66.0
236.0
26.0
26.0
9.0
438.0
29.0
1.0
46.0
8.0
7.0
1.0
16.0
5.0
4.0
224.0
17.0
1.0
12.0
1398.0
2.0
3.0
3.0
8.0
17.0
2.0
15.0
726.0
1.0
25.0
3.0
57.0
3.0
1.0
87.0
1.0
32.0
1.0
8.0
3.0
3.0
75.0
82.0
1.0
2.0
2.0
4.0
3.0
2.0
24.0
257.0
3.0
97.0
27.0
4.0
1.0
1768.0
16.0
1.0
2131.0
1.0
1.0
336.0
1.0
1.0
65.0
1.0
2.0
4.0
152.0
1.0
3.0
1.0
4.0
1.0
6.0
147.0
1.0
4.0
3.0
1.0
3.0
3.0
66.0
1.0
3.0
5.0
2392.0
2.0
76.0
1.0
1.0
9.0
3.0
1.0
3.0
295.0
6.0
292.0
3599.0
7.0
1.0
6.0
1.0
3.0
17.0
3.0
282.0
3.0
17.0
3.0
1.0
7.0
2.0
2.0
1.0
4.0
3.0
9535.0
1.0
1.0
5.0
1825.0
7.0
2.0
1.0
3.0
2127.0
370.0
16.0
3.0
1.0
24.0
33.0
2.0
3.0
3.0
12.0
2.0
26.0
1.0
3.0
3.0
3.0
3.0
39.0
548.0
3.0
3.0
2.0
3.0
1.0
3.0
13.0
3.0
3.0
262.0
12.0
1.0
1111.0
3.0
21.0
596.0
4.0
2.0
6.0
41.0
1337.0
666.0
1.0
1.0
3.0
3.0
11.0
5.0
3.0
3.0
3.0
11.0
5707.0
1735.0
5.0
968.0
17.0
18.0
1.0
1.0
1.0
5.0
3.0
7.0
3.0
142.0
7.0
2.0
4.0
9.0
166.0
17.0
2.0
1.0
4999.0
4.0
14.0
3.0
7.0
23.0
281.0
1.0
7.0
1.0
8.0
10.0
5.0
2.0
2.0
4.0
172.0
1.0
1.0
1.0
12.0
1468.0
8.0
16.0
2.0
3.0
23.0
1.0
6.0
3.0
1.0
5.0
1.0
3292.0
1308.0
3.0
1.0
7.0
3.0
1.0
4.0
14.0
3.0
1.0
935.0
3.0
24.0
1.0
3.0
1.0
2.0
369.0
7.0
1.0
2.0
3.0
5.0
2.0
35.0
3.0
1.0
18.0
2.0
10.0
4.0
3.0
33.0
19.0
30.0
47.0
4.0
2.0
171.0
1.0
1.0
56.0
1.0
5.0
3.0
1.0
2.0
389.0
59.0
446.0
514.0
24.0
188.0
2689.0
3.0
1.0
2.0
5.0
3.0
3.0
1.0
1.0
1.0
63.0
960.0
20.0
41.0
3.0
4.0
275.0
2.0
8680.0
19.0
47.0
8.0
3.0
3.0
2.0
95.0
13.0
138.0
1.0
12944.0
3.0
3.0
3.0
3.0
399.0
2.0
8.0
1.0
3.0
3.0
8.0
2.0
2.0
17.0
55.0
1.0
1.0
3.0
10.0
6.0
139.0
5.0
726.0
601.0
105.0
10.0
3.0
4.0
1042.0
1.0
6.0
1.0
4.0
859.0
1.0
189.0
1.0
86.0
3.0
3.0
3.0
10.0
1.0
39.0
3.0
9.0
1.0
1.0
290.0
199.0
3999.0
24.0
1.0
3.0
4.0
119.0
729.0
25.0
1.0
2.0
1.0
15.0
1.0
57.0
1.0
1.0
1.0
1111.0
3.0
3.0
3.0
2.0
174.0
96.0
730.0
2.0
1.0
2.0
15.0
130.0
3.0
12.0
29.0
8.0
4.0
4.0
596.0
1.0
2.0
3.0
2.0
24.0
1.0
1.0
8.0
1.0
4520.0
9.0
1.0
11.0
2.0
5313.0
3.0
1.0
1.0
1.0
2.0
4.0
10.0
9.0
1136.0
17.0
9.0
21.0
172.0
1755.0
109.0
36.0
4.0
1.0
2546.0
6.0
2.0
1.0
16.0
3.0
97.0
34.0
1.0
23.0
1.0
3.0
9.0
156.0
3.0
4.0
3.0
1.0
4.0
10.0
483.0
3.0
172.0
311.0
1.0
4.0
2.0
1.0
1.0
9.0
3.0
1536.0
8.0
9.0
1.0
30.0
5.0
15.0
17.0
1.0
18.0
2.0
7.0
4.0
3.0
1.0
3.0
3.0
210.0
9.0
1.0
3.0
362.0
1899.0
75.0
254.0
7.0
5.0
5.0
62.0
4.0
218.0
2.0
76.0
9.0
1.0
1.0
30.0
3.0
9.0
7.0
42.0
2.0
1.0
786.0
2.0
2.0
37.0
1.0
2.0
1.0
9.0
503.0
3.0
1.0
2.0
953.0
10.0
1.0
3.0
1.0
1.0
2155.0
7.0
5.0
1.0
12.0
23.0
6.0
344.0
1.0
1.0
1.0
6636.0
34.0
9.0
2.0
1.0
1018.0
12.0
12.0
59.0
1.0
3.0
1.0
6.0
1183.0
3.0
1.0
313.0
2.0
25.0
15.0
3.0
1.0
2.0
3.0
1.0
8.0
1.0
23.0
2.0
1.0
1.0
3.0
1.0
390.0
18.0
4.0
4.0
24.0
24.0
85.0
1.0
434.0
186.0
1.0
313.0
12.0
1.0
2.0
2.0
3.0
4.0
1.0
5.0
288.0
421.0
2.0
1.0
6.0
1.0
434.0
3.0
39.0
3.0
2.0
3.0
7.0
138.0
28.0
2.0
1.0
1.0
1.0
4.0
2.0
421.0
476.0
8.0
1.0
3.0
972.0
23.0
681.0
2.0
7.0
1.0
2087.0
3.0
2.0
55.0
8.0
2.0
2.0
4.0
1.0
3.0
3.0
1.0
3.0
182.0
1.0
7.0
75.0
1.0
1.0
102.0
1059.0
2.0
1.0
858.0
2.0
3.0
1.0
1.0
6.0
1.0
3.0
1.0
3.0
16.0
2.0
15.0
1975.0
1.0
1.0
2.0
972.0
3.0
2.0
2.0
3.0
1.0
292.0
80.0
3.0
38615.0
246.0
2862.0
3.0
316.0
6.0
20.0
229.0
1.0
8.0
6.0
4.0
3.0
3.0
4.0
129.0
9.0
2.0
1.0
25.0
2.0
1.0
3.0
2.0
38.0
7.0
107.0
1.0
1.0
14.0
50.0
24.0
46.0
358.0
200.0
3.0
100.0
117.0
5.0
3.0
22.0
1.0
3.0
2.0
11.0
1.0
5.0
1.0
291.0
3336.0
3.0
1.0
1.0
10.0
1604.0
1.0
654.0
1096.0
25.0
8.0
2.0
14.0
1.0
2.0
2.0
6703.0
1.0
1.0
960.0
7.0
4.0
6.0
2.0
4.0
596.0
32.0
13.0
8.0
172.0
881.0
1.0
246.0
4.0
713.0
1.0
1.0
1.0
313.0
3.0
1.0
1.0
2.0
1.0
5.0
15.0
1.0
3.0
1.0
3.0
1.0
19831.0
1.0
1.0
2.0
16.0
10.0
207.0
7.0
150.0
103.0
28.0
3.0
3.0
1.0
6.0
1.0
1.0
1717.0
67.0
22.0
23.0
33.0
6.0
88749.0
673.0
1.0
3.0
6.0
2.0
3.0
2.0
74.0
4.0
2.0
1187.0
30.0
3.0
2.0
5.0
1390.0
1.0
18.0
3.0
40.0
5.0
2.0
3.0
1.0
4.0
3.0
1.0
12.0
78.0
3.0
2.0
1.0
3.0
29.0
6.0
1.0
1.0
123.0
2.0
31.0
1.0
6.0
3.0
89.0
697.0
22.0
3.0
5.0
2.0
5.0
12.0
54.0
49.0
5.0
91.0
2.0
1.0
3.0
18.0
2.0
3.0
3.0
32.0
2.0
2.0
1.0
498.0
1.0
492.0
604.0
2.0
2.0
34.0
1651.0
24.0
1.0
22.0
6.0
203.0
65.0
1.0
621.0
2.0
1.0
14.0
16.0
1.0
3.0
2.0
3.0
6.0
8.0
2.0
8.0
7952.0
2.0
8.0
6.0
32.0
43.0
2.0
3206.0
23.0
1.0
1.0
1.0
3.0
2.0
3211.0
1.0
2.0
565.0
4.0
33.0
3.0
1.0
11.0
4.0
2.0
2.0
7.0
2.0
2.0
1.0
1.0
1.0
2.0
2.0
1.0
16.0
19.0
6.0
2.0
2.0
2.0
17.0
593.0
1.0
74.0
3.0
1.0
1.0
2.0
3.0
3.0
1.0
1.0
1183.0
982.0
2.0
3.0
2.0
62.0
29.0
2.0
2.0
524.0
3.0
13.0
3.0
1.0
618.0
300.0
10.0
828.0
1.0
31.0
4.0
3.0
7.0
3.0
16.0
3.0
3.0
1.0
1.0
8055.0
2.0
8.0
3.0
9.0
3892.0
3.0
25.0
102.0
1.0
2.0
281.0
5.0
2.0
3.0
49.0
1.0
1.0
1.0
2.0
5.0
1.0
1.0
30.0
1.0
69.0
1.0
2.0
4.0
3.0
8.0
4.0
244.0
2.0
2.0
4.0
102.0
948.0
12.0
1.0
2.0
1.0
2.0
6.0
9.0
2.0
3.0
3.0
1.0
313.0
6.0
14385.0
5.0
105.0
1.0
3.0
8.0
523.0
855.0
1.0
13.0
7.0
1.0
1.0
1.0
1031.0
1.0
2.0
3.0
33.0
20.0
1.0
5.0
1.0
3.0
1.0
1.0
1204.0
2.0
377.0
127.0
31.0
1.0
6.0
19.0
191.0
85.0
17.0
214.0
1.0
1.0
21.0
3.0
3.0
2.0
70.0
1.0
3.0
16.0
101.0
4.0
2.0
622.0
1.0
2.0
28.0
6.0
65.0
5.0
1.0
1.0
3.0
1.0
4.0
965.0
1.0
325.0
1.0
3.0
3.0
1.0
46.0
1.0
4.0
187.0
5.0
1.0
1.0
1.0
1.0
8600.0
1.0
12.0
3.0
5.0
351.0
12.0
1089.0
1.0
3.0
1.0
1.0
12.0
1.0
1.0
9.0
2431.0
10.0
2.0
5.0
1.0
2.0
3.0
19.0
24.0
4427.0
1.0
1.0
37.0
194.0
1.0
82.0
22889.0
3.0
2.0
54.0
1.0
413.0
2.0
5.0
1.0
534.0
1.0
1.0
1755.0
78.0
3710.0
5.0
3.0
14.0
1.0
1.0
3.0
3.0
1.0
143.0
139.0
177.0
29.0
286.0
1.0
1.0
243.0
9.0
3.0
20.0
2373.0
3.0
1.0
102.0
3.0
239.0
1.0
4.0
1.0
3.0
1.0
4.0
2.0
1.0
5.0
1.0
3.0
45.0
1.0
2.0
1.0
41.0
7.0
1.0
1.0
16.0
591.0
2.0
1.0
3.0
393.0
29.0
2.0
3.0
3.0
1.0
554.0
1.0
7.0
6.0
2.0
11.0
4585.0
4.0
2.0
1.0
175.0
798.0
6093.0
3.0
1040.0
1.0
4.0
3.0
1.0
2.0
2.0
1.0
2.0
241.0
5.0
1.0
9.0
1.0
1.0
1.0
6.0
86.0
78.0
123.0
5.0
6.0
351.0
1.0
15.0
25.0
1.0
1.0
7.0
57.0
44.0
2.0
1.0
6.0
16.0
1.0
1.0
3.0
31.0
38.0
59.0
3.0
4000.0
3.0
2.0
62912.0
1.0
492.0
3.0
2.0
47.0
1.0
3.0
82.0
8.0
1.0
1.0
24.0
1.0
336.0
454.0
1.0
12.0
21.0
6.0
3.0
13.0
1.0
1.0
666.0
1.0
14.0
3.0
3.0
2.0
190.0
4.0
2.0
8.0
8.0
1.0
1.0
1.0
7.0
7.0
3.0
1.0
1.0
1204.0
1.0
1.0
351.0
323.0
1.0
2.0
8.0
3.0
3.0
351.0
1458.0
8.0
3.0
11.0
1.0
46.0
3.0
1.0
1.0
1.0
1.0
4205.0
1.0
2.0
3.0
10.0
1.0
1.0
147.0
4.0
8.0
17.0
9.0
1.0
1.0
1.0
3.0
3.0
1628.0
2527.0
3.0
1.0
47.0
808.0
1.0
1.0
2.0
11.0
1.0
31223.0
19.0
1.0
1.0
4.0
4.0
241.0
16.0
1.0
3.0
5.0
3.0
1.0
1.0
1518.0
2735.0
1.0
3.0
1.0
2.0
10.0
13.0
2.0
871.0
3.0
1.0
16.0
2.0
2725.0
14.0
1.0
7.0
3.0
6.0
1.0
1.0
1.0
2.0
17.0
4.0
102.0
2.0
1.0
1.0
9.0
38.0
151.0
1.0
1.0
814.0
2.0
2.0
13.0
7803.0
3.0
1.0
2.0
2.0
2.0
1051.0
1.0
1.0
2.0
3.0
1.0
107.0
7.0
906.0
784.0
62.0
4.0
3.0
317.0
1.0
27.0
865.0
1.0
4.0
3.0
234.0
252.0
1786.0
6.0
2.0
674.0
2.0
3.0
312.0
3.0
3.0
6.0
3.0
8.0
3.0
11.0
3.0
40.0
215.0
2.0
1.0
61.0
1.0
20.0
1.0
16.0
14.0
3.0
2.0
873.0
2.0
1.0
346.0
3.0
3.0
8.0
620.0
2.0
1.0
1.0
408.0
2.0
2.0
2.0
6.0
1.0
977.0
32.0
1.0
43.0
1.0
8.0
17.0
1.0
4.0
2600.0
1825.0
4.0
1.0
208.0
2.0
1229.0
1.0
76.0
1.0
24.0
1.0
3.0
3.0
3.0
21.0
4.0
870.0
56.0
3.0
7.0
111.0
1.0
1.0
1.0
14.0
22.0
1.0
3.0
20.0
1.0
3594.0
3.0
117.0
139.0
1637.0
9.0
3.0
14.0
3.0
74.0
2.0
125.0
6.0
8.0
1157.0
843.0
26.0
1.0
1.0
1.0
3.0
51.0
1.0
102.0
4.0
55.0
11.0
1.0
3.0
57.0
3.0
5.0
1.0
3.0
2.0
1.0
3.0
14.0
129.0
2.0
3.0
12.0
3.0
8.0
1.0
1.0
1573.0
2.0
2.0
4.0
674.0
112.0
332.0
1180.0
1.0
1.0
2.0
1.0
4.0
119.0
73.0
2.0
624.0
1.0
13.0
3.0
7.0
48.0
1.0
1.0
2.0
3.0
2.0
3.0
2.0
2.0
1025.0
550.0
310.0
2.0
7.0
77.0
1.0
3.0
1.0
8.0
6.0
3.0
2.0
5.0
3113.0
17.0
27.0
8.0
24.0
2.0
3.0
3.0
12.0
3.0
70.0
7.0
3.0
3.0
2.0
8.0
1.0
17.0
931.0
5.0
1.0
4.0
21.0
1.0
1.0
3.0
3.0
2.0
2.0
31.0
3.0
214.0
11.0
1807.0
92.0
29.0
389.0
1.0
384.0
3.0
1.0
4.0
2.0
3.0
11.0
5.0
74.0
2.0
23.0
2.0
3.0
66.0
2.0
24.0
5.0
10.0
1.0
1.0
745.0
6.0
2749.0
1.0
1.0
199.0
1.0
4.0
1.0
452.0
5.0
7.0
2.0
23.0
545.0
1861.0
1.0
38.0
1.0
1.0
31.0
1.0
1.0
1.0
1.0
3.0
2.0
888.0
46.0
13.0
1.0
1.0
3.0
382.0
3.0
1.0
17.0
6.0
1.0
5.0
3.0
7.0
1.0
3.0
1.0
1.0
33.0
1.0
1.0
1.0
88.0
1.0
75.0
700.0
3.0
36.0
2.0
3.0
42.0
11.0
79.0
2875.0
1.0
2.0
20.0
318.0
10.0
1.0
3.0
5.0
3.0
17.0
1.0
1.0
21.0
3.0
4.0
24.0
5.0
164.0
4.0
125.0
2.0
749.0
638.0
3.0
4.0
82.0
1.0
1.0
1.0
1.0
787.0
6.0
4.0
12.0
9.0
5.0
4.0
38.0
83.0
552.0
3.0
4.0
2.0
8.0
3.0
2.0
13096.0
30.0
3.0
1.0
4.0
4.0
1.0
682.0
1.0
3.0
2569.0
54.0
1.0
1.0
1.0
36.0
5.0
23.0
1109.0
3.0
1.0
83.0
3.0
1.0
460.0
1.0
17.0
23.0
7.0
100.0
3.0
15.0
3.0
10.0
121.0
1.0
1.0
571.0
3.0
24.0
152.0
4.0
2.0
3.0
25.0
1.0
158.0
3.0
9.0
4.0
1.0
48.0
6.0
1.0
45.0
11.0
8.0
3.0
9.0
2.0
2906.0
1.0
3.0
3.0
1.0
3.0
1.0
3.0
4.0
3.0
10.0
1.0
8.0
1.0
293.0
1.0
1.0
3.0
1.0
24.0
1.0
596.0
401.0
47.0
1.0
1427.0
2.0
1.0
3.0
9.0
1.0
19.0
150.0
7.0
4.0
3.0
1.0
2.0
9.0
4.0
1.0
1.0
44.0
1.0
3.0
1239.0
63.0
3.0
8.0
28.0
1.0
2.0
2.0
442.0
1345.0
9.0
2.0
19.0
138.0
2.0
4.0
1.0
71.0
4.0
36.0
100.0
1.0
164.0
1.0
1.0
1.0
8.0
53.0
1856.0
1.0
3.0
1405.0
1.0
1.0
2.0
162.0
2.0
2.0
7.0
14.0
3.0
2.0
164.0
19.0
68.0
7.0
104.0
1.0
4.0
535.0
3.0
19.0
34.0
298.0
2.0
41.0
1.0
1.0
3.0
7.0
19.0
1.0
831.0
4.0
2.0
36.0
3.0
47.0
1.0
288.0
20.0
92.0
2.0
1.0
31.0
2.0
2.0
3.0
11.0
15.0
997.0
1.0
31.0
28.0
6.0
3.0
1578.0
1.0
1.0
3.0
3.0
4.0
1.0
2.0
63.0
250.0
2.0
626.0
1.0
1.0
1.0
65.0
3.0
3.0
101.0
65.0
102.0
3.0
3.0
1.0
3.0
2.0
3.0
198.0
1.0
126.0
255.0
90.0
4.0
7.0
1.0
2.0
4.0
3.0
287.0
1.0
4.0
3.0
5.0
3.0
33.0
4.0
20.0
471.0
116.0
1.0
1.0
2.0
4.0
459.0
2.0
1303.0
1.0
10.0
40.0
2.0
6.0
9.0
1.0
1.0
968.0
50.0
1.0
2.0
17.0
5.0
3.0
2.0
17.0
22.0
421.0
84.0
205.0
94.0
8394.0
3.0
89.0
9.0
1029.0
40.0
184.0
1.0
5.0
1.0
2.0
6.0
3.0
2.0
2.0
2.0
15.0
24.0
4.0
9.0
1.0
3.0
1.0
3.0
6.0
1.0
303.0
108.0
3.0
8.0
4.0
27.0
3.0
3.0
12.0
1.0
205.0
3.0
500.0
50.0
1.0
2.0
3.0
312.0
1.0
1.0
1.0
1.0
5.0
1.0
3.0
171.0
1.0
150.0
1.0
2.0
3.0
1.0
7.0
2.0
5.0
12.0
119.0
1.0
3.0
538.0
3.0
12.0
3.0
17.0
2.0
3.0
21.0
1.0
19.0
728.0
3.0
1.0
24.0
3.0
90.0
1.0
30.0
1.0
14.0
5.0
11.0
7.0
3.0
3.0
3292.0
358.0
1.0
178.0
2.0
1.0
1.0
15.0
1.0
3.0
2.0
1.0
14.0
1.0
17.0
3.0
1.0
3.0
2.0
15.0
3.0
29.0
3.0
2.0
8.0
3.0
3.0
3.0
1083.0
18.0
1.0
2.0
1.0
1.0
9.0
1.0
3.0
17.0
15.0
3.0
3.0
6.0
2.0
19.0
1.0
1.0
3.0
2.0
3.0
3.0
1.0
3.0
7.0
1.0
4.0
1.0
25.0
1.0
1.0
5.0
62.0
13.0
18.0
2905.0
1637.0
1.0
8.0
313.0
8.0
21.0
1.0
1.0
33.0
1.0
6.0
66.0
2.0
1.0
38.0
3.0
3.0
1.0
2.0
4.0
1.0
9.0
31.0
1.0
13886.0
3.0
14385.0
1.0
4.0
3.0
3.0
3.0
4.0
9.0
3.0
13.0
1.0
3.0
512.0
8.0
19.0
19.0
9.0
129.0
2.0
7.0
3.0
214.0
3.0
1.0
1.0
1.0
461.0
2.0
2.0
2.0
2.0
3.0
14.0
40.0
90.0
12.0
3.0
5.0
4.0
1.0
1.0
7.0
774.0
3.0
4.0
8.0
2.0
4.0
9.0
3.0
34.0
2.0
2.0
1.0
39.0
2.0
17.0
3.0
4.0
3.0
3.0
1.0
29.0
3.0
1.0
5217.0
351.0
244.0
1.0
75.0
1.0
264.0
3.0
1693.0
1.0
2.0
2.0
727.0
4.0
41.0
1.0
10.0
3.0
3.0
5.0
9.0
318.0
3.0
1.0
1.0
68.0
7.0
4.0
20.0
96.0
2.0
6.0
1.0
24.0
6518.0
16.0
946.0
1.0
3.0
50.0
7.0
3.0
10.0
2.0
292.0
255.0
33.0
1.0
1.0
4.0
292.0
508.0
4.0
3.0
2.0
3.0
34.0
1.0
5.0
5.0
76.0
1.0
8.0
1.0
1.0
15.0
2.0
6.0
3.0
3021.0
3.0
1911.0
1.0
7.0
9.0
182.0
1.0
8.0
3.0
55.0
2.0
1.0
941.0
3.0
2.0
1.0
5493.0
3.0
1.0
1.0
19.0
3.0
2.0
3.0
3.0
227.0
2.0
3.0
1.0
4.0
283.0
6.0
1030.0
2.0
3.0
21.0
3.0
8.0
3.0
1.0
4.0
3.0
207.0
39.0
1.0
4.0
66.0
34.0
10.0
3.0
1.0
3.0
66.0
2.0
1.0
5.0
813.0
4.0
1.0
934.0
2.0
4.0
1.0
2.0
3.0
117.0
1.0
3.0
2.0
1.0
51.0
1.0
250.0
1.0
1.0
596.0
1.0
1.0
17.0
1.0
1.0
1.0
1311.0
11.0
3.0
2.0
23.0
1.0
1.0
1.0
13.0
9.0
3.0
49.0
1.0
8.0
27.0
2.0
4.0
23.0
542.0
2.0
4.0
9.0
2.0
2.0
56.0
1779.0
6.0
1.0
1.0
6.0
13.0
1.0
1.0
2.0
2.0
3.0
2.0
12.0
6.0
3.0
3.0
3.0
6.0
1.0
337.0
1.0
65.0
1.0
149.0
30.0
1.0
4.0
731.0
6.0
2.0
87.0
74.0
2.0
8.0
1.0
1.0
1.0
7.0
1.0
1.0
48.0
1.0
74.0
3.0
2.0
1.0
607.0
101.0
1.0
127.0
9.0
1.0
2.0
2.0
16.0
29.0
1.0
794.0
3.0
1058.0
47.0
26.0
1.0
3.0
10.0
8.0
26.0
3.0
6.0
170.0
1.0
1.0
2.0
3.0
75.0
41.0
96.0
2.0
970.0
60613.0
1.0
3.0
1.0
10.0
1.0
66.0
1.0
3.0
3.0
2.0
17.0
1.0
2.0
4184.0
7.0
12.0
1.0
3.0
34.0
236.0
22.0
3.0
11.0
1.0
5.0
2.0
1.0
4452.0
1.0
1.0
49.0
3.0
3.0
47.0
13.0
22.0
4.0
1063.0
3.0
2.0
3.0
1.0
1.0
3.0
3.0
2.0
9.0
1.0
479.0
4.0
214.0
1.0
183.0
1.0
1.0
4.0
3.0
6518.0
57.0
2.0
1.0
1.0
11.0
326.0
24.0
3.0
8.0
116.0
937.0
1.0
4.0
1.0
76.0
2.0
3.0
183.0
1.0
44.0
21.0
697.0
129.0
2.0
2.0
13.0
3.0
1.0
1.0
5.0
18.0
96.0
1.0
3.0
1.0
19.0
690.0
1.0
3.0
729.0
2.0
30.0
944.0
1.0
10.0
1.0
3.0
103.0
5.0
6.0
1.0
1.0
234.0
153.0
1.0
261.0
6.0
224.0
5.0
156.0
172.0
2.0
11.0
28.0
3.0
3.0
1.0
3.0
3.0
1.0
962.0
4.0
3.0
24.0
157.0
398.0
3.0
19.0
17.0
2.0
3.0
104.0
16.0
2212.0
5.0
1.0
1.0
9.0
454.0
24.0
131.0
1.0
9.0
1.0
176.0
18.0
2.0
1.0
1.0
1.0
1042.0
3.0
7.0
1536.0
20.0
16.0
2.0
27.0
25.0
1.0
88.0
3.0
2.0
2.0
1.0
9.0
2.0
90.0
1.0
292.0
6.0
3.0
7.0
27.0
3.0
2445.0
129.0
512.0
78.0
3.0
6.0
1.0
58.0
1.0
1.0
3.0
3.0
3.0
1.0
34.0
3.0
24.0
1.0
2.0
4.0
117.0
1.0
5.0
2.0
655.0
110.0
1.0
4.0
109.0
2.0
1.0
1.0
20.0
197.0
206.0
42.0
8.0
4.0
6.0
45.0
13.0
2049.0
2.0
598.0
4.0
247.0
5.0
2.0
6.0
2.0
4.0
1.0
3.0
943.0
6.0
1.0
2.0
3.0
116.0
89.0
905.0
1.0
3.0
701.0
3.0
622.0
1.0
2.0
62.0
1.0
1.0
6.0
1.0
23.0
3.0
66.0
13.0
13.0
1.0
3.0
1.0
474.0
2.0
3.0
11.0
31.0
36.0
3.0
1.0
184.0
248.0
525.0
3996.0
91.0
1198.0
9.0
25.0
4.0
1.0
1671.0
2.0
104.0
102.0
1.0
109.0
1.0
14.0
1.0
1.0
20.0
1.0
87.0
1325.0
9.0
3.0
9.0
3.0
1.0
3.0
3.0
110.0
1.0
5.0
1.0
2.0
13031.0
3.0
1.0
287.0
3.0
1.0
22.0
1730.0
8.0
69.0
5.0
3.0
3.0
2.0
3.0
3.0
62.0
18.0
72.0
1.0
15.0
4.0
12.0
1.0
4.0
93.0
4.0
3.0
244.0
8.0
377.0
6.0
1.0
60.0
3.0
3.0
1.0
4.0
665.0
34.0
26.0
2.0
1.0
2.0
1.0
4.0
596.0
1.0
26.0
12182.0
6.0
19.0
889.0
19.0
2282.0
1.0
263.0
3.0
32.0
1.0
79.0
1018.0
3166.0
1.0
3.0
3795.0
5.0
1.0
109.0
2.0
1.0
3.0
1.0
1.0
2.0
1.0
14.0
76.0
1.0
1.0
3.0
1.0
514.0
1.0
3.0
131.0
3.0
4.0
93.0
3.0
3.0
2.0
2.0
3.0
1.0
1.0
3.0
2.0
7266.0
1.0
1229.0
17.0
2.0
14.0
463.0
36.0
30.0
2.0
3.0
2.0
2.0
1.0
3.0
105.0
10.0
15.0
3.0
1.0
116.0
17.0
177.0
212.0
3.0
41.0
3.0
22.0
62.0
9.0
69.0
3.0
2.0
1.0
3.0
1.0
8.0
1.0
4.0
364.0
104.0
8.0
20.0
69.0
35.0
3.0
1.0
1.0
24.0
29.0
2.0
15.0
1.0
20.0
7.0
98.0
3.0
3.0
4.0
28.0
2.0
32.0
61.0
4.0
1.0
539.0
1.0
137.0
3.0
9.0
1.0
79.0
3.0
12.0
10.0
1.0
624.0
1.0
596.0
2.0
184.0
1.0
3.0
1419.0
1.0
11.0
215.0
3.0
1.0
1.0
1.0
5.0
40.0
2040.0
1.0
3.0
196.0
12.0
2.0
4.0
2.0
977.0
1018.0
3.0
15.0
34.0
1.0
1.0
1.0
292.0
2.0
8046.0
1.0
74.0
3.0
3.0
14.0
1613.0
10.0
4.0
5.0
162.0
3.0
588.0
1.0
41.0
3.0
5.0
16.0
1.0
115.0
2.0
1.0
1.0
5.0
153.0
7.0
3333.0
1.0
1.0
8.0
3.0
9.0
1.0
1.0
1.0
1.0
3.0
1.0
3.0
3.0
446.0
19.0
27.0
1.0
1.0
1.0
5.0
9.0
3.0
732.0
1.0
1.0
28.0
2.0
20.0
1.0
1.0
3.0
1.0
2.0
7.0
737.0
3.0
3.0
385.0
4.0
9.0
6.0
3.0
1.0
9.0
22.0
29.0
8.0
7257.0
3.0
1.0
38.0
838.0
2.0
1.0
864.0
2.0
1014.0
6.0
3.0
5.0
2.0
13.0
53.0
74.0
3.0
9.0
5.0
20.0
3.0
3.0
3.0
1.0
1.0
1.0
4.0
35.0
9.0
1043.0
2.0
3.0
11.0
8.0
1.0
1.0
3.0
9.0
1.0
1.0
270.0
590.0
1.0
5.0
1.0
75.0
1.0
8.0
3.0
8.0
33.0
4.0
4.0
9.0
4.0
1.0
3.0
23.0
1312.0
16.0
1.0
3.0
1.0
1.0
1.0
8.0
4.0
3.0
2.0
1.0
2.0
39.0
3.0
1.0
4.0
5.0
2.0
33.0
2.0
1.0
1.0
61.0
1.0
4.0
764.0
1596.0
3.0
4.0
187.0
1.0
3.0
2.0
39.0
1001.0
14.0
41.0
3.0
3.0
2.0
13.0
1021.0
66.0
3090.0
2.0
16.0
1.0
77.0
1.0
1.0
760.0
17.0
254.0
12789.0
1.0
3.0
1.0
3.0
7.0
3.0
1.0
1.0
19.0
21.0
49.0
14.0
1.0
1.0
578.0
13.0
3.0
2.0
3.0
1.0
1.0
1.0
4351.0
5.0
3.0
50.0
9.0
2.0
3.0
15.0
2.0
1.0
15.0
8.0
12.0
1.0
1.0
3.0
8.0
62.0
1539.0
3.0
2.0
3.0
1.0
2.0
1.0
4.0
351.0
1341.0
65.0
4.0
47.0
21.0
4.0
1.0
9.0
67.0
2.0
1.0
11.0
3384.0
12.0
1.0
2.0
7.0
2.0
3.0
19.0
1.0
2.0
1.0
5.0
1217.0
3.0
2.0
48.0
351.0
3.0
33.0
4.0
263.0
15.0
3.0
1.0
1793.0
4.0
2.0
1.0
1.0
73.0
419.0
3.0
7.0
378.0
2.0
24.0
33.0
5.0
312.0
1.0
4.0
944.0
19.0
82.0
17.0
1.0
4.0
2705.0
1.0
46.0
54.0
1669.0
3.0
36.0
2.0
1.0
2835.0
3.0
23.0
1.0
8.0
1.0
16.0
19.0
2.0
4.0
9.0
1.0
1.0
3.0
19.0
13.0
3.0
576.0
3.0
1.0
1422.0
3.0
2.0
9.0
1.0
6.0
2819.0
6.0
52.0
1.0
1.0
1.0
1.0
2.0
3.0
2.0
24.0
89.0
1.0
1.0
2.0
2.0
1.0
2.0
712.0
1.0
181.0
1.0
1.0
4.0
1.0
2.0
3.0
117.0
62.0
1.0
2.0
1.0
1.0
242.0
22.0
11.0
177.0
2.0
5.0
3.0
2.0
359.0
13.0
1.0
193.0
21.0
3.0
1477.0
1.0
8.0
1.0
1010.0
1.0
5.0
3.0
1.0
3.0
890.0
3.0
1.0
26.0
2.0
102.0
6.0
4.0
25.0
5.0
1.0
3.0
1.0
2.0
1.0
123.0
3.0
48.0
1.0
3.0
32.0
3.0
4.0
482.0
3.0
70.0
19.0
23.0
1.0
3.0
65.0
123.0
1.0
3.0
3.0
2.0
17.0
74.0
2.0
7843.0
1.0
1.0
10.0
2.0
3.0
3.0
1.0
870.0
4.0
1.0
3.0
14.0
1.0
8.0
2.0
1.0
6.0
1.0
3.0
1.0
1.0
1.0
107.0
15.0
6.0
30.0
1.0
1.0
6.0
153.0
2.0
1.0
6.0
5.0
377.0
638.0
2.0
3.0
1.0
3.0
1714.0
200.0
3.0
2.0
21.0
1.0
1.0
305.0
3872.0
1.0
4.0
22.0
14189.0
5930.0
1.0
1.0
2.0
109.0
4.0
36.0
1.0
3.0
60.0
32.0
7.0
1.0
2.0
4.0
3.0
3.0
596.0
3.0
3.0
1.0
1.0
1.0
3.0
3.0
1.0
9.0
374.0
7.0
2.0
1.0
954.0
8.0
3.0
1.0
1.0
1.0
12.0
3.0
6.0
2.0
1.0
2.0
1388.0
14.0
148.0
29.0
4089.0
3.0
2.0
3.0
67.0
19.0
2.0
3.0
3.0
6.0
4.0
1081.0
5.0
2.0
1.0
3.0
2.0
17.0
3.0
3.0
75.0
22061.0
2.0
1.0
282.0
6391.0
3.0
1.0
16.0
129.0
58.0
1.0
1.0
15.0
1.0
30.0
16.0
1.0
5.0
8.0
1279.0
1.0
1.0
4.0
2.0
1314.0
419.0
117.0
3.0
674.0
419.0
1.0
1.0
24.0
1.0
1.0
1.0
4.0
3.0
1.0
1.0
1.0
3.0
47.0
3.0
27.0
3.0
98.0
6.0
1.0
1.0
3.0
3.0
410.0
3.0
1.0
1.0
3945.0
36.0
7.0
1.0
1.0
389.0
2.0
8.0
2.0
1.0
75.0
2.0
11.0
2.0
2.0
24.0
8.0
1.0
1.0
34.0
1.0
1.0
5.0
2.0
696.0
504.0
3.0
2.0
11.0
2.0
282.0
1.0
3.0
441.0
1.0
2.0
99.0
2.0
18.0
104.0
1.0
1.0
1.0
2.0
1.0
5.0
3.0
1.0
14.0
3.0
15.0
1102.0
6.0
3.0
1.0
1.0
1522.0
1.0
102.0
7.0
2.0
22054.0
5.0
4.0
576.0
4.0
1.0
1.0
16.0
4.0
1.0
4.0
2.0
2.0
2.0
389.0
3.0
1.0
9.0
2.0
1.0
2.0
2.0
20.0
1.0
8.0
78.0
1.0
1.0
3.0
578.0
14.0
164.0
2.0
2.0
1.0
103.0
2.0
1.0
1.0
93.0
1.0
864.0
9.0
100.0
3.0
422.0
3.0
1.0
2.0
1085.0
138.0
3.0
58.0
32.0
4.0
2.0
2.0
1.0
4.0
1.0
17.0
2.0
139.0
1.0
969.0
12.0
338.0
161.0
14.0
5.0
81.0
1.0
19.0
969.0
1.0
2.0
11.0
3.0
427.0
1.0
5.0
7.0
4.0
1.0
23.0
9.0
100.0
3.0
103.0
2.0
1.0
4.0
457.0
3.0
7.0
9.0
49.0
948.0
1.0
43.0
13.0
3.0
1.0
4.0
1.0
1.0
4.0
695.0
32.0
1.0
30.0
12.0
3.0
1.0
4.0
1.0
3.0
3.0
1.0
4.0
1.0
1.0
2.0
11.0
1.0
21.0
1.0
4.0
7.0
2.0
1.0
38.0
31.0
4.0
7.0
1.0
2.0
1.0
2.0
19.0
3.0
11.0
2.0
10.0
19.0
23.0
59.0
1.0
2.0
7.0
1.0
9.0
772.0
781.0
12.0
3.0
1.0
31.0
1.0
1.0
1.0
3.0
720.0
596.0
1.0
3.0
3.0
130.0
4.0
1.0
454.0
3.0
9.0
1.0
4.0
8672.0
19.0
4.0
1.0
7.0
8.0
69.0
248.0
2.0
1.0
45.0
1.0
15.0
2.0
14.0
1.0
2100.0
2.0
3.0
39.0
12.0
7.0
2.0
6.0
36.0
2.0
34.0
3.0
20.0
1.0
1.0
1.0
3.0
6.0
103.0
2.0
1.0
1.0
1.0
2.0
12.0
2.0
1.0
1.0
1.0
174.0
527.0
1.0
21.0
1.0
400.0
423.0
1.0
25.0
351.0
1.0
2.0
119.0
20.0
889.0
398.0
1358.0
2.0
3.0
1.0
3.0
3.0
737.0
2.0
65.0
596.0
289.0
2.0
2.0
5.0
1.0
1.0
16.0
11.0
2.0
1.0
4.0
12.0
4.0
1125.0
129.0
98.0
2.0
8.0
1.0
1.0
3.0
529.0
1282.0
2.0
9.0
12.0
1185.0
3.0
2.0
1.0
191.0
65.0
1930.0
74.0
1.0
1275.0
4.0
1.0
80.0
746.0
424.0
3.0
2.0
1.0
1.0
421.0
9.0
1422.0
164.0
1.0
1.0
48.0
745.0
65.0
4.0
1.0
5.0
72.0
6.0
311.0
2.0
2.0
1384.0
1.0
377.0
1.0
1.0
14.0
27.0
2.0
1.0
1.0
3.0
377.0
1.0
3818.0
1435.0
24.0
12.0
14354.0
355.0
874.0
3.0
14.0
1.0
1.0
68.0
1.0
2.0
665.0
1.0
103.0
14.0
3.0
1.0
2.0
4.0
79.0
3.0
2.0
152.0
1.0
4.0
863.0
1.0
1.0
578.0
1.0
1.0
3.0
31.0
1.0
1.0
3.0
61.0
14.0
172.0
14.0
2.0
1.0
212.0
73.0
232.0
10.0
665.0
12.0
18.0
6.0
41.0
17.0
121.0
4.0
1.0
1.0
1.0
78.0
28.0
1.0
3.0
1.0
1.0
24.0
1.0
596.0
23.0
1.0
1574.0
1.0
2.0
2.0
11.0
1.0
1441.0
3.0
1.0
400.0
3.0
1155.0
34.0
1.0
1.0
1.0
1.0
2.0
1.0
23.0
1.0
3.0
1.0
48.0
3.0
84.0
3.0
3.0
138.0
222.0
16.0
4.0
69.0
1.0
276.0
9.0
5.0
3.0
40.0
5717.0
50.0
1.0
2.0
81.0
3.0
7.0
394.0
1.0
1.0
2.0
3.0
44.0
2.0
2.0
1.0
24.0
1.0
1.0
9.0
86.0
7.0
10.0
17.0
1.0
1.0
17.0
1.0
1.0
7.0
2.0
4.0
3.0
9.0
1484.0
3.0
1.0
3.0
1.0
2.0
1.0
12.0
1.0
2.0
40.0
65.0
3.0
3.0
34.0
145.0
9.0
8.0
449.0
878.0
5.0
1.0
75.0
8.0
351.0
3.0
10.0
8.0
32.0
27.0
3.0
22.0
30.0
45.0
338.0
17.0
120.0
1981.0
4.0
15.0
2.0
197.0
4.0
1120.0
11.0
1.0
5.0
17.0
792.0
65.0
3.0
25.0
674.0
1.0
1.0
1.0
14.0
1.0
39.0
2.0
4.0
3.0
6.0
2.0
8.0
6889.0
3.0
3.0
13.0
1.0
3.0
15.0
1.0
1.0
2.0
2.0
16.0
3.0
111.0
1.0
6.0
1.0
490.0
3.0
33.0
69.0
1.0
48.0
7.0
60.0
14.0
8.0
3.0
3.0
3.0
3.0
1.0
1.0
2.0
101.0
3.0
11.0
133.0
1.0
3.0
551.0
266.0
3.0
1.0
50427.0
395.0
1.0
75.0
1.0
3.0
351.0
1.0
1.0
4.0
2.0
9.0
3.0
17.0
4.0
26.0
16.0
226.0
1.0
2.0
1018.0
10.0
21.0
21.0
9.0
1.0
331.0
6.0
1.0
15.0
10.0
2.0
1.0
1.0
2.0
1.0
3.0
1859.0
14189.0
1.0
961.0
117.0
570.0
1.0
3.0
4.0
6.0
4917.0
11.0
2.0
5.0
1.0
1.0
10.0
23.0
60.0
4.0
3.0
5.0
1.0
11.0
3.0
22.0
2.0
1.0
60.0
2.0
1.0
5.0
3.0
1.0
1.0
35.0
81.0
47.0
4.0
2.0
2305.0
1.0
943.0
6.0
1.0
484.0
1.0
19.0
1.0
3.0
394.0
1.0
3.0
4.0
1.0
3.0
39.0
1.0
36.0
1153.0
3.0
3.0
1.0
1.0
340.0
1250.0
1.0
1.0
2.0
1.0
1.0
23.0
213.0
1.0
5.0
23.0
1.0
1.0
75.0
7.0
1.0
9.0
11.0
65.0
1.0
2.0
15.0
73.0
182.0
51.0
9.0
3.0
1016.0
3.0
1.0
63.0
6.0
1.0
3.0
5.0
51.0
3.0
87.0
29.0
4.0
44.0
5701.0
335.0
1.0
1.0
1536.0
55.0
3.0
31.0
7.0
23.0
1.0
182.0
3169.0
313.0
1533.0
1.0
7.0
1121.0
1075.0
2.0
22.0
2.0
2.0
1.0
2.0
2.0
19.0
285.0
10.0
70.0
3.0
7.0
1.0
1.0
3.0
5.0
1.0
200.0
33.0
1.0
7.0
9.0
4.0
132.0
2.0
1.0
4.0
4.0
45.0
3.0
58.0
6.0
1.0
9.0
217.0
59.0
3.0
3.0
18.0
1.0
1.0
1.0
1.0
1.0
1.0
1.0
1.0
2.0
67.0
1.0
5.0
1.0
24.0
6.0
1.0
3.0
11.0
20.0
3.0
92.0
1.0
2.0
32.0
1.0
1.0
3.0
102.0
9.0
5.0
3.0
3.0
2.0
4.0
278.0
3.0
22.0
5.0
1.0
1.0
5.0
1.0
18.0
271.0
10.0
3.0
3.0
248.0
3.0
2.0
2.0
17.0
3.0
457.0
14.0
1.0
2.0
4.0
6.0
13.0
9.0
4.0
1.0
129.0
3.0
420.0
103.0
1.0
2.0
10.0
1.0
3073.0
1.0
49.0
4.0
2.0
188.0
797.0
2.0
3.0
17.0
19.0
1.0
1.0
961.0
3.0
3.0
3.0
4.0
1342.0
380.0
1.0
2.0
31.0
1.0
3.0
282.0
2.0
24.0
1.0
29.0
2.0
15.0
4.0
2.0
1426.0
7.0
1622.0
54.0
24299.0
2.0
1.0
4.0
22.0
3819.0
14.0
89.0
1.0
73.0
1.0
7.0
3.0
4.0
368.0
3.0
673.0
3.0
2.0
7.0
4.0
13.0
3.0
3.0
4.0
1.0
1.0
1.0
1753.0
5669.0
21.0
1.0
4.0
20.0
3.0
1.0
933.0
28.0
1.0
1.0
1.0
39.0
1.0
282.0
291.0
74.0
1.0
890.0
2.0
1.0
995.0
6.0
118.0
252.0
3.0
2.0
10.0
8.0
386.0
1.0
10.0
108.0
1.0
102.0
3.0
20.0
1.0
1.0
55.0
419.0
16.0
1.0
1.0
36.0
1.0
5.0
1.0
1.0
22.0
1.0
6.0
1.0
65.0
152.0
1.0
2.0
1.0
1.0
3.0
5467.0
4.0
1.0
11.0
4.0
1.0
1.0
1.0
1.0
1.0
7.0
1.0
24.0
1.0
4.0
3.0
3.0
2.0
5.0
8.0
19.0
7.0
4.0
2.0
20.0
269.0
17.0
1.0
441.0
2.0
1.0
10.0
2.0
32.0
1.0
10.0
1.0
1.0
1.0
3.0
6.0
278.0
3.0
11.0
63.0
3.0
10.0
27.0
8.0
1.0
10.0
346.0
151.0
1707.0
6.0
10.0
3.0
3.0
8.0
21.0
1.0
2.0
100.0
129.0
3.0
1095.0
306.0
2.0
1471.0
19.0
3.0
3.0
27.0
14.0
871.0
1.0
3.0
638.0
4.0
2.0
5.0
311.0
19.0
17.0
55.0
1018.0
1.0
2.0
17.0
612.0
369.0
2.0
2.0
415.0
362.0
573.0
1629.0
1.0
2.0
1.0
186.0
132.0
32.0
2.0
47.0
1.0
3.0
119.0
59.0
683.0
2.0
117.0
3.0
1.0
16.0
3.0
2.0
5.0
1.0
176.0
34.0
21327.0
10.0
6965.0
17.0
65.0
24.0
692.0
23.0
1.0
3087.0
22127.0
3.0
3.0
6.0
2.0
448.0
1.0
3.0
5.0
1.0
3.0
9.0
19.0
3.0
3.0
27.0
149.0
65.0
10528.0
1.0
6.0
6822.0
7.0
1.0
2.0
12.0
4.0
5.0
9.0
63.0
221.0
116.0
8.0
1.0
1.0
1.0
1.0
55.0
351.0
407.0
20.0
218.0
1161.0
2.0
1018.0
3.0
13.0
187.0
1.0
2.0
1657.0
43.0
7.0
3.0
10.0
1.0
27.0
432.0
183.0
7.0
12.0
2.0
10.0
1.0
869.0
2.0
3.0
2.0
625.0
5.0
3.0
14385.0
2.0
1.0
4107.0
736.0
16.0
4.0
3066.0
1.0
3.0
46.0
1.0
960.0
1101.0
1.0
3.0
3.0
1.0
3.0
6.0
1756.0
21.0
34.0
29.0
10.0
1.0
16.0
737.0
3.0
75.0
1.0
19.0
2.0
99.0
69.0
376.0
3.0
1.0
83.0
172.0
1.0
2.0
93.0
118.0
5.0
102.0
1.0
17.0
256.0
3.0
1.0
101.0
4.0
2.0
2.0
6.0
4.0
1.0
3.0
3.0
3.0
162.0
2.0
8.0
4.0
1.0
3.0
1.0
1.0
389.0
3.0
3.0
3.0
705.0
1.0
30.0
113.0
25.0
11.0
21.0
6.0
4.0
5.0
8.0
22.0
6.0
1.0
1.0
3.0
18.0
4.0
10.0
2.0
3.0
632.0
3.0
110.0
62.0
2.0
1.0
2.0
18.0
3.0
3.0
1.0
24.0
75.0
9.0
847.0
8.0
1.0
13.0
1.0
2.0
1.0
1.0
3.0
39.0
576.0
1.0
1.0
2.0
3.0
3.0
7.0
2.0
157.0
39.0
17.0
11.0
3.0
3.0
14756.0
3.0
514.0
1.0
1.0
2.0
1.0
1.0
4454.0
9.0
8.0
24.0
55.0
1750.0
9.0
96.0
398.0
1.0
4.0
5.0
2.0
2.0
76.0
2.0
21.0
4.0
7.0
1.0
1.0
12.0
76.0
102.0
1.0
1.0
2.0
1.0
1838.0
47.0
2433.0
2.0
2.0
287.0
1.0
779.0
719.0
102.0
3.0
3.0
24.0
4.0
2.0
4839.0
1.0
4.0
26.0
2.0
1.0
3.0
1.0
15.0
1.0
45.0
212.0
5.0
1.0
3.0
6840.0
282.0
1.0
8.0
19.0
1018.0
9.0
8.0
5.0
3.0
1.0
1.0
2.0
24.0
18.0
3.0
1.0
361.0
37.0
1.0
66412.0
31.0
1.0
770.0
44.0
1.0
1.0
3.0
2.0
1.0
2.0
2.0
9.0
1.0
990.0
128.0
1632.0
2.0
1.0
3.0
2.0
20.0
1.0
3.0
992.0
31.0
1.0
698.0
24.0
3.0
89.0
1.0
8.0
225.0
1.0
115.0
53.0
2.0
16.0
43.0
3.0
6.0
2.0
46.0
1.0
56.0
1.0
3.0
4.0
3.0
3.0
157.0
1.0
5.0
912.0
20.0
15.0
17.0
9.0
23.0
875.0
3.0
101.0
95.0
2.0
3.0
710.0
9.0
6.0
1.0
3.0
2620.0
1.0
1.0
421.0
1.0
3.0
16.0
1.0
91.0
3.0
5.0
2.0
13.0
1.0
1.0
2.0
23.0
1.0
38.0
1.0
24.0
12.0
1018.0
82.0
3.0
1.0
2.0
1.0
8.0
971.0
1042.0
3.0
19.0
1.0
1.0
12.0
111.0
40.0
3486.0
1.0
1.0
1.0
1.0
2.0
30.0
1480.0
15.0
282.0
229.0
1.0
1.0
1.0
3.0
4.0
2.0
10.0
1524.0
5.0
1.0
1027.0
1532.0
2.0
5.0
74.0
1.0
3.0
1.0
1.0
1.0
66.0
6.0
9.0
184.0
1.0
1.0
1.0
288.0
9.0
977.0
1.0
15.0
1.0
3.0
1018.0
11.0
1.0
33.0
20.0
1059.0
22.0
13.0
23.0
4.0
3.0
8.0
1.0
596.0
7.0
2.0
66392.0
19.0
1.0
165.0
4.0
3.0
4.0
3.0
1.0
3.0
12.0
65.0
3.0
3.0
2.0
961.0
22.0
39.0
1.0
13.0
292.0
961.0
7.0
3.0
132.0
3.0
199.0
3.0
11.0
14.0
1.0
7.0
1078.0
3.0
2.0
53.0
11.0
22.0
3.0
1.0
5.0
938.0
17.0
17.0
25.0
640.0
3.0
1.0
1.0
56.0
10.0
3.0
596.0
8.0
795.0
2.0
2.0
1.0
1.0
3.0
6.0
2.0
13.0
2.0
33.0
3.0
9.0
961.0
64.0
30.0
6.0
10.0
1.0
6.0
5.0
170.0
1183.0
2.0
9.0
177.0
26.0
244.0
4.0
8.0
3.0
3.0
236.0
10.0
1.0
1.0
3.0
1147.0
2.0
742.0
66.0
3.0
2.0
1.0
5.0
3.0
471.0
1.0
258.0
133.0
3.0
4.0
1.0
1.0
9.0
159.0
5.0
1.0
4.0
19.0
4.0
99.0
23.0
4.0
3.0
3.0
1.0
4.0
2.0
2.0
630.0
59.0
1601.0
1920.0
9.0
1.0
1.0
3.0
193.0
2.0
14.0
29.0
2.0
21.0
3.0
3.0
18.0
1.0
1.0
3.0
64.0
1.0
1.0
1.0
2.0
6.0
1.0
1.0
2.0
13.0
54.0
24.0
512.0
3.0
4.0
3.0
7.0
423.0
1.0
3.0
1.0
2.0
847.0
59.0
19.0
8.0
2.0
82.0
6.0
6.0
3.0
3.0
2.0
62.0
1.0
3.0
3.0
338.0
50.0
13.0
198.0
1.0
1.0
2.0
26.0
1.0
2.0
1.0
3.0
3.0
16.0
313.0
1.0
35.0
8.0
1.0
3.0
2.0
180.0
1.0
1.0
4.0
2567.0
3.0
3.0
10.0
4.0
5.0
1.0
2569.0
1.0
2.0
5.0
29.0
2.0
60.0
2309.0
312.0
1.0
279.0
1.0
5.0
3.0
51.0
288.0
3.0
4.0
1.0
6.0
3.0
2.0
633.0
3.0
5.0
5.0
1.0
2.0
516.0
18.0
8.0
12.0
2.0
5.0
30.0
12.0
49.0
1.0
1.0
2197.0
1.0
96.0
81.0
5.0
4.0
1.0
4.0
1.0
1136.0
2.0
56.0
7.0
1.0
4.0
5.0
2.0
3.0
1.0
6.0
126.0
2.0
1.0
1.0
1.0
153.0
3.0
2.0
1.0
1.0
37.0
2.0
55.0
1.0
132.0
1.0
3.0
4.0
606.0
1.0
1.0
452.0
2.0
5.0
710.0
1.0
2.0
1.0
24.0
81.0
8.0
2.0
375.0
57983.0
9.0
232.0
3.0
1.0
1.0
378.0
439.0
14455.0
3.0
184.0
1.0
3.0
59.0
4014.0
1.0
1.0
3.0
36.0
58.0
377.0
2.0
1.0
21.0
2.0
1.0
1.0
9.0
287.0
1.0
5.0
1.0
1.0
3.0
11.0
103.0
30.0
1.0
1.0
7.0
9.0
1.0
2.0
2.0
8.0
941.0
1.0
30.0
1.0
11.0
3.0
27.0
2.0
1.0
2.0
1.0
1.0
45.0
3.0
51.0
2396.0
210.0
3.0
19.0
34.0
1.0
1.0
5.0
2.0
78.0
2.0
4.0
21.0
1.0
214.0
603.0
38.0
6.0
282.0
698.0
442.0
87.0
28.0
1.0
19.0
437.0
9.0
181.0
3.0
1.0
1.0
4.0
1.0
31.0
8.0
6.0
4.0
1.0
16.0
3.0
55.0
1.0
218.0
60.0
18.0
2.0
901.0
7.0
3.0
166.0
1.0
88.0
596.0
10.0
1.0
1.0
5.0
22.0
219.0
4.0
1.0
1.0
1.0
8.0
4.0
3.0
48.0
5.0
3.0
3.0
75.0
72.0
55.0
1348.0
3.0
17.0
3.0
87.0
6.0
3.0
2.0
4.0
4.0
200.0
1334.0
3.0
1.0
1.0
20.0
674.0
1.0
276.0
428.0
36.0
422.0
28.0
6.0
3.0
2.0
542.0
14.0
1.0
1.0
11.0
1.0
1.0
1.0
82.0
4.0
6.0
3.0
10.0
3.0
2.0
114.0
147.0
1.0
1.0
1.0
228.0
1.0
3.0
85.0
6.0
3208.0
1.0
1.0
3.0
3.0
3.0
2.0
3.0
75.0
3.0
288.0
5.0
1.0
2.0
1.0
14.0
3.0
12.0
1.0
4.0
15.0
1.0
8.0
977.0
102.0
3.0
1.0
1008.0
23.0
6.0
1.0
3.0
3.0
3.0
1.0
77.0
142.0
1.0
68.0
1.0
4.0
7.0
1.0
21.0
1.0
1.0
15.0
1.0
4.0
2.0
3.0
10.0
1.0
2.0
18.0
30.0
2.0
8.0
24.0
1.0
1.0
2.0
198.0
4.0
3588.0
1.0
1.0
144.0
6.0
1.0
203.0
1123.0
1.0
3.0
1.0
7.0
93.0
31.0
4.0
1.0
2.0
1.0
3.0
1.0
5.0
1.0
3.0
1071.0
3.0
2.0
1.0
16.0
110.0
2.0
89.0
2.0
25.0
1.0
3.0
1.0
3.0
1.0
1.0
15.0
3.0
3.0
1013.0
1.0
2.0
3.0
3.0
1.0
1.0
1.0
44.0
20.0
2.0
3.0
1.0
1.0
3.0
3.0
16.0
34.0
77.0
2.0
3.0
128.0
2.0
2.0
3.0
193.0
2.0
3.0
1.0
3.0
1.0
25.0
2.0
2.0
9.0
16.0
2.0
5.0
3.0
3.0
6.0
2.0
6.0
11.0
1.0
1.0
5.0
4936.0
1.0
24.0
1.0
14455.0
1390.0
2.0
3.0
134.0
10.0
1.0
421.0
1.0
214.0
244.0
36.0
12.0
50.0
5.0
1.0
3.0
1.0
2.0
4.0
1.0
3.0
2.0
19.0
2.0
3.0
1.0
126.0
24.0
2.0
1.0
79.0
285.0
1.0
550.0
3.0
611.0
3.0
2.0
3.0
3.0
1.0
2.0
3.0
5.0
1.0
69.0
6.0
173.0
24.0
2414.0
15.0
2550.0
1875.0
3.0
2.0
21.0
3.0
1.0
252.0
11.0
3.0
2.0
24.0
1.0
3.0
1.0
11.0
173.0
62.0
2.0
11.0
1932.0
33.0
6.0
3.0
59.0
2.0
1.0
44.0
47.0
89.0
1.0
3.0
9.0
14.0
1.0
2.0
2.0
1.0
1.0
1657.0
3.0
9.0
3.0
5.0
8.0
19.0
3.0
458.0
1.0
4.0
1.0
841.0
2522.0
3.0
2.0
401.0
267.0
1.0
143.0
778.0
2.0
1.0
6.0
8.0
2.0
1.0
11.0
3.0
1.0
117.0
7145.0
2.0
2.0
3.0
2.0
66.0
567.0
1.0
519.0
2.0
437.0
3.0
1.0
68.0
1.0
11.0
22632.0
1519.0
11.0
3.0
15.0
73.0
1.0
3.0
4.0
45.0
233.0
2.0
55.0
1.0
67.0
3.0
1.0
3.0
5.0
338.0
3.0
4.0
69.0
578.0
3.0
549.0
3.0
14.0
1.0
174.0
596.0
70.0
3.0
1.0
4.0
10.0
5.0
1.0
37414.0
1.0
3.0
2.0
157.0
57.0
2.0
2.0
2232.0
3.0
257.0
1.0
45.0
3.0
2.0
22.0
88.0
1.0
1.0
3.0
1.0
8.0
2.0
3.0
1479.0
99.0
1.0
3.0
1.0
305.0
3.0
2.0
277.0
2.0
43.0
4087.0
161.0
74.0
1.0
720.0
2.0
3.0
5.0
45.0
161.0
1.0
8.0
1.0
1.0
7.0
40.0
166.0
782.0
1.0
3.0
3.0
2.0
12.0
1.0
1183.0
2.0
8.0
78.0
1.0
5.0
13.0
1.0
21.0
3.0
907.0
4.0
3.0
3.0
32.0
1.0
583.0
4.0
49.0
1.0
486.0
1.0
9.0
2463.0
1.0
3.0
1.0
4.0
4.0
1.0
3.0
788.0
67.0
4.0
30.0
4.0
5.0
10.0
36.0
4.0
121.0
3.0
2.0
1.0
2.0
4.0
9.0
11.0
3.0
3.0
2.0
4.0
2.0
69.0
62.0
3.0
3.0
7.0
1.0
2.0
2.0
516.0
3.0
778.0
1133.0
678.0
34.0
2.0
292.0
571.0
1.0
1.0
8.0
3.0
2.0
139.0
2.0
17.0
3.0
12.0
2.0
3.0
1.0
685.0
1.0
9.0
2.0
1.0
13.0
159.0
21.0
10.0
1.0
269.0
6.0
14714.0
4.0
1.0
288.0
4.0
153.0
45.0
8.0
57.0
3.0
2.0
1.0
2.0
8.0
289.0
11779.0
1.0
3.0
3.0
161.0
33.0
1465.0
11.0
5707.0
4.0
3.0
140.0
681.0
6.0
66.0
18.0
1.0
1.0
49.0
1.0
1664.0
2.0
1.0
1.0
963.0
4.0
1.0
4.0
1.0
574.0
9.0
1.0
2.0
1.0
31.0
2.0
149.0
2.0
3.0
2.0
1.0
3.0
1.0
2.0
1.0
1064.0
1.0
1.0
1.0
19.0
1.0
3.0
28.0
9.0
3.0
9.0
31.0
1734.0
2.0
2.0
1.0
7.0
1.0
64.0
1.0
2.0
2.0
9.0
3.0
5.0
187.0
351.0
7.0
1.0
7.0
4.0
1.0
256.0
12.0
1.0
3.0
1.0
21.0
9.0
638.0
328.0
5.0
2.0
1.0
3.0
82.0
3.0
1.0
2.0
199.0
70.0
1.0
15.0
65.0
354.0
2.0
3.0
1.0
45.0
119.0
912.0
24.0
1.0
1.0
4.0
134.0
14189.0
10.0
53.0
6.0
1.0
2.0
19.0
1.0
1.0
5699.0
11.0
9.0
527.0
1.0
2.0
1.0
711.0
2.0
83.0
1.0
2.0
8.0
127.0
1.0
15.0
1.0
3.0
2.0
338.0
1680.0
39.0
7.0
3.0
3.0
24.0
2.0
1.0
118.0
30.0
15.0
2.0
3.0
4.0
2.0
1.0
6.0
3.0
2.0
6.0
4.0
1.0
696.0
6.0
777.0
272.0
1.0
3.0
1272.0
9.0
1.0
9.0
3.0
3.0
69.0
7.0
1.0
17.0
1.0
1.0
3.0
1.0
4.0
1.0
2.0
3.0
3.0
3.0
3.0
1.0
1.0
72.0
2.0
2.0
5.0
3.0
1.0
1604.0
11.0
1799.0
1.0
1.0
3.0
12.0
51.0
8.0
1.0
3.0
124.0
2.0
1.0
21.0
1.0
7.0
319.0
1.0
3.0
2.0
4.0
69.0
24.0
625.0
2.0
29.0
1.0
1.0
2.0
2.0
6.0
8.0
1.0
1.0
3.0
3.0
3.0
1.0
4905.0
3.0
3.0
2.0
10.0
3.0
4.0
9.0
4.0
2.0
221.0
2432.0
5.0
763.0
1.0
57.0
25.0
1.0
12.0
3.0
3.0
1404.0
4.0
3.0
1889.0
330.0
2.0
3.0
63.0
1.0
3.0
10.0
1.0
3.0
12.0
1.0
3.0
4.0
9.0
1.0
2.0
1.0
1.0
3.0
67.0
1.0
1.0
1.0
1.0
14.0
5.0
364.0
1.0
366.0
3.0
3.0
4.0
3.0
3.0
3.0
3.0
19.0
3.0
1.0
5930.0
1.0
94.0
1.0
4.0
1.0
1.0
9.0
1.0
2.0
2858.0
6.0
28.0
57.0
9.0
1.0
5.0
11.0
2.0
1.0
4.0
40.0
2.0
1.0
1.0
2.0
1.0
1.0
8.0
1.0
1.0
15079.0
1.0
1.0
2.0
1266.0
1.0
1.0
765.0
788.0
351.0
128.0
5.0
1.0
14385.0
1531.0
76.0
2.0
32.0
3.0
1.0
219.0
31.0
1.0
1.0
3.0
5.0
4.0
1.0
3.0
2.0
1.0
3.0
3.0
2.0
133.0
1.0
1.0
16.0
4.0
50.0
34.0
1.0
2.0
2.0
3.0
448.0
55.0
6.0
5.0
1980.0
11.0
1.0
1131.0
2.0
106.0
3.0
11.0
3.0
1.0
21.0
2.0
3.0
2.0
2.0
3.0
1.0
3.0
3.0
1.0
3.0
5.0
3.0
1.0
1.0
3.0
426.0
1.0
7.0
3.0
2051.0
1.0
3.0
1.0
10.0
2.0
205.0
3653.0
2.0
744.0
3.0
1.0
2.0
1.0
2055.0
2.0
1.0
2.0
8.0
3.0
4.0
18.0
18.0
152.0
1250.0
3.0
2.0
20.0
9.0
3.0
72.0
11.0
1782.0
3080.0
1.0
4.0
12.0
5.0
801.0
3.0
6.0
1.0
1.0
5.0
28.0
1.0
1.0
4.0
1.0
8.0
412.0
4.0
3.0
17.0
1.0
4.0
2.0
19.0
4.0
6.0
1.0
1.0
3.0
3.0
20.0
3.0
3.0
729.0
2.0
3.0
47.0
4.0
16.0
2.0
1.0
1.0
3.0
3.0
28.0
6.0
1.0
1.0
3.0
3.0
4.0
2204.0
3.0
15.0
792.0
40.0
189.0
2.0
21.0
2391.0
2.0
1681.0
1.0
1.0
11.0
2.0
1.0
12.0
2.0
1.0
8.0
3.0
2.0
3.0
14385.0
2.0
2.0
28.0
81.0
2.0
3.0
3.0
2.0
33.0
5.0
1.0
35.0
1.0
1432.0
7.0
2.0
89.0
18.0
1.0
1.0
12.0
17.0
2.0
270.0
1.0
5.0
5.0
76.0
1.0
3.0
13.0
4.0
1.0
133.0
1.0
1.0
92.0
4.0
1.0
2.0
1.0
1.0
74.0
160.0
2.0
126.0
3.0
1.0
1872.0
1.0
6.0
4.0
1.0
1.0
1.0
3.0
1704.0
2.0
7.0
1.0
8.0
1.0
7.0
3.0
12.0
60.0
1225.0
1.0
522.0
2.0
1797.0
2.0
9.0
1.0
515.0
11.0
3.0
1.0
31.0
1.0
18.0
1.0
1.0
2.0
1.0
4.0
25.0
3.0
2.0
42.0
3.0
119.0
23.0
34.0
8.0
6.0
56.0
3.0
4.0
2.0
1.0
4.0
3.0
3.0
25.0
12.0
1.0
2.0
3.0
2.0
4.0
2.0
1570.0
27.0
967.0
1.0
2.0
8.0
1042.0
2.0
3.0
201.0
1.0
3.0
3.0
1.0
2.0
105.0
2.0
28.0
9.0
1.0
1.0
1.0
232.0
3.0
3.0
3.0
3.0
447.0
2439.0
21.0
20.0
1.0
85.0
15.0
4.0
111.0
434.0
7.0
31.0
37.0
344.0
44.0
3.0
42.0
1.0
1.0
1.0
2.0
1750.0
50.0
3.0
1.0
41.0
5.0
80.0
155.0
3.0
1.0
3.0
1.0
31.0
5.0
14.0
7.0
242.0
2.0
298.0
1.0
31.0
24.0
149.0
107.0
1.0
1.0
1.0
2.0
8.0
8.0
9.0
87.0
2930.0
3.0
797.0
272.0
1.0
1.0
19.0
715.0
596.0
66.0
2.0
3.0
18.0
16.0
3.0
4.0
50.0
4.0
270.0
1.0
259.0
48.0
3.0
3.0
1.0
6.0
130.0
6.0
727.0
1.0
1.0
5.0
2.0
1.0
1.0
1.0
1.0
641.0
1.0
21.0
1.0
2.0
1.0
9.0
136.0
1.0
1.0
9.0
3.0
4.0
7.0
839.0
44.0
2.0
8.0
1.0
32.0
1.0
31.0
5.0
1.0
47.0
83.0
1.0
2091.0
15.0
23.0
2.0
2.0
351.0
58.0
1.0
1.0
3.0
13.0
10.0
3.0
26.0
30.0
87.0
12.0
2.0
2.0
77.0
13.0
1.0
5.0
13840.0
2.0
1.0
3.0
3.0
1.0
672.0
69.0
2.0
14.0
139.0
16.0
1.0
1.0
2.0
1.0
1.0
7.0
2.0
7.0
2.0
48.0
2.0
1.0
4.0
363.0
3.0
9.0
2.0
11.0
1.0
2.0
163.0
3.0
54.0
3.0
1.0
4.0
1.0
3.0
1.0
4.0
635.0
2.0
421.0
13.0
32.0
2281.0
2.0
2281.0
705.0
1388.0
1.0
5.0
17.0
10.0
351.0
29.0
2.0
4.0
3.0
4.0
1.0
65.0
62.0
3.0
34.0
2.0
4.0
1.0
509.0
1.0
1.0
3.0
3.0
1.0
21.0
55.0
1.0
2.0
3.0
188.0
3.0
3.0
2.0
2.0
19.0
5.0
1.0
3.0
1.0
576.0
12.0
3.0
471.0
1.0
14.0
3.0
7.0
2.0
1.0
3.0
5.0
9.0
3.0
1.0
4.0
936.0
2.0
3.0
1.0
1.0
5.0
3.0
24.0
4.0
873.0
90.0
7.0
3.0
2882.0
2.0
3.0
4.0
1106.0
30.0
1135.0
1.0
247.0
1.0
2.0
8.0
2.0
1.0
7.0
3.0
1087.0
152.0
1.0
4.0
19.0
87.0
1.0
4.0
9.0
7.0
434.0
61.0
596.0
1.0
55.0
24.0
106.0
3.0
2.0
121.0
1.0
44.0
2.0
5.0
6.0
67.0
1.0
1922.0
1373.0
6.0
928.0
1.0
351.0
2.0
91.0
3.0
1.0
282.0
1183.0
3.0
2.0
3.0
3.0
2.0
1.0
1.0
6.0
8.0
619.0
1.0
4.0
1.0
1.0
1.0
3.0
256.0
684.0
2.0
1.0
1.0
2.0
4.0
11.0
48.0
4.0
1.0
1024.0
3.0
9.0
10.0
24.0
5.0
32.0
42.0
2.0
3.0
3.0
13248.0
4.0
3.0
1.0
3.0
7.0
7.0
1.0
1.0
1.0
4.0
445.0
102.0
8046.0
91.0
10.0
3.0
4.0
2.0
4.0
1.0
3.0
2.0
377.0
13.0
9.0
1.0
125.0
10.0
23.0
2.0
68.0
1174.0
3.0
3.0
3868.0
2.0
6.0
5.0
4.0
48.0
1.0
8669.0
7.0
312.0
52.0
1.0
9.0
1.0
2.0
8.0
3.0
617.0
3.0
695.0
5.0
1.0
39.0
3.0
5.0
21357.0
76.0
5.0
1.0
5.0
635.0
3.0
750.0
10.0
43.0
3.0
1.0
5650.0
10.0
3.0
1.0
2.0
62.0
3.0
17.0
52.0
23.0
2.0
104.0
3.0
3.0
3.0
127.0
336.0
693.0
569.0
2.0
1.0
270.0
2.0
17.0
5.0
52.0
3.0
696.0
56.0
8.0
4.0
81.0
16.0
642.0
11.0
24.0
22.0
6.0
2.0
1.0
61.0
2.0
3.0
47.0
1.0
9.0
2.0
2.0
1303.0
27.0
9.0
4.0
37.0
5.0
5.0
431.0
262.0
24.0
8.0
56.0
1.0
32.0
5.0
15.0
5.0
1.0
110.0
925.0
11049.0
223.0
1.0
1.0
4.0
2.0
960.0
3.0
6.0
1.0
1.0
5.0
116.0
3.0
948.0
1194.0
2.0
9.0
7855.0
3.0
1.0
1774.0
1.0
288.0
1.0
8.0
1.0
70.0
9.0
1.0
5235.0
12.0
77.0
5.0
7.0
3.0
1.0
4.0
5.0
1.0
899.0
1.0
2.0
385.0
1.0
2.0
3.0
1.0
9.0
1.0
1.0
3.0
1.0
88.0
2.0
1.0
3.0
7.0
3.0
111.0
4.0
31.0
6.0
2574.0
150.0
1.0
10.0
3.0
6.0
154.0
2.0
6.0
1.0
3.0
771.0
4.0
1.0
779.0
1.0
2.0
26.0
3.0
1.0
359.0
1.0
498.0
3.0
4.0
421.0
2.0
76.0
12.0
3208.0
62.0
30.0
1.0
7.0
11.0
1.0
11.0
1.0
1.0
1.0
2.0
2.0
23.0
6.0
1198.0
3.0
1.0
53.0
1.0
1.0
22.0
16.0
1.0
2.0
18.0
5.0
1.0
31.0
1.0
16.0
1018.0
1.0
3.0
3.0
4.0
9.0
522.0
18.0
16.0
3.0
5.0
2.0
14.0
11.0
11.0
1.0
2.0
160.0
2.0
3.0
1.0
1.0
519.0
11.0
3.0
22.0
49.0
2.0
103.0
9.0
1.0
9.0
132.0
1.0
1.0
1.0
3.0
2.0
2.0
1.0
76.0
1.0
2.0
1.0
5.0
1.0
34.0
2.0
7.0
4.0
68.0
1.0
859.0
1.0
16.0
1899.0
10.0
5.0
2.0
444.0
2.0
3.0
21.0
3.0
3.0
4.0
1.0
3.0
12.0
1.0
1.0
1.0
1232.0
59.0
3.0
1.0
45.0
2.0
77.0
4.0
7.0
1.0
3.0
4.0
428.0
8.0
3.0
1776.0
8.0
3.0
3.0
3.0
57.0
1.0
2.0
47.0
193.0
2.0
2148.0
8.0
43.0
1.0
433.0
70.0
21.0
2.0
1.0
19.0
4.0
3.0
3.0
1.0
2.0
2005.0
4.0
255.0
8.0
1.0
1.0
69.0
3.0
3.0
1210.0
15.0
1117.0
33.0
977.0
1.0
1.0
2.0
1.0
50.0
1.0
1754.0
3354.0
26.0
1.0
1.0
22.0
29.0
2.0
1.0
13.0
3.0
5.0
4.0
29.0
3.0
1.0
51.0
1.0
46.0
689.0
6.0
157.0
1.0
2.0
3.0
2.0
6.0
1.0
2.0
1.0
2.0
248.0
170.0
2.0
379.0
324.0
3.0
1.0
2065.0
101.0
1.0
3.0
1.0
5.0
1.0
124.0
3.0
114.0
4.0
203.0
232.0
3.0
1.0
616.0
19.0
8.0
4.0
3.0
1.0
157.0
4.0
1.0
2.0
2.0
30.0
1.0
3.0
1.0
1.0
1.0
2.0
8.0
2.0
799.0
5.0
1.0
911.0
8684.0
1310.0
28.0
3600.0
19.0
4.0
6.0
65.0
3.0
3.0
27.0
3.0
69.0
20.0
6.0
3.0
1.0
14.0
798.0
18.0
18.0
4.0
11.0
121.0
430.0
211.0
1.0
70.0
2.0
4.0
4.0
2283.0
65.0
1.0
1.0
3.0
8.0
46.0
8904.0
404.0
1.0
3.0
10.0
1.0
38.0
2.0
8.0
2.0
3.0
5.0
1.0
8.0
1.0
1.0
92.0
498.0
1954.0
2.0
3.0
308.0
1.0
3.0
281.0
9.0
3.0
6.0
596.0
147.0
6.0
75.0
2076.0
2.0
4.0
5.0
537.0
2.0
1.0
152.0
1.0
3.0
2.0
1.0
8.0
7.0
3.0
8.0
9.0
424.0
70.0
2.0
3.0
24.0
253.0
3.0
1.0
65.0
1.0
80.0
1.0
4.0
1.0
12.0
1.0
1.0
168.0
77.0
220.0
1.0
97.0
169.0
24.0
8.0
3.0
92.0
2.0
3.0
3.0
91.0
10.0
1.0
1.0
1.0
130.0
1.0
1.0
38.0
1522.0
1.0
2.0
2.0
19.0
12.0
38.0
1.0
6.0
1282.0
470.0
208.0
3.0
24.0
18.0
3.0
8.0
1.0
3.0
102.0
2.0
2.0
7.0
2.0
367.0
1.0
24.0
2822.0
2.0
5.0
3.0
24.0
3.0
22.0
6.0
23.0
2.0
48.0
85.0
1640.0
10.0
4.0
1.0
30.0
63.0
3.0
1.0
694.0
11.0
3.0
3.0
4.0
293.0
3.0
2.0
1.0
1.0
19.0
31.0
9.0
1.0
4.0
276.0
2.0
3.0
89.0
3.0
16.0
1.0
69.0
3.0
2.0
1018.0
1.0
1.0
83.0
19.0
1.0
5.0
2.0
2.0
5.0
3.0
7.0
448.0
3.0
3.0
3.0
1.0
33.0
70.0
2.0
55.0
31.0
1.0
15.0
1.0
2.0
171.0
338.0
1083.0
36.0
1.0
1225.0
23.0
1.0
1.0
995.0
24.0
1.0
3.0
11.0
1.0
9.0
1.0
622.0
1.0
3.0
3.0
9.0
943.0
6.0
3.0
124.0
3.0
3.0
296.0
1.0
1026.0
36.0
1.0
1.0
1.0
2.0
205.0
119.0
31.0
2.0
4.0
1.0
9.0
5335.0
3.0
478.0
1.0
1.0
1.0
3.0
3.0
18.0
2.0
572.0
7.0
993.0
10.0
1.0
848.0
7.0
5.0
841.0
5.0
23.0
108.0
18.0
1.0
9.0
38.0
2.0
3.0
1.0
35.0
3.0
2.0
1.0
5.0
3.0
3.0
814.0
4.0
9.0
23.0
4.0
3.0
1.0
1.0
43.0
2391.0
702.0
1027.0
6.0
219.0
107.0
17.0
1.0
6.0
25.0
6.0
477.0
1.0
1.0
12.0
1.0
249.0
3.0
1.0
1.0
37.0
1.0
45.0
3.0
14.0
17.0
1.0
2.0
2.0
10.0
1.0
3.0
2.0
1.0
23.0
1.0
38.0
252.0
17.0
13.0
4.0
7.0
13.0
8.0
5.0
5.0
507.0
1.0
3.0
11.0
17.0
3.0
268.0
422.0
5.0
10.0
8.0
1.0
1.0
1084.0
59.0
3.0
4.0
3.0
214.0
1.0
3.0
166.0
2.0
2.0
57.0
38.0
91.0
2.0
3.0
1.0
3040.0
1.0
1.0
3.0
2.0
47.0
1.0
965.0
166.0
3.0
282.0
1.0
803.0
1.0
400.0
1.0
7.0
4.0
39.0
16.0
6.0
16.0
886.0
3.0
1117.0
386.0
1.0
5.0
1.0
2.0
51.0
10.0
174.0
23.0
3.0
1.0
3.0
2.0
14.0
4.0
1.0
48.0
12.0
5.0
370.0
6.0
344.0
17.0
1.0
8.0
12.0
2.0
1152.0
1.0
4.0
1.0
8.0
1.0
1.0
7.0
118.0
25.0
3.0
13.0
1.0
1.0
1.0
16.0
9.0
1.0
4.0
1.0
1.0
21.0
86.0
1.0
11.0
579.0
1.0
500.0
24.0
1.0
3.0
1.0
3.0
3.0
250.0
7.0
23.0
2.0
1.0
16.0
3.0
7.0
3.0
28.0
3.0
8.0
9.0
255.0
2.0
46.0
107.0
22.0
5.0
1.0
7.0
25.0
51.0
14.0
58.0
2.0
415.0
12.0
1.0
4.0
1.0
87.0
2.0
4156.0
2.0
34.0
87.0
13.0
60.0
13.0
45.0
1.0
7.0
977.0
76.0
10.0
5.0
73.0
1.0
53.0
53.0
5.0
5.0
1.0
2.0
9.0
1.0
3.0
10001.0
10.0
12.0
34.0
8.0
1.0
6518.0
2.0
9.0
1.0
6.0
25.0
1.0
16.0
2.0
1.0
1.0
2.0
1.0
3.0
6.0
4.0
1.0
22.0
1.0
2.0
5.0
52.0
14.0
1.0
596.0
1.0
1.0
1.0
3.0
111.0
3.0
276.0
1.0
129.0
484.0
1.0
34.0
3.0
389.0
6.0
50.0
4.0
1.0
8.0
1.0
2.0
2.0
3.0
2.0
157.0
1.0
4.0
2.0
28.0
12.0
1.0
11.0
1.0
3.0
1.0
612.0
51.0
3.0
1.0
3.0
3.0
9.0
351.0
16.0
1.0
7.0
1.0
977.0
17.0
8.0
1.0
8.0
20.0
1.0
3.0
7.0
4.0
311.0
1.0
1620.0
6.0
6.0
3.0
1.0
13.0
355.0
13.0
15.0
1.0
77.0
1.0
8.0
1.0
3.0
1.0
254.0
25.0
4.0
1.0
809.0
407.0
1049.0
3.0
351.0
3.0
4743.0
1.0
1.0
45.0
678.0
5.0
70.0
67.0
3.0
58.0
1.0
2.0
1.0
3.0
2.0
66.0
6.0
174.0
1.0
33.0
3.0
1.0
2.0
1.0
67.0
278.0
2.0
1.0
103.0
3.0
1.0
17.0
67.0
1.0
74.0
1.0
5.0
21.0
8.0
16.0
1.0
13.0
1.0
17.0
2953.0
33.0
1.0
262.0
10.0
2.0
1.0
16.0
22.0
211.0
1442.0
1.0
4.0
6.0
1669.0
55.0
4.0
36.0
1.0
3.0
38.0
4.0
7.0
19.0
2.0
7.0
8.0
4811.0
4.0
65.0
12.0
436.0
1.0
3119.0
1.0
2.0
3.0
102.0
1.0
1.0
8.0
2.0
2.0
282.0
4.0
18.0
5.0
2.0
3.0
1.0
1.0
3.0
1.0
168.0
1.0
34.0
10.0
23.0
19.0
1364.0
1.0
7.0
2.0
1.0
1.0
2.0
2.0
23.0
8.0
9.0
3.0
3.0
1.0
3.0
1.0
19.0
438.0
3.0
3.0
2.0
1230.0
24.0
1.0
7.0
9.0
1.0
3.0
147.0
38.0
697.0
4.0
18.0
1.0
14.0
50.0
26.0
569.0
3513.0
4.0
1.0
846.0
6.0
3.0
1.0
3.0
4.0
62.0
4.0
1.0
2.0
3.0
16.0
4.0
4.0
66.0
3.0
3.0
3.0
29.0
3.0
42.0
3.0
543.0
1975.0
457.0
4.0
2.0
2.0
9.0
1.0
2.0
8.0
1.0
4.0
34.0
6.0
1.0
298.0
198.0
19.0
2.0
2.0
1017.0
74.0
4.0
3.0
2.0
4.0
351.0
11.0
349.0
5.0
2.0
2.0
1.0
40.0
26.0
2.0
8.0
29.0
411.0
3.0
3.0
83.0
1.0
1.0
104.0
2.0
1.0
29.0
1.0
86.0
1.0
6774.0
932.0
281.0
3.0
16.0
25424.0
87.0
7.0
3.0
6.0
4.0
1.0
2.0
2.0
1.0
5.0
12.0
2.0
125.0
1.0
616.0
1.0
4.0
4.0
1255.0
1.0
167.0
111.0
29.0
1.0
2.0
147.0
8.0
23.0
1.0
1.0
3.0
7.0
7.0
3.0
4.0
1406.0
16.0
652.0
3.0
3.0
1.0
4.0
1.0
3.0
2641.0
1.0
7.0
2.0
19.0
1.0
125.0
7.0
1.0
35.0
4.0
8.0
1.0
10.0
9.0
319.0
4.0
22.0
1.0
8.0
1.0
1.0
26.0
120.0
3.0
4.0
5.0
1.0
3.0
9.0
3.0
2.0
1.0
33.0
30.0
252.0
165.0
2.0
175.0
21.0
29.0
1.0
1.0
4.0
870.0
878.0
3.0
22.0
1.0
2.0
1.0
1.0
19.0
2.0
1.0
377.0
2.0
6.0
3.0
2.0
86.0
1622.0
1.0
55.0
1.0
3.0
484.0
3.0
192.0
1.0
1.0
32.0
2.0
1.0
4.0
1.0
31.0
2.0
1.0
596.0
6.0
8.0
194.0
77.0
3.0
83.0
5.0
64.0
641.0
1.0
5.0
689.0
696.0
3.0
1.0
16.0
1.0
1.0
13.0
3.0
3.0
62.0
1.0
30.0
1.0
1.0
18.0
45.0
75.0
2.0
29.0
75.0
3.0
1763.0
13.0
948.0
3.0
1.0
7.0
3.0
170.0
3.0
1.0
4.0
3.0
7.0
1.0
2.0
1.0
24.0
1.0
3.0
2.0
743.0
10.0
1.0
1.0
1.0
1461.0
429.0
3.0
1.0
93.0
3.0
9.0
1.0
9.0
3.0
2.0
1.0
1.0
3.0
4.0
1.0
2.0
3.0
3.0
4.0
1.0
2.0
4.0
871.0
69.0
583.0
360.0
2.0
7.0
25.0
2.0
10.0
31.0
4.0
164.0
44.0
3.0
6.0
3.0
2.0
4.0
3.0
3.0
3.0
33.0
16.0
12.0
4.0
23.0
133.0
4.0
3.0
2.0
19.0
157.0
1.0
315.0
2.0
161.0
80.0
720.0
1.0
4.0
1.0
1.0
1251.0
3.0
1.0
3.0
1.0
3.0
13931.0
1.0
1.0
4.0
1.0
2.0
3.0
3.0
14385.0
16.0
1.0
19.0
13.0
2.0
7.0
23.0
1.0
36.0
1.0
25.0
1472.0
3.0
1.0
3.0
1.0
1.0
3.0
3.0
1551.0
982.0
2.0
3.0
20.0
1.0
3.0
3.0
1.0
35.0
1.0
1.0
1.0
166.0
576.0
1.0
80.0
3.0
2.0
6.0
12.0
37.0
157.0
2.0
176.0
1.0
1.0
15.0
30.0
2.0
7.0
4.0
105.0
2.0
2543.0
19.0
1.0
125.0
1.0
249.0
3.0
4452.0
89.0
191.0
1.0
1.0
3.0
1.0
1.0
2.0
8.0
24.0
616.0
3.0
3.0
1.0
3.0
3.0
24.0
3.0
800.0
65.0
3.0
2.0
1.0
3.0
1220.0
1.0
3.0
126.0
30.0
7.0
8.0
1637.0
132.0
1.0
28.0
1113.0
1.0
1.0
1.0
2.0
1.0
16.0
44.0
5.0
3.0
31.0
1519.0
9.0
3.0
4.0
18.0
2.0
1.0
120.0
3.0
23104.0
282.0
1.0
34.0
2.0
22.0
2.0
1.0
5.0
1.0
1.0
31.0
25.0
4.0
102.0
16.0
1.0
17.0
4214.0
2.0
13.0
1391.0
11.0
4.0
1.0
3.0
126.0
684.0
9.0
174.0
1.0
8.0
282.0
2.0
6.0
1.0
2.0
1.0
17.0
200.0
13.0
2.0
5555.0
1.0
11.0
13.0
10.0
8.0
14.0
1.0
123.0
1.0
1.0
1.0
520.0
73.0
2.0
8.0
1.0
2.0
3.0
19.0
2.0
1.0
2.0
4.0
819.0
3.0
1.0
15.0
2.0
7.0
10.0
35.0
1.0
1102.0
1.0
4.0
76.0
2.0
200.0
27.0
1.0
1.0
24.0
3.0
3.0
1.0
9.0
4.0
1.0
74.0
5.0
95.0
1001.0
132.0
2970.0
2.0
159.0
32.0
806.0
886.0
7.0
455.0
1.0
1.0
731.0
1.0
2.0
3.0
7.0
4.0
25.0
19.0
1.0
1.0
3.0
4.0
49.0
827.0
3.0
1695.0
2.0
8.0
24.0
169.0
1.0
1008.0
1.0
2.0
3.0
62.0
5.0
1.0
3.0
5.0
18.0
2.0
3.0
3.0
15.0
3.0
298.0
28.0
1366.0
3.0
1.0
1.0
1.0
19.0
3.0
1.0
1.0
3.0
1.0
2.0
2.0
1034.0
39.0
27.0
1.0
1.0
4.0
1.0
17.0
2.0
15.0
7.0
3.0
1.0
829.0
7.0
1.0
1.0
3.0
4.0
18.0
1.0
3.0
1.0
1.0
7.0
72.0
1.0
2.0
1.0
4.0
1.0
1.0
1.0
1.0
8.0
1.0
351.0
1.0
12.0
11.0
3.0
2.0
64.0
742.0
43.0
67.0
3.0
65.0
4484.0
714.0
1281.0
9.0
1.0
42.0
161.0
1.0
2851.0
25.0
19.0
3.0
11.0
37.0
3.0
5321.0
93.0
4.0
1067.0
3.0
1787.0
8.0
7.0
3.0
1.0
4.0
8.0
3.0
3.0
26.0
1904.0
6.0
71.0
1.0
100.0
632.0
1.0
8.0
7.0
1.0
1.0
3.0
1.0
1.0
20.0
82.0
36.0
6.0
1.0
20.0
2812.0
1885.0
1.0
3.0
25.0
3.0
42.0
1.0
6.0
4.0
10.0
144.0
9.0
19.0
3.0
1.0
3.0
2.0
3028.0
19.0
5.0
358.0
7.0
657.0
1.0
1436.0
1.0
129.0
77.0
3.0
162.0
3.0
1616.0
2.0
292.0
9.0
1.0
943.0
1.0
3.0
16.0
2.0
3.0
1.0
4.0
1.0
1.0
1.0
1.0
3.0
7.0
6.0
369.0
3.0
886.0
2.0
33.0
1.0
2.0
367.0
36.0
2.0
2.0
6.0
2.0
396.0
2.0
1159.0
2.0
1225.0
1.0
3.0
1.0
236.0
1.0
20.0
102.0
1.0
9.0
3.0
3.0
1.0
24.0
1.0
2.0
2.0
1.0
1.0
55.0
6.0
1.0
23.0
86.0
1.0
2.0
1.0
1.0
856.0
34.0
460.0
6.0
3.0
3.0
20.0
1.0
2.0
8.0
2.0
334.0
1.0
56.0
2.0
111.0
4.0
435.0
3.0
1.0
3.0
3.0
1.0
24.0
12.0
2.0
1.0
15.0
2.0
2.0
3.0
1.0
1.0
3.0
51.0
2.0
3.0
2.0
292.0
469.0
24.0
12.0
8.0
2476.0
2.0
1.0
2.0
24.0
6.0
1.0
53.0
1177.0
1.0
11.0
515.0
3.0
351.0
1.0
9.0
1.0
14.0
1086.0
1.0
1.0
1.0
23.0
29.0
831.0
1.0
3.0
199.0
24.0
2.0
613.0
1.0
3.0
4.0
188.0
484.0
2.0
3.0
1225.0
3.0
69.0
1.0
3.0
1.0
13.0
8.0
34.0
1.0
9.0
14.0
57.0
30.0
2.0
674.0
1.0
1.0
1945.0
3.0
5.0
344.0
1.0
23.0
2.0
3.0
5.0
359.0
678.0
1.0
1.0
8.0
82.0
1.0
15.0
4.0
4.0
3.0
170.0
2.0
17.0
1.0
17.0
9.0
53.0
1.0
192.0
1.0
1.0
13.0
115.0
76.0
5.0
4.0
3.0
1.0
3.0
5.0
1814.0
1.0
3.0
2.0
3.0
1.0
1.0
596.0
2.0
1.0
2.0
87.0
1.0
75.0
1.0
50.0
38.0
3.0
3.0
700.0
1.0
18.0
56.0
961.0
1.0
101.0
1.0
3.0
263.0
2.0
1.0
3.0
1.0
6.0
4.0
1.0
3.0
1.0
33.0
1.0
3.0
18.0
74.0
1.0
119.0
379.0
8.0
21.0
2.0
1.0
7.0
1.0
36.0
422.0
3.0
7.0
4.0
278.0
1.0
3.0
2.0
25.0
1.0
3.0
13.0
55.0
1.0
19.0
1.0
1.0
43.0
1.0
1.0
3.0
3.0
6.0
694.0
1.0
35.0
1.0
1.0
3.0
1.0
6.0
9.0
5.0
1.0
1.0
416.0
14.0
4.0
3.0
1.0
3.0
1.0
4.0
6.0
119.0
2.0
1.0
66.0
3.0
3.0
4.0
814.0
155.0
1.0
1458.0
480.0
5.0
282.0
12828.0
8.0
1.0
3.0
1.0
1.0
2.0
2.0
3.0
4.0
1.0
3.0
1.0
17.0
8.0
41.0
3.0
7.0
4.0
1.0
30.0
1.0
6.0
3.0
3.0
20.0
120.0
1.0
1.0
3.0
14.0
1.0
3.0
326.0
331.0
8.0
278.0
3.0
94.0
3.0
1.0
14.0
14.0
596.0
9.0
3.0
1.0
1.0
17.0
5.0
1.0
38.0
10.0
7.0
208.0
3.0
17.0
1.0
3.0
108.0
4445.0
2.0
565.0
1.0
25.0
3.0
2.0
1.0
1.0
3.0
3.0
1.0
2.0
10.0
1.0
193.0
1.0
64.0
1114.0
47.0
3.0
13.0
42.0
698.0
1.0
1.0
4.0
12.0
2.0
269.0
4.0
127.0
19.0
89.0
2.0
1.0
1.0
30.0
1.0
12.0
1.0
8.0
1.0
1.0
4.0
2.0
4.0
1.0
1.0
4.0
6.0
12.0
87.0
648.0
7.0
1.0
2.0
1.0
20.0
4.0
6.0
9.0
2.0
1.0
48.0
2.0
1.0
2.0
60.0
133.0
1.0
8.0
118.0
4.0
14.0
76.0
3.0
1.0
3.0
32.0
3.0
1.0
43.0
2825.0
3.0
6.0
2.0
1285.0
79.0
887.0
3.0
1.0
14.0
2.0
1207.0
3.0
5.0
1.0
169.0
3082.0
15.0
1543.0
63.0
79.0
2.0
3.0
1.0
1.0
25.0
337.0
27.0
2.0
1422.0
2.0
1.0
209.0
17.0
1075.0
1.0
6.0
2.0
14.0
2.0
3.0
2.0
20.0
1.0
15.0
17.0
7.0
5.0
100.0
3.0
3.0
80.0
3.0
3.0
2.0
2.0
6.0
1.0
4.0
35.0
65.0
2.0
1.0
3054.0
2.0
23.0
1.0
1.0
1.0
51.0
17.0
3.0
124.0
3.0
3.0
2.0
41.0
1.0
1.0
24.0
19.0
3.0
5.0
12.0
11.0
10.0
596.0
3.0
875.0
3.0
2.0
232.0
638.0
3.0
1.0
12.0
64.0
3.0
6.0
2.0
1.0
10.0
18.0
106.0
244.0
8.0
457.0
2.0
23.0
5.0
25.0
1.0
79.0
3.0
5.0
2.0
7.0
1.0
1.0
7.0
20.0
5.0
1.0
596.0
1.0
1.0
130.0
104.0
3.0
256.0
2.0
2.0
93.0
3.0
175.0
3.0
299.0
6.0
2.0
33.0
1.0
1.0
2.0
430.0
86.0
1.0
12.0
2.0
737.0
2.0
1.0
1.0
1.0
1.0
3.0
3.0
2.0
1.0
2.0
84.0
1.0
3.0
67.0
10.0
1.0
5.0
1.0
95.0
104.0
1.0
1.0
92.0
13.0
3.0
1.0
385.0
2.0
198.0
242.0
31.0
1.0
49.0
448.0
141.0
1.0
1274.0
61.0
3.0
12.0
232.0
2.0
36.0
36.0
74.0
1.0
40.0
3.0
4.0
2.0
214.0
3.0
17.0
8.0
1.0
105.0
1.0
25.0
7.0
15.0
6.0
3.0
2.0
19.0
1.0
1.0
680.0
7.0
3.0
18.0
3.0
1.0
23.0
2.0
34.0
2.0
13.0
1.0
4.0
32.0
3.0
9.0
316.0
1.0
113.0
1.0
37.0
3.0
7.0
5.0
1.0
178.0
4.0
3.0
12.0
1.0
4.0
1.0
416.0
3.0
1.0
1.0
596.0
3.0
12.0
19.0
4.0
63.0
351.0
21.0
4.0
21.0
16.0
1.0
12.0
1.0
1.0
9.0
1.0
17.0
6.0
7.0
1.0
1.0
2.0
23.0
1.0
25.0
8.0
1.0
77.0
1.0
13.0
1.0
3.0
4.0
2.0
10.0
19.0
14.0
13.0
20.0
2.0
7.0
10.0
361.0
3.0
280.0
1.0
31.0
3.0
1.0
369.0
3.0
1.0
230.0
2.0
241.0
5.0
224.0
339.0
34.0
3.0
1.0
1.0
846.0
7.0
9.0
1.0
3.0
3.0
626.0
87.0
1.0
36.0
2.0
2.0
1.0
3.0
26.0
3.0
14.0
3.0
1.0
16.0
6.0
587.0
1.0
1141.0
9.0
6.0
10.0
11.0
1.0
288.0
15.0
24.0
6.0
1.0
3.0
2.0
106.0
1.0
6.0
313.0
654.0
5.0
2.0
1.0
811.0
1.0
2.0
2.0
1.0
1.0
2.0
16.0
711.0
187.0
2.0
120.0
2.0
435.0
1.0
1615.0
74.0
2.0
2.0
21.0
3.0
75.0
1.0
1.0
34.0
1.0
1086.0
1.0
11.0
31.0
1.0
24.0
9.0
5.0
5.0
2.0
3.0
1.0
65.0
292.0
7.0
109.0
1377.0
1.0
1.0
23.0
52.0
960.0
472.0
2.0
118.0
298.0
47.0
1.0
7.0
30.0
53.0
2.0
1482.0
1.0
1.0
5.0
1.0
16.0
1.0
5.0
2.0
96168.0
5.0
1.0
26.0
1.0
14.0
24.0
510.0
11.0
13.0
2.0
7.0
2237.0
8.0
1.0
33.0
66.0
3.0
71.0
1.0
5.0
8.0
5.0
3.0
17.0
3.0
2.0
3.0
8.0
12.0
23.0
1.0
1.0
1.0
10.0
1.0
3.0
2.0
1.0
1.0
140.0
4.0
13.0
4.0
3.0
5.0
3.0
959.0
3.0
3.0
1.0
1.0
19.0
3.0
6.0
10.0
31.0
48.0
486.0
9.0
153.0
3.0
3.0
1.0
6.0
2.0
968.0
1.0
8.0
1.0
1.0
236.0
3.0
1.0
1075.0
1.0
370.0
8.0
16.0
8.0
2.0
407.0
609.0
19.0
3.0
1.0
6.0
3.0
374.0
8.0
1.0
1016.0
3.0
2.0
965.0
10.0
4.0
183.0
15.0
2.0
6.0
5.0
4.0
329.0
3.0
1163.0
2.0
7.0
1.0
1.0
5.0
1567.0
421.0
64.0
4.0
3.0
430.0
1.0
3.0
2.0
9.0
2.0
19.0
17.0
2091.0
5.0
1.0
1.0
30.0
1.0
11896.0
103.0
1.0
38.0
1.0
276.0
4.0
7.0
1.0
6.0
3.0
733.0
69.0
2.0
2462.0
338.0
82.0
2.0
3.0
1.0
3.0
2.0
6.0
2.0
138.0
6.0
4.0
647.0
1.0
5.0
3.0
1.0
3.0
1.0
1.0
2.0
1.0
20.0
13.0
1.0
1.0
4.0
66.0
1.0
7.0
1.0
4.0
1.0
8.0
265.0
3.0
3.0
24.0
3.0
1.0
4.0
3.0
1.0
37.0
553.0
3.0
12.0
8.0
1.0
1.0
7.0
3.0
1.0
1.0
1.0
9.0
1.0
3.0
1.0
2.0
3.0
16.0
6.0
1.0
3.0
1.0
3.0
383.0
16.0
2.0
4.0
4.0
3.0
2.0
3.0
20.0
112.0
1.0
1.0
2.0
3.0
3.0
16528.0
3.0
1.0
9.0
45.0
10.0
2.0
2.0
1.0
1.0
2.0
1.0
1.0
74.0
1.0
3.0
2.0
366.0
18.0
21.0
35.0
1.0
1.0
3.0
3.0
67.0
16.0
1.0
1.0
786.0
105.0
3.0
1.0
6.0
18.0
11.0
1.0
2.0
75.0
4.0
15.0
46.0
1.0
14.0
2.0
933.0
9.0
1.0
1.0
596.0
15.0
3.0
8.0
3.0
33.0
4.0
24.0
105.0
3.0
891.0
5.0
2.0
2.0
1.0
1.0
5.0
910.0
3.0
2.0
2.0
1.0
2.0
3.0
1.0
3.0
550.0
107.0
17.0
66.0
4696.0
1.0
1.0
8.0
351.0
13.0
3.0
1.0
2.0
3.0
1.0
2.0
1.0
697.0
3.0
2.0
1.0
59.0
29.0
367.0
3.0
56.0
9.0
1.0
1.0
3.0
24.0
2.0
11.0
4.0
3.0
3.0
2.0
370.0
8.0
1.0
3.0
3.0
1.0
95.0
1.0
3.0
3.0
1.0
46.0
3.0
7.0
461.0
2.0
8.0
3.0
3.0
3.0
101.0
21.0
4.0
1.0
1.0
288.0
8.0
4.0
8.0
546.0
3.0
3.0
2.0
64.0
1.0
25.0
13.0
153.0
3.0
1.0
3.0
379.0
1.0
4647.0
2.0
1.0
4.0
1.0
3.0
292.0
3.0
5.0
270.0
1.0
3.0
3.0
71.0
1.0
3.0
2.0
3.0
12.0
1138.0
3.0
1.0
1265.0
14497.0
12.0
5.0
5.0
1.0
41.0
653.0
1.0
4.0
1.0
3.0
1.0
51.0
17.0
1.0
2.0
304.0
49.0
4.0
58.0
95.0
2.0
3.0
3.0
12.0
3.0
3.0
1.0
1.0
4.0
10.0
662.0
1.0
2.0
21.0
3.0
19.0
1450.0
3.0
2.0
1.0
3.0
1777.0
279.0
1.0
1.0
1.0
1.0
14.0
4.0
72.0
19.0
40.0
3.0
4.0
3.0
1.0
6.0
5.0
17.0
180.0
25.0
5.0
1234.0
1.0
19.0
116.0
2415.0
3.0
1.0
4.0
5.0
3.0
11.0
1.0
2.0
14.0
8673.0
1.0
284.0
75.0
23.0
697.0
53.0
3.0
830.0
3.0
3.0
596.0
58.0
3.0
956.0
1.0
4.0
1.0
2.0
1.0
1.0
145.0
3.0
1.0
2.0
3.0
2.0
1.0
2.0
1.0
4.0
741.0
1.0
3.0
3.0
9.0
1.0
1.0
1.0
2.0
13.0
11.0
15.0
59.0
14.0
3.0
4.0
1798.0
1.0
24.0
486.0
1.0
1.0
1.0
1.0
15.0
1.0
56.0
1.0
2.0
1.0
3.0
3.0
3.0
30.0
5.0
1.0
1.0
3.0
7.0
963.0
16.0
17.0
149.0
3.0
26.0
31.0
6.0
39.0
3.0
3.0
23.0
5.0
85.0
56.0
2.0
13.0
64.0
83.0
3.0
148.0
6.0
62.0
1103.0
2.0
1.0
9.0
1.0
2661.0
1.0
8676.0
2.0
2.0
176.0
1143.0
19.0
3.0
34.0
3.0
4.0
89.0
59.0
8.0
1.0
2123.0
3.0
2.0
54.0
1.0
26680.0
132.0
1.0
3.0
1.0
1.0
1.0
3.0
87.0
6.0
2.0
2.0
2.0
43.0
184.0
2.0
1.0
2.0
38.0
3.0
1.0
14354.0
76.0
1044.0
1.0
84.0
129.0
2.0
1.0
9.0
1.0
535.0
43.0
4.0
4.0
9.0
2.0
1.0
284.0
1.0
4.0
3.0
3.0
1.0
441.0
2.0
10.0
5.0
3.0
3.0
1.0
3.0
1.0
21.0
24.0
5.0
88.0
3.0
3.0
105.0
157.0
8.0
1225.0
3.0
5.0
1.0
296.0
7.0
17.0
1179.0
8.0
3.0
313.0
1.0
5.0
1.0
3.0
2.0
143.0
26.0
1.0
11.0
1.0
1.0
2.0
27.0
201.0
9.0
1.0
7.0
79599.0
1.0
1.0
14.0
13.0
3.0
12.0
10.0
37.0
21.0
3.0
3.0
1.0
30.0
9.0
396.0
2.0
4.0
3.0
3.0
6.0
2.0
7.0
3.0
1.0
1.0
207.0
3329.0
3.0
3.0
38.0
1.0
3.0
9.0
3.0
1.0
2.0
1.0
4.0
169.0
5.0
2.0
3.0
15.0
3.0
5.0
348.0
1.0
3.0
1755.0
5.0
348.0
32.0
110.0
3.0
1.0
7.0
1.0
193.0
989.0
1.0
164.0
1.0
1.0
11612.0
2.0
3.0
128.0
108.0
1.0
16.0
7.0
1.0
14.0
1.0
2.0
14.0
13.0
39.0
1.0
3.0
4.0
5.0
5.0
23.0
130.0
10.0
1.0
4.0
33.0
7.0
20.0
2.0
10004.0
4.0
1.0
2298.0
16.0
20.0
6.0
1.0
35.0
3.0
680.0
2.0
61.0
3.0
2.0
105.0
2.0
3.0
1.0
1.0
1.0
6478.0
15.0
152.0
1.0
2.0
3.0
2.0
3.0
3.0
7.0
3.0
16.0
2.0
15.0
3.0
1.0
1.0
74.0
2071.0
5.0
1695.0
3.0
1.0
3.0
1.0
1.0
1.0
1.0
2166.0
1.0
1.0
1.0
2.0
3.0
35920.0
4.0
1.0
1.0
2.0
5.0
314.0
12.0
324.0
3.0
3.0
518.0
6.0
2.0
37.0
6.0
8.0
3.0
313.0
46.0
2.0
104.0
871.0
15.0
9.0
3.0
1178.0
20.0
5.0
1565.0
48.0
10.0
3.0
12.0
1.0
1170.0
1.0
4.0
3.0
63.0
3229.0
8.0
17.0
1.0
512.0
21.0
24.0
3.0
1.0
4.0
35.0
4.0
788.0
1.0
9.0
664.0
1.0
10.0
132.0
2488.0
371.0
2.0
3.0
48.0
3.0
169.0
3.0
42.0
1.0
3.0
1.0
1.0
1.0
2072.0
1.0
7.0
292.0
1083.0
2.0
173.0
1.0
1.0
8.0
684.0
5.0
3.0
225.0
1.0
2.0
1.0
4.0
46.0
1.0
14745.0
3.0
72.0
1.0
19.0
1.0
3.0
2.0
4.0
59.0
59.0
3.0
4016.0
438.0
13.0
5.0
100.0
1.0
3.0
4.0
1.0
1.0
180.0
3.0
1.0
3.0
127.0
1.0
65.0
234.0
253.0
5.0
4.0
753.0
519.0
1.0
7.0
3562.0
1.0
3.0
7.0
7.0
17.0
3.0
1.0
788.0
469.0
1751.0
3.0
3.0
18.0
3.0
2.0
2.0
2.0
17.0
167.0
105.0
4.0
43.0
1.0
3.0
2.0
65.0
1.0
4.0
17.0
74.0
8679.0
3149.0
1.0
2332.0
1.0
2.0
3233.0
18.0
164.0
3.0
19.0
217.0
4549.0
15.0
1943.0
2.0
1.0
149.0
1.0
1.0
3.0
39.0
141.0
3.0
17.0
720.0
4.0
5.0
10.0
856.0
742.0
15.0
1.0
779.0
1.0
3.0
3.0
16.0
1.0
5.0
1.0
146.0
5.0
265.0
36.0
1.0
8.0
1.0
3.0
11.0
32.0
65.0
207.0
1.0
4.0
737.0
39.0
1.0
1.0
6.0
23.0
2.0
793.0
3.0
352.0
1.0
431.0
20.0
115.0
375.0
4.0
5.0
723.0
31.0
26.0
17.0
1.0
1.0
1.0
3.0
13.0
1.0
5.0
19.0
24.0
10.0
2.0
4.0
2182.0
36.0
1.0
1.0
1.0
1.0
3.0
3.0
3.0
3.0
242.0
1.0
2.0
4.0
1390.0
18.0
55.0
2.0
3.0
29.0
138.0
4.0
1.0
541.0
40.0
10.0
1.0
4.0
186.0
14.0
128.0
3.0
2.0
1.0
2.0
1151.0
1.0
1.0
798.0
2.0
1.0
722.0
9.0
14.0
414.0
1.0
3.0
2.0
4.0
28.0
3.0
55.0
2225.0
3.0
24.0
6.0
2.0
2.0
1.0
4.0
1.0
889.0
61.0
3.0
12.0
1.0
4445.0
5.0
988.0
3.0
10.0
1855.0
1.0
32.0
3.0
1.0
14385.0
232.0
1.0
2.0
3.0
3.0
1.0
32.0
3.0
8.0
3.0
19.0
2.0
7.0
3.0
2.0
5.0
3.0
1428.0
9.0
65.0
190.0
3.0
1.0
6.0
19.0
1.0
1.0
3.0
2.0
3.0
1.0
1.0
14.0
3.0
75.0
20.0
202.0
9.0
20.0
123.0
8.0
445.0
6.0
1.0
76.0
2.0
2.0
1415.0
8.0
164.0
9.0
2.0
7.0
1.0
1.0
1.0
32.0
3.0
3.0
1.0
693.0
1.0
2.0
65.0
31.0
149.0
1.0
1.0
3.0
11.0
7.0
3.0
20.0
1793.0
1.0
1.0
1.0
7.0
444.0
66.0
1.0
5.0
1.0
24.0
1.0
1.0
3.0
1.0
17.0
1.0
64.0
1.0
223.0
1.0
19.0
1.0
3.0
7.0
3.0
1.0
3.0
1.0
5.0
21.0
1.0
2.0
21.0
1.0
1.0
1.0
1.0
11.0
3.0
9.0
3167.0
8.0
4.0
3.0
38.0
3.0
3.0
3.0
19.0
149.0
3.0
2.0
17.0
3.0
1.0
1738.0
2129.0
212.0
177.0
1.0
1.0
26.0
8.0
4.0
2.0
8.0
8.0
276.0
2.0
3.0
3.0
3.0
25.0
3.0
7.0
316.0
3.0
1.0
2.0
1.0
3.0
1.0
1.0
1.0
65.0
146.0
43.0
1.0
2.0
4.0
1.0
1.0
156.0
1.0
430.0
1.0
5.0
1.0
1.0
1.0
2.0
222.0
2.0
2.0
1.0
1.0
1.0
4046.0
665.0
30.0
1.0
1.0
3766.0
1.0
4.0
300.0
2.0
2.0
3.0
4.0
10.0
1.0
1.0
351.0
8.0
435.0
1899.0
578.0
3.0
3.0
33.0
1.0
3.0
2.0
102.0
3.0
3454.0
2.0
25.0
1.0
23.0
7.0
3.0
6.0
23.0
4.0
9.0
4.0
3.0
2.0
4.0
31.0
1.0
33.0
549.0
5.0
12.0
36.0
16.0
295.0
7.0
8.0
1.0
1047.0
4.0
633.0
2.0
22.0
28.0
34.0
2033.0
65.0
110.0
3.0
348.0
3.0
2.0
9.0
6.0
1.0
1.0
86.0
5.0
55.0
24.0
1.0
614.0
7.0
7.0
1.0
29.0
2.0
612.0
49.0
15.0
17.0
24.0
1.0
3.0
20.0
1.0
1.0
3.0
1.0
1.0
24.0
70.0
1.0
77.0
737.0
11.0
469.0
181.0
1144.0
4.0
3.0
21.0
621.0
5.0
1.0
235.0
1.0
12.0
3.0
3.0
1.0
79.0
272.0
277.0
2798.0
110.0
4.0
1.0
10.0
4.0
1.0
2.0
13.0
1.0
62.0
2.0
3.0
2.0
3.0
404.0
3.0
3.0
4.0
9.0
3.0
61.0
10.0
1.0
7.0
681.0
305.0
20.0
425.0
4.0
17.0
2.0
2.0
1.0
25.0
2690.0
1232.0
2.0
5.0
27.0
121.0
6.0
7.0
31.0
1.0
1.0
32.0
2.0
1.0
31.0
256.0
7.0
1.0
194.0
4.0
1.0
1.0
64.0
7096.0
4.0
775.0
3.0
1.0
1.0
47.0
344.0
2.0
6.0
1117.0
3.0
3.0
20.0
8.0
13.0
3.0
4.0
4.0
26.0
3.0
1.0
978.0
2.0
421.0
14.0
6.0
1.0
3.0
1.0
3.0
3.0
1880.0
2.0
3.0
18.0
3.0
2.0
498.0
14.0
7.0
3.0
6.0
77.0
1.0
1.0
1.0
1.0
18.0
1.0
7.0
1.0
1.0
10.0
4.0
3.0
3.0
13.0
3.0
4.0
17.0
1170.0
145.0
30.0
3.0
10.0
8.0
3.0
1.0
16.0
2.0
432.0
288.0
55.0
247.0
3.0
2529.0
2.0
3.0
18.0
1.0
4.0
37.0
17.0
2.0
33.0
138.0
5.0
35.0
1.0
1.0
23.0
17.0
7.0
3.0
2.0
3328.0
262.0
1.0
1.0
3.0
9.0
1.0
53.0
3.0
63.0
1.0
3.0
23.0
3.0
1.0
987.0
24.0
328.0
1.0
462.0
1.0
3.0
1.0
638.0
1.0
6.0
16.0
3.0
18.0
1.0
9.0
1.0
1.0
23.0
3.0
3.0
3.0
48.0
2.0
21.0
421.0
27.0
1.0
7.0
1.0
6.0
1.0
3.0
4.0
2.0
400.0
34.0
1.0
1.0
3.0
50.0
1063.0
2.0
2.0
4.0
186.0
9.0
1.0
9.0
6.0
44.0
1.0
17.0
2.0
3.0
2.0
1.0
1.0
4.0
1.0
3.0
1.0
1.0
2.0
1.0
105.0
3.0
9.0
1.0
4.0
9.0
4419.0
85.0
1.0
4.0
54.0
1.0
425.0
1.0
6.0
1.0
10.0
1.0
3.0
1149.0
236.0
6.0
9.0
1.0
5.0
62.0
8.0
1.0
1.0
3.0
3.0
282.0
1.0
1.0
24.0
4.0
3.0
1.0
27.0
3.0
2.0
4.0
1.0
596.0
3.0
6.0
1.0
6.0
3.0
2.0
2.0
1.0
1.0
1.0
1.0
18.0
292.0
32.0
2.0
548.0
1.0
3.0
154.0
49.0
4.0
3.0
351.0
2.0
1.0
9.0
3.0
12.0
3.0
12.0
1.0
3.0
69.0
382.0
13.0
35.0
9.0
14497.0
1.0
1.0
3.0
2.0
60.0
3.0
24.0
1.0
1.0
1.0
6.0
2.0
1.0
1.0
171.0
3.0
1.0
1.0
1.0
4.0
3.0
1.0
4.0
2.0
5.0
9.0
2.0
3.0
19.0
29.0
3.0
20.0
3.0
3.0
631.0
16.0
3.0
6.0
15.0
16.0
407.0
23.0
3827.0
6.0
4.0
2.0
1.0
211.0
1.0
81.0
19.0
707.0
3.0
1.0
3.0
7.0
19.0
4.0
1.0
82.0
8.0
3.0
1.0
2.0
1.0
157.0
7.0
3.0
170.0
5212.0
21.0
4.0
36.0
1.0
3.0
63.0
20.0
4.0
9.0
1.0
7.0
1054.0
1.0
3.0
802.0
3.0
15.0
1.0
3.0
1.0
61.0
3.0
79.0
3.0
7.0
3.0
33.0
5.0
1536.0
6.0
2.0
1.0
1.0
1.0
11.0
3.0
183.0
1.0
3.0
3.0
260.0
3.0
10.0
812.0
1445.0
4.0
3.0
47.0
212.0
8.0
1.0
1.0
3.0
11.0
3.0
1.0
281.0
308.0
39.0
2.0
3.0
1.0
4.0
28.0
2685.0
54.0
378.0
3.0
2.0
2.0
1.0
31.0
3.0
1.0
8.0
2.0
47.0
74.0
31.0
1.0
63.0
7361.0
5.0
3.0
421.0
14.0
24.0
1.0
2.0
5.0
264.0
32.0
10.0
97.0
3.0
76.0
1.0
1021.0
1.0
3.0
5.0
775.0
1.0
1.0
3.0
1.0
49.0
75.0
1149.0
2.0
17.0
13310.0
1231.0
42.0
3.0
1.0
3.0
1.0
185.0
1.0
3.0
1.0
1.0
3.0
5.0
4452.0
3.0
137.0
1.0
1.0
14.0
1825.0
1.0
164.0
1.0
61.0
45.0
2.0
1.0
1.0
214.0
7.0
327.0
4.0
72.0
257.0
1847.0
1.0
115.0
1.0
1.0
1.0
338.0
20.0
2.0
1.0
101.0
3.0
1339.0
1.0
13.0
1.0
2.0
2.0
10.0
2.0
6.0
1319.0
3.0
10.0
1.0
2.0
12.0
5.0
4.0
41.0
4.0
1.0
12.0
3.0
22.0
1.0
4.0
303.0
4.0
4.0
9.0
104.0
1.0
3.0
1018.0
3.0
3.0
3.0
1070.0
2.0
1.0
1.0
909.0
10.0
3.0
2.0
4.0
2.0
3.0
4.0
1.0
9.0
7.0
3.0
8.0
1.0
2.0
10.0
22.0
3.0
22.0
1.0
7.0
4.0
9.0
51.0
3.0
7250.0
7.0
3.0
1.0
4.0
3.0
271.0
1.0
4.0
64.0
9.0
1.0
1.0
8.0
157.0
5.0
98.0
2.0
3.0
5.0
6.0
3.0
401.0
1.0
2.0
32.0
1292.0
1.0
1117.0
1.0
1.0
2.0
8.0
1.0
3.0
1.0
1.0
16.0
4.0
7.0
4.0
1.0
1.0
4.0
3.0
5.0
43.0
3.0
10.0
3.0
1.0
3.0
2.0
1.0
2.0
3.0
3.0
111.0
2.0
24.0
5.0
97.0
123.0
20.0
1.0
104.0
3.0
125.0
1.0
38.0
3.0
1.0
3156.0
1.0
3.0
2.0
9.0
5.0
3.0
1.0
61.0
67.0
130.0
3.0
1.0
686.0
31.0
3.0
1.0
1.0
509.0
26.0
7.0
2.0
3.0
3.0
5.0
3.0
8.0
2.0
8.0
1219.0
4.0
3.0
7.0
1.0
3.0
3.0
1.0
29.0
444.0
10.0
1.0
2.0
7.0
1.0
365.0
5.0
22.0
1.0
1.0
132.0
66.0
3.0
2.0
1069.0
2.0
2.0
3.0
10.0
3.0
282.0
3.0
1.0
2.0
1717.0
902.0
144.0
2.0
192.0
50.0
602.0
5.0
103.0
1.0
3.0
1.0
1.0
3.0
316.0
1.0
1.0
1.0
5.0
4.0
3.0
886.0
198.0
2.0
3.0
737.0
7.0
1.0
3.0
3.0
38.0
4.0
3.0
1.0
721.0
3.0
12.0
70.0
2.0
18.0
17.0
3.0
1.0
1.0
22.0
2.0
2.0
164.0
1.0
43.0
1.0
8.0
3.0
2.0
28.0
208.0
1.0
1.0
84.0
4.0
1.0
1.0
237.0
1.0
4.0
6.0
537.0
1.0
3943.0
1.0
358.0
1.0
282.0
332.0
10.0
3.0
3.0
1.0
60.0
2.0
2.0
2.0
1.0
22.0
17.0
37.0
2.0
4.0
1.0
3.0
2.0
1.0
1.0
594.0
3.0
17.0
4.0
24.0
1.0
10.0
17.0
489.0
3.0
3.0
1.0
3.0
31.0
1.0
2.0
1.0
22.0
70.0
1512.0
1.0
3781.0
24.0
1.0
2.0
1.0
53.0
288.0
1.0
1.0
68.0
3.0
5.0
1.0
1.0
5.0
54.0
1.0
2391.0
1.0
1.0
28.0
1.0
10.0
15.0
4.0
3.0
35.0
3.0
1.0
1.0
3.0
1.0
5.0
87.0
1.0
28.0
1.0
469.0
3.0
281.0
3.0
559.0
217.0
24.0
1.0
98.0
1.0
351.0
3.0
263.0
1.0
7.0
323.0
1.0
15.0
1.0
1.0
1.0
3.0
480.0
1.0
1.0
1.0
3.0
1.0
659.0
18.0
1.0
2.0
258.0
1146.0
74.0
1.0
748.0
1.0
85.0
3.0
3.0
1.0
1.0
1.0
2.0
32.0
1.0
3.0
3.0
3.0
1.0
18.0
3.0
19.0
39.0
8.0
2.0
1.0
89.0
1.0
78.0
1.0
3.0
1.0
1.0
39.0
2.0
76.0
458.0
1111.0
48.0
20.0
1571.0
3.0
9.0
4.0
2.0
2597.0
2.0
2.0
23.0
55.0
230.0
1.0
23.0
1.0
16.0
2.0
766.0
19.0
419.0
39.0
3.0
410.0
8685.0
45.0
221.0
697.0
1.0
431.0
25.0
1.0
1.0
3.0
1.0
2187.0
2.0
3.0
268.0
3.0
3.0
1.0
3.0
3.0
5.0
224.0
7.0
1.0
4.0
65.0
1.0
850.0
81.0
1.0
1.0
25.0
1.0
24.0
4.0
1.0
26.0
5.0
117.0
1.0
2.0
1.0
6.0
1.0
23.0
230.0
1.0
3234.0
1.0
2.0
88.0
25.0
120.0
3.0
13.0
23.0
10.0
3.0
1.0
1.0
3.0
2.0
8.0
6.0
7.0
60.0
3349.0
2.0
4.0
4.0
7.0
5.0
1.0
24.0
2.0
2219.0
1.0
3.0
7.0
1.0
9.0
4.0
2966.0
8.0
313.0
28.0
2.0
7.0
4.0
7.0
1.0
3.0
467.0
10.0
1.0
64.0
150.0
8.0
69.0
8.0
1.0
17.0
3.0
1.0
1.0
66.0
4.0
535.0
3.0
5.0
1788.0
5.0
4.0
553.0
1.0
5.0
1.0
1.0
24.0
2.0
1.0
288.0
3.0
5.0
136.0
2.0
1.0
1.0
3.0
1.0
2.0
382.0
1.0
3.0
1.0
3.0
2.0
14.0
40.0
111.0
3.0
1.0
9.0
9.0
2.0
24.0
6.0
1.0
118.0
3.0
1.0
17.0
3.0
124.0
1.0
8.0
3.0
2.0
26.0
1.0
1536.0
448.0
1.0
3.0
67.0
33.0
2.0
1.0
12.0
2.0
219.0
1.0
26.0
3.0
1.0
53.0
1.0
3.0
68.0
1.0
1.0
3.0
92.0
3.0
154.0
415.0
1.0
1.0
1899.0
60.0
282.0
112.0
24.0
1.0
3.0
2.0
3.0
68788.0
165.0
5.0
20.0
46.0
3732.0
1.0
43.0
1.0
4.0
151.0
59.0
8.0
3.0
7.0
3.0
3.0
152.0
592.0
191.0
48.0
576.0
1.0
11.0
2087.0
2.0
20.0
2.0
3.0
1.0
1.0
3.0
91.0
340.0
11.0
99.0
3.0
3.0
10.0
3.0
41.0
8.0
13.0
2.0
4.0
1.0
1.0
4.0
1.0
20.0
1.0
4.0
1.0
19.0
28.0
128.0
1.0
4.0
9.0
615.0
29.0
4.0
26.0
1.0
1.0
1.0
838.0
3.0
3.0
1506.0
2.0
3.0
1.0
3.0
1018.0
4.0
3.0
9.0
5.0
7.0
1.0
446.0
1099.0
2.0
1.0
4.0
24.0
13.0
3.0
238.0
14.0
1.0
4.0
1529.0
5.0
33.0
1.0
1058.0
7.0
81.0
3.0
4.0
8.0
1.0
42.0
26.0
3.0
4.0
37.0
37.0
4.0
1726.0
1.0
1.0
1.0
339.0
3.0
2.0
1.0
627.0
3.0
221.0
1.0
1.0
1.0
207.0
3.0
3.0
6.0
2.0
4.0
1.0
17.0
140.0
1.0
2.0
1.0
835.0
5.0
3.0
1.0
3.0
3.0
65.0
3.0
10.0
694.0
1.0
910.0
861.0
2.0
5.0
36.0
85.0
52.0
3.0
3.0
1.0
2.0
9.0
2.0
1.0
5.0
6.0
2.0
3.0
24.0
66.0
1.0
1.0
1.0
2.0
51.0
2.0
3.0
3.0
1.0
292.0
6.0
2.0
18.0
1.0
10.0
1.0
12.0
1.0
75.0
1.0
7.0
10.0
2.0
2.0
1.0
3.0
1003.0
5.0
3.0
4.0
1.0
2.0
11.0
24.0
1.0
1.0
3.0
27.0
5.0
1.0
1.0
1.0
3.0
236.0
1.0
2.0
12.0
1.0
1.0
7.0
1.0
573.0
9.0
2.0
1.0
1.0
3642.0
3.0
1.0
317.0
62.0
3596.0
56.0
3.0
1.0
30.0
3.0
15.0
1.0
36.0
2.0
110.0
2.0
2.0
17.0
25.0
15.0
9.0
1.0
4.0
1.0
3.0
12.0
30.0
1.0
4.0
15.0
3.0
5.0
1.0
80.0
3.0
3.0
6.0
2.0
3.0
1953.0
1.0
3.0
3135.0
9.0
9.0
5.0
2.0
25.0
8.0
3.0
2.0
6.0
43.0
1.0
10.0
3.0
10.0
1.0
9.0
2.0
3.0
1.0
7.0
108.0
1.0
1.0
82.0
6.0
1.0
1.0
1.0
18.0
1.0
418.0
401.0
1.0
713.0
1422.0
3.0
26.0
1.0
2.0
13.0
9.0
1522.0
31.0
32.0
28.0
1.0
1.0
292.0
2.0
2.0
1.0
89.0
3.0
9.0
1.0
1133.0
20.0
2.0
7.0
3.0
42.0
5.0
3.0
19.0
822.0
1.0
1.0
1.0
11.0
3.0
2.0
1.0
90.0
8.0
3.0
217.0
1.0
3.0
3.0
7.0
10.0
44.0
1.0
3.0
96.0
313.0
11564.0
1.0
1.0
1.0
1.0
2.0
9.0
414.0
28.0
1.0
4.0
1.0
3.0
3.0
27.0
1.0
5.0
1.0
23.0
930.0
4.0
3963.0
1.0
2.0
12.0
982.0
3.0
3.0
3.0
3.0
109.0
1.0
3.0
3.0
1.0
3.0
6.0
1.0
15.0
16.0
391.0
8.0
33.0
8.0
4.0
11.0
1.0
69.0
596.0
1.0
3.0
1.0
1.0
2.0
640.0
3021.0
70.0
54.0
1.0
1.0
1.0
122.0
5.0
2.0
3.0
3.0
35.0
58.0
1.0
1.0
1.0
54.0
3.0
1.0
48.0
5.0
3.0
71.0
3.0
3.0
1398.0
1.0
1.0
1.0
2.0
1.0
24.0
1.0
1.0
137.0
3.0
78.0
59.0
37.0
32.0
3.0
1044.0
4.0
934.0
3.0
2.0
4.0
2.0
706.0
2.0
1435.0
1707.0
3.0
3.0
5.0
17.0
360.0
3.0
3.0
1.0
8.0
1.0
5.0
4.0
1.0
1600.0
56.0
7.0
678.0
5.0
2.0
15.0
2.0
30.0
81.0
4.0
1.0
1.0
2.0
1.0
1650.0
1.0
3.0
1097.0
3.0
65.0
3.0
6.0
106.0
7.0
52.0
7.0
40.0
1.0
1.0
1.0
185.0
1.0
3.0
4086.0
1.0
1.0
1.0
1.0
3.0
3.0
2425.0
3.0
6.0
20.0
24.0
4.0
25.0
4.0
112.0
374.0
4.0
1.0
3.0
67.0
8.0
3.0
3.0
8.0
244.0
4.0
1.0
69.0
16.0
1769.0
696.0
3.0
1.0
11.0
1.0
3.0
12.0
2.0
2.0
3.0
17.0
1.0
1.0
1.0
3.0
1.0
5.0
9.0
6.0
127.0
1062.0
2.0
2073.0
3.0
1332.0
3811.0
53.0
23.0
2.0
19.0
1.0
1.0
29.0
3.0
1.0
6.0
3.0
1.0
17.0
2.0
3.0
6.0
3.0
3.0
14.0
7.0
2.0
1.0
31.0
4.0
1.0
52.0
60.0
3.0
2.0
1.0
1.0
102.0
10.0
21.0
3.0
2.0
7.0
3.0
1.0
1.0
2.0
198.0
2.0
1.0
1.0
2.0
2.0
124.0
83.0
4.0
20.0
1.0
2.0
17.0
14.0
1.0
3.0
14189.0
1.0
5.0
24.0
1.0
8.0
709.0
451.0
2.0
2.0
149.0
28.0
2.0
4.0
1.0
3.0
1.0
1.0
4.0
4.0
3.0
3.0
1.0
1.0
2.0
20.0
4.0
9.0
3.0
1.0
1.0
55.0
1.0
3.0
1.0
5.0
500.0
1.0
3.0
1.0
2.0
2.0
20.0
3.0
353.0
2.0
3.0
1.0
1.0
399.0
1.0
25.0
2.0
69.0
3.0
3.0
3.0
1.0
3.0
8.0
4.0
6.0
3.0
3.0
2.0
2.0
2.0
7.0
1.0
26.0
2.0
1.0
1.0
3.0
38.0
2.0
3.0
89.0
2.0
2.0
11.0
14385.0
3.0
1.0
24.0
1.0
5.0
3.0
16.0
1.0
11.0
89.0
3.0
1.0
54.0
2.0
1.0
2.0
3.0
3981.0
15.0
4.0
12.0
37.0
19.0
1.0
768.0
596.0
1.0
3.0
288.0
18.0
15.0
2.0
31.0
2.0
19.0
128.0
3.0
3.0
5.0
2.0
2.0
4.0
190.0
1.0
1.0
1.0
1.0
2110.0
3663.0
1.0
37.0
46.0
17.0
1.0
1.0
1.0
3.0
3.0
1.0
2.0
1.0
232.0
1.0
1.0
1293.0
7.0
1.0
1.0
5.0
1.0
368.0
4.0
26.0
34.0
1.0
1.0
2.0
32.0
1.0
5.0
7.0
6.0
372.0
80.0
3.0
1.0
41.0
14.0
2.0
10.0
4.0
19.0
34.0
3.0
35.0
4.0
55.0
1.0
1.0
1.0
4.0
1113.0
8.0
2.0
21.0
87.0
3.0
1.0
39.0
966.0
3.0
13.0
128.0
25.0
1.0
212.0
1.0
6.0
46.0
157.0
3.0
1.0
73.0
7.0
7632.0
1.0
47.0
47.0
16.0
1370.0
3.0
2.0
15.0
5.0
3.0
2.0
1.0
116.0
3.0
4.0
3.0
21.0
2.0
346.0
2.0
1.0
829.0
1.0
1.0
16.0
561.0
1.0
31.0
6.0
2.0
750.0
596.0
1.0
66.0
3.0
4.0
3.0
592.0
1042.0
1.0
1.0
14.0
2508.0
3.0
8.0
1206.0
23.0
1.0
3.0
1.0
4.0
61.0
4.0
3.0
2.0
12.0
52.0
32.0
1.0
7.0
6.0
1.0
3.0
1.0
8.0
8.0
4.0
22.0
7.0
2.0
3.0
1.0
2.0
2.0
9.0
1.0
3.0
1.0
19.0
2.0
9.0
2.0
13.0
1.0
6.0
2.0
1086.0
2.0
13.0
1.0
3.0
21.0
2407.0
1.0
3.0
3.0
1.0
1.0
8.0
1.0
38.0
254.0
11.0
419.0
95.0
10.0
338.0
45.0
1.0
1.0
2.0
1.0
106.0
1.0
1.0
662.0
5.0
35.0
4.0
3.0
1.0
1.0
1.0
1.0
71.0
1.0
1.0
5.0
11.0
2.0
5.0
29.0
513.0
13.0
12.0
1869.0
1.0
45.0
33.0
2045.0
61.0
1.0
1.0
6.0
1.0
3.0
3.0
1.0
7.0
1.0
3.0
281.0
3.0
464.0
34.0
2.0
3.0
3.0
2.0
1.0
8.0
2.0
100.0
66.0
1.0
9.0
41.0
1.0
1.0
1.0
1.0
6.0
30.0
66.0
24.0
6.0
1.0
2.0
4.0
1.0
1.0
1.0
3088.0
1.0
30.0
4.0
404.0
1.0
1.0
2.0
629.0
3.0
2.0
3.0
47.0
5.0
20.0
596.0
4.0
3.0
3.0
18.0
3.0
20.0
220.0
2.0
1.0
502.0
3.0
34.0
55.0
1.0
2.0
3.0
1.0
19.0
2.0
5.0
3.0
2.0
8.0
1.0
8.0
2.0
1.0
73.0
6.0
28.0
18.0
1.0
3.0
15.0
1.0
2855.0
166.0
50.0
12.0
3.0
239.0
11.0
697.0
1.0
292.0
2.0
4.0
51.0
1.0
19.0
492.0
2.0
381.0
33.0
24.0
3.0
10.0
56.0
6.0
4.0
1.0
1.0
24.0
3.0
5.0
1399.0
3.0
17.0
282.0
18.0
1.0
7.0
51.0
25.0
3.0
1.0
1100.0
364.0
8.0
28.0
9.0
1.0
21.0
784.0
74.0
2.0
1.0
1018.0
49.0
4612.0
3.0
536.0
4.0
3.0
3.0
1.0
1.0
4.0
1.0
2.0
1.0
1.0
2.0
152.0
3.0
1.0
2.0
3.0
1.0
5.0
1.0
1.0
1.0
1.0
369.0
3.0
18.0
37.0
19.0
4.0
51.0
3.0
3.0
1.0
32.0
1.0
382.0
1755.0
2.0
3.0
2123.0
3.0
228.0
2.0
5358.0
984.0
9.0
549.0
15.0
2.0
24.0
3.0
390.0
318.0
1.0
8.0
4.0
594.0
344.0
80.0
24.0
17.0
1002.0
5.0
1189.0
1.0
1.0
3.0
5.0
858.0
3.0
3.0
5.0
1.0
1.0
17.0
278.0
6.0
79.0
549.0
2.0
338.0
4.0
4.0
851.0
1.0
117.0
1.0
1.0
125.0
20.0
3.0
3.0
1.0
1.0
897.0
3.0
1680.0
3.0
1599.0
1645.0
4.0
11.0
1.0
42.0
2.0
69.0
10.0
2.0
3.0
2.0
2.0
1520.0
1.0
2.0
33.0
3.0
3.0
65.0
1.0
1.0
3.0
59.0
1.0
2.0
3.0
1.0
140.0
9.0
1.0
2.0
2.0
1.0
3.0
1.0
1.0
21.0
2.0
232.0
647.0
248.0
1.0
1.0
606.0
3.0
335.0
291.0
3.0
27.0
1.0
1.0
57.0
1.0
26.0
1.0
1.0
3.0
13.0
1.0
3.0
2.0
1.0
67.0
3.0
17.0
2.0
2.0
3.0
23.0
4.0
3.0
3.0
3.0
1.0
12.0
3.0
106.0
577.0
3.0
1.0
1.0
3.0
1.0
2.0
3.0
620.0
870.0
3.0
27.0
1.0
1.0
5.0
1.0
1.0
17.0
3.0
3.0
2.0
3.0
1.0
1.0
34.0
1.0
1.0
4.0
1.0
3.0
7.0
4.0
25.0
7.0
18.0
1.0
1097.0
1.0
1.0
3.0
294.0
179.0
2.0
2.0
3.0
52.0
1206.0
4.0
1.0
141.0
1.0
2.0
6.0
1272.0
4.0
46.0
98.0
1.0
7.0
1882.0
1.0
2.0
4.0
8.0
2368.0
2.0
241.0
1.0
1.0
3.0
1304.0
29.0
2.0
1.0
715.0
2.0
1.0
1.0
282.0
2.0
3.0
3.0
4.0
136.0
702.0
265.0
8.0
40.0
3.0
3.0
1.0
46.0
3.0
1.0
1.0
4.0
16.0
701.0
6.0
3.0
3.0
2.0
4.0
31.0
1.0
3.0
1.0
1.0
1.0
1.0
3.0
1.0
197.0
6.0
745.0
3.0
223.0
86.0
12.0
10.0
3.0
1.0
4.0
1.0
1.0
1830.0
944.0
184.0
128.0
14.0
530.0
1.0
386.0
10.0
22.0
1.0
3.0
1.0
2.0
1.0
1.0
3.0
2.0
266.0
6.0
1.0
1.0
351.0
1491.0
3.0
1.0
4.0
2.0
1.0
3.0
8.0
1.0
1.0
3.0
558.0
3.0
4.0
8.0
85.0
4.0
24.0
4.0
9.0
1.0
37.0
1.0
11.0
86.0
124.0
3.0
1.0
1.0
3.0
2.0
1200.0
4.0
66.0
696.0
2.0
1.0
4521.0
9.0
44.0
1.0
2.0
24.0
3.0
225.0
94.0
56.0
3.0
5.0
8668.0
2.0
1001.0
1.0
3.0
8.0
2.0
1.0
1.0
5.0
3.0
1200.0
2.0
411.0
7.0
12.0
1.0
1.0
35.0
3.0
29.0
9.0
3.0
2.0
1.0
3.0
1.0
1.0
4.0
3.0
1.0
6.0
1.0
11.0
1.0
31.0
1.0
74.0
696.0
1.0
292.0
119.0
3.0
28.0
3.0
8.0
10.0
5.0
3.0
49.0
3.0
345.0
3.0
1.0
5.0
1.0
695.0
13.0
2072.0
9.0
32.0
6.0
4.0
3.0
67.0
3.0
1.0
1.0
134.0
15.0
3.0
1.0
1.0
8.0
14.0
5.0
6.0
76.0
246.0
15.0
163.0
835.0
3.0
2.0
1785.0
614.0
1.0
1.0
131.0
101.0
4.0
1.0
45.0
8.0
24.0
339.0
4.0
19.0
10001.0
282.0
3.0
21.0
1.0
106.0
5.0
99.0
33.0
2.0
3.0
2.0
3.0
4.0
14.0
3.0
2.0
3.0
468.0
346.0
9.0
1.0
3.0
187.0
1.0
1.0
1004.0
9.0
59.0
1.0
344.0
1.0
1.0
1.0
74.0
3.0
3.0
7.0
9.0
8.0
2.0
1.0
2.0
5.0
1.0
1.0
63.0
84.0
1.0
36.0
3.0
1.0
1.0
25.0
39.0
8.0
7.0
38.0
596.0
3.0
2.0
1.0
24.0
5.0
1.0
2.0
1.0
96.0
4372.0
117.0
5.0
1.0
63.0
2.0
2.0
2.0
1.0
5.0
47.0
5.0
2.0
9.0
6.0
2.0
3.0
72.0
9.0
3.0
1.0
2.0
9.0
1.0
1.0
1353.0
36.0
3.0
1.0
783.0
12.0
362.0
6.0
4.0
1.0
4.0
16.0
9.0
1595.0
2.0
5.0
1.0
418.0
4.0
15.0
3.0
1.0
3.0
1.0
3.0
1.0
1.0
1.0
55.0
24.0
5.0
2.0
169.0
1.0
3.0
1.0
3.0
3.0
33.0
1.0
208.0
7.0
2.0
2.0
1.0
1.0
2.0
3.0
151.0
1.0
1.0
12.0
2.0
3.0
2.0
1.0
2.0
3.0
4.0
7.0
2.0
4.0
2.0
389.0
3.0
1.0
1135.0
3.0
404.0
10.0
1.0
2.0
1181.0
3.0
1.0
1185.0
1.0
2.0
2.0
3.0
5.0
1.0
1.0
1.0
2.0
22.0
865.0
3.0
236.0
1.0
24.0
13.0
677.0
9.0
1.0
366.0
2.0
7.0
32.0
3.0
4.0
21.0
127.0
3.0
2.0
1.0
5.0
1.0
1.0
229.0
1.0
3.0
7.0
8.0
4.0
989.0
2.0
3.0
10.0
150.0
3.0
1.0
3.0
1.0
1.0
9.0
2.0
3.0
1.0
2.0
1.0
2.0
3.0
842.0
5.0
12.0
11.0
288.0
3.0
20.0
1.0
3.0
33.0
1.0
3.0
54.0
3.0
614.0
348.0
733.0
3.0
23.0
448.0
9.0
69.0
9.0
1.0
2.0
3.0
1.0
36.0
1075.0
251.0
4.0
6.0
20.0
3.0
3.0
2.0
2.0
1.0
5.0
1.0
1.0
130.0
2.0
1.0
129.0
4.0
11.0
1.0
1007.0
3.0
1.0
1.0
1.0
463.0
1.0
2.0
295.0
3.0
1.0
4981.0
1119.0
4.0
2.0
3.0
1.0
4.0
125.0
1.0
3.0
5.0
1.0
2.0
1.0
1.0
18.0
105.0
2774.0
15.0
351.0
8.0
187.0
14.0
22.0
2.0
1.0
24.0
8.0
3.0
1.0
1.0
8.0
2.0
1.0
1.0
1.0
1.0
1.0
91.0
2.0
12.0
2.0
6.0
3.0
3.0
17.0
34.0
1397.0
1.0
2.0
4.0
69.0
3.0
14.0
3.0
2.0
9.0
3.0
2.0
1.0
4.0
205.0
2.0
1.0
1253.0
1.0
9.0
1.0
3.0
12.0
6.0
6.0
3.0
300.0
38.0
65.0
3.0
2.0
3.0
24.0
4.0
13.0
3.0
10.0
50.0
1185.0
3.0
7861.0
19.0
19.0
2.0
1.0
1.0
1.0
3.0
233.0
81.0
16.0
1.0
5761.0
3.0
2.0
3.0
5.0
1.0
2615.0
272.0
1.0
13.0
65.0
251.0
23.0
26.0
5.0
1.0
844.0
1.0
6.0
1.0
19.0
117.0
189.0
529.0
1.0
344.0
5.0
4.0
3.0
55.0
9.0
2.0
9.0
9.0
1.0
19.0
1.0
1.0
50.0
5.0
2.0
1.0
160.0
1.0
3.0
1.0
24.0
1.0
2.0
47.0
6.0
1.0
28.0
14.0
13.0
1.0
13.0
151.0
48.0
1.0
157.0
1.0
1.0
1.0
6.0
185.0
3.0
242.0
27.0
1.0
2.0
4.0
3.0
9.0
40.0
2.0
1.0
63.0
4.0
1.0
1.0
147.0
40.0
2.0
74.0
2.0
2.0
141.0
1.0
1.0
7.0
26.0
9.0
1799.0
1.0
13.0
267.0
1.0
3.0
24.0
1.0
1.0
3.0
4.0
2.0
1.0
1.0
5.0
1.0
3.0
1.0
492.0
5.0
3.0
4.0
1.0
17.0
4.0
146.0
192.0
281.0
17.0
1.0
806.0
1.0
3.0
1.0
2.0
1.0
65.0
1.0
1886.0
1.0
2.0
1.0
3.0
1.0
288.0
1.0
100.0
1.0
24.0
1.0
2.0
1.0
11.0
3.0
25.0
1.0
58.0
3.0
1449.0
16.0
147.0
8.0
2.0
454.0
1.0
4.0
2.0
107.0
4.0
47.0
1.0
34.0
3.0
13.0
3.0
1.0
17.0
32.0
3.0
1249.0
4.0
10.0
3.0
4.0
2.0
1.0
4.0
9.0
3.0
2.0
3.0
208.0
1.0
12.0
33.0
9.0
512.0
3.0
1.0
44.0
1.0
2.0
1.0
3.0
1.0
1.0
1.0
6.0
17.0
30.0
4.0
3.0
1.0
3.0
4.0
5.0
8.0
2637.0
2.0
1323.0
1.0
1.0
9.0
1449.0
9.0
3.0
5.0
4.0
31.0
1018.0
1.0
3.0
15.0
62.0
26.0
1.0
3.0
2.0
6.0
3.0
287.0
8.0
2.0
2296.0
3.0
1.0
1.0
3.0
4.0
15.0
4.0
3.0
1.0
9.0
14.0
150.0
1.0
48.0
2.0
4.0
1.0
4612.0
1.0
1.0
8.0
347.0
3.0
1.0
1.0
24.0
1.0
1.0
1.0
4.0
9.0
848.0
3.0
170.0
5062.0
1.0
3.0
1.0
5.0
1.0
20.0
1.0
110.0
11.0
31.0
5.0
160.0
12.0
66.0
7.0
67.0
14.0
5.0
329.0
1.0
3.0
1.0
1.0
4.0
4.0
1.0
91.0
36.0
1.0
6.0
457.0
2.0
1.0
5.0
1.0
3.0
3.0
697.0
1.0
1.0
1.0
6.0
1.0
193.0
4.0
3.0
1.0
25.0
48.0
1.0
1.0
3.0
2.0
1.0
2.0
721.0
4.0
1.0
3.0
15.0
4.0
7.0
1.0
1.0
1.0
1.0
1.0
3.0
1.0
24.0
1.0
38.0
17.0
940.0
3.0
1.0
237.0
1.0
1.0
1.0
11.0
1.0
1.0
1.0
2.0
5.0
19.0
216.0
8.0
501.0
17.0
21.0
3.0
17.0
535.0
1.0
3.0
39.0
1.0
1.0
2.0
268.0
1.0
4.0
1.0
6.0
1.0
1.0
10.0
131.0
1.0
1.0
13.0
2.0
2.0
10.0
3.0
7.0
590.0
516.0
1.0
1.0
1.0
111.0
5.0
268.0
1516.0
8.0
16.0
4.0
3.0
65.0
15.0
2.0
1.0
1.0
319.0
10.0
38.0
3.0
17.0
360.0
421.0
42.0
2.0
2.0
2.0
3.0
3.0
1.0
1.0
2.0
3.0
39.0
1.0
6.0
1.0
1820.0
1.0
5.0
1.0
13.0
6.0
10.0
259.0
3.0
1.0
3.0
3.0
1.0
519.0
3.0
1.0
1392.0
4.0
4.0
1.0
5.0
1.0
6.0
16.0
9.0
1.0
3.0
4.0
1.0
1.0
14.0
3.0
1.0
3.0
1.0
261.0
521.0
366.0
2.0
622.0
1.0
1.0
129.0
1.0
3.0
5.0
33.0
1.0
1.0
1.0
4.0
2.0
1.0
1.0
69.0
12.0
2.0
3.0
29.0
12.0
2.0
2.0
1.0
3.0
2.0
1.0
324.0
2.0
1.0
2.0
4.0
50.0
3.0
8.0
4.0
74.0
574.0
2.0
2.0
1.0
1.0
33.0
12.0
67.0
1.0
1.0
1.0
1.0
2.0
31.0
4.0
3.0
3.0
15.0
1.0
15.0
134.0
5.0
94.0
2.0
741.0
5.0
3.0
12.0
2.0
1.0
4.0
1.0
3.0
626.0
10.0
30.0
31.0
2.0
22.0
1931.0
8.0
9.0
69.0
1.0
3.0
27.0
71.0
241.0
78.0
71.0
7.0
2.0
615.0
68.0
3.0
60.0
7.0
26.0
1.0
4.0
6.0
1.0
2.0
5.0
41.0
1.0
1.0
4.0
2.0
43.0
3.0
2.0
58.0
3.0
596.0
2.0
2.0
2.0
1.0
3.0
122.0
3.0
4.0
174.0
3788.0
399.0
1.0
86.0
1.0
3.0
596.0
3.0
268.0
5.0
4.0
4.0
9.0
2.0
3.0
3.0
596.0
990.0
3.0
16.0
3.0
3297.0
1.0
592.0
1.0
3.0
9.0
1.0
1.0
4.0
1.0
2.0
1.0
17.0
3.0
32.0
3.0
3.0
1.0
1.0
1.0
4.0
5.0
1482.0
19.0
1.0
408.0
445.0
31.0
51.0
2.0
50.0
178.0
30.0
1.0
4.0
75.0
230.0
4.0
24.0
55.0
1906.0
12.0
2.0
1.0
1.0
91.0
3.0
1.0
5.0
338.0
729.0
2.0
87.0
46.0
8.0
3.0
41.0
2.0
22.0
5.0
9.0
327.0
11.0
2.0
1.0
14.0
2.0
9.0
32.0
1.0
1331.0
3.0
3.0
169.0
3.0
3.0
913.0
1.0
1.0
8.0
3.0
17.0
376.0
1341.0
1.0
1.0
3.0
5.0
12.0
40.0
115.0
5.0
66.0
46.0
9.0
3.0
5.0
5.0
31.0
2.0
1.0
3.0
14.0
2.0
1.0
10.0
1.0
3.0
531.0
4.0
85.0
2.0
73.0
7.0
17.0
3.0
21.0
46.0
360.0
787.0
2.0
13597.0
1.0
11.0
1.0
1.0
2.0
94.0
1.0
2852.0
1.0
10.0
19.0
10.0
1.0
11.0
1010.0
2.0
1.0
1.0
1.0
88.0
5.0
9.0
68.0
1.0
3.0
3.0
2.0
5.0
600.0
19.0
3.0
1.0
3.0
1.0
1.0
18.0
10.0
1.0
1.0
1.0
12.0
9.0
13.0
14.0
3.0
747.0
6.0
2.0
201.0
1.0
292.0
19.0
19.0
1.0
3.0
1.0
3.0
14.0
2.0
1394.0
1.0
2.0
1.0
1.0
2.0
1041.0
4.0
511.0
3.0
3.0
2.0
1.0
12.0
8.0
1.0
2.0
16.0
14.0
1.0
300.0
28.0
1.0
1.0
7.0
401.0
117.0
9.0
1207.0
2.0
1.0
1543.0
635.0
59.0
1207.0
20.0
4.0
76.0
351.0
4.0
3.0
13.0
2.0
230.0
240.0
2.0
9.0
3.0
10092.0
2.0
3.0
3.0
482.0
19.0
5.0
1.0
39.0
2.0
1.0
1.0
1.0
2.0
8.0
1.0
2.0
5.0
1.0
2.0
3.0
1.0
3.0
465.0
1.0
50.0
3.0
1.0
4.0
288.0
5.0
1.0
2.0
1.0
75.0
3.0
4.0
743.0
97.0
1.0
455.0
10.0
7.0
2.0
118.0
2.0
19.0
870.0
345.0
9.0
1.0
1.0
2.0
4.0
1.0
102.0
1.0
12.0
1.0
10.0
3.0
12.0
1.0
2.0
21.0
2.0
4.0
1.0
1.0
3.0
484.0
2.0
1.0
1.0
9.0
110.0
15.0
8.0
1.0
6.0
204.0
1.0
121.0
1.0
1473.0
1.0
23.0
18.0
1.0
1.0
603.0
231.0
15.0
1.0
1.0
1514.0
1.0
539.0
31.0
1.0
1.0
4522.0
837.0
6.0
1.0
696.0
57.0
2.0
1417.0
8.0
1.0
2.0
3.0
3.0
14.0
1.0
3.0
6.0
3.0
3.0
85.0
1.0
3.0
60.0
8.0
3.0
3.0
15.0
1.0
43.0
2.0
49.0
3.0
1.0
1.0
149.0
1.0
2.0
1.0
23.0
148.0
44.0
1.0
568.0
1.0
1.0
3.0
50.0
2.0
1.0
1.0
2.0
15.0
19.0
6073.0
1451.0
1.0
3.0
16.0
421.0
3.0
2.0
1.0
2.0
3.0
1.0
7.0
1019.0
7.0
2.0
17.0
1.0
47.0
1.0
10.0
1.0
3.0
1058.0
1.0
3.0
5.0
1.0
1.0
7.0
7.0
487.0
5.0
1053.0
180.0
3.0
4.0
3.0
5.0
3.0
5.0
1.0
19.0
2.0
113.0
3.0
166.0
3.0
29.0
3.0
24.0
2.0
403.0
36.0
32.0
613.0
47.0
42.0
522.0
1.0
383.0
24.0
16.0
313.0
278.0
8.0
3.0
33.0
14.0
1515.0
135.0
5.0
3.0
9.0
87.0
746.0
164.0
233.0
11.0
5.0
1.0
1016.0
2.0
1.0
1.0
1.0
1.0
16.0
23.0
455.0
92.0
1.0
2.0
32.0
3.0
10.0
1.0
1.0
4.0
1.0
9.0
1.0
10.0
2.0
1.0
3.0
318.0
2391.0
6600.0
3.0
1.0
2.0
6.0
8.0
9.0
3.0
24.0
7.0
3.0
3.0
24.0
2.0
9.0
1.0
1.0
8.0
3.0
2.0
1.0
3.0
2.0
1.0
1.0
8.0
26.0
2.0
4.0
3.0
1.0
5.0
1.0
39.0
1.0
7.0
1.0
2.0
1.0
3.0
15.0
9.0
2.0
19.0
313.0
2.0
596.0
7.0
2.0
1.0
87.0
3.0
1.0
3.0
1.0
1.0
53.0
3.0
5.0
4.0
2.0
3.0
255.0
1.0
3.0
16090.0
3.0
1.0
23.0
1.0
513.0
241.0
59.0
2.0
1448.0
1.0
20.0
1.0
1.0
4.0
171.0
65.0
1.0
3.0
1.0
3.0
7.0
3.0
2.0
1.0
2.0
1.0
3.0
166.0
154.0
4888.0
4.0
1030.0
49.0
23.0
1.0
668.0
928.0
4.0
252.0
3.0
1.0
3.0
1.0
11.0
4.0
10.0
544.0
1.0
292.0
3.0
1.0
4.0
45.0
5.0
3.0
1.0
1.0
3.0
3.0
68.0
15.0
11.0
1.0
3.0
40.0
29.0
1.0
4.0
6.0
1.0
23.0
1.0
87.0
1.0
3.0
2.0
21.0
35.0
2.0
4.0
1.0
4.0
1.0
3.0
1.0
3.0
2.0
1.0
690.0
36.0
1.0
1.0
2.0
152.0
107.0
16.0
1.0
9.0
361.0
1.0
3.0
235.0
3.0
1.0
14.0
5.0
4.0
3.0
6.0
843.0
3.0
4.0
4.0
25.0
626.0
2.0
1.0
1581.0
1.0
12.0
3.0
104.0
3234.0
1499.0
2449.0
1.0
3.0
9.0
386.0
27.0
583.0
27.0
9.0
3.0
32.0
1.0
3.0
909.0
8.0
2.0
16149.0
1.0
1.0
1.0
98.0
1.0
4.0
157.0
1.0
944.0
1.0
2.0
117.0
1.0
1.0
3.0
22.0
1.0
2.0
11.0
3.0
3.0
47.0
1180.0
3.0
8.0
20.0
14.0
34.0
676.0
674.0
5.0
3.0
1207.0
2.0
2.0
2.0
72.0
92.0
452.0
11.0
3.0
1.0
292.0
127.0
2.0
12.0
3.0
6.0
1.0
8.0
1.0
6.0
1.0
3.0
1.0
9.0
1.0
1.0
117.0
1.0
32.0
1.0
5.0
29.0
10.0
8.0
2259.0
5.0
4.0
1.0
5.0
3.0
2.0
10.0
2455.0
60.0
666.0
8.0
5.0
7.0
9.0
3.0
9.0
4.0
2.0
2.0
2.0
3.0
1.0
72.0
4.0
6.0
1618.0
6.0
3.0
1.0
5.0
9.0
1.0
66.0
1.0
8.0
1.0
87.0
3.0
4.0
1.0
1.0
351.0
9.0
1.0
14385.0
1.0
1.0
4.0
1.0
39.0
4.0
3.0
3.0
1.0
8.0
379.0
3065.0
3.0
3.0
1.0
1812.0
13.0
14761.0
9.0
2.0
3.0
3.0
1442.0
144.0
3.0
1.0
976.0
98.0
2.0
4.0
5.0
157.0
1.0
973.0
46.0
7.0
18.0
1.0
7.0
2.0
1.0
1.0
9.0
18.0
1.0
2.0
3.0
1.0
28.0
1.0
3.0
5.0
1.0
2.0
4.0
1.0
24.0
1.0
2.0
3.0
1.0
519.0
1.0
3.0
152.0
40.0
1.0
3933.0
11.0
719.0
173.0
66.0
3.0
19.0
14.0
19.0
3.0
1.0
1.0
354.0
1.0
34.0
45.0
50.0
1.0
1.0
3.0
2.0
1.0
4.0
5.0
296.0
1.0
3.0
2.0
8.0
4.0
24.0
1.0
1.0
6.0
1.0
1.0
10.0
1.0
798.0
3.0
2.0
74.0
17.0
4.0
2.0
474.0
1.0
41.0
172.0
2.0
1.0
5.0
4.0
9.0
8.0
1.0
10.0
50.0
353.0
3.0
696.0
74.0
1.0
226.0
2.0
3.0
1.0
83.0
1.0
3.0
3.0
1.0
3.0
3581.0
3.0
22.0
3891.0
733.0
1314.0
1782.0
1.0
1.0
4.0
1.0
3.0
3.0
1481.0
115.0
4476.0
27.0
4.0
3.0
1.0
3.0
4.0
4.0
5.0
3.0
23.0
292.0
103.0
1.0
3.0
4.0
58.0
2.0
98.0
469.0
3.0
1.0
9.0
2.0
31.0
1.0
1.0
21.0
1.0
68.0
8.0
3.0
121.0
1.0
1.0
31.0
1270.0
2.0
5.0
35.0
119.0
47.0
1.0
188.0
73.0
338.0
1.0
9.0
6.0
2.0
7.0
1.0
3.0
7.0
4.0
3.0
3.0
1.0
3.0
41.0
1.0
77.0
492.0
4.0
210.0
4.0
17.0
8.0
1.0
3.0
23.0
63.0
78.0
1.0
3.0
977.0
5.0
39652.0
1.0
400.0
1.0
1.0
1.0
4.0
5.0
3.0
2.0
9.0
4.0
2.0
4.0
19.0
1.0
1.0
8.0
35.0
2.0
1.0
10.0
1.0
3.0
1.0
1.0
32.0
1.0
2.0
986.0
3.0
97.0
1.0
2.0
2.0
1.0
12.0
3.0
4351.0
3.0
3.0
6.0
3.0
1.0
9.0
14615.0
1.0
618.0
39.0
1142.0
7.0
1.0
3.0
650.0
3.0
4.0
1.0
4.0
28.0
1.0
5.0
3.0
35.0
15.0
9.0
3.0
3.0
2.0
3.0
1237.0
1.0
6.0
13720.0
1.0
272.0
1.0
1.0
6.0
3.0
1.0
118.0
8.0
547.0
1.0
2.0
3.0
2.0
463.0
2.0
46.0
2.0
1.0
1.0
1.0
8.0
11534.0
1.0
97.0
43.0
24.0
2.0
19.0
1.0
1.0
9.0
38.0
1.0
1.0
2.0
9.0
1.0
58.0
3.0
14.0
4.0
2003.0
1.0
8.0
3.0
1.0
19.0
1.0
1142.0
3.0
77.0
3.0
3.0
446.0
2.0
4.0
1.0
1.0
3.0
3.0
458.0
61.0
2.0
12.0
35.0
1.0
62.0
1.0
1776.0
1.0
1.0
4.0
34.0
1.0
1.0
3.0
6.0
6.0
9.0
3.0
1.0
8.0
1.0
2.0
1.0
1.0
3.0
7463.0
1.0
4.0
86.0
9.0
1.0
2.0
1.0
1.0
2.0
2.0
1.0
2.0
16.0
1.0
5.0
519.0
5.0
10.0
1.0
75.0
1294.0
24.0
1.0
11.0
3.0
2.0
14.0
9.0
3.0
6.0
1.0
3.0
1.0
306.0
2.0
1.0
1.0
2.0
75.0
1.0
52.0
1.0
1.0
525.0
4.0
7.0
2702.0
1.0
340.0
3.0
1.0
2.0
258.0
3.0
568.0
1.0
1.0
3.0
17.0
1.0
402.0
72.0
3.0
58.0
5.0
3.0
218.0
4942.0
2.0
2.0
1.0
956.0
68.0
61.0
1.0
17.0
26.0
25.0
1.0
1.0
140.0
2.0
4.0
2.0
2.0
295.0
5.0
1.0
14.0
19.0
2.0
15.0
90.0
692.0
1.0
10.0
1.0
1.0
1.0
25.0
4.0
2852.0
10.0
2.0
44.0
1063.0
4.0
3.0
3.0
79.0
20.0
3.0
108.0
2.0
3.0
1217.0
9.0
1.0
1.0
1.0
610.0
2.0
3.0
1.0
1.0
12.0
6.0
20.0
1.0
3.0
1.0
1.0
296.0
14.0
1.0
1.0
2.0
7.0
1.0
1.0
82.0
102.0
3.0
1.0
108.0
5.0
1.0
3.0
5.0
1.0
32.0
125.0
1.0
16.0
1.0
1.0
1.0
2.0
1.0
1615.0
10.0
1.0
2.0
8.0
2.0
9.0
1.0
178.0
994.0
2.0
18.0
4.0
1.0
1.0
77.0
157.0
14.0
3.0
1.0
21.0
1.0
672.0
3.0
2001.0
87.0
1.0
53.0
86.0
161.0
1213.0
4.0
1.0
401.0
3.0
3.0
1.0
282.0
1.0
2.0
1.0
524.0
1.0
3.0
1116.0
282.0
2.0
12.0
6.0
8.0
1.0
3.0
230.0
381.0
1.0
80.0
19.0
1.0
5.0
1.0
14.0
1.0
1.0
2.0
10.0
3.0
3.0
1.0
183.0
1.0
4.0
211.0
1.0
5.0
5.0
1.0
36.0
1.0
3.0
2.0
3.0
13.0
24.0
6.0
1.0
85.0
1.0
3.0
4.0
2.0
1.0
1.0
640.0
110.0
4.0
1.0
18.0
1.0
1.0
7.0
22.0
3.0
1.0
115.0
1.0
388.0
95360.0
2.0
286.0
14.0
16.0
9.0
1.0
1.0
21.0
1.0
3.0
2.0
48.0
2.0
12.0
2.0
457.0
2.0
58.0
3.0
4.0
3.0
108.0
3.0
3.0
1.0
1.0
3.0
11083.0
1.0
1.0
779.0
6.0
1.0
3.0
9.0
38.0
3.0
4.0
12.0
24.0
1.0
673.0
96.0
22.0
11.0
6.0
306.0
7.0
2.0
237.0
5.0
1.0
6.0
7.0
1.0
3.0
10.0
19.0
2.0
1.0
90.0
1.0
8.0
2.0
1.0
3.0
1.0
1.0
2.0
1028.0
4.0
2.0
2.0
1.0
9759.0
1.0
67.0
7.0
1.0
7.0
2.0
1.0
1.0
1.0
80.0
7.0
1.0
4.0
2.0
236.0
404.0
2.0
1.0
190.0
863.0
3.0
1.0
4.0
7.0
24.0
3.0
454.0
17.0
12.0
579.0
3.0
20.0
1.0
3.0
1.0
1.0
2.0
3.0
28.0
1.0
16.0
6.0
14189.0
1.0
239.0
1.0
1.0
12.0
24.0
1.0
1.0
1.0
3.0
1.0
1.0
27.0
1.0
2.0
3.0
370.0
1.0
1.0
5.0
4.0
11.0
1.0
1.0
4.0
3.0
1.0
9.0
1.0
3.0
1.0
3.0
3.0
182.0
1.0
30.0
211.0
176.0
96.0
1.0
1.0
3.0
1.0
10.0
24.0
90.0
1.0
8.0
123.0
2913.0
85.0
17.0
229.0
4.0
3.0
9.0
1.0
153.0
1.0
159.0
1.0
2.0
4.0
158.0
77.0
1.0
2.0
3.0
10.0
38.0
1.0
4.0
298.0
39.0
1018.0
3.0
1291.0
1.0
4.0
421.0
54.0
1.0
18.0
1.0
3.0
1.0
282.0
3.0
1.0
3.0
296.0
3.0
3.0
2.0
839.0
1.0
2.0
1.0
2.0
3.0
6.0
1.0
10.0
2.0
932.0
1.0
3.0
2.0
5.0
3.0
27.0
51.0
1.0
30.0
3.0
1.0
803.0
50.0
1.0
1.0
1.0
373.0
3.0
2.0
1.0
2.0
737.0
10.0
2.0
2.0
3.0
14.0
1.0
4.0
1.0
1.0
1008.0
1.0
1.0
1.0
3.0
26.0
2.0
3.0
1.0
3.0
1.0
2834.0
22.0
1.0
3.0
3.0
1.0
7.0
5.0
1.0
6.0
4.0
11.0
30.0
19.0
17.0
2.0
8.0
1.0
121.0
1.0
1.0
9.0
1.0
21.0
2.0
3.0
116.0
1.0
2.0
5.0
5.0
107.0
5.0
8.0
23.0
1.0
1.0
1.0
1.0
1.0
6.0
5.0
800.0
17.0
9.0
4.0
10.0
4.0
46.0
60.0
216.0
444.0
4.0
61.0
199.0
3.0
9.0
2.0
1.0
1.0
15.0
3.0
1.0
884.0
1.0
5.0
2.0
560.0
2.0
3.0
7.0
1.0
2.0
1.0
1.0
9.0
3.0
131.0
1.0
3.0
2.0
4.0
1.0
383.0
1.0
279.0
5.0
3.0
3.0
198.0
1.0
1.0
1.0
1.0
61.0
70.0
2.0
292.0
1.0
8.0
19.0
1.0
7.0
3.0
322.0
9.0
4.0
351.0
2.0
2615.0
1.0
127.0
3.0
2.0
9.0
31.0
3.0
7.0
1.0
1.0
2.0
9.0
18.0
201.0
39.0
12.0
1703.0
261.0
2194.0
1042.0
320.0
249.0
63.0
1.0
1.0
24.0
116.0
2.0
131.0
2.0
3.0
1.0
3.0
3.0
1.0
3.0
5758.0
1.0
2.0
246.0
18.0
34.0
14.0
6.0
10.0
689.0
1.0
351.0
57.0
1.0
1.0
5.0
28.0
14.0
12.0
5.0
1.0
28.0
5.0
3.0
3.0
32.0
15.0
3.0
8.0
1183.0
46.0
3.0
1.0
29.0
3.0
1.0
45.0
2.0
3.0
1.0
5.0
1.0
232.0
26.0
2.0
10.0
1.0
7.0
19.0
1.0
1.0
7.0
1.0
3.0
1.0
1.0
3.0
18.0
443.0
112.0
4.0
9.0
65.0
7.0
16.0
72.0
4.0
1.0
1.0
22.0
10.0
15.0
2.0
9.0
2.0
2.0
1.0
69.0
1.0
1278.0
1.0
2.0
3.0
1110.0
80.0
11.0
3.0
60.0
2.0
3.0
14.0
1.0
31.0
728.0
10.0
1.0
1.0
6.0
1.0
2.0
2.0
2.0
75.0
1.0
33.0
19.0
121.0
3.0
1.0
3.0
3.0
1.0
2.0
3.0
3.0
187.0
3.0
3.0
28.0
3.0
1.0
10.0
9.0
3.0
1.0
1.0
55.0
1.0
1.0
3.0
132.0
3.0
95.0
1.0
1.0
45.0
67.0
3.0
2.0
1.0
5.0
2.0
1.0
1.0
65.0
6.0
72.0
2.0
1.0
25.0
75.0
10.0
1.0
1.0
9.0
173.0
5.0
244.0
2.0
4.0
2.0
1.0
104.0
1.0
1.0
3.0
65.0
1.0
9.0
3.0
1.0
1.0
361.0
157.0
14.0
1.0
8.0
3.0
19.0
141.0
1.0
5.0
1.0
292.0
31.0
3.0
1.0
92.0
460.0
4445.0
1.0
1.0
1.0
23.0
2.0
663.0
1.0
18.0
1.0
3.0
112.0
1.0
1.0
15.0
21.0
2301.0
1.0
3.0
11.0
17.0
264.0
3.0
102.0
333.0
2.0
3.0
1.0
1.0
82.0
4551.0
1.0
3.0
370.0
1.0
1.0
9.0
5.0
9.0
3.0
3.0
25.0
2.0
239.0
1.0
17.0
3.0
3.0
878.0
25.0
12.0
2.0
106.0
1.0
3.0
6.0
1304.0
23.0
891.0
2.0
6.0
107.0
1.0
5.0
2.0
8.0
9.0
1.0
4.0
8.0
3.0
3.0
1.0
3.0
1.0
304.0
1.0
510.0
4.0
3.0
5.0
1.0
1.0
10377.0
13684.0
3.0
1.0
45.0
75.0
9.0
1.0
16.0
1.0
1.0
1384.0
1115.0
3.0
911.0
250.0
4.0
3.0
3.0
1.0
2.0
2.0
12.0
2.0
1.0
36.0
4.0
8.0
4.0
1.0
17.0
1.0
41.0
31.0
2.0
1.0
746.0
46.0
5045.0
3.0
1.0
3.0
1936.0
3.0
59.0
5734.0
3.0
5767.0
4.0
2.0
68.0
14.0
21.0
1.0
15.0
1.0
3.0
56.0
17.0
8.0
11.0
2.0
2.0
6.0
1.0
3.0
1.0
702.0
2.0
835.0
2.0
1.0
1.0
1.0
5.0
2.0
4.0
271.0
3.0
1.0
3.0
6.0
1.0
351.0
2.0
1.0
3.0
3490.0
2.0
87.0
9.0
1.0
16.0
1.0
10.0
4.0
1710.0
3.0
2.0
12.0
3.0
1.0
1.0
5.0
500.0
1.0
23.0
1.0
4.0
6.0
3.0
3416.0
3.0
3.0
408.0
3.0
1.0
6.0
14.0
435.0
1.0
3.0
150.0
194.0
10.0
445.0
3.0
1.0
42.0
6.0
16.0
4.0
128.0
696.0
3.0
65.0
2.0
4.0
2.0
2.0
237.0
2.0
2.0
1.0
1.0
82.0
7.0
26.0
3.0
332.0
2.0
1.0
3.0
1.0
1.0
3.0
2.0
421.0
1.0
82.0
2.0
3.0
1.0
1.0
2.0
1755.0
209.0
611.0
19.0
2.0
5.0
615.0
1.0
27.0
1.0
3.0
43.0
1.0
3.0
1.0
16.0
1.0
806.0
9.0
1.0
1.0
1.0
2.0
78.0
31.0
15.0
16.0
5.0
51.0
157.0
167.0
129.0
1.0
8.0
29.0
1.0
184.0
1.0
1866.0
5.0
11.0
1.0
1.0
8.0
542.0
1.0
3.0
6.0
10.0
3.0
136.0
1.0
525.0
1.0
11.0
88.0
1.0
7.0
1.0
1.0
8.0
187.0
10.0
23.0
4.0
5.0
2.0
43.0
18.0
22.0
19.0
230.0
1.0
3.0
4.0
3.0
3.0
3.0
519.0
20.0
4.0
2.0
367.0
347.0
55.0
45.0
2807.0
3.0
7.0
12.0
3.0
1.0
4.0
3.0
22.0
4.0
1.0
1.0
25.0
1.0
2.0
2.0
25.0
103.0
9.0
3.0
3.0
1.0
282.0
1.0
797.0
1.0
7.0
113.0
3.0
1.0
401.0
2.0
2.0
4780.0
2.0
2.0
3.0
14.0
2.0
2.0
14.0
4137.0
1.0
1.0
105.0
414.0
9.0
495.0
339.0
1.0
1418.0
8.0
570.0
1.0
1.0
34.0
31.0
142.0
1.0
27.0
9.0
2.0
76.0
1358.0
65.0
7.0
3.0
18.0
3.0
8.0
273.0
2.0
1304.0
1.0
1.0
1.0
13.0
1.0
4.0
2.0
2.0
2.0
1.0
74.0
383.0
3.0
48.0
3.0
179.0
4.0
1.0
3.0
3.0
3229.0
1.0
9.0
1.0
1.0
51.0
1.0
1.0
171.0
3.0
1.0
3.0
1.0
3.0
14.0
10.0
1.0
2.0
3.0
4.0
3.0
292.0
1.0
22.0
28.0
1.0
3.0
2.0
3.0
3.0
2044.0
1354.0
231.0
2.0
1.0
3.0
23.0
4.0
10.0
13.0
1.0
2.0
3.0
3.0
2.0
1027.0
1.0
465.0
37.0
494.0
3.0
9.0
2.0
2.0
279.0
45.0
3.0
126.0
3.0
2.0
2.0
1.0
3.0
3.0
1.0
4.0
3.0
1.0
916.0
3.0
5.0
652.0
1.0
130.0
3.0
10.0
1.0
3.0
15.0
1071.0
1561.0
1.0
1.0
91.0
4.0
381.0
1.0
7.0
4.0
1.0
14.0
157.0
2001.0
35.0
30.0
1.0
324.0
39.0
3.0
1.0
2.0
3.0
1.0
493.0
8.0
1.0
59.0
1.0
1.0
1.0
3.0
26.0
1.0
2.0
1.0
50.0
12.0
2.0
18.0
38.0
1.0
75.0
1.0
1179.0
6.0
1.0
39.0
271.0
1.0
24.0
15.0
17.0
1.0
4.0
9.0
3.0
9.0
7.0
7.0
3.0
717.0
1.0
516.0
9.0
2.0
725.0
2.0
5.0
4.0
1.0
24.0
4.0
16.0
1.0
1.0
1.0
50.0
9.0
79.0
298.0
282.0
5.0
75.0
2.0
1.0
19.0
58.0
638.0
54.0
1.0
7.0
1.0
10071.0
64.0
2.0
4.0
3.0
1.0
1.0
11.0
8.0
2.0
8.0
3.0
3.0
3.0
4.0
19.0
2.0
3.0
1.0
1.0
3.0
3.0
3.0
1.0
4.0
3.0
1315.0
1.0
8.0
835.0
1.0
17.0
1.0
9.0
1.0
1.0
1.0
1.0
405.0
1.0
16.0
596.0
33.0
1238.0
6.0
3.0
1.0
9.0
1640.0
3.0
9.0
2.0
2.0
10.0
372.0
1.0
4.0
3.0
257.0
3.0
1.0
1.0
1.0
26.0
2.0
1.0
351.0
3.0
5.0
7.0
9.0
53.0
65.0
105.0
1.0
678.0
6.0
1.0
8.0
914.0
175.0
3.0
77.0
129.0
5.0
6.0
351.0
1324.0
69.0
3.0
1.0
4.0
471.0
9727.0
246.0
1.0
17.0
1.0
36.0
3.0
3.0
3.0
112.0
409.0
3.0
3.0
304.0
1.0
269.0
351.0
313.0
1.0
3.0
2.0
9.0
19.0
1337.0
1.0
5.0
2440.0
55.0
63.0
1.0
6.0
1.0
1.0
13.0
3.0
853.0
2.0
6.0
128.0
1.0
8.0
5.0
2.0
3.0
1.0
62.0
28.0
282.0
74.0
9.0
64.0
51.0
3.0
1.0
7.0
2.0
21.0
13.0
3.0
4.0
3.0
3.0
1.0
87.0
1.0
1.0
1.0
1.0
313.0
1304.0
3.0
6.0
2531.0
8.0
3.0
4.0
1.0
11.0
3.0
15.0
16.0
88.0
1.0
55.0
40.0
3.0
129.0
1.0
13.0
1089.0
2.0
67.0
1.0
3.0
1.0
438.0
4.0
3.0
1.0
4.0
3.0
380.0
205.0
1.0
3.0
1.0
1.0
3.0
1.0
421.0
1.0
2.0
1.0
1.0
9.0
3.0
3.0
3.0
2.0
1.0
3.0
3.0
3.0
2.0
17.0
18.0
10.0
2.0
58.0
2.0
3.0
18.0
1.0
941.0
1.0
3.0
4.0
1.0
1.0
1.0
909.0
2.0
359.0
5.0
3.0
2.0
1.0
1.0
44.0
4.0
1.0
1.0
1.0
3.0
79.0
5.0
1.0
4.0
1.0
23.0
1.0
1.0
18.0
19.0
2.0
1.0
1.0
14.0
3.0
3.0
3.0
2.0
1.0
1.0
3001.0
9.0
23.0
2.0
3.0
1.0
35.0
12.0
2440.0
2.0
1.0
1.0
31.0
2.0
1.0
1.0
1.0
4.0
4.0
36.0
19.0
3.0
401.0
1.0
1.0
9.0
1.0
12.0
1.0
32.0
17.0
2.0
4.0
1.0
16.0
1.0
219.0
78.0
672.0
3.0
2083.0
13.0
2.0
3.0
252.0
8.0
19.0
1.0
1.0
4.0
1.0
134.0
17.0
3.0
2.0
2.0
11.0
2.0
2.0
2.0
1314.0
3.0
17.0
106.0
510.0
2.0
1.0
1.0
2.0
620.0
3.0
1.0
1.0
76.0
1.0
188.0
689.0
3.0
4.0
2.0
269.0
1506.0
34.0
1.0
65.0
11.0
3.0
1.0
5.0
549.0
3.0
1.0
1.0
24.0
2.0
1.0
378.0
21.0
1.0
1.0
1.0
2.0
1197.0
31.0
55.0
6.0
1.0
1.0
105.0
357.0
473.0
2.0
11.0
1.0
36.0
3.0
8.0
3.0
330.0
5.0
1.0
1.0
1.0
282.0
40.0
1508.0
40.0
7.0
47.0
11.0
1.0
9.0
351.0
1.0
9.0
25.0
1.0
3.0
1.0
5.0
472.0
24.0
24.0
226.0
88.0
5.0
1.0
9.0
3.0
2.0
4.0
7.0
3.0
3.0
1.0
4.0
4.0
3.0
119.0
3.0
1.0
9.0
5756.0
2.0
3.0
7.0
3.0
22.0
3.0
4.0
1.0
3.0
1.0
2045.0
250.0
1.0
1.0
1.0
3.0
319.0
47.0
288.0
1.0
1.0
3.0
2.0
25.0
30.0
1279.0
11.0
1.0
182.0
2358.0
23.0
9.0
59.0
10.0
1.0
3.0
1.0
1.0
168.0
3.0
3.0
34.0
2.0
9537.0
221.0
2.0
6386.0
330.0
1.0
143.0
596.0
17.0
1.0
29.0
1.0
1.0
1.0
5.0
16.0
1.0
1.0
1.0
5.0
3.0
2.0
1.0
66.0
2.0
91.0
1.0
292.0
8.0
878.0
292.0
1.0
1.0
2.0
1.0
266.0
3.0
1.0
5.0
17.0
1798.0
1046.0
1.0
2.0
3.0
2.0
135.0
25.0
8.0
69.0
9.0
3.0
1.0
1.0
1.0
1.0
869.0
1.0
7.0
1.0
2.0
39.0
2.0
4.0
9.0
3.0
2.0
10.0
1.0
3.0
54.0
1.0
5.0
2.0
2.0
28562.0
1.0
596.0
3.0
1.0
2.0
1.0
2.0
40.0
8.0
1.0
33.0
1.0
130.0
1.0
2.0
685.0
388.0
9.0
1.0
4.0
7.0
1.0
1.0
1.0
132.0
1.0
3.0
1.0
2.0
4.0
3.0
276.0
36.0
1.0
2.0
789.0
1.0
3.0
5.0
4086.0
6.0
514.0
10.0
2.0
351.0
20.0
4.0
1.0
1.0
9.0
6.0
3.0
1.0
3.0
509.0
1179.0
6744.0
1.0
102.0
20.0
1.0
11.0
1.0
62.0
35.0
71.0
4.0
1.0
31.0
2.0
2.0
11.0
2.0
1.0
3.0
4.0
2.0
3.0
2.0
1.0
3.0
1100.0
3.0
2.0
695.0
53.0
3.0
19.0
1.0
2.0
1.0
31.0
596.0
3.0
5.0
800.0
8.0
2.0
1.0
1.0
209.0
2.0
1.0
13.0
1.0
3.0
2085.0
4.0
31.0
1.0
488.0
1.0
26.0
1.0
10.0
19.0
21.0
1642.0
26.0
20.0
6.0
9.0
54.0
1.0
3.0
1.0
5.0
3.0
1.0
376.0
256.0
38.0
55.0
2.0
10.0
4.0
1.0
2.0
2.0
12538.0
3.0
19.0
56.0
21.0
7.0
3.0
107.0
118.0
1.0
33.0
525.0
2.0
732.0
1.0
1197.0
9.0
39.0
61.0
6.0
2.0
81.0
9.0
1.0
4.0
215.0
29.0
1.0
93.0
5.0
21.0
1.0
1.0
3.0
31.0
168.0
1.0
1.0
2.0
1.0
19.0
9.0
186.0
4.0
25.0
516.0
2.0
10.0
674.0
1.0
19.0
12172.0
837.0
24.0
3.0
1.0
6.0
3.0
556.0
1.0
3.0
1.0
225.0
236.0
4.0
1.0
474.0
3.0
1.0
1.0
965.0
3.0
407.0
1.0
223.0
162.0
4.0
3.0
162.0
1.0
7.0
3.0
174.0
9.0
2.0
1.0
1.0
1.0
1.0
131.0
1.0
13.0
5.0
1.0
4.0
3.0
88.0
5.0
8.0
66.0
7.0
6.0
1.0
21.0
3.0
456.0
5.0
344.0
53.0
1.0
114.0
8.0
55.0
9.0
3.0
57.0
1.0
21.0
13145.0
6.0
809.0
1.0
7868.0
27.0
1.0
1.0
1.0
209.0
1371.0
3.0
1.0
1.0
2.0
1.0
110.0
3.0
1862.0
3.0
1248.0
3.0
932.0
30.0
1.0
6.0
7.0
102.0
2.0
1341.0
36.0
1705.0
1.0
668.0
1.0
3734.0
1.0
53.0
1.0
962.0
1.0
2.0
7891.0
37.0
24.0
16.0
2.0
2.0
1.0
3.0
1.0
5.0
1.0
1.0
3.0
6.0
1.0
4.0
6030.0
30.0
1.0
1.0
101.0
3.0
3.0
29.0
157.0
1.0
4.0
67.0
2.0
298.0
2.0
377.0
374.0
351.0
4452.0
5.0
3.0
4.0
3.0
7.0
2.0
9.0
3.0
288.0
1.0
3.0
1.0
2.0
19.0
1.0
1.0
17.0
1.0
3.0
4.0
2.0
2.0
75.0
3.0
1.0
40.0
91.0
24.0
9.0
19.0
20.0
31.0
13.0
31.0
1.0
2.0
10.0
743.0
8.0
46.0
44.0
1.0
1.0
14.0
3.0
17.0
3.0
513.0
1.0
14.0
268.0
1.0
3.0
3.0
3.0
1.0
1.0
1.0
3.0
58.0
2.0
19.0
1.0
1.0
20.0
19.0
1.0
3.0
3.0
1.0
28.0
2.0
335.0
4.0
4.0
2.0
2.0
3.0
1.0
2.0
2216.0
2.0
1.0
215.0
1.0
45.0
8.0
2.0
34.0
429.0
1.0
696.0
3.0
1.0
1.0
3.0
149.0
3.0
1604.0
7.0
4.0
6.0
3.0
5.0
2.0
1.0
1545.0
3.0
6.0
65.0
715.0
10.0
1.0
1.0
14.0
40.0
66.0
16.0
8.0
2.0
33.0
2.0
7.0
5095.0
1.0
2.0
3.0
1.0
3.0
1.0
4355.0
16.0
123.0
24.0
19.0
3.0
1.0
15.0
36.0
1.0
52.0
16.0
28.0
10450.0
3.0
1.0
103.0
5.0
1.0
9.0
611.0
1.0
3.0
2.0
1.0
11.0
289.0
1.0
55.0
1135.0
164.0
3.0
1.0
1.0
343.0
16.0
693.0
3.0
599.0
9.0
989.0
138.0
146.0
6.0
6.0
1.0
3.0
1.0
3.0
3.0
1.0
1.0
3.0
1.0
10.0
1179.0
1.0
1.0
678.0
668.0
486.0
2.0
2.0
4.0
2.0
2.0
35.0
1.0
65.0
21.0
8.0
3.0
36.0
1.0
1.0
1.0
34.0
3.0
6.0
3.0
100.0
4.0
4.0
1.0
90.0
1.0
543.0
3.0
3.0
1.0
1.0
3.0
16.0
374.0
2.0
1.0
38.0
1.0
1.0
3.0
4.0
29.0
8.0
13.0
1.0
3.0
1.0
7.0
4.0
1.0
3.0
2.0
2.0
3.0
196.0
3.0
76.0
3.0
351.0
3.0
2.0
36.0
4.0
8.0
1.0
53.0
1.0
1.0
2.0
5.0
336.0
34.0
1.0
17.0
3.0
1.0
2.0
3.0
2.0
109.0
1.0
64.0
1.0
86.0
293.0
11.0
37.0
1.0
3.0
1.0
1.0
4.0
1115.0
1.0
999.0
72.0
13.0
234.0
1.0
1.0
1.0
98.0
5.0
3.0
1.0
1.0
35.0
1.0
1.0
2.0
3.0
17.0
6.0
2.0
1.0
44.0
2.0
4.0
2.0
3.0
4.0
1769.0
1.0
3.0
2.0
1.0
3.0
2.0
3.0
17.0
1.0
1.0
1.0
5.0
105.0
7.0
10.0
4.0
105.0
3.0
2.0
1.0
16.0
9.0
1.0
16.0
3.0
56.0
33.0
6.0
1046.0
1.0
8.0
783.0
1.0
651.0
1.0
16.0
19.0
82.0
4.0
67.0
3.0
1.0
1.0
5.0
261.0
1.0
1.0
1.0
2.0
3.0
20.0
1.0
1.0
1.0
659.0
3.0
1286.0
1.0
3.0
1.0
5.0
750.0
2.0
4.0
2.0
13.0
1.0
2109.0
3.0
1.0
2.0
90.0
1.0
1.0
3.0
1352.0
2.0
1.0
288.0
1.0
51.0
75.0
11.0
10.0
5.0
1.0
1.0
1.0
9268.0
1.0
15.0
3.0
1.0
543.0
69.0
50.0
46.0
2.0
2.0
52.0
73.0
1.0
1.0
3.0
1.0
3.0
1.0
5.0
7.0
288.0
10.0
101.0
4.0
22.0
1.0
3.0
3.0
24.0
2.0
8.0
17.0
3.0
1.0
677.0
2.0
1.0
25.0
24.0
944.0
3.0
1.0
1.0
1882.0
103.0
3.0
13.0
318.0
3.0
4.0
4.0
3.0
7.0
19.0
7.0
3.0
299.0
18.0
8.0
3.0
1.0
5.0
12.0
5.0
29.0
9.0
3.0
1.0
2.0
481.0
4987.0
38.0
14385.0
3.0
1.0
65.0
16.0
614.0
1.0
1.0
1.0
9.0
960.0
3.0
3.0
1.0
1.0
1.0
19674.0
14.0
1.0
3.0
1.0
53.0
692.0
1.0
1.0
3.0
37.0
1.0
4.0
1.0
183.0
3.0
1.0
1.0
1130.0
1.0
351.0
3.0
14.0
2.0
7.0
26.0
1.0
15.0
779.0
25.0
1.0
785.0
1293.0
47.0
1.0
62.0
3.0
19.0
1263.0
3.0
11.0
3.0
1.0
2.0
1.0
1.0
1.0
2.0
1.0
2.0
6.0
1.0
28.0
5.0
2.0
1.0
59.0
1225.0
9.0
1.0
19.0
1.0
1.0
93.0
1.0
17.0
67.0
1475.0
10.0
24.0
34.0
3.0
1.0
438.0
172.0
10.0
13.0
3.0
2.0
10.0
70.0
1.0
2.0
1.0
1630.0
1.0
5.0
1.0
1.0
15.0
1.0
4.0
7.0
1.0
7.0
3.0
1.0
2.0
3.0
605.0
3.0
7.0
7.0
2.0
84.0
5.0
1.0
7.0
1.0
18.0
3.0
1.0
225.0
120.0
1.0
5.0
88.0
62.0
1255.0
1.0
2.0
4.0
1.0
2.0
1.0
1.0
4.0
1.0
1906.0
1.0
4351.0
13.0
4.0
1.0
70.0
1.0
4.0
3.0
1.0
6.0
3.0
9.0
11.0
5.0
35.0
1130.0
28.0
40.0
2.0
53.0
1.0
17.0
52.0
246.0
4.0
11617.0
2.0
3.0
1.0
2.0
20.0
1.0
1.0
2.0
82.0
1837.0
3.0
2.0
1.0
5.0
32.0
9.0
36.0
24.0
3.0
1.0
3.0
57.0
35.0
32.0
214.0
55.0
3.0
1.0
37.0
3.0
1.0
278.0
4.0
1.0
1.0
3.0
3.0
85.0
199.0
7.0
5.0
1.0
6402.0
1.0
3.0
1.0
289.0
1.0
3.0
2.0
1.0
13.0
4.0
225.0
112.0
230.0
3.0
15.0
1417.0
17.0
1.0
1.0
1.0
49.0
11.0
1.0
3.0
4.0
24.0
275.0
47.0
33.0
4.0
14.0
1.0
1.0
6.0
3.0
1.0
1.0
1.0
204.0
444.0
3.0
138.0
88.0
338.0
37.0
1.0
1.0
45.0
1.0
2.0
3.0
2.0
1.0
2.0
27.0
1692.0
19.0
1.0
576.0
3.0
672.0
4.0
2.0
321.0
2.0
2.0
70.0
2.0
1.0
1.0
404.0
3.0
9.0
311.0
1960.0
174.0
2.0
1.0
3.0
272.0
1.0
1.0
4.0
3.0
4.0
5.0
750.0
1.0
1.0
205.0
16.0
2.0
1.0
3.0
2.0
4.0
10.0
3.0
674.0
8.0
1.0
1.0
1.0
9.0
3.0
126.0
4.0
17.0
729.0
130.0
1.0
20.0
6021.0
87.0
24.0
193.0
583.0
3.0
3.0
133.0
1.0
2.0
7480.0
157.0
2.0
1.0
515.0
10.0
1.0
352.0
78.0
9.0
1.0
3.0
2.0
20.0
3.0
21.0
9.0
3.0
2.0
1.0
165.0
164.0
1.0
1.0
2130.0
2.0
24.0
144.0
3.0
5.0
400.0
4.0
5.0
1.0
1386.0
3.0
1018.0
2.0
351.0
1.0
157.0
3.0
3.0
8.0
19.0
4.0
76.0
14.0
198.0
151.0
1.0
6.0
1.0
1.0
5.0
9.0
3.0
1448.0
9.0
331.0
30.0
14.0
1.0
3.0
3.0
9.0
3.0
107.0
159.0
10.0
1.0
31.0
1.0
3.0
264.0
2.0
1.0
3.0
436.0
3.0
725.0
3.0
3.0
9.0
1089.0
1.0
112.0
66.0
3.0
54.0
4.0
84.0
30.0
1.0
6.0
17.0
1.0
2041.0
2.0
3.0
2.0
6.0
1.0
3.0
47.0
3.0
12.0
1.0
1.0
76.0
114.0
3.0
3.0
179.0
5.0
6.0
2.0
1648.0
2.0
3.0
11.0
4.0
7487.0
1.0
34.0
1.0
4.0
12.0
1.0
5.0
1.0
3.0
54.0
2.0
1.0
2.0
2.0
4.0
1.0
174.0
1.0
16519.0
10.0
3.0
3.0
1.0
2.0
74.0
1.0
11285.0
1.0
2.0
55.0
2.0
2.0
176.0
87.0
19.0
4.0
2.0
19.0
3.0
1.0
744.0
1.0
1.0
44.0
23.0
1.0
118.0
13.0
1.0
1.0
4.0
6.0
5.0
1.0
19.0
3.0
12.0
5.0
57.0
1.0
2.0
2.0
1498.0
2.0
1.0
1297.0
17.0
15.0
18.0
2.0
2.0
44.0
635.0
1.0
1.0
3.0
1.0
3.0
1.0
1.0
1.0
2.0
236.0
2.0
38.0
13.0
3.0
1.0
1.0
4.0
279.0
236.0
3.0
1.0
1.0
61.0
1.0
20.0
1.0
1.0
1.0
9.0
1.0
29.0
9.0
3.0
3.0
374.0
1.0
6.0
17.0
1.0
3.0
3.0
66.0
22.0
3.0
3.0
1432.0
13030.0
421.0
116.0
4788.0
1.0
6.0
2.0
3.0
3.0
1.0
10.0
138.0
1.0
7.0
55.0
1.0
3.0
3.0
1.0
3.0
1754.0
3.0
1.0
2599.0
5689.0
4.0
2.0
3.0
5.0
206.0
1.0
1.0
838.0
1431.0
5.0
34.0
1.0
2.0
40.0
135.0
9.0
36.0
3.0
1.0
1.0
531.0
9.0
181.0
5.0
246.0
8.0
1.0
10.0
1.0
4.0
193.0
37.0
1097.0
1.0
2.0
1.0
1.0
1.0
5.0
5.0
2.0
1.0
3655.0
3.0
2.0
19.0
379.0
3.0
3.0
3.0
2.0
20.0
3.0
153.0
3.0
3.0
6.0
1.0
172.0
3.0
452.0
12.0
19.0
7.0
6.0
166.0
5.0
46.0
3.0
288.0
145.0
9.0
57.0
38.0
87.0
4.0
1.0
2.0
29.0
1.0
21.0
4.0
3.0
3.0
1.0
1.0
2.0
1632.0
24.0
9.0
1.0
1.0
6.0
2.0
3.0
3.0
152.0
7.0
11.0
1692.0
37.0
64372.0
2.0
7.0
729.0
8.0
2.0
11.0
55.0
16.0
1.0
19.0
109.0
1.0
79.0
2.0
2.0
1.0
1.0
1.0
21.0
2.0
1.0
2.0
3.0
43.0
3.0
1.0
23.0
29.0
4.0
6.0
800.0
1357.0
4.0
1.0
1.0
2092.0
154.0
70.0
210.0
4.0
72.0
1.0
1.0
3.0
83.0
8.0
1635.0
2.0
1.0
1.0
1.0
3.0
47.0
2.0
8.0
140.0
7.0
4.0
3.0
1.0
4.0
3.0
3.0
102.0
2.0
33.0
1.0
3.0
3.0
3.0
8.0
24.0
1.0
1.0
323.0
14.0
20.0
1.0
5.0
1.0
1.0
3.0
1.0
1.0
24.0
1.0
34.0
243.0
352.0
50.0
4.0
9.0
1.0
1.0
56.0
63.0
2.0
6.0
113.0
9.0
13.0
3.0
2.0
59.0
36.0
11.0
1.0
64.0
693.0
426.0
3.0
10.0
117.0
2.0
25.0
4.0
1.0
7.0
1.0
7.0
18.0
1.0
8.0
5.0
11.0
1.0
13.0
370.0
2.0
8.0
871.0
246.0
1254.0
73.0
10.0
1.0
5.0
3.0
5.0
9.0
1.0
9.0
3.0
2.0
1221.0
3.0
7.0
76.0
13.0
198.0
16.0
1.0
157.0
2.0
1.0
3.0
1.0
1.0
62.0
8.0
1.0
16.0
76.0
1.0
59.0
1.0
3.0
3.0
2.0
135.0
19.0
145.0
1608.0
1.0
143.0
3.0
3.0
10.0
1162.0
13.0
2.0
4.0
3.0
55.0
1.0
1.0
11.0
2.0
84.0
2.0
153.0
1.0
253.0
3.0
3.0
2809.0
1.0
102.0
1.0
1.0
19.0
33.0
2.0
4.0
1.0
1.0
1.0
1.0
1.0
164.0
3.0
24.0
1159.0
1.0
601.0
10.0
2.0
1.0
94.0
9.0
2.0
1.0
1.0
1.0
6.0
15.0
1563.0
29.0
1.0
1.0
118.0
4.0
3.0
12.0
2.0
4.0
70.0
500.0
19.0
47583.0
20.0
8.0
421.0
24.0
249.0
3.0
2.0
107.0
2.0
4.0
3.0
1.0
24.0
4.0
1.0
1.0
3.0
140.0
1311.0
4.0
3.0
3.0
270.0
2058.0
9.0
2.0
143.0
2.0
4.0
20.0
5.0
1.0
2.0
217.0
1.0
3.0
1.0
19.0
3.0
3.0
3.0
8.0
87.0
2.0
8.0
17.0
113.0
7.0
1.0
2.0
4.0
136.0
8.0
4.0
5.0
22.0
2.0
1302.0
39.0
3.0
1.0
6.0
2.0
1.0
2.0
12.0
351.0
3.0
42.0
4.0
75.0
3.0
1.0
3.0
3.0
443.0
5.0
1.0
3.0
5.0
19.0
24.0
50.0
22.0
241.0
275.0
3.0
69.0
5.0
55.0
28.0
42.0
8.0
1.0
102.0
1.0
9.0
2.0
138.0
123.0
4.0
2170.0
1.0
1.0
639.0
3.0
4.0
12.0
58.0
11.0
2.0
6.0
8.0
1.0
22.0
4.0
2.0
1.0
4243.0
10757.0
1.0
151.0
4.0
76.0
4.0
9.0
3.0
1.0
1.0
5.0
727.0
1.0
1.0
4.0
43.0
16.0
1.0
3.0
1.0
114.0
1.0
1.0
1.0
3.0
3.0
16.0
3.0
1.0
24.0
1.0
29.0
2.0
1346.0
1018.0
5.0
1.0
1.0
1.0
2.0
60.0
245.0
354.0
2.0
1.0
3.0
1.0
351.0
2.0
1.0
12.0
3.0
30.0
1.0
1.0
1.0
1.0
2.0
2.0
5.0
81.0
313.0
18.0
121.0
62.0
2.0
3.0
292.0
1.0
313.0
57.0
1.0
3.0
1.0
2440.0
1.0
1.0
9.0
1.0
1.0
370.0
1.0
129.0
1.0
1.0
1.0
1.0
1.0
2.0
142.0
3.0
1.0
1.0
492.0
4.0
1.0
1.0
683.0
2.0
3.0
4.0
3.0
4.0
5.0
1.0
2244.0
3.0
3.0
1.0
3.0
124.0
136.0
1.0
7.0
509.0
2.0
124.0
3.0
25.0
26.0
1.0
3.0
12.0
220.0
33.0
9.0
8.0
37.0
1444.0
120.0
1.0
1.0
29.0
327.0
7.0
19.0
1.0
1.0
34.0
65.0
17.0
64.0
24.0
1.0
20.0
6.0
2.0
1.0
3.0
14.0
1.0
1.0
80.0
919.0
1.0
169.0
370.0
1.0
4.0
46.0
3.0
97.0
24.0
17.0
3.0
3.0
3.0
1118.0
1.0
9.0
1779.0
301.0
1.0
28.0
1.0
73.0
1130.0
1.0
1.0
2.0
1.0
1.0
9.0
1.0
1.0
1.0
2.0
2.0
20.0
31.0
1.0
3.0
3.0
58.0
3.0
1.0
2.0
1.0
1.0
18.0
3.0
3.0
156.0
1857.0
4870.0
1.0
3.0
3.0
5.0
282.0
1.0
9.0
1.0
427.0
2.0
75.0
4.0
28.0
35.0
1.0
31.0
1.0
1.0
16.0
15.0
1.0
1.0
1512.0
232.0
1.0
14.0
167.0
249.0
270.0
37.0
206.0
28.0
52.0
7.0
1.0
6.0
1.0
1.0
5.0
12.0
8.0
6.0
1536.0
7.0
415.0
2.0
1.0
81.0
20.0
1.0
4.0
3.0
1.0
3.0
3.0
1.0
3.0
7.0
92.0
5.0
683.0
4.0
3.0
76.0
1.0
10.0
2.0
4.0
18.0
8.0
9.0
39.0
8.0
7.0
1.0
961.0
1.0
3.0
1.0
2.0
3.0
149.0
4.0
10.0
9.0
1427.0
961.0
1.0
91.0
38.0
15.0
19.0
4.0
1.0
333.0
3.0
3.0
3.0
2.0
3.0
2.0
1.0
1.0
1.0
4.0
4.0
4.0
19.0
15.0
5.0
6.0
16528.0
4.0
54.0
6.0
2801.0
3.0
9.0
3.0
1.0
4.0
2.0
3.0
3.0
319.0
2.0
67.0
1.0
9.0
2.0
3.0
3510.0
232.0
5.0
2.0
3.0
5.0
1.0
3.0
9.0
57.0
5.0
6.0
2.0
1.0
5.0
3.0
361.0
2.0
338.0
6.0
2.0
5.0
2.0
1040.0
4.0
12.0
2.0
3.0
65.0
1.0
13.0
1.0
728.0
2.0
79.0
4.0
1.0
1.0
200.0
3.0
1.0
1082.0
4.0
82.0
3.0
11.0
3.0
1.0
5.0
30.0
1.0
1.0
9.0
11.0
14.0
705.0
3.0
11.0
2.0
2.0
1.0
3.0
1.0
565.0
727.0
3.0
4.0
795.0
129.0
1.0
3.0
8.0
446.0
1.0
1.0
1.0
1.0
20.0
1.0
19.0
211.0
1693.0
110.0
1.0
384.0
1.0
7.0
1.0
12.0
64.0
3.0
165.0
9.0
1.0
15619.0
3.0
583.0
65.0
356.0
82.0
81.0
23.0
8.0
1.0
1.0
394.0
2.0
118.0
1.0
1.0
8.0
81.0
22.0
27.0
172.0
1.0
1.0
8.0
43.0
10.0
46.0
3.0
3.0
596.0
5.0
30.0
282.0
1.0
13.0
7.0
5.0
1.0
1.0
1.0
1455.0
878.0
1.0
1.0
55.0
121.0
4.0
31.0
3.0
9.0
1.0
6.0
1.0
116.0
3.0
3.0
638.0
3.0
499.0
3.0
84.0
84.0
2.0
1.0
1898.0
374.0
3.0
2.0
9.0
906.0
1.0
11.0
1.0
3.0
1.0
1.0
7.0
269.0
12.0
1.0
1.0
6.0
8.0
1.0
3.0
5.0
1.0
3.0
2.0
8.0
1.0
2.0
2165.0
800.0
2.0
1.0
5.0
3.0
42.0
3.0
1.0
124.0
11.0
1.0
2.0
31.0
14.0
40.0
3.0
1.0
1.0
1.0
4.0
1.0
3.0
1.0
1.0
4.0
2.0
1.0
19.0
24.0
2859.0
2.0
1170.0
5.0
20.0
39.0
13.0
3.0
1.0
116.0
1.0
1.0
16.0
3.0
146.0
1.0
172.0
14.0
3.0
47.0
3.0
3.0
2.0
1.0
2.0
16.0
11.0
101.0
28.0
6362.0
1.0
3.0
2.0
3.0
1.0
92.0
11.0
3.0
24.0
40.0
1.0
22.0
2.0
696.0
2.0
1.0
1.0
3.0
115.0
3.0
1.0
2.0
2.0
132.0
9.0
1.0
37.0
504.0
3.0
2.0
1.0
3.0
351.0
1.0
3.0
4.0
12.0
7.0
4.0
36.0
1.0
12.0
1.0
1.0
1.0
104.0
311.0
3.0
1.0
4169.0
351.0
3.0
21.0
3.0
3.0
494.0
23.0
10.0
1610.0
3.0
4.0
1.0
3.0
3.0
853.0
102.0
2.0
2.0
46.0
3.0
351.0
1.0
1.0
3.0
2.0
31.0
351.0
1.0
3.0
3.0
10.0
67.0
3.0
3.0
2317.0
2.0
9.0
3.0
4799.0
4.0
2305.0
307.0
91.0
1.0
26.0
2.0
1.0
3.0
1.0
5.0
4.0
2.0
1.0
2.0
16.0
11.0
1.0
1.0
1.0
3.0
265.0
39.0
519.0
3.0
1.0
1.0
4.0
8.0
8.0
3.0
2.0
3.0
1.0
365.0
6.0
1.0
2.0
338.0
959.0
4.0
1.0
55.0
187.0
2.0
3.0
1.0
56.0
1527.0
12.0
2.0
697.0
9.0
23.0
24.0
1.0
228.0
886.0
23.0
4.0
11.0
4.0
9.0
3.0
3.0
1.0
25.0
15.0
61.0
1.0
3.0
1.0
8.0
1.0
9.0
1.0
3.0
366.0
2.0
35.0
1.0
7.0
3.0
18.0
388.0
2.0
4.0
242.0
8.0
2.0
19.0
1.0
180.0
9.0
1.0
3.0
6.0
2.0
3.0
1068.0
3.0
1.0
4.0
9.0
1.0
5.0
4.0
25.0
22.0
17.0
9.0
21.0
28.0
58.0
148.0
1.0
8.0
2.0
24.0
1.0
1.0
362.0
3.0
6.0
3.0
4.0
16.0
8.0
76.0
2.0
1.0
1.0
1.0
16.0
2.0
1.0
147.0
3.0
1.0
1.0
10.0
1.0
2.0
3.0
1.0
3.0
3.0
47.0
1041.0
3.0
3.0
1.0
3.0
109.0
6.0
109.0
2.0
4.0
5.0
550.0
2.0
8.0
3.0
512.0
1.0
1.0
3.0
3.0
409.0
2.0
1.0
14.0
351.0
34.0
47.0
8.0
17.0
2.0
422.0
6.0
5.0
1.0
6.0
23.0
1.0
9.0
3.0
1.0
4.0
2.0
6.0
6.0
1.0
3.0
64.0
3.0
351.0
3.0
8.0
1.0
10.0
1.0
93.0
1.0
1.0
1.0
3.0
1.0
1.0
3.0
74.0
409.0
3.0
3.0
1.0
1.0
2.0
3.0
165.0
1.0
9.0
184.0
2.0
3.0
5.0
1.0
1.0
2.0
67.0
95730.0
3.0
2.0
24.0
208.0
2391.0
3.0
6.0
1.0
1.0
2.0
835.0
3.0
4.0
150.0
1.0
3.0
102.0
1.0
13840.0
9.0
1.0
7.0
1.0
2.0
5.0
24.0
1.0
9.0
3.0
8.0
24.0
3.0
2.0
1.0
3.0
1.0
690.0
5.0
1.0
1.0
26.0
1.0
15.0
30.0
6.0
1.0
1.0
1.0
3156.0
1.0
5.0
3.0
3.0
18.0
1.0
1.0
48.0
3.0
9.0
3.0
73.0
1.0
1.0
37.0
5.0
9.0
51.0
2.0
1.0
31.0
213.0
82.0
293.0
3.0
8.0
232.0
157.0
580.0
4.0
1.0
994.0
2.0
5.0
2.0
3.0
2.0
1.0
3.0
1.0
2.0
278.0
1.0
4.0
39.0
1.0
3.0
1.0
12.0
6331.0
1.0
3.0
2.0
2.0
39.0
1.0
1.0
20.0
31.0
3.0
4.0
6.0
153.0
193.0
11.0
308.0
1.0
64.0
73.0
2.0
1.0
2.0
1.0
1.0
351.0
1.0
1.0
1.0
3.0
8.0
779.0
383.0
1.0
1.0
8.0
3.0
2.0
13.0
54.0
2.0
7.0
7.0
4.0
9.0
37.0
16.0
3.0
3.0
77.0
1.0
1.0
96.0
1.0
4.0
7.0
2.0
2.0
3.0
56.0
1.0
120.0
65.0
1.0
2.0
2.0
14.0
7.0
2.0
1.0
1.0
7.0
17.0
3.0
4.0
3.0
2.0
1.0
34.0
3.0
211.0
1334.0
1.0
1.0
4.0
355.0
1.0
2.0
1.0
8.0
25.0
3.0
8.0
3.0
3.0
3.0
1.0
8.0
2.0
27.0
3355.0
3.0
1.0
1137.0
3.0
1.0
1.0
196.0
1.0
12.0
53.0
10.0
1.0
1.0
232.0
150.0
3.0
22.0
2.0
14.0
1.0
6.0
1.0
1.0
1.0
10.0
4.0
3.0
231.0
57.0
1.0
2.0
3.0
8.0
2.0
3.0
1.0
22.0
2.0
8.0
14.0
12.0
3.0
1.0
3.0
3.0
4.0
11.0
1.0
1.0
3.0
339.0
21.0
37.0
1.0
1.0
1.0
1.0
1.0
1.0
21.0
1.0
2.0
2.0
28.0
983.0
1.0
7.0
1.0
56.0
22.0
1.0
4.0
19.0
72.0
45.0
1.0
759.0
1.0
3.0
1.0
24.0
1.0
4.0
1.0
55.0
1170.0
1.0
264.0
1.0
2.0
1.0
191.0
8.0
168.0
2.0
36.0
1.0
64.0
2.0
1.0
17.0
2.0
1.0
4.0
30.0
13.0
2.0
5149.0
8.0
68.0
1.0
22.0
1.0
3.0
95.0
66.0
1.0
3.0
3.0
30.0
1385.0
3.0
1.0
1.0
164.0
4.0
1.0
9.0
4.0
1.0
1.0
15.0
9.0
18.0
3.0
17.0
1.0
641.0
4.0
138.0
1047.0
3.0
2.0
8.0
7.0
5.0
532.0
1.0
696.0
1.0
1.0
3.0
10.0
3.0
2.0
3.0
3.0
351.0
78.0
8.0
272.0
1.0
1.0
1.0
1.0
177.0
8.0
1.0
20.0
3.0
2.0
48.0
1.0
3567.0
23.0
3491.0
1.0
2.0
63.0
3.0
3.0
1.0
2.0
3.0
3.0
1.0
87.0
1.0
64.0
2.0
1.0
3.0
32.0
4.0
2.0
8.0
3.0
4.0
1.0
2.0
6.0
4.0
79.0
8.0
1.0
4.0
220.0
7.0
1307.0
2855.0
1.0
4.0
11.0
3337.0
17.0
3.0
5.0
286.0
3.0
24.0
3.0
8.0
1.0
6.0
14.0
932.0
1.0
2.0
1.0
1054.0
50.0
6.0
4.0
3.0
361.0
3.0
2.0
4.0
282.0
1.0
3.0
3.0
1.0
100.0
1.0
2.0
22.0
2.0
1.0
1994.0
2.0
1.0
38.0
4.0
1.0
69.0
1.0
5.0
2224.0
85.0
6.0
11.0
409.0
3.0
3.0
626.0
2.0
1.0
1.0
1167.0
948.0
2.0
248.0
3.0
13.0
1.0
3.0
4.0
2.0
5.0
65.0
3.0
1.0
616.0
7.0
30.0
1116.0
1.0
3.0
17.0
10.0
1.0
3519.0
51.0
2.0
3.0
50.0
93.0
14.0
9.0
5.0
3.0
3.0
51.0
3.0
2.0
3.0
942.0
102.0
11.0
5.0
7.0
1.0
24.0
74.0
3.0
1.0
3.0
3.0
2.0
40.0
2.0
3.0
7.0
1.0
1.0
12.0
3.0
3.0
255.0
3.0
9.0
2.0
58.0
1.0
1.0
2.0
1373.0
6.0
3.0
1.0
1382.0
1.0
2.0
1.0
1.0
2.0
2.0
6.0
1.0
3.0
1.0
141.0
188.0
200.0
296.0
3.0
1.0
175.0
80.0
1162.0
198.0
36.0
12.0
3.0
2001.0
2.0
750.0
6.0
1.0
1.0
3.0
2.0
886.0
3.0
3.0
5.0
1.0
12.0
62.0
1.0
2.0
137.0
3.0
2.0
19.0
863.0
19.0
1.0
3.0
1.0
1.0
397.0
5.0
1.0
3309.0
6.0
1.0
1.0
3.0
1587.0
638.0
8.0
1.0
24.0
116.0
5.0
1.0
8.0
21.0
209.0
4.0
3.0
2.0
14.0
494.0
821.0
17.0
1.0
242.0
154.0
1.0
2.0
3.0
2.0
3.0
524.0
870.0
93.0
2.0
1.0
3.0
1.0
1.0
3.0
3.0
1.0
20.0
1.0
235.0
1.0
230.0
3.0
1.0
3.0
392.0
3.0
17.0
5.0
3.0
34.0
3.0
1.0
1.0
2.0
3.0
1.0
78.0
1.0
1.0
12.0
2.0
2.0
3.0
1.0
1.0
4.0
1.0
19.0
1.0
1.0
10.0
2.0
199.0
3.0
1.0
2.0
17.0
2.0
278.0
3.0
1.0
1.0
282.0
2.0
1.0
1.0
1899.0
1.0
61.0
3.0
1503.0
10.0
9.0
8.0
297.0
591.0
3.0
2.0
1.0
1.0
2.0
17.0
1.0
5.0
139.0
849.0
35264.0
2.0
61.0
3.0
2.0
8.0
259.0
2.0
1018.0
2373.0
1.0
24.0
3.0
1.0
2.0
1.0
3.0
294.0
3.0
7.0
61.0
3.0
2.0
2.0
6.0
3.0
1.0
1.0
1.0
1.0
1.0
15.0
1.0
1.0
1018.0
2.0
1.0
2.0
95.0
3.0
2.0
1.0
2.0
10.0
14.0
4.0
11.0
36.0
6.0
3.0
3.0
1.0
4.0
9.0
288.0
3757.0
4.0
24.0
1.0
3.0
55.0
55.0
1.0
1064.0
14.0
115.0
2.0
2.0
480.0
2.0
144.0
1.0
1.0
1.0
1.0
12.0
1.0
1.0
1.0
106.0
4.0
1.0
14.0
889.0
3.0
1.0
5.0
674.0
1.0
7.0
2.0
1.0
650.0
18.0
1131.0
1.0
1.0
3.0
1.0
9.0
6.0
1.0
1.0
95.0
27.0
3.0
1.0
18.0
2.0
1.0
3.0
1.0
1.0
3.0
3.0
1743.0
7.0
5.0
1.0
1.0
266.0
2.0
1.0
3.0
4.0
3.0
3.0
3.0
396.0
3.0
66.0
1.0
3.0
43.0
2.0
3.0
1988.0
19.0
96.0
1.0
3.0
447.0
120.0
1.0
370.0
2.0
3.0
28.0
1.0
7.0
19.0
289.0
2.0
3.0
961.0
194.0
5.0
320.0
15.0
648.0
30.0
668.0
15.0
2.0
1.0
222.0
22.0
4.0
2.0
24.0
1.0
2.0
20.0
1751.0
3.0
3.0
9.0
19.0
358.0
838.0
1.0
1.0
369.0
3.0
17.0
3.0
2.0
4.0
54.0
345.0
2.0
2.0
2.0
1.0
1.0
1.0
20.0
23.0
3.0
1.0
1.0
4810.0
4.0
152.0
5.0
1.0
18.0
1.0
4.0
18.0
14385.0
8.0
3.0
1.0
22.0
4.0
5.0
1.0
2.0
2.0
1.0
1.0
1.0
83.0
3.0
1301.0
13.0
7.0
51.0
1.0
1.0
3.0
1.0
5.0
1.0
3.0
288.0
1007.0
1.0
32.0
1.0
354.0
90.0
39.0
417.0
1.0
3.0
6.0
49.0
2.0
3.0
3.0
3.0
814.0
62.0
1.0
117.0
3.0
1.0
351.0
20.0
1.0
42.0
732.0
1.0
3.0
42.0
3.0
827.0
1199.0
2.0
1.0
1.0
3.0
3.0
1.0
2.0
1.0
2.0
1763.0
3.0
2.0
3.0
4.0
15890.0
4.0
124.0
5.0
1.0
7.0
3.0
1.0
4.0
1402.0
1.0
2684.0
845.0
2051.0
1.0
1.0
1.0
2.0
1.0
3.0
3.0
108.0
66421.0
10.0
1669.0
1.0
1.0
6.0
3.0
1.0
566.0
3.0
1.0
3.0
4.0
9.0
28.0
1.0
24.0
20.0
82.0
1.0
3.0
449.0
2.0
3.0
24.0
1068.0
3.0
2.0
3.0
17.0
4.0
20.0
1053.0
24.0
2.0
1036.0
1.0
6.0
1.0
2.0
298.0
16.0
15.0
1.0
2441.0
1.0
5.0
42.0
30.0
23.0
35.0
48.0
1.0
1.0
7.0
2.0
3.0
12.0
1.0
2.0
4.0
2.0
33.0
1.0
12.0
2.0
19.0
1466.0
1.0
13.0
2.0
3.0
3.0
1.0
3.0
10.0
52.0
2.0
870.0
1.0
409.0
3.0
5.0
421.0
2.0
2.0
88.0
3.0
2.0
4.0
3.0
178.0
3.0
1.0
1.0
1.0
1.0
328.0
2.0
1.0
1.0
1.0
1.0
1050.0
2.0
19.0
2.0
1.0
1.0
1.0
1927.0
4.0
313.0
1.0
1.0
1.0
1645.0
3.0
1.0
41.0
6.0
58.0
1.0
1.0
4.0
2.0
1833.0
49.0
1.0
4.0
1.0
254.0
1.0
3.0
3205.0
983.0
2.0
1.0
1.0
421.0
3.0
1.0
30.0
6.0
3.0
66.0
6.0
1.0
1.0
590.0
1.0
17.0
1.0
1.0
1.0
1.0
181.0
2.0
3.0
9.0
3.0
1.0
2.0
3.0
3.0
444.0
2.0
1.0
5.0
1.0
3.0
1.0
1.0
3.0
3.0
18.0
17.0
52.0
147.0
1.0
2.0
2.0
267.0
3.0
741.0
5.0
1.0
6.0
338.0
10.0
1.0
3.0
14.0
24.0
14.0
225.0
2.0
5.0
17.0
102.0
127.0
1008.0
2.0
1.0
804.0
2.0
1.0
374.0
40.0
9.0
1.0
3.0
1.0
153.0
685.0
3.0
1.0
1.0
156.0
2.0
5.0
9.0
5.0
6.0
1.0
1.0
22269.0
130.0
1.0
19.0
1.0
67.0
182.0
109.0
1.0
286.0
2.0
148.0
16.0
1.0
2.0
1.0
1.0
1449.0
2.0
29.0
2.0
178.0
56.0
508.0
1.0
1.0
1.0
4.0
2.0
2.0
1.0
2.0
3.0
2.0
1225.0
4.0
3.0
1.0
55.0
4.0
1.0
17.0
1.0
390.0
1.0
8.0
1147.0
3.0
6.0
7.0
3.0
1.0
1.0
1.0
1.0
3.0
1.0
697.0
121.0
3.0
363.0
8.0
2.0
1.0
1.0
11.0
9065.0
5.0
24.0
522.0
7.0
4.0
1631.0
764.0
65.0
123.0
2.0
1.0
1.0
3.0
10002.0
2.0
9.0
2.0
1.0
1.0
5.0
3.0
3.0
1.0
129.0
23.0
65.0
1.0
2.0
36.0
14.0
6.0
3.0
56.0
2.0
21.0
9.0
3.0
72.0
126.0
2.0
3.0
2.0
4.0
13.0
6.0
3.0
979.0
1.0
288.0
2.0
14.0
12.0
16.0
3.0
5.0
3.0
1.0
5.0
15.0
17.0
742.0
49.0
3.0
6.0
21.0
1.0
1.0
705.0
3.0
1.0
440.0
78.0
1.0
4.0
11.0
3.0
846.0
781.0
3.0
147.0
5.0
3.0
2.0
1797.0
7.0
50.0
7.0
7.0
1117.0
73.0
18.0
31.0
1.0
3.0
4.0
1467.0
10.0
1.0
3.0
932.0
4.0
3.0
5.0
7.0
4.0
491.0
5.0
2.0
1.0
21.0
1.0
2.0
4.0
1667.0
1.0
3.0
19.0
3.0
2.0
1.0
19.0
145.0
11549.0
63.0
543.0
6.0
1.0
40.0
782.0
1.0
1.0
4.0
19.0
7.0
2.0
3.0
705.0
1.0
4.0
470.0
59.0
47.0
3.0
1.0
1.0
4.0
1.0
18.0
51.0
1348.0
5.0
2.0
1.0
1.0
169.0
1.0
102.0
86.0
135.0
1468.0
977.0
83.0
106.0
7.0
2.0
2.0
1.0
839.0
3.0
3.0
11.0
7.0
4.0
15.0
1.0
21.0
1.0
1.0
2.0
2.0
47.0
5.0
1.0
1.0
174.0
1.0
338.0
75.0
119.0
3.0
4.0
460.0
36.0
1.0
1482.0
3.0
2.0
1.0
1.0
35.0
6204.0
2.0
578.0
1.0
1.0
7.0
2.0
12.0
3.0
3.0
1.0
32.0
4.0
19.0
24.0
1.0
714.0
1210.0
3.0
35.0
45.0
4.0
443.0
51.0
3014.0
1.0
1.0
19.0
1.0
1.0
302.0
20.0
18.0
3.0
5.0
246.0
3.0
23.0
12.0
7.0
371.0
3.0
704.0
281.0
3.0
24.0
7.0
3.0
66.0
439.0
3.0
3.0
43.0
648.0
1.0
3.0
3.0
3.0
3.0
52.0
1.0
2.0
10.0
2.0
1.0
1.0
7.0
8.0
1.0
27.0
1.0
3.0
10.0
1.0
1.0
2.0
8.0
2.0
2.0
1.0
3.0
1.0
4.0
1.0
342.0
1.0
3.0
1.0
2.0
3.0
1.0
3.0
111.0
204.0
2.0
3.0
875.0
1.0
15.0
7.0
95.0
6.0
284.0
2.0
1.0
4.0
1.0
421.0
13.0
1.0
84.0
198.0
5.0
2.0
3.0
2.0
2.0
1.0
5.0
3.0
3.0
39.0
3.0
11.0
1.0
2.0
427.0
1.0
2.0
3.0
370.0
7.0
3.0
1.0
1.0
98.0
4.0
1.0
1.0
1.0
1097.0
174.0
1.0
22.0
31.0
8.0
3.0
3.0
1.0
1.0
66127.0
109.0
74.0
338.0
3.0
3.0
1.0
1.0
151.0
2.0
8.0
1477.0
9.0
3.0
498.0
1.0
2.0
145.0
1.0
1.0
4.0
264.0
1.0
10.0
7.0
1.0
200.0
2.0
109.0
1.0
708.0
331.0
22.0
1.0
1.0
2.0
1.0
82.0
1.0
194.0
459.0
4.0
3.0
436.0
3.0
943.0
5.0
40.0
1.0
12.0
102.0
1799.0
6.0
62.0
1.0
3.0
30.0
15.0
1.0
1.0
6.0
3.0
2.0
1.0
4.0
36271.0
1.0
3.0
5.0
240.0
912.0
2.0
4.0
13635.0
351.0
9.0
2076.0
1.0
3.0
257.0
9.0
392.0
12.0
3.0
1.0
11.0
6.0
10.0
426.0
374.0
2.0
337.0
3.0
127.0
1.0
13.0
29.0
18.0
4.0
319.0
65.0
20.0
2.0
53.0
2.0
3.0
1.0
1.0
1.0
2.0
4015.0
1.0
2.0
1.0
1.0
1.0
7.0
29.0
13.0
124.0
1.0
1.0
1.0
1.0
1.0
1.0
1.0
1.0
100.0
1.0
1.0
23.0
1.0
417.0
2.0
3.0
3.0
1.0
19.0
3.0
48.0
5.0
3.0
28.0
5.0
2.0
105.0
3.0
1.0
1.0
1.0
5.0
6.0
5.0
3.0
2.0
63.0
1.0
181.0
1.0
3.0
12.0
2.0
6.0
31.0
177.0
3.0
3.0
203.0
3.0
49.0
315.0
10.0
2.0
3.0
3.0
54.0
3.0
222.0
3.0
2.0
1.0
3.0
2.0
1.0
48.0
9.0
26.0
1.0
1.0
1406.0
1.0
1.0
3.0
232.0
1.0
7.0
3.0
3.0
5.0
9.0
1.0
66.0
172.0
34.0
66.0
5.0
1.0
483.0
1.0
13.0
9.0
1.0
1.0
8.0
3.0
1.0
1.0
3.0
549.0
1.0
1.0
13.0
5.0
2.0
28.0
1.0
1.0
8.0
182.0
10.0
1.0
3.0
28.0
3.0
1.0
3.0
1.0
24.0
3.0
1.0
1.0
2.0
1.0
2.0
15.0
130.0
1.0
300.0
5.0
4.0
10.0
2.0
1.0
36.0
4.0
5.0
444.0
1.0
4992.0
8.0
1.0
4.0
2.0
1.0
152.0
2.0
1.0
3.0
2.0
102.0
3.0
66.0
81.0
1.0
3.0
1.0
3.0
4.0
2.0
1.0
3.0
14.0
8.0
1.0
6.0
7.0
4.0
2.0
5.0
8.0
3178.0
13.0
1.0
167.0
1.0
8.0
3.0
4445.0
9.0
3.0
2.0
41.0
11.0
7.0
19.0
2.0
1.0
58.0
7.0
4.0
2.0
3.0
5.0
3.0
3.0
218.0
1.0
1.0
66.0
1.0
1.0
70.0
2.0
1.0
154.0
1.0
1225.0
8.0
86.0
1.0
64.0
1517.0
4.0
10.0
3.0
9.0
3.0
11.0
3.0
7.0
3.0
1.0
1.0
11.0
2.0
27.0
3.0
114.0
3.0
2.0
3.0
3.0
3.0
2.0
108.0
2.0
9.0
1.0
336.0
2.0
51.0
2.0
4783.0
123.0
54.0
38.0
2.0
5.0
7.0
1.0
2.0
10.0
3.0
44.0
20.0
1.0
10.0
3513.0
1.0
70.0
1.0
5.0
3.0
1.0
3.0
14.0
1.0
3.0
1.0
10.0
23.0
25.0
10.0
2.0
262.0
8.0
314.0
800.0
9.0
408.0
2.0
1.0
2.0
1.0
369.0
11.0
1626.0
3.0
915.0
3.0
17.0
6.0
5.0
36.0
1.0
5.0
1.0
58.0
2593.0
787.0
3.0
5.0
70.0
19.0
3.0
960.0
1.0
39.0
3.0
1.0
12.0
3.0
1.0
119.0
520.0
47.0
8.0
3.0
2.0
2.0
1.0
20.0
101.0
1.0
6.0
1.0
1.0
3.0
59.0
1.0
284.0
3.0
3.0
23.0
1.0
1606.0
130.0
1.0
116.0
20.0
521.0
1.0
13.0
4.0
342.0
1.0
650.0
46.0
1.0
1.0
9.0
1.0
14.0
1.0
1.0
3.0
1153.0
1.0
9.0
1.0
4.0
3.0
388.0
2.0
641.0
1.0
3.0
1.0
1.0
1.0
13.0
75.0
1.0
1.0
3.0
3.0
3.0
3.0
2.0
1.0
2.0
3.0
306.0
726.0
1.0
3.0
1.0
168.0
503.0
255.0
2.0
3.0
9.0
107.0
5.0
6.0
21.0
60.0
119.0
2.0
4.0
1.0
1.0
2.0
2.0
278.0
105.0
1.0
288.0
85.0
1.0
3.0
1.0
1.0
1.0
5.0
423.0
3.0
3.0
3.0
9.0
1.0
557.0
1.0
1.0
34.0
269.0
3.0
5.0
2.0
3.0
1.0
2.0
2.0
4.0
1.0
12.0
23.0
1.0
1.0
150.0
3.0
3.0
3.0
23.0
27.0
350.0
1.0
18.0
3.0
1.0
1.0
1067.0
22.0
653.0
1.0
10.0
3.0
3.0
1.0
9.0
96.0
2.0
4.0
3.0
1.0
2.0
1.0
1.0
126.0
1.0
1.0
2853.0
18.0
301.0
436.0
2.0
1.0
1.0
2.0
1.0
125.0
1.0
1.0
3.0
52.0
3.0
473.0
1.0
307.0
3.0
1076.0
2.0
96.0
1.0
3.0
520.0
3.0
2.0
1.0
2.0
24.0
822.0
8.0
3.0
87.0
5.0
6.0
3.0
19.0
5.0
1.0
4.0
542.0
4648.0
7.0
1.0
1622.0
3.0
6.0
6.0
1.0
1.0
1.0
1888.0
1.0
7.0
1.0
11.0
2.0
19.0
9.0
1.0
1.0
16528.0
1.0
1.0
1.0
31.0
24.0
4.0
609.0
338.0
1.0
1.0
3.0
1.0
4.0
3.0
6.0
4.0
1.0
1.0
27.0
1.0
24.0
1.0
1.0
42.0
3.0
46.0
4.0
2.0
1.0
2.0
2.0
658.0
4.0
3.0
4.0
3.0
2.0
71.0
1.0
1510.0
43.0
1.0
3.0
2.0
5.0
1.0
21.0
2.0
313.0
1.0
6.0
3.0
2.0
3.0
5.0
8.0
3.0
3.0
336.0
1466.0
2.0
3.0
76.0
3.0
4.0
1.0
129.0
664.0
1383.0
3.0
94.0
5.0
1.0
19.0
3.0
1.0
2895.0
1.0
1.0
1.0
1042.0
3.0
4.0
7.0
5.0
3.0
1018.0
1.0
7.0
1.0
1.0
2.0
351.0
3.0
831.0
486.0
1.0
2.0
2.0
3.0
149.0
1.0
9.0
1.0
3.0
3.0
1.0
1.0
1.0
23.0
3.0
3.0
1130.0
10.0
123.0
324.0
1.0
1097.0
9.0
9.0
106.0
2.0
4.0
3.0
4.0
6.0
3.0
82.0
2.0
12.0
1.0
1.0
16.0
72.0
22.0
71.0
1.0
3.0
1.0
3.0
356.0
431.0
56.0
19.0
2.0
1.0
1.0
331.0
1.0
1.0
1.0
10.0
1.0
1.0
24.0
40.0
1.0
1.0
263.0
8.0
5.0
193.0
8.0
17.0
39.0
3.0
3.0
157.0
1.0
1.0
3.0
197.0
2503.0
76.0
11.0
33.0
3.0
1.0
358.0
4925.0
18.0
9.0
10.0
1.0
28.0
3.0
3.0
3.0
3.0
14.0
1.0
66.0
3.0
5.0
13.0
5.0
1.0
377.0
150.0
1.0
7.0
10002.0
11.0
1.0
1.0
17.0
6.0
1.0
351.0
3.0
1.0
1.0
1.0
6.0
1.0
1.0
18.0
3.0
1.0
1.0
27.0
1.0
7.0
68.0
3.0
1018.0
1.0
102.0
511.0
1.0
5.0
52.0
3.0
235.0
12.0
2.0
1.0
2.0
1.0
1.0
1.0
1.0
1318.0
45.0
1.0
4.0
58.0
4.0
8.0
6584.0
424.0
9.0
14385.0
5.0
1.0
114.0
3.0
713.0
3.0
3.0
1.0
1.0
1.0
19.0
508.0
3.0
3.0
2.0
24.0
500.0
1.0
5.0
1.0
635.0
4.0
3.0
1.0
6.0
2.0
3.0
1.0
6.0
50.0
4.0
3.0
1.0
4.0
11.0
3.0
3.0
3.0
3.0
3.0
32.0
5.0
861.0
3580.0
8.0
8.0
823.0
3.0
2.0
1.0
2.0
56.0
1.0
57.0
2.0
74.0
1.0
3.0
102.0
449.0
2.0
1.0
210.0
359.0
1.0
1.0
115.0
11.0
1.0
49.0
15.0
1859.0
675.0
1.0
2.0
3.0
193.0
1.0
3.0
3.0
1.0
1.0
21.0
1.0
1.0
3.0
1.0
1.0
351.0
73.0
5.0
167.0
3.0
3.0
19.0
3.0
3.0
3.0
3.0
2.0
116.0
687.0
575.0
1.0
3.0
2.0
10.0
9.0
6.0
1.0
1.0
15.0
96.0
1.0
9.0
2.0
5.0
3.0
5.0
16.0
3.0
4.0
1490.0
4.0
5.0
2.0
17.0
2.0
1.0
38.0
7.0
3.0
2.0
1.0
626.0
3.0
1.0
2.0
1.0
2816.0
1.0
992.0
4.0
1.0
1617.0
5.0
1.0
2.0
4937.0
7.0
13983.0
3884.0
13927.0
14.0
2027.0
1.0
1.0
29.0
32.0
3.0
1.0
7.0
1594.0
614.0
3.0
4.0
1.0
7.0
1.0
19.0
1.0
1.0
66.0
1.0
1.0
2.0
1.0
2.0
5.0
2.0
117.0
8.0
311.0
5.0
7.0
6543.0
1441.0
370.0
3.0
131.0
1.0
553.0
1.0
886.0
602.0
3.0
1.0
1.0
17.0
13.0
3.0
41.0
8.0
2.0
3.0
1.0
1.0
2459.0
1.0
7.0
10.0
1.0
1.0
1.0
1.0
24.0
3.0
9.0
15.0
4.0
3.0
1.0
2.0
2.0
1.0
1178.0
1.0
1734.0
1.0
3.0
17.0
8.0
4.0
4.0
22.0
8.0
2.0
884.0
3.0
8.0
4.0
1.0
1.0
33.0
3.0
421.0
1.0
1.0
63.0
5.0
1.0
96.0
1.0
1.0
28.0
1.0
12.0
4.0
24.0
3.0
3.0
1.0
8.0
45.0
3.0
9.0
18.0
4.0
2.0
311.0
3.0
2.0
87.0
6.0
7.0
2.0
2.0
3.0
120.0
12.0
3.0
3.0
2.0
3.0
1.0
104.0
25.0
1.0
1.0
3.0
4.0
2.0
3.0
1.0
6.0
1.0
3.0
732.0
1.0
1.0
124.0
96.0
24.0
118.0
10.0
1.0
2.0
977.0
23.0
2624.0
9.0
3.0
98.0
1.0
1.0
1.0
3.0
58.0
66.0
4.0
3.0
6.0
2.0
271.0
1.0
158.0
42.0
17.0
1.0
1.0
1.0
3.0
1.0
152.0
1.0
1.0
1.0
1.0
2.0
38.0
185.0
15.0
62.0
3.0
1.0
6.0
3.0
38.0
5.0
1.0
243.0
19.0
9.0
49.0
3.0
1.0
14.0
1.0
1.0
1.0
86.0
72.0
101.0
3.0
7.0
64.0
20.0
5.0
709.0
75.0
1.0
10.0
4.0
425.0
12.0
4.0
11.0
121.0
1.0
2.0
69.0
4.0
1.0
1.0
6.0
2.0
4.0
1.0
6.0
7.0
102.0
1.0
1.0
3.0
3.0
10.0
1.0
1.0
8.0
1.0
1.0
102.0
3.0
1.0
1.0
266.0
7.0
2.0
3.0
1.0
1.0
13.0
4.0
1147.0
9.0
23.0
1.0
235.0
478.0
6.0
3.0
3.0
1.0
70.0
1.0
1.0
1.0
1.0
4.0
273.0
1018.0
1078.0
1.0
4.0
2.0
11.0
1.0
753.0
5.0
1467.0
4.0
1457.0
5.0
11.0
1.0
1.0
4738.0
67.0
1.0
1.0
2.0
1.0
255.0
13.0
2.0
158.0
1.0
1.0
1.0
6.0
10.0
6.0
1.0
4.0
1.0
1.0
5.0
1.0
28.0
3.0
4.0
3.0
5.0
3.0
3.0
8.0
8.0
2.0
2.0
24.0
9.0
3.0
11.0
3.0
1.0
3.0
5.0
1.0
8.0
4.0
1.0
3.0
1.0
169.0
3.0
1.0
3.0
199.0
1894.0
2.0
18.0
1.0
1.0
8.0
1.0
2.0
10.0
1238.0
3.0
3.0
116.0
113.0
19.0
1.0
19.0
12.0
1.0
1.0
3.0
5.0
1.0
1.0
1.0
11.0
1289.0
187.0
1.0
351.0
797.0
1.0
1.0
8.0
4.0
1518.0
7.0
1.0
576.0
18.0
14.0
1.0
2.0
346.0
10.0
36.0
3.0
2.0
7.0
12.0
1.0
4.0
2.0
274.0
34.0
2.0
101.0
3.0
1790.0
203.0
3.0
52.0
2.0
596.0
1.0
9.0
1.0
4.0
1.0
1.0
16.0
3.0
2014.0
14.0
2.0
1.0
9.0
7.0
1.0
120.0
36.0
21.0
1.0
1.0
2.0
1.0
1828.0
452.0
2.0
2990.0
91.0
2.0
2.0
4.0
19.0
2.0
338.0
1229.0
261.0
351.0
986.0
1.0
77.0
9.0
4.0
3.0
148.0
3.0
18.0
1564.0
21.0
18.0
1.0
30.0
3.0
313.0
19.0
1.0
2.0
4.0
24.0
476.0
2.0
34.0
19.0
5.0
1.0
7.0
2.0
24.0
3.0
3.0
30.0
130.0
6.0
1.0
1.0
1.0
1.0
29.0
3.0
19.0
1.0
1.0
1.0
1.0
3.0
1.0
3.0
1.0
7.0
1.0
1.0
4.0
13.0
7.0
425.0
4.0
1.0
19.0
1.0
18.0
2.0
2.0
48.0
3.0
463.0
88.0
47.0
711.0
2.0
3.0
1.0
222.0
117.0
2.0
4.0
118.0
3.0
4.0
3.0
102.0
3361.0
2.0
1.0
2.0
903.0
62.0
4.0
1.0
8.0
30.0
4.0
1.0
1.0
2.0
1.0
1.0
3.0
4.0
1.0
1.0
11.0
1.0
3.0
2.0
147.0
5.0
121.0
1.0
4.0
34.0
87.0
1.0
145.0
3.0
1.0
2.0
3.0
1.0
344.0
6.0
2.0
1.0
1.0
677.0
1262.0
1.0
164.0
76.0
2.0
3.0
43.0
2.0
1497.0
1.0
9.0
351.0
3.0
2.0
586.0
90.0
1.0
53.0
1.0
65.0
1.0
4.0
2.0
7.0
59.0
1.0
576.0
24.0
13.0
4.0
1.0
4.0
5.0
18.0
2.0
1.0
4.0
1.0
105.0
1.0
8.0
1.0
1043.0
1.0
1018.0
2.0
3.0
1.0
1.0
12.0
1.0
6.0
720.0
4.0
5.0
13.0
3.0
10.0
110.0
4.0
2.0
1.0
13.0
13.0
1.0
663.0
1117.0
8.0
1.0
10.0
445.0
3.0
42.0
2.0
4.0
2.0
5.0
84.0
3.0
313.0
404.0
86.0
1.0
1.0
6.0
148.0
3.0
5.0
3.0
124.0
5.0
1.0
41.0
2.0
284.0
3.0
5.0
1.0
3.0
9.0
3.0
3.0
1.0
1.0
3.0
313.0
498.0
1.0
1.0
1.0
23.0
1.0
7.0
1.0
1151.0
1.0
126.0
9.0
3.0
106.0
523.0
2.0
1.0
4.0
2.0
363.0
1.0
51.0
5.0
1.0
3322.0
1.0
1.0
339.0
683.0
3.0
1.0
416.0
1.0
2.0
3.0
48.0
1.0
9.0
34.0
1.0
2.0
119.0
2.0
120.0
9.0
2.0
1.0
5.0
50.0
19.0
4.0
12.0
65.0
1487.0
83.0
5.0
1.0
1.0
1.0
40.0
38.0
351.0
1.0
14.0
96.0
3.0
136.0
2.0
4.0
1.0
3387.0
55.0
2.0
338.0
1557.0
27.0
1.0
674.0
1.0
3.0
130.0
1.0
3.0
3.0
2.0
1.0
2.0
3.0
2.0
1.0
2.0
1.0
2.0
176.0
1.0
156.0
1.0
4.0
2.0
5.0
3.0
1.0
7.0
2.0
5.0
2.0
118.0
1.0
2.0
232.0
1.0
1441.0
1.0
2.0
1.0
13.0
777.0
250.0
696.0
1.0
9.0
55.0
3.0
3.0
1.0
2.0
1.0
2.0
1.0
12.0
1.0
1.0
22.0
3.0
3.0
1.0
7.0
1.0
1.0
19.0
6.0
771.0
1.0
13.0
214.0
3.0
4.0
3.0
8.0
1220.0
13.0
35.0
3.0
5.0
3.0
2.0
161.0
288.0
2014.0
1.0
1.0
4.0
57.0
2.0
14.0
3.0
3.0
5.0
2.0
166.0
3.0
1.0
3.0
1.0
722.0
55.0
3.0
1.0
5.0
1.0
55.0
2.0
1117.0
340.0
4.0
3.0
1.0
2.0
4.0
361.0
1.0
5.0
102.0
1.0
1.0
4.0
1.0
3.0
36.0
4.0
45.0
2.0
1.0
172.0
1.0
4.0
243.0
1.0
2.0
1.0
415.0
43.0
2.0
1.0
5.0
3.0
1.0
1.0
7.0
1.0
1.0
1.0
2.0
1708.0
11074.0
2.0
24.0
2.0
1.0
404.0
557.0
46.0
1798.0
1.0
12.0
3.0
1.0
1.0
1.0
449.0
5.0
1426.0
2.0
14.0
39.0
1.0
1.0
99.0
1.0
8.0
2.0
19.0
4.0
3.0
1.0
7.0
1.0
1.0
3.0
1.0
1.0
5.0
2.0
3.0
134.0
33.0
91.0
2.0
1.0
8.0
4.0
117.0
3.0
10.0
6.0
1.0
2.0
1.0
4.0
1.0
11.0
1.0
67.0
2.0
2.0
4.0
373.0
1.0
1.0
2000.0
47.0
6.0
3.0
1.0
2.0
3.0
2.0
3.0
1.0
33.0
16.0
1.0
3.0
25.0
8.0
15.0
8.0
2.0
41.0
32.0
75.0
41.0
1163.0
1.0
18.0
62.0
2.0
1.0
2569.0
1.0
1.0
3.0
4.0
1037.0
2.0
1.0
11.0
187.0
3.0
1.0
1282.0
2.0
1.0
7.0
4.0
1.0
4.0
1.0
2.0
3.0
717.0
3811.0
14385.0
1.0
1.0
1.0
1.0
71.0
4.0
29.0
1.0
122.0
2.0
2.0
1.0
1.0
157.0
3.0
1.0
8.0
3.0
2.0
2.0
1.0
52.0
4.0
2.0
3.0
1.0
20.0
32.0
29.0
62.0
2.0
68.0
24.0
5.0
17.0
3491.0
2.0
1.0
3.0
45.0
36.0
1.0
732.0
31.0
2.0
1.0
779.0
3.0
4.0
764.0
1.0
4.0
1.0
1.0
35.0
24.0
503.0
4.0
1.0
1.0
1.0
6.0
1349.0
2.0
1.0
7.0
1.0
26.0
9.0
4.0
226.0
1.0
1.0
4.0
6.0
1.0
16.0
1.0
1.0
22.0
4.0
1.0
486.0
1.0
93.0
206.0
176.0
15.0
434.0
351.0
279.0
6.0
1.0
369.0
10.0
4.0
3.0
3.0
5.0
3.0
9.0
1.0
1.0
344.0
3.0
4.0
7.0
6.0
16.0
3.0
1587.0
282.0
19.0
36.0
3574.0
34.0
4.0
5.0
1029.0
3.0
232.0
59.0
3.0
10.0
7.0
141.0
1.0
2.0
6.0
74.0
9.0
192.0
59.0
1078.0
12.0
9.0
2.0
325.0
1.0
1.0
21.0
1.0
17.0
87.0
1.0
1642.0
1061.0
351.0
1.0
2.0
12.0
4.0
143.0
11.0
3.0
3.0
6.0
3.0
1.0
4.0
3.0
2.0
2.0
902.0
516.0
2.0
1.0
7.0
3.0
2.0
1.0
3.0
4.0
424.0
2.0
3.0
1.0
19.0
3.0
2.0
295.0
2.0
1.0
3.0
53.0
2.0
3.0
1.0
3.0
152.0
3.0
2.0
1.0
102.0
636.0
22.0
4.0
3.0
30.0
4452.0
1.0
2.0
4.0
3.0
3.0
6.0
329.0
2.0
292.0
3.0
229.0
3.0
3.0
2.0
1.0
2.0
1535.0
2.0
5.0
1.0
3.0
2.0
2.0
15.0
8.0
1.0
122.0
2420.0
3.0
19.0
2.0
17.0
30.0
13.0
1110.0
2.0
1.0
19.0
77.0
3.0
1.0
212.0
1.0
3.0
117.0
4.0
3.0
3091.0
3.0
180.0
8.0
50.0
1.0
256.0
1.0
15.0
1.0
158.0
4.0
3.0
12.0
1.0
47.0
3.0
450.0
11.0
1.0
179.0
9.0
1.0
30.0
1.0
2.0
187.0
1.0
3.0
313.0
51.0
8.0
1.0
1700.0
1.0
6.0
3.0
3.0
2673.0
3.0
3.0
4.0
893.0
14.0
69.0
202.0
9.0
218.0
3.0
1.0
3.0
1.0
1.0
3.0
3.0
3.0
1.0
105.0
1.0
6.0
2.0
19.0
11.0
1184.0
2.0
3.0
11.0
1.0
1075.0
16.0
17.0
1.0
270.0
3002.0
387.0
5.0
3.0
4.0
1.0
19.0
2.0
116.0
1.0
40.0
2119.0
70.0
3.0
311.0
176.0
30.0
1448.0
14.0
89.0
2.0
3.0
598.0
19.0
9.0
638.0
1314.0
2.0
65.0
1.0
2.0
2.0
1.0
8.0
110.0
3.0
3.0
2.0
20.0
8.0
15.0
1.0
1.0
3.0
67.0
19.0
1.0
8.0
1.0
1.0
6.0
87.0
22.0
678.0
2.0
1.0
1.0
20.0
17.0
1.0
3.0
7.0
8.0
17.0
3.0
5.0
4.0
10.0
1785.0
1.0
5.0
351.0
1221.0
25.0
3.0
2.0
277.0
3.0
8.0
3.0
961.0
124.0
1.0
48.0
10.0
5955.0
36.0
3.0
4.0
14.0
18.0
41.0
4119.0
2.0
1.0
2.0
8.0
1.0
128.0
1502.0
40.0
1.0
3.0
1.0
628.0
8.0
44.0
2.0
1.0
1.0
16.0
5.0
1.0
1.0
1.0
1.0
1.0
7759.0
1.0
294.0
685.0
7.0
1.0
4.0
1.0
1.0
3.0
3.0
137.0
3.0
4.0
1.0
3.0
5.0
20.0
13.0
2.0
1.0
1.0
19.0
2856.0
8.0
1.0
320.0
17.0
24.0
1.0
22.0
217.0
351.0
5.0
140.0
1.0
2.0
1.0
656.0
3.0
157.0
6.0
1.0
3.0
457.0
3.0
3.0
9.0
2.0
1.0
1.0
1.0
3.0
2.0
4.0
1.0
310.0
17.0
1.0
1.0
1.0
1.0
1.0
6.0
1.0
2.0
1.0
3.0
19.0
31.0
681.0
3.0
334.0
8.0
23.0
2.0
542.0
3.0
3.0
5.0
3.0
443.0
1.0
6.0
2.0
1.0
9.0
1686.0
3.0
14402.0
18.0
21.0
90.0
1.0
1.0
1.0
190.0
7.0
49.0
316.0
9.0
4.0
1786.0
1.0
3.0
1.0
72.0
475.0
1.0
3.0
1.0
6.0
1.0
1.0
4.0
12.0
3.0
1.0
3.0
789.0
2.0
1.0
34.0
50.0
3.0
1.0
3.0
1.0
1.0
3.0
1.0
171.0
3.0
2.0
19.0
509.0
33.0
214.0
163.0
1.0
1.0
78.0
9.0
3.0
1.0
1.0
8.0
524.0
11.0
31.0
1.0
313.0
5.0
3.0
1.0
1.0
3.0
8.0
4.0
1.0
7.0
186.0
7.0
1.0
8.0
96.0
1.0
3.0
41.0
23.0
2.0
1.0
356.0
3342.0
1.0
1.0
1.0
2.0
1.0
20.0
3.0
3.0
1.0
1.0
1.0
9.0
3.0
1.0
1.0
1.0
3.0
2.0
2.0
11.0
4.0
5.0
338.0
803.0
3.0
2.0
1.0
1.0
1.0
79.0
1.0
26.0
1.0
2678.0
11.0
3000.0
3.0
1.0
3.0
3.0
292.0
3.0
18.0
3271.0
152.0
4.0
2.0
3.0
3.0
2.0
1.0
162.0
9.0
2.0
3.0
1.0
4.0
24.0
10.0
134.0
1.0
28.0
4.0
32.0
17.0
1.0
36.0
1.0
1.0
14.0
1.0
91.0
1.0
1.0
2.0
36.0
130.0
30.0
3.0
5.0
3.0
1.0
19.0
4.0
1.0
2820.0
5.0
50.0
8.0
1.0
1.0
6.0
56.0
1.0
19.0
2.0
4.0
3.0
1.0
1.0
2.0
2.0
1.0
1.0
3.0
13.0
1.0
17.0
8.0
1.0
61.0
1735.0
4.0
1.0
3.0
1.0
10.0
1.0
16.0
183.0
1.0
1.0
5.0
5.0
1.0
264.0
211.0
66.0
152.0
1.0
6.0
20.0
596.0
3.0
2.0
30.0
36.0
4.0
1.0
17.0
2.0
50.0
3.0
63.0
4.0
4.0
9.0
2.0
1.0
214.0
1.0
76.0
149.0
2.0
6.0
7.0
17.0
1.0
6.0
1.0
313.0
8.0
1.0
1.0
14.0
887.0
3.0
18.0
1005.0
1.0
10.0
374.0
1.0
1.0
78.0
10.0
14854.0
3.0
63.0
10.0
145.0
399.0
17.0
1.0
85.0
4452.0
2.0
11.0
9.0
6.0
44.0
1.0
20.0
143.0
1.0
1.0
3.0
136.0
1423.0
299.0
17.0
3.0
7.0
1.0
1.0
2.0
3.0
3.0
19.0
30.0
14.0
12.0
13.0
79.0
3.0
1.0
108.0
17.0
5.0
7.0
1.0
1580.0
43.0
1.0
1.0
389.0
83.0
694.0
13.0
3.0
1.0
19.0
2.0
152.0
1.0
715.0
8189.0
7.0
10.0
4.0
3.0
3.0
1722.0
1.0
4.0
1.0
1.0
3.0
95.0
1.0
8.0
6.0
369.0
80.0
1.0
1.0
847.0
1.0
24.0
3.0
371.0
4.0
2.0
44.0
1.0
11.0
2198.0
6.0
58.0
3.0
120.0
89.0
1.0
1.0
5.0
3.0
1.0
441.0
993.0
3.0
14.0
2.0
133.0
1.0
19.0
8.0
3.0
611.0
7.0
6.0
1.0
1.0
3.0
18.0
1.0
1333.0
5.0
3.0
1801.0
1.0
3.0
1.0
2.0
27.0
129.0
18.0
241.0
404.0
84.0
6.0
47.0
1.0
1.0
1.0
696.0
3.0
191.0
1.0
3.0
1.0
89.0
2.0
51.0
100.0
1.0
29.0
8.0
3.0
67.0
18.0
473.0
1.0
15.0
78.0
1.0
458.0
4.0
5.0
3.0
12.0
3.0
1.0
1.0
1.0
35.0
4.0
1.0
10.0
4.0
6.0
1.0
17.0
3.0
1.0
46.0
2.0
3.0
3.0
1.0
12.0
1.0
1085.0
30.0
5992.0
19.0
2.0
1.0
2.0
2.0
1018.0
1.0
5.0
1.0
151.0
22.0
5.0
11.0
102.0
207.0
2.0
5.0
324.0
6.0
3.0
1012.0
24.0
46.0
302.0
3.0
6.0
1.0
4.0
1.0
20.0
5185.0
57.0
41.0
1.0
53.0
3.0
1.0
12.0
50.0
1.0
34.0
1.0
4.0
1.0
120.0
746.0
109.0
3.0
1.0
1.0
19.0
1.0
4109.0
2.0
3.0
21.0
565.0
2.0
9.0
2.0
1.0
1.0
6.0
4.0
129.0
3.0
1406.0
3.0
43.0
69.0
2.0
1.0
1.0
24.0
15.0
8.0
2.0
45.0
3.0
19.0
351.0
4.0
146.0
2.0
9.0
4.0
41.0
83.0
2.0
3.0
839.0
2.0
74.0
3.0
3.0
249.0
17.0
1.0
17.0
1.0
555.0
2.0
1.0
2.0
282.0
2.0
88.0
3.0
1.0
91.0
2.0
213.0
1.0
1.0
519.0
5.0
5.0
1.0
21.0
9.0
1488.0
3.0
63.0
24.0
12.0
8.0
1.0
1.0
3.0
3.0
9.0
8.0
2.0
392.0
1.0
741.0
7.0
1.0
113.0
283.0
4.0
3.0
1.0
1.0
3.0
1509.0
15.0
1.0
2.0
62.0
1.0
24.0
91.0
116.0
9.0
1.0
1.0
2.0
4.0
1.0
24.0
28.0
8.0
1.0
980.0
1.0
1.0
3.0
1.0
3.0
15.0
92.0
1.0
2.0
266.0
99.0
1.0
1.0
8.0
1.0
5.0
9.0
77.0
285.0
130.0
411.0
1.0
3.0
3.0
9.0
1.0
3.0
1.0
5527.0
2.0
16536.0
4.0
21.0
1.0
965.0
3.0
861.0
3.0
1.0
344.0
45.0
44.0
3.0
4.0
3.0
4.0
1.0
1.0
100.0
1.0
1.0
4.0
282.0
2.0
160.0
9.0
351.0
17.0
1.0
253.0
16.0
4.0
650.0
22.0
1.0
1.0
88.0
1.0
11.0
1.0
8.0
11.0
6072.0
4.0
1.0
1.0
447.0
1.0
1.0
2.0
2.0
3.0
23.0
141.0
32.0
4.0
8.0
35.0
36.0
27.0
3.0
1.0
2886.0
52.0
7.0
17.0
3.0
2.0
7.0
1.0
2.0
1.0
55.0
1.0
3.0
4.0
5.0
2.0
779.0
1.0
13.0
2.0
5033.0
46.0
3.0
1.0
3.0
47.0
22.0
3.0
1133.0
1.0
1020.0
2.0
2.0
3193.0
4.0
2.0
73.0
3.0
3.0
2.0
2.0
1.0
5.0
3.0
10.0
134.0
9.0
17.0
5.0
1.0
2.0
2.0
4.0
18.0
3.0
24.0
54.0
3.0
5.0
238.0
3.0
8.0
1.0
965.0
13840.0
1.0
124.0
2.0
367.0
1.0
4.0
7.0
2.0
5.0
1.0
1.0
5.0
16.0
4.0
1.0
209.0
3.0
2.0
9.0
5.0
1.0
3.0
5.0
5.0
1.0
1.0
1.0
3.0
457.0
1.0
3.0
3.0
2.0
3.0
1.0
1.0
3.0
570.0
282.0
21.0
1.0
1.0
3.0
4.0
3.0
3.0
1.0
3.0
3.0
2.0
1.0
1.0
1.0
1.0
1.0
2.0
7.0
292.0
2.0
15.0
16.0
4.0
3.0
4.0
3.0
1.0
20.0
3.0
6.0
46.0
1.0
2.0
7.0
14.0
2.0
10.0
146.0
5428.0
132.0
3.0
4.0
3.0
1.0
96.0
3.0
5.0
41.0
763.0
4.0
11.0
17.0
1.0
2497.0
3.0
116.0
1.0
2.0
19.0
313.0
2687.0
10.0
1.0
3.0
282.0
1.0
2.0
1.0
4.0
2.0
1.0
10.0
5946.0
1.0
318.0
4.0
276.0
1.0
1.0
75.0
1.0
1.0
1.0
1.0
3.0
13.0
1.0
4.0
1.0
44.0
1.0
3.0
3.0
2.0
354.0
318.0
1.0
2.0
2.0
19.0
128.0
50.0
1.0
1.0
2.0
3.0
3.0
1.0
77.0
3768.0
19.0
186.0
17.0
31.0
23.0
4.0
8686.0
266.0
9.0
3.0
278.0
90.0
3.0
1899.0
24.0
3.0
55.0
3.0
1.0
44.0
11.0
19.0
696.0
34.0
15.0
20.0
1.0
2.0
4.0
4.0
1.0
574.0
13.0
25.0
748.0
14.0
3.0
2.0
1660.0
7.0
21.0
48.0
1.0
353.0
2.0
1.0
22.0
23.0
778.0
96.0
1.0
10.0
5267.0
14.0
611.0
2.0
3.0
6.0
49.0
2.0
1.0
3.0
3.0
1.0
43.0
3.0
157.0
2.0
3.0
779.0
1.0
1.0
353.0
36.0
3.0
1.0
2.0
3.0
1.0
3.0
148.0
3.0
119.0
2.0
11.0
1.0
274.0
3.0
4.0
129.0
1.0
31.0
31.0
615.0
159.0
7.0
8.0
2.0
1.0
288.0
1.0
30.0
1.0
2.0
1.0
1.0
112.0
3.0
2.0
13.0
1.0
2.0
1.0
74.0
3.0
2.0
122.0
30.0
1.0
51.0
4.0
12.0
1.0
10.0
1.0
2.0
1.0
3.0
445.0
30.0
5.0
3.0
1.0
3.0
7.0
1.0
1.0
2559.0
5434.0
1.0
19.0
169.0
1.0
1.0
1.0
2.0
9.0
13.0
36.0
88.0
8.0
4.0
60.0
1.0
102.0
163.0
2.0
1.0
4890.0
19.0
1.0
54.0
4.0
5.0
1.0
16.0
5.0
103.0
1.0
114.0
12.0
1.0
4.0
3.0
3.0
2.0
3.0
251.0
50.0
676.0
31.0
2.0
95.0
24.0
5.0
1.0
7.0
3.0
1.0
1.0
18.0
9.0
1.0
1.0
1.0
292.0
6.0
2.0
1273.0
6.0
3.0
1.0
3.0
1.0
13.0
4.0
3.0
599.0
961.0
7.0
22.0
1.0
1.0
554.0
1838.0
24.0
445.0
341.0
1.0
6.0
19.0
193.0
34.0
838.0
1.0
1.0
9.0
3.0
26.0
7.0
1.0
444.0
1.0
19.0
39.0
5.0
1320.0
2.0
2.0
2.0
4.0
1.0
9.0
3.0
3.0
1.0
101573.0
5.0
1.0
1.0
4.0
10.0
5.0
13.0
3.0
149.0
5.0
1512.0
9.0
9.0
525.0
578.0
24.0
1482.0
84.0
3.0
73.0
3.0
3.0
5.0
2.0
1.0
4.0
4.0
2.0
2.0
2.0
239.0
6167.0
3.0
1827.0
444.0
14006.0
19.0
1.0
2.0
3.0
176.0
4.0
32.0
95.0
278.0
1.0
3.0
172.0
1.0
3.0
3.0
3.0
1.0
6.0
3.0
25.0
3.0
557.0
1.0
1.0
27.0
129.0
3.0
2.0
114.0
3.0
3.0
1.0
683.0
232.0
2.0
784.0
698.0
4.0
8.0
11.0
3.0
85.0
5.0
19.0
50.0
401.0
67.0
3.0
9.0
1.0
14.0
1.0
3.0
36.0
4.0
4.0
3.0
69.0
23.0
126.0
1.0
26.0
4.0
1.0
3352.0
1263.0
1.0
2.0
1.0
10.0
7.0
3.0
1.0
1.0
233.0
2.0
3.0
15.0
213.0
123.0
1919.0
664.0
4.0
47.0
1.0
37.0
1.0
69.0
617.0
52.0
54.0
3.0
1755.0
3.0
6.0
834.0
4.0
4.0
2.0
1.0
1.0
2.0
1.0
5.0
310.0
1.0
8.0
139.0
3.0
3.0
2.0
1.0
115.0
5.0
4.0
3.0
1.0
6.0
7152.0
414.0
2.0
3.0
160.0
24.0
5.0
2.0
3.0
1.0
37.0
10.0
247.0
1.0
6.0
1054.0
9.0
3.0
3.0
1167.0
3.0
6.0
5.0
611.0
22.0
1.0
1747.0
3.0
3.0
18.0
2.0
39.0
1.0
1428.0
1.0
3.0
516.0
1.0
3.0
1.0
1.0
7.0
2.0
1.0
226.0
254.0
1.0
1.0
1.0
3394.0
2259.0
1.0
7.0
1.0
3.0
1.0
4.0
8.0
3.0
1.0
1552.0
3.0
4.0
3.0
3.0
500.0
1.0
79.0
52.0
1.0
3.0
338.0
121.0
10.0
5.0
5.0
1.0
506.0
3.0
1.0
119.0
14.0
18.0
7.0
5.0
23.0
7.0
1.0
2.0
10.0
122.0
1.0
1.0
20.0
1.0
3.0
1.0
2.0
1.0
580.0
399.0
23.0
2.0
2.0
1.0
2.0
123.0
2.0
2.0
1.0
8.0
842.0
188.0
233.0
240.0
3.0
198.0
189.0
1.0
3.0
2.0
28.0
2.0
1.0
20.0
36.0
2290.0
3.0
5.0
3.0
1.0
1.0
67.0
22.0
3.0
5.0
30.0
14.0
37.0
7.0
3.0
5.0
149.0
1.0
61.0
65.0
3.0
89.0
36.0
8.0
24.0
8.0
1.0
2.0
3.0
40.0
1.0
3096.0
1221.0
3.0
15.0
565.0
3.0
534.0
37.0
66.0
1.0
10010.0
14385.0
1.0
2.0
6.0
7.0
1.0
7.0
3.0
6.0
3.0
1.0
74.0
537.0
1.0
3.0
2.0
35.0
1.0
8.0
1.0
2.0
3.0
1.0
4.0
14.0
3.0
1.0
5.0
282.0
685.0
5.0
115.0
5.0
1.0
1.0
1.0
295.0
2.0
166.0
2.0
1.0
1.0
1.0
696.0
2.0
596.0
1.0
35.0
3.0
604.0
89.0
3.0
3.0
9.0
300.0
1.0
7.0
7.0
7.0
182.0
1.0
3.0
1.0
1071.0
3.0
1.0
70.0
3.0
227.0
3.0
189.0
9.0
5.0
1.0
27.0
8.0
39.0
39.0
2.0
1.0
10.0
11.0
103.0
1.0
935.0
2.0
1.0
74.0
1.0
2.0
1.0
1229.0
1.0
3.0
16.0
3.0
3.0
2.0
509.0
9.0
1.0
3.0
66.0
5.0
436.0
1.0
1.0
2.0
1.0
213.0
1.0
3.0
14.0
5.0
278.0
75.0
309.0
1.0
3.0
17.0
3.0
1.0
1.0
87.0
1.0
2.0
3.0
3.0
2.0
971.0
1.0
2.0
1.0
2.0
2082.0
1.0
3.0
2.0
10.0
1.0
3.0
7766.0
1.0
2.0
9.0
818.0
2.0
1.0
7.0
1.0
23.0
109.0
3.0
1530.0
1.0
13.0
1.0
1.0
1.0
4.0
1.0
4.0
7.0
1.0
1.0
1.0
3.0
2166.0
20.0
4.0
57.0
9.0
1.0
25.0
6.0
1.0
3.0
3.0
1.0
1.0
1.0
1.0
82.0
1.0
1.0
2.0
3.0
1.0
8.0
4.0
5.0
73.0
1.0
2.0
70.0
2.0
24.0
1405.0
54.0
1.0
1.0
542.0
1.0
8.0
2.0
1.0
337.0
4.0
1921.0
433.0
434.0
3.0
187.0
7.0
33.0
342.0
5.0
11.0
112.0
1.0
739.0
1.0
73.0
1.0
150.0
3.0
1.0
73.0
1.0
214.0
3.0
1.0
23.0
614.0
2.0
3.0
14.0
377.0
4.0
1.0
4.0
1.0
943.0
1.0
3.0
47.0
1.0
52.0
1018.0
2.0
12.0
1.0
1.0
1.0
64.0
1.0
1.0
3.0
1.0
196.0
14.0
14.0
1.0
8.0
2.0
2.0
434.0
26.0
3.0
4.0
3.0
1.0
10.0
64.0
23.0
1.0
593.0
3.0
13.0
1.0
3.0
16.0
3.0
98.0
1396.0
10.0
1.0
10.0
67.0
4.0
2.0
7.0
2.0
1.0
3553.0
8.0
76.0
118.0
10.0
4.0
578.0
4.0
3.0
3.0
8.0
3.0
23.0
1.0
2.0
1.0
2.0
1.0
63.0
1.0
3.0
7.0
6.0
8.0
24.0
2.0
5.0
889.0
4.0
134.0
2.0
1.0
4.0
126.0
8.0
157.0
1.0
351.0
3.0
26.0
908.0
48.0
1.0
5.0
73.0
1.0
2.0
8.0
3.0
75.0
2.0
7119.0
25.0
1.0
834.0
4.0
1120.0
2146.0
460.0
1.0
1.0
596.0
2.0
13.0
3.0
3.0
3.0
6.0
1.0
15.0
65.0
374.0
2.0
3.0
2.0
4.0
87.0
4022.0
9.0
9.0
1.0
4.0
170.0
282.0
1.0
7.0
3.0
7.0
1.0
3.0
4.0
6.0
2.0
107.0
81.0
256.0
1392.0
3.0
13309.0
1.0
446.0
1.0
3.0
1.0
5.0
3.0
3.0
1.0
8.0
1.0
498.0
22.0
3.0
3.0
1735.0
67.0
1005.0
1.0
1.0
682.0
29.0
1.0
4.0
1.0
3.0
6.0
1.0
13.0
338.0
36.0
2.0
24.0
9.0
13.0
3.0
1.0
456.0
14.0
1.0
2.0
9.0
1.0
727.0
39.0
4.0
2.0
401.0
1.0
36.0
14.0
56.0
3.0
23.0
3.0
9.0
969.0
2.0
1271.0
2.0
3.0
338.0
6.0
2.0
73.0
1.0
4.0
218.0
4.0
9.0
1.0
2.0
3.0
3.0
3.0
1.0
2.0
19.0
6.0
1.0
1.0
17.0
779.0
67.0
961.0
228.0
943.0
3.0
66.0
1888.0
1153.0
5.0
4.0
1376.0
2.0
74.0
2.0
5.0
3.0
8.0
46.0
2.0
1.0
1.0
2.0
905.0
12.0
3.0
1.0
2.0
3.0
1016.0
158.0
300.0
451.0
1.0
49.0
3.0
3.0
2.0
2.0
1.0
1.0
19.0
13.0
2.0
9.0
16.0
1.0
102.0
12.0
1.0
3.0
1.0
7.0
123.0
1.0
23.0
50.0
3.0
1.0
3.0
15.0
1.0
2.0
24.0
8.0
8.0
3.0
2.0
1.0
1183.0
102.0
1.0
1.0
2.0
1.0
12.0
1.0
3.0
1018.0
3.0
4.0
2.0
3.0
3.0
16.0
3.0
9.0
1.0
9.0
428.0
2.0
3.0
132.0
53.0
1.0
3.0
3.0
10.0
51.0
6.0
1.0
4.0
5.0
1.0
1.0
1699.0
4.0
1075.0
24.0
20.0
2.0
1.0
6.0
1.0
1.0
3.0
951.0
13.0
3.0
4.0
3.0
2.0
24.0
2.0
1071.0
18.0
2.0
1.0
2.0
3.0
1069.0
1.0
1.0
19.0
3.0
8.0
1.0
1.0
12.0
2.0
1.0
7.0
3.0
1.0
11.0
842.0
7.0
1.0
1112.0
1117.0
7.0
221.0
2.0
1169.0
1.0
5.0
1.0
2.0
1.0
3.0
5.0
2.0
1.0
1.0
1.0
1.0
3.0
23.0
16.0
3.0
1.0
182.0
1.0
1.0
58.0
13.0
1.0
10.0
2.0
5.0
3.0
11.0
1.0
78.0
2.0
3.0
32.0
65.0
1.0
65.0
47.0
24.0
10.0
1.0
4.0
115.0
6.0
1.0
3.0
1.0
1.0
76.0
1.0
24.0
3.0
12.0
1.0
1.0
7.0
5.0
3.0
1.0
2.0
1.0
3.0
9.0
1.0
3.0
5.0
9.0
2.0
2.0
23.0
19.0
29.0
2.0
478.0
1.0
717.0
11.0
1.0
9.0
1.0
21.0
961.0
2.0
4.0
1.0
8.0
28885.0
2.0
1.0
1.0
2.0
2.0
1.0
1.0
475.0
2.0
3.0
178.0
2.0
5.0
4008.0
30.0
1.0
3.0
2104.0
3.0
69.0
1.0
3603.0
1018.0
36.0
279.0
1.0
410.0
870.0
1.0
10.0
853.0
2.0
19.0
234.0
1.0
12.0
1.0
1.0
4.0
1.0
3708.0
3.0
2.0
14.0
3.0
16.0
999.0
576.0
4.0
1.0
8.0
3.0
4.0
102.0
4.0
68.0
3.0
3.0
12.0
961.0
27.0
3.0
7.0
3.0
6.0
4.0
5.0
3.0
74.0
1.0
38.0
102.0
4.0
3.0
9.0
384.0
1.0
1.0
1.0
2.0
10.0
1505.0
426.0
1.0
3.0
2.0
3.0
1.0
213.0
1.0
1.0
23.0
1.0
87.0
59.0
2752.0
1.0
4.0
1.0
19.0
6849.0
1.0
162.0
1.0
11.0
13.0
288.0
367.0
2.0
2.0
9.0
20.0
1.0
23.0
55.0
2.0
5.0
3.0
3.0
3.0
122.0
9358.0
44.0
1.0
3.0
2.0
637.0
1.0
24.0
60.0
2.0
2.0
320.0
14.0
72.0
1.0
131.0
1031.0
5.0
1.0
1.0
35.0
596.0
3.0
3.0
1140.0
4.0
3.0
3.0
2.0
8.0
1.0
1.0
4.0
961.0
19.0
2.0
344.0
1.0
3.0
30.0
837.0
66.0
4161.0
6.0
3.0
2550.0
8.0
8.0
1.0
3.0
16.0
2.0
7.0
3.0
1.0
2.0
1.0
84.0
638.0
130.0
1.0
4.0
551.0
1.0
9.0
1705.0
24.0
1.0
130.0
4.0
8.0
2.0
3.0
1.0
500.0
52.0
3614.0
1.0
56.0
4.0
840.0
21.0
22.0
10.0
21.0
4.0
14.0
1.0
3.0
9.0
105.0
2.0
1.0
650.0
3.0
66.0
17.0
23.0
1.0
3.0
3.0
71.0
1.0
150.0
1.0
3.0
1.0
1.0
1.0
291.0
75.0
1.0
3.0
2.0
244.0
150.0
3.0
27.0
126.0
3.0
1561.0
36.0
3.0
119.0
1.0
33.0
3.0
3.0
8.0
553.0
48.0
696.0
3.0
72.0
12.0
295.0
1058.0
4354.0
2235.0
45.0
72.0
2.0
3.0
3.0
1.0
3.0
8.0
136.0
21.0
19.0
3.0
1.0
4.0
1.0
11.0
1018.0
270.0
55.0
1.0
407.0
3.0
8.0
3.0
38.0
216.0
3.0
7.0
76.0
23.0
14.0
31.0
175.0
36.0
5.0
8.0
5050.0
1.0
1.0
35.0
1.0
55.0
778.0
3.0
1.0
1.0
1.0
112.0
5.0
61.0
2.0
287.0
2.0
1.0
7.0
2.0
4.0
5.0
9.0
2.0
1.0
2.0
19.0
3.0
4.0
43.0
79.0
78.0
2.0
7.0
1.0
1.0
1.0
1.0
27.0
22.0
3054.0
814.0
3.0
103.0
1.0
1.0
3.0
2.0
7629.0
2.0
4.0
2.0
400.0
1.0
2.0
1.0
1.0
7.0
1.0
3.0
1.0
18.0
8.0
1.0
2.0
3.0
1.0
1.0
3.0
3.0
5.0
73.0
4.0
509.0
24.0
310.0
1.0
1.0
834.0
7.0
2.0
16.0
178.0
1.0
4.0
6376.0
1.0
8.0
1.0
5.0
3.0
3.0
21.0
47.0
24.0
1.0
1.0
1.0
148.0
3.0
55.0
2.0
1.0
3.0
24.0
2.0
345.0
4.0
1.0
1.0
2.0
38.0
2.0
3.0
5.0
1.0
1.0
3.0
55.0
1.0
3.0
8.0
7.0
2.0
2.0
524.0
7.0
1.0
2.0
3.0
3.0
2.0
6.0
3.0
2.0
1.0
2.0
95.0
1.0
1.0
6.0
1.0
4.0
2.0
3.0
3.0
1.0
981.0
3972.0
1.0
2.0
9.0
2.0
2.0
5.0
370.0
1.0
51.0
21.0
81.0
1.0
3.0
1.0
8.0
51.0
9.0
7.0
3.0
84.0
15.0
3.0
329.0
5.0
1.0
4.0
1.0
3.0
2012.0
288.0
2.0
1.0
1.0
2.0
6.0
373.0
1.0
1.0
2.0
4.0
1644.0
4.0
3.0
5.0
107.0
2.0
1.0
3.0
6.0
1358.0
3.0
9.0
65.0
6.0
1.0
102.0
1.0
11.0
1.0
85.0
1.0
7.0
3.0
2.0
37.0
1857.0
2.0
1.0
3.0
9.0
1.0
34.0
546.0
16.0
4.0
6282.0
1.0
527.0
2.0
1.0
1.0
5.0
88.0
2.0
3.0
6.0
1.0
51.0
3.0
1.0
4.0
1.0
120.0
3.0
2.0
282.0
5.0
1.0
508.0
500.0
2.0
596.0
24.0
157.0
1337.0
3.0
1.0
2.0
16.0
1.0
4.0
151.0
1.0
149.0
5.0
6.0
187.0
15.0
157.0
1.0
1.0
1.0
1.0
8.0
3.0
3.0
2.0
1.0
1.0
3.0
5.0
3.0
1.0
1.0
98.0
2.0
369.0
237.0
1.0
3.0
1.0
112.0
1.0
1.0
46.0
271.0
2.0
926.0
50.0
30.0
2.0
4.0
369.0
65.0
33.0
322.0
1953.0
8.0
1.0
1.0
2.0
4.0
31.0
130.0
14.0
9.0
1.0
4.0
7.0
2.0
3.0
1.0
1.0
3.0
4.0
1.0
3.0
2.0
4.0
2.0
1.0
2.0
24.0
61.0
1020.0
2.0
2.0
510.0
51.0
97.0
1.0
7.0
1.0
3.0
13.0
3.0
3.0
16.0
3.0
1.0
20.0
1.0
2.0
5.0
68.0
9.0
2.0
2.0
40.0
1.0
3.0
3.0
1.0
1.0
5.0
16.0
438.0
74.0
1.0
4.0
1.0
21.0
1.0
7.0
3.0
60.0
3.0
1.0
3.0
167.0
4.0
1.0
3.0
3.0
535.0
2.0
1321.0
38.0
48.0
85.0
1.0
3.0
435.0
8.0
7.0
4.0
2.0
534.0
1.0
3.0
2.0
1.0
3.0
4.0
1.0
8.0
3.0
1.0
4.0
2.0
1.0
853.0
520.0
1.0
7.0
40.0
3.0
22.0
1.0
3.0
1.0
17.0
1.0
15.0
17.0
8.0
11.0
28.0
2.0
3.0
1.0
3.0
2.0
3.0
43.0
205.0
110.0
71.0
6.0
102.0
1.0
3.0
640.0
95.0
3.0
443.0
2.0
1.0
1.0
135.0
3.0
314.0
186.0
1.0
23.0
2440.0
1341.0
7.0
5525.0
3.0
6.0
3.0
6547.0
139.0
4.0
2.0
4.0
93.0
607.0
1.0
32.0
153.0
8.0
1.0
480.0
78.0
1.0
2.0
4.0
1.0
30.0
6.0
1.0
1.0
1.0
17.0
280.0
2.0
3.0
1019.0
3.0
3.0
3.0
30.0
2.0
1.0
66.0
2.0
2.0
14.0
3.0
3.0
6.0
3.0
76.0
4.0
4.0
4.0
174.0
7.0
2630.0
8.0
1.0
3.0
8.0
1.0
4.0
16.0
1.0
8.0
1.0
1.0
1.0
122.0
32.0
4.0
15.0
16.0
1.0
56.0
4.0
4.0
79.0
1.0
3.0
9.0
59.0
3.0
3.0
609.0
24.0
1.0
5.0
3.0
65.0
82.0
4.0
10.0
1.0
2831.0
2.0
247.0
1.0
3.0
2.0
3.0
97.0
25.0
3.0
5.0
2.0
3.0
111.0
3.0
3.0
3.0
3.0
25.0
1.0
244.0
10.0
2.0
10.0
5.0
712.0
3793.0
3.0
3.0
2.0
6.0
9.0
13.0
14.0
1.0
1.0
1.0
1.0
1.0
21.0
1.0
1.0
8.0
864.0
74.0
3.0
2.0
1.0
1.0
1.0
13.0
500.0
13.0
3.0
1.0
3.0
2.0
1.0
3.0
132.0
234.0
3.0
1.0
1.0
2.0
32.0
8675.0
20.0
1.0
58.0
76.0
2.0
282.0
1.0
23.0
3.0
24.0
17.0
313.0
73.0
2.0
3.0
4.0
640.0
55.0
35.0
1.0
1054.0
114.0
1.0
15.0
62.0
77.0
1.0
2.0
275.0
1.0
68.0
4.0
14.0
3.0
1.0
351.0
1.0
40.0
31.0
11.0
1.0
1.0
1.0
7.0
9739.0
1.0
1.0
1.0
69.0
6.0
1.0
10.0
7.0
33.0
63.0
4.0
865.0
172.0
1.0
14.0
67.0
217.0
674.0
18.0
3.0
1.0
2.0
22.0
1.0
2.0
1121.0
2.0
2.0
4.0
23.0
7.0
1.0
2.0
172.0
453.0
3.0
36.0
463.0
7.0
1.0
7.0
1.0
1057.0
30.0
1.0
3.0
3.0
24.0
1.0
8.0
4.0
119.0
61.0
3.0
6.0
1.0
3.0
123.0
11.0
2.0
3.0
23.0
117.0
5.0
3.0
965.0
1.0
8.0
1.0
1.0
1.0
105.0
3.0
2891.0
1.0
2.0
6.0
4.0
62.0
74.0
69.0
3.0
1.0
1248.0
1090.0
582.0
3.0
24.0
2.0
9.0
1.0
1.0
5.0
516.0
40.0
2.0
1.0
4.0
1704.0
1.0
3.0
1.0
1.0
1.0
6.0
1.0
1130.0
1.0
1107.0
3.0
17.0
33.0
48.0
1.0
3.0
76.0
12.0
14.0
17.0
14.0
207.0
33.0
1285.0
4.0
5.0
3.0
1.0
2.0
6.0
3.0
3.0
122.0
4.0
3.0
1.0
4.0
959.0
1.0
9.0
1.0
1631.0
2.0
3.0
1.0
3.0
2.0
54.0
1.0
312.0
1.0
3.0
2.0
12.0
28.0
1.0
2510.0
21.0
2.0
39.0
696.0
5.0
1.0
1.0
3.0
3.0
21.0
1.0
1.0
1.0
23.0
1.0
247.0
5.0
3.0
3.0
3.0
1.0
1.0
25.0
3.0
19.0
1.0
1.0
7.0
41.0
1.0
1.0
6.0
3.0
110.0
87.0
1.0
3.0
5.0
1.0
45.0
14.0
19.0
28.0
3.0
1.0
421.0
2.0
1.0
1004.0
28.0
3.0
7.0
2.0
33.0
1.0
23.0
16.0
24.0
34.0
2.0
1.0
1.0
16.0
8.0
1.0
3.0
2.0
2.0
1.0
1.0
3.0
65.0
87.0
26.0
94.0
2099.0
1.0
138.0
5.0
34.0
13983.0
1342.0
1.0
7.0
85.0
562.0
1.0
3.0
1.0
570.0
3.0
506.0
1.0
3.0
30.0
61.0
3.0
3.0
17.0
3.0
3.0
3.0
1.0
4.0
737.0
3.0
120.0
2.0
2421.0
1.0
2.0
1.0
4.0
2.0
576.0
14.0
3.0
1.0
1.0
3.0
35.0
77.0
1.0
913.0
674.0
5.0
1.0
2.0
292.0
4.0
9.0
36.0
4.0
4.0
3.0
1.0
6.0
3.0
1.0
1573.0
1.0
178.0
2835.0
3.0
3.0
45.0
1.0
4.0
6.0
1.0
3.0
5.0
51.0
7.0
1.0
2.0
37.0
52.0
28.0
3.0
1.0
4.0
3.0
9.0
1.0
2.0
1.0
4698.0
1.0
2.0
1.0
119.0
1.0
1.0
210.0
2.0
3.0
5.0
4.0
77.0
64.0
135.0
47.0
2.0
2.0
3.0
5.0
1.0
1.0
3.0
69.0
2.0
1828.0
1.0
54.0
10.0
2.0
6.0
3.0
8.0
12.0
110.0
1.0
5.0
3.0
3.0
1.0
1.0
1.0
1.0
9.0
160.0
1.0
47.0
1.0
9.0
68.0
514.0
1.0
2.0
143.0
5.0
8.0
1772.0
1.0
2.0
1417.0
2.0
63.0
2.0
572.0
1.0
2.0
19.0
2.0
9.0
99.0
5.0
95.0
6.0
14.0
3.0
3.0
44.0
1.0
23.0
45.0
1.0
8.0
6.0
549.0
3.0
1.0
1.0
61.0
1.0
82.0
2.0
3.0
4.0
1.0
1.0
1091.0
1285.0
4.0
2.0
88.0
3.0
5.0
5.0
4.0
104.0
3.0
1002.0
80.0
1432.0
2.0
41.0
393.0
1.0
43.0
1.0
4.0
3.0
3.0
2.0
1.0
3.0
1.0
89.0
13.0
3.0
8.0
1.0
732.0
3.0
5.0
23.0
116.0
1.0
3.0
147.0
358.0
834.0
5193.0
36.0
1.0
1.0
9.0
7.0
47.0
3.0
3.0
3.0
596.0
1.0
7.0
2.0
4.0
3.0
4.0
1.0
1.0
8.0
122.0
4.0
127.0
1.0
12.0
1.0
3.0
4.0
526.0
19.0
3.0
397.0
1.0
3.0
3.0
1294.0
5.0
3.0
1.0
1.0
1.0
55.0
1.0
2.0
3.0
12.0
1.0
87.0
534.0
428.0
1.0
25.0
90.0
10.0
4.0
1.0
2.0
122.0
1.0
1217.0
1.0
19.0
3.0
1.0
1.0
2.0
2.0
1.0
87.0
3.0
3.0
3.0
3.0
102.0
2.0
351.0
1.0
13145.0
1.0
6.0
274.0
1.0
689.0
4.0
3.0
55.0
391.0
2.0
400.0
6.0
99.0
96.0
1.0
2.0
531.0
75.0
2.0
3.0
4.0
3.0
24.0
9.0
2.0
10.0
2.0
2.0
171.0
1.0
1.0
1.0
69.0
3.0
5.0
1.0
4.0
16.0
2.0
3.0
2.0
19.0
1.0
2543.0
1.0
4.0
1.0
9.0
3.0
3.0
1075.0
1.0
9.0
1.0
44.0
1.0
1.0
1.0
3.0
1203.0
29.0
2.0
108.0
10.0
2.0
6.0
15.0
92.0
7.0
2.0
9.0
1.0
6.0
3.0
162.0
1.0
1.0
16.0
2.0
3.0
1.0
1.0
4.0
1.0
324.0
4.0
4.0
39.0
4.0
3.0
83.0
1.0
2.0
2.0
1.0
2.0
1.0
107.0
1.0
1.0
1.0
571.0
366.0
367.0
3.0
3.0
25.0
2.0
1.0
5.0
2.0
1.0
2.0
2.0
3.0
3.0
10.0
5.0
4.0
478.0
221.0
3.0
2.0
586.0
29.0
34.0
14.0
23.0
3.0
21.0
36.0
602.0
2.0
2338.0
5.0
1.0
69.0
1.0
1186.0
24.0
4.0
9.0
658.0
5.0
2.0
97.0
18.0
25.0
1050.0
25.0
30.0
3.0
33.0
2.0
1.0
1.0
3.0
370.0
2.0
2.0
93.0
2.0
342.0
5.0
1.0
25.0
1.0
3.0
1762.0
3.0
5.0
4.0
3.0
1.0
1.0
1909.0
4.0
5.0
1.0
102.0
3.0
1.0
3.0
88.0
3.0
48.0
24.0
2.0
18.0
16.0
19.0
3.0
6.0
1.0
1.0
1.0
3.0
73.0
31.0
3.0
1.0
4.0
25.0
5.0
4.0
20.0
180.0
19.0
4.0
871.0
2.0
1.0
14.0
44072.0
1258.0
30.0
66.0
5.0
84.0
2.0
1.0
4.0
3.0
3.0
7.0
2.0
1.0
789.0
3.0
3.0
1.0
68.0
19.0
2.0
3.0
4.0
52.0
6.0
2.0
3.0
2.0
3.0
13.0
484.0
3.0
142.0
4.0
2.0
6.0
4.0
3.0
24.0
3.0
18.0
3.0
1.0
3.0
1.0
3.0
619.0
4.0
2.0
123.0
246.0
3.0
31.0
23.0
1.0
1.0
977.0
1176.0
2.0
987.0
8.0
1.0
1.0
6.0
1.0
65.0
1.0
167.0
1.0
2.0
698.0
3.0
2.0
17.0
9.0
3.0
11.0
1.0
23.0
3.0
7.0
1.0
5.0
918.0
342.0
6.0
3.0
6.0
1.0
11.0
3.0
1.0
122.0
26.0
4.0
1.0
8.0
193.0
2.0
10.0
124.0
902.0
3.0
3.0
3.0
1.0
1.0
2.0
3.0
5.0
1.0
24.0
211.0
3.0
3.0
1.0
24.0
1.0
1.0
5.0
1.0
737.0
4.0
29.0
4.0
3.0
2.0
3.0
138.0
3.0
1.0
23.0
49.0
4589.0
1.0
3.0
3.0
510.0
1.0
2.0
14.0
20.0
26.0
1.0
265.0
1.0
9.0
1.0
9119.0
1.0
3.0
1149.0
626.0
1.0
944.0
110.0
3.0
20.0
506.0
9.0
6.0
2160.0
9.0
1.0
1.0
3.0
8.0
17.0
24.0
1.0
1183.0
5.0
9.0
1.0
1.0
4.0
3.0
2.0
1.0
2.0
2.0
4.0
10.0
2.0
19.0
259.0
72.0
7.0
46.0
3.0
2.0
1.0
1.0
2.0
1.0
2.0
400.0
3.0
10.0
163.0
1.0
9.0
3.0
2.0
443.0
3.0
1.0
613.0
1.0
24.0
1.0
1.0
1.0
3.0
2.0
6.0
1.0
75.0
1.0
3.0
3.0
1.0
67.0
4.0
1.0
1.0
1.0
1.0
2.0
2.0
4.0
2.0
1.0
5.0
1.0
79.0
63.0
9.0
11.0
1.0
130.0
3.0
4.0
19076.0
116.0
1.0
837.0
4.0
3.0
4.0
1.0
281.0
33.0
2.0
2.0
10.0
9.0
1.0
5.0
237.0
2.0
3.0
2.0
3.0
4.0
69.0
382.0
1523.0
436.0
1.0
14.0
3.0
1.0
65.0
19.0
2.0
21.0
431.0
3.0
6.0
1.0
4.0
52.0
2.0
9.0
4.0
17.0
1228.0
961.0
13.0
36.0
1.0
3.0
2.0
1.0
1.0
497.0
8.0
1018.0
4.0
12.0
1.0
22.0
3.0
2.0
12.0
3.0
1.0
1471.0
1.0
5.0
1.0
1.0
1.0
1.0
3.0
59.0
14385.0
101.0
6.0
3.0
914.0
1.0
81.0
2.0
844.0
55.0
47.0
8.0
134.0
3.0
3.0
318.0
478.0
1.0
24.0
9.0
3.0
1.0
3.0
102.0
3.0
137.0
3.0
9995.0
3.0
3.0
1.0
1.0
1.0
1.0
15.0
59.0
3.0
1.0
3.0
7.0
1.0
95.0
2.0
10.0
564.0
5.0
13.0
2.0
4.0
273.0
1.0
33.0
14385.0
360.0
26.0
1.0
1.0
99.0
17.0
8.0
11438.0
1.0
17.0
3.0
4.0
1.0
3.0
3.0
1.0
102.0
1.0
459.0
400.0
320.0
1.0
2.0
1601.0
239.0
11.0
961.0
67.0
3.0
192.0
149.0
34.0
1.0
3.0
279.0
2.0
21.0
2.0
17.0
8.0
1.0
2.0
32.0
485.0
1.0
1.0
81.0
1.0
3.0
3.0
3.0
110.0
4.0
22.0
1.0
3.0
1.0
7.0
586.0
127.0
7.0
1.0
23.0
4216.0
16.0
3.0
2.0
1136.0
1.0
4.0
4.0
1.0
17.0
8.0
218.0
1.0
3.0
1.0
3.0
338.0
2.0
3.0
1.0
279.0
3.0
717.0
1.0
1.0
1.0
500.0
157.0
3.0
1.0
1.0
1.0
4.0
52.0
5.0
41.0
7.0
4.0
151.0
8.0
2156.0
375.0
84.0
457.0
17.0
19.0
22.0
3.0
1.0
3.0
292.0
1.0
33.0
27.0
47.0
8.0
3.0
2538.0
15.0
12.0
39.0
1.0
1.0
10.0
3.0
3.0
2.0
9.0
2.0
670.0
64.0
15.0
5.0
1.0
3.0
9.0
1.0
12.0
480.0
3.0
282.0
5.0
2.0
3.0
1.0
3835.0
118.0
3.0
1.0
2.0
2.0
1.0
101.0
31.0
101.0
5.0
1.0
19.0
9.0
1.0
3.0
14.0
505.0
4.0
118.0
1.0
140.0
5.0
67.0
55.0
611.0
838.0
2.0
1067.0
1.0
1.0
493.0
1.0
5.0
1.0
1.0
3.0
18.0
1.0
7136.0
34.0
1.0
282.0
5267.0
1.0
2.0
3.0
2.0
1.0
1.0
17.0
4.0
39.0
3.0
36.0
1.0
20.0
1.0
846.0
10.0
7.0
114.0
1117.0
1.0
5667.0
17.0
5.0
1.0
1.0
3.0
3.0
1.0
23.0
7.0
1.0
14.0
3.0
26.0
9.0
258.0
9.0
113.0
1.0
2.0
1.0
1.0
1.0
3.0
3.0
22.0
1.0
1.0
3.0
55.0
2.0
1.0
2.0
1.0
20.0
365.0
1.0
1.0
102.0
3.0
1.0
400.0
3.0
1.0
9.0
3.0
7.0
19.0
1.0
24.0
1086.0
3.0
625.0
1.0
441.0
119.0
838.0
92.0
1.0
1.0
70.0
3.0
248.0
1.0
10.0
472.0
3.0
161.0
230.0
2.0
1.0
2.0
71.0
4.0
3.0
232.0
1.0
22.0
1.0
1.0
1.0
6.0
12.0
3.0
2.0
14189.0
1.0
264.0
314.0
11.0
1.0
4.0
56.0
2.0
3.0
2.0
1.0
1.0
623.0
341.0
1.0
1.0
1.0
596.0
1.0
727.0
1.0
1.0
32.0
8.0
3.0
199.0
3.0
1.0
1.0
36.0
2.0
1.0
2.0
118.0
3.0
5.0
3.0
3.0
912.0
3.0
3.0
4.0
2.0
60.0
28.0
1067.0
998.0
9.0
1482.0
3.0
2.0
1.0
2.0
17.0
101.0
2009.0
1.0
1.0
1.0
1.0
4.0
1.0
3.0
1.0
4.0
3.0
216.0
9.0
1.0
1.0
1.0
3.0
11.0
1.0
1.0
1.0
1.0
12.0
3.0
25.0
3.0
39.0
1.0
2.0
11.0
2.0
3117.0
5.0
3.0
105.0
82.0
8.0
3.0
3.0
8.0
11.0
1.0
2.0
1.0
1.0
288.0
4.0
35.0
3.0
49.0
2.0
3.0
3.0
3.0
1106.0
1.0
3.0
3.0
3.0
1.0
1243.0
3.0
31.0
4.0
1.0
1.0
1.0
9.0
2.0
1.0
3.0
1.0
2.0
3.0
1.0
25.0
33.0
3.0
5.0
1.0
4.0
22.0
3.0
4.0
1225.0
1219.0
116.0
10.0
1.0
12.0
1.0
1.0
650.0
3.0
1095.0
1.0
14.0
1.0
8.0
1.0
3.0
4.0
3.0
2.0
1.0
116.0
1.0
1.0
5.0
3.0
3.0
5.0
17.0
17.0
6.0
5.0
3.0
5.0
2.0
32.0
18.0
2.0
8.0
1.0
1.0
23.0
965.0
449.0
3.0
990.0
1.0
30.0
3.0
25.0
7.0
1.0
3.0
17.0
1.0
3.0
655.0
6.0
34.0
11.0
6.0
3.0
3.0
3.0
1.0
2.0
24.0
1.0
187.0
504.0
60.0
1.0
2.0
12.0
1.0
2.0
1.0
517.0
3.0
5.0
9.0
18.0
1360.0
3.0
1.0
1.0
2.0
3.0
3.0
3.0
6.0
9.0
531.0
1.0
1.0
1119.0
3.0
24.0
1.0
2301.0
3.0
2.0
7.0
1.0
34.0
3575.0
2.0
17.0
7.0
1.0
33.0
961.0
357.0
11.0
1.0
7.0
18.0
1.0
1.0
1.0
1.0
1.0
3.0
3000.0
674.0
2.0
2.0
3.0
105.0
1.0
1.0
6.0
398.0
57.0
35.0
12.0
9.0
12.0
19.0
3.0
17.0
11.0
1.0
2.0
31.0
7.0
21.0
2.0
1.0
38.0
3.0
3.0
1506.0
1.0
58.0
2.0
6.0
316.0
20.0
288.0
2310.0
5.0
2.0
3.0
2.0
1.0
7.0
120.0
12.0
1.0
2116.0
3.0
1.0
1.0
2.0
5.0
1200.0
1.0
18.0
1.0
3.0
11.0
1.0
3.0
47.0
2.0
2.0
3.0
104.0
1.0
5.0
3.0
1.0
383.0
349.0
6.0
5.0
370.0
3.0
3015.0
1.0
1.0
596.0
412.0
3.0
282.0
2.0
55.0
43.0
1856.0
163.0
1.0
1.0
53.0
3.0
1.0
75.0
3.0
168.0
1.0
2.0
1.0
2.0
3.0
405.0
1.0
4.0
145.0
1867.0
6123.0
1.0
134.0
1.0
2.0
2.0
2.0
2.0
3.0
1289.0
3.0
63.0
2.0
10.0
25.0
2.0
2.0
5.0
1.0
3.0
23.0
4.0
4.0
1.0
729.0
18.0
2.0
32.0
1.0
9.0
3.0
102.0
2.0
2.0
1644.0
14.0
2.0
1036.0
9.0
1.0
4.0
5.0
3.0
73.0
4.0
11.0
1.0
8.0
7.0
1.0
4.0
4.0
18.0
3.0
4.0
50.0
1872.0
115.0
86.0
3.0
5.0
2.0
1.0
26.0
178.0
4.0
3.0
10.0
407.0
1.0
692.0
30.0
3.0
1.0
3.0
2892.0
11.0
1449.0
3.0
4.0
4.0
91.0
2.0
3.0
1.0
2.0
3.0
1.0
55.0
11347.0
19.0
1.0
1169.0
6.0
90.0
1.0
3.0
3.0
7.0
12.0
35.0
2.0
4.0
2.0
8.0
844.0
7.0
62.0
6.0
7.0
3.0
43.0
3.0
63.0
5.0
6718.0
3.0
282.0
9.0
3.0
3.0
152.0
1.0
10.0
463.0
14.0
3.0
1.0
1.0
1.0
69.0
3.0
1.0
1018.0
1.0
3.0
3.0
8.0
3.0
8.0
4.0
3.0
1110.0
134.0
134.0
11.0
1.0
700.0
11.0
3.0
3.0
1075.0
2.0
1.0
2.0
7.0
3.0
201.0
8.0
3.0
67.0
3.0
13.0
197.0
10.0
8.0
3.0
4.0
6.0
1.0
1.0
66.0
3.0
7.0
3.0
20.0
1.0
1.0
48.0
1.0
33.0
185.0
1.0
215.0
159.0
6.0
3.0
1.0
1018.0
1.0
1166.0
1.0
3.0
18.0
313.0
2.0
120.0
3.0
2.0
14882.0
3.0
2.0
5.0
1.0
3.0
14.0
1.0
15.0
3.0
2.0
6.0
2.0
2.0
3.0
1.0
1.0
3149.0
1.0
1.0
2.0
185.0
19.0
2.0
2267.0
2.0
2.0
5.0
10.0
4.0
1.0
1.0
54.0
1.0
1.0
1.0
1.0
2.0
1.0
88.0
34.0
30.0
64.0
166.0
1.0
6.0
2.0
1.0
23.0
1.0
11.0
5.0
6.0
2.0
1.0
1.0
2.0
1.0
1.0
16.0
9.0
3.0
33.0
1.0
1.0
13.0
3.0
35.0
1.0
180.0
1.0
2.0
3.0
3.0
233.0
1.0
1.0
13.0
1.0
1.0
5.0
1.0
2.0
2.0
1929.0
2.0
3.0
6.0
736.0
19.0
48.0
3.0
225.0
1.0
21.0
3.0
9.0
10.0
835.0
3.0
6.0
6.0
1.0
1.0
1.0
1.0
24.0
298.0
282.0
2247.0
3.0
670.0
22.0
1.0
9.0
5.0
1.0
111.0
62.0
1.0
1.0
4692.0
3.0
13.0
13.0
10.0
3.0
523.0
3.0
4.0
4442.0
3.0
3.0
18.0
3.0
1.0
557.0
1517.0
1.0
1.0
1.0
9.0
3.0
20.0
1.0
13.0
1.0
3.0
2639.0
2.0
3.0
302.0
1.0
3.0
451.0
299.0
3.0
3.0
1018.0
17.0
3.0
12.0
732.0
23.0
1.0
8.0
2.0
171.0
1.0
4.0
9.0
32.0
2.0
160.0
27.0
2.0
30.0
1.0
7.0
1.0
793.0
17.0
1120.0
1616.0
1578.0
2819.0
26.0
3.0
152.0
1.0
1.0
1.0
1.0
917.0
1423.0
1.0
2.0
65.0
1.0
1.0
1.0
576.0
9.0
296.0
3.0
1.0
1459.0
2.0
3.0
12.0
3.0
1.0
19.0
1247.0
164.0
3.0
2.0
4.0
2.0
17.0
166.0
310.0
59.0
1.0
3.0
3.0
5056.0
24.0
24.0
1.0
50.0
1.0
103.0
3.0
9.0
3.0
6.0
1.0
3.0
1.0
18.0
3.0
7.0
109.0
259.0
772.0
23.0
373.0
55.0
482.0
19.0
1938.0
631.0
1.0
1137.0
5.0
1.0
3.0
1.0
14.0
685.0
69.0
1.0
23.0
1.0
3.0
4.0
3.0
58.0
5.0
4.0
3.0
169.0
9.0
23.0
1672.0
1.0
1.0
3.0
21.0
1.0
84.0
88.0
3.0
3.0
4.0
3.0
1.0
3.0
3.0
102.0
19.0
643.0
3680.0
1.0
979.0
91.0
2.0
1.0
8.0
2093.0
1899.0
1.0
1.0
834.0
1.0
1014.0
26.0
15.0
493.0
1.0
8.0
1.0
2.0
6.0
19.0
29.0
2.0
2.0
7.0
2.0
4.0
1.0
1.0
390.0
3.0
5.0
2391.0
5.0
3.0
15.0
19.0
495.0
1.0
2.0
9.0
24.0
3.0
2.0
11.0
816.0
961.0
65.0
31.0
24.0
203.0
1.0
1.0
46.0
1771.0
2387.0
19.0
1.0
3.0
1139.0
6.0
3.0
1.0
3.0
1.0
1.0
1.0
42.0
2077.0
8.0
596.0
1.0
39.0
2.0
2.0
1.0
1.0
3.0
32.0
10.0
2.0
102.0
3.0
1518.0
6.0
1.0
3.0
23.0
9.0
961.0
7.0
125.0
2.0
5.0
1.0
1.0
250.0
3.0
50.0
1.0
3466.0
2.0
8.0
1.0
1.0
5.0
362.0
65.0
5.0
41.0
1.0
3.0
1.0
113.0
2.0
3.0
327.0
3.0
4.0
2.0
4.0
418.0
8.0
2.0
222.0
4.0
8.0
12.0
1.0
241.0
2.0
1964.0
1.0
5.0
2.0
2491.0
66.0
3.0
8.0
2.0
3.0
1403.0
1.0
1.0
1364.0
1.0
1.0
43.0
6.0
1.0
5.0
370.0
1.0
128.0
17.0
1.0
16.0
3.0
1.0
11.0
1.0
64.0
1.0
18.0
1.0
1.0
58.0
1.0
1.0
1.0
1.0
108.0
3.0
961.0
5.0
1.0
369.0
1.0
639.0
5038.0
3.0
91.0
1.0
390.0
8.0
4.0
3.0
5.0
1146.0
220.0
119.0
3.0
4.0
23.0
1.0
3.0
13.0
39.0
1.0
2.0
105.0
5.0
3.0
449.0
19.0
3.0
1.0
20231.0
74.0
1.0
1.0
1.0
3.0
2.0
10.0
4.0
28.0
174.0
5.0
5.0
3.0
371.0
182.0
16.0
248.0
5.0
3.0
1.0
2.0
4.0
1.0
6.0
2.0
1.0
998.0
121.0
1.0
3.0
8.0
9.0
628.0
1.0
2.0
351.0
1.0
1.0
3.0
2.0
2.0
1.0
23.0
5.0
2795.0
1.0
91.0
1.0
3.0
1.0
2.0
1.0
4.0
257.0
1.0
86.0
1479.0
1.0
134.0
73.0
4351.0
4.0
115.0
24.0
16556.0
68.0
2.0
1.0
872.0
1.0
4.0
1.0
1.0
67.0
428.0
2431.0
2.0
4.0
19.0
21.0
1.0
1.0
3.0
117.0
20.0
74.0
3.0
3.0
431.0
298.0
11.0
6.0
4762.0
197.0
7.0
15.0
4.0
1.0
8.0
31.0
9.0
15.0
1.0
591.0
827.0
1602.0
1.0
1.0
181.0
3.0
1.0
34226.0
2.0
203.0
1.0
1.0
1.0
2.0
3.0
7.0
16.0
1311.0
16.0
27.0
38.0
4.0
1185.0
26.0
8.0
1.0
8.0
1999.0
7.0
63.0
1761.0
1.0
5.0
4.0
3.0
1.0
7.0
45.0
6.0
4.0
2.0
2.0
3.0
1.0
341.0
1.0
19.0
8.0
1.0
9.0
1.0
9.0
25.0
2.0
3.0
1.0
685.0
2.0
15.0
1.0
1.0
3.0
3.0
21.0
37.0
9.0
2.0
100.0
82.0
3.0
3.0
1021.0
3.0
2.0
23.0
7.0
1.0
6.0
1.0
9.0
4.0
5.0
1.0
14.0
1.0
55.0
23.0
17.0
2.0
1.0
30.0
98.0
3.0
3.0
2.0
10001.0
3.0
8.0
1.0
12.0
10.0
1.0
1.0
64.0
1.0
12.0
1.0
1.0
1.0
4.0
101.0
4.0
3.0
96.0
8.0
1.0
541.0
1.0
313.0
602.0
24.0
7.0
43.0
3.0
1.0
1.0
3.0
1.0
1266.0
3.0
23.0
3.0
4352.0
3.0
374.0
1.0
8.0
43.0
619.0
1.0
20.0
3838.0
3.0
8.0
67.0
83.0
2.0
14.0
1.0
6.0
7.0
15.0
3.0
3.0
1.0
3.0
37.0
27.0
2.0
3.0
38.0
1426.0
9.0
7.0
4.0
2.0
1647.0
1.0
1.0
148.0
219.0
385.0
1.0
14.0
30.0
1160.0
178.0
1.0
2.0
2.0
1.0
1.0
14.0
27.0
3.0
40.0
614.0
1.0
1.0
2.0
11.0
24.0
5949.0
1029.0
445.0
1.0
25.0
68.0
105.0
18.0
1.0
4.0
1.0
1.0
38.0
4.0
242.0
3.0
3.0
36.0
3.0
1209.0
3.0
279.0
1.0
1.0
8.0
1.0
2.0
33.0
154.0
1.0
4185.0
16.0
3.0
33.0
1.0
1543.0
5665.0
2.0
1.0
3.0
8.0
1.0
42.0
3.0
2.0
15.0
1.0
2.0
3.0
1.0
10.0
115.0
1.0
1.0
1.0
62.0
3.0
10.0
1.0
2.0
166.0
3.0
978.0
350.0
399.0
2.0
10.0
3.0
1.0
612.0
28.0
3.0
3.0
24.0
31.0
1.0
24.0
2462.0
1.0
35.0
252.0
1175.0
3.0
8.0
2.0
1.0
1.0
9255.0
1.0
56.0
4.0
1.0
351.0
13.0
43.0
297.0
74.0
343.0
509.0
292.0
272.0
2.0
8.0
1.0
33.0
3.0
8.0
1.0
1.0
1.0
2.0
3.0
21.0
1415.0
5.0
1.0
1.0
10.0
275.0
9.0
29.0
1.0
2.0
5.0
95.0
3.0
13.0
7.0
1.0
227.0
1.0
3.0
6.0
3.0
3.0
31.0
1.0
3.0
10.0
7.0
1.0
10.0
107.0
3.0
9.0
23.0
16.0
1.0
3.0
1.0
1.0
4.0
6.0
128.0
3.0
1.0
3.0
1.0
3.0
1.0
3.0
345.0
13.0
6.0
3.0
834.0
16.0
6.0
660.0
3.0
1.0
15.0
1.0
226.0
54.0
1.0
30.0
8.0
2.0
13.0
6391.0
1.0
1.0
3.0
2.0
2.0
6.0
3.0
1.0
319.0
1.0
7.0
1.0
3.0
7.0
4.0
60.0
1660.0
3.0
4.0
7.0
12.0
2.0
1.0
28.0
50.0
98.0
2.0
2.0
2.0
2.0
1762.0
1017.0
8.0
8.0
152.0
4.0
190.0
3.0
21.0
3.0
1.0
1.0
3.0
3.0
3.0
3.0
1.0
2.0
2.0
22.0
3.0
1.0
2.0
34.0
7.0
99.0
6.0
8.0
4.0
13.0
883.0
1.0
2.0
6.0
412.0
4.0
1.0
3.0
9.0
1.0
36.0
1327.0
1.0
351.0
19.0
1.0
1.0
1.0
31.0
17.0
1018.0
3.0
901.0
4.0
1.0
8.0
1.0
1.0
2673.0
7.0
961.0
4.0
1.0
1.0
22.0
8.0
1.0
28.0
23.0
8.0
1.0
57.0
33.0
7.0
1.0
1.0
10.0
977.0
7.0
9.0
19.0
3.0
748.0
3.0
10.0
1.0
1023.0
338.0
28.0
99.0
1.0
70.0
6.0
2.0
444.0
1.0
55.0
17.0
288.0
158.0
7.0
14189.0
1.0
22.0
164.0
3.0
1.0
13.0
32.0
154.0
2.0
61.0
10.0
1.0
1.0
4.0
1.0
30.0
1.0
3.0
1.0
1.0
1.0
1.0
1.0
1706.0
1.0
6348.0
2.0
19.0
3.0
2.0
5.0
64.0
3.0
2.0
1.0
19.0
4.0
55.0
1.0
1.0
3.0
1.0
1.0
1.0
75.0
3.0
118.0
3.0
9.0
9.0
1.0
3.0
9.0
7.0
768.0
2.0
20.0
2.0
186.0
3.0
65.0
21.0
2.0
6.0
1415.0
3.0
1.0
1.0
3.0
1.0
1.0
1.0
1.0
721.0
2.0
24.0
3.0
3.0
295.0
30.0
1.0
14.0
1.0
1.0
232.0
4.0
1.0
1013.0
19.0
278.0
26.0
351.0
1.0
3.0
13.0
4.0
1.0
11.0
76.0
3.0
760.0
241.0
3591.0
1.0
5.0
5.0
9.0
596.0
1.0
1.0
1852.0
1.0
3.0
7.0
62.0
3.0
1613.0
65.0
10.0
1.0
2.0
19.0
1.0
1.0
43.0
228.0
2.0
8.0
44.0
3.0
561.0
6.0
2.0
249.0
729.0
795.0
3.0
1.0
6.0
3.0
16.0
63.0
2.0
288.0
3.0
25.0
2.0
41.0
1.0
23.0
1.0
25.0
17.0
3.0
219.0
1.0
3.0
4.0
1.0
93.0
167.0
1.0
1.0
23.0
1.0
611.0
53.0
965.0
5.0
2.0
1.0
209.0
1.0
10.0
4.0
7.0
1.0
3.0
1.0
208.0
33.0
1.0
1.0
61.0
1.0
8.0
4.0
1.0
7.0
2.0
1.0
1.0
4.0
3.0
1.0
3.0
18.0
706.0
3.0
2.0
3.0
5.0
2.0
1.0
1.0
1.0
2.0
16.0
1.0
1.0
1.0
17.0
1.0
1.0
204.0
1.0
1047.0
4.0
12.0
3.0
16.0
3.0
1735.0
300.0
1.0
2.0
722.0
1.0
2.0
1.0
1801.0
9.0
3.0
123.0
39.0
1.0
1.0
4.0
6.0
3.0
2.0
23.0
3.0
5.0
288.0
261.0
1.0
3.0
2.0
16.0
4.0
540.0
3.0
5.0
10.0
659.0
3.0
2.0
1.0
3.0
1.0
2398.0
1.0
1.0
2.0
2.0
19.0
19.0
1.0
2.0
2.0
512.0
556.0
1.0
282.0
1.0
4.0
4.0
3.0
2.0
7005.0
4.0
4.0
1.0
3.0
4.0
34.0
3.0
3.0
4.0
1.0
2.0
2.0
2.0
1.0
4.0
7.0
2.0
23.0
11.0
10.0
1.0
13.0
4.0
2755.0
8.0
12.0
4.0
3.0
1.0
85.0
1.0
179.0
2.0
5.0
2.0
1.0
1.0
1.0
1285.0
452.0
7.0
30.0
2.0
3.0
6.0
1.0
1.0
7.0
3.0
7.0
4.0
8625.0
7.0
51.0
1.0
1.0
4.0
1.0
240.0
20.0
168.0
1.0
46.0
1.0
3.0
3.0
14.0
1260.0
1.0
3.0
1.0
3.0
6.0
9.0
1.0
1.0
2.0
492.0
7.0
3.0
1.0
4.0
538.0
1.0
3.0
1.0
441.0
2.0
2.0
3.0
1.0
471.0
74399.0
1.0
3.0
1.0
24.0
26.0
3.0
3.0
7.0
2.0
24.0
21.0
116.0
1.0
1.0
3.0
4.0
6.0
1.0
590.0
1.0
10.0
110.0
70.0
3.0
576.0
2.0
3.0
2.0
1.0
494.0
8.0
1.0
294.0
3.0
1.0
2.0
1.0
3.0
2.0
1.0
292.0
4.0
15.0
235.0
344.0
3.0
2.0
5.0
1.0
3.0
5.0
1.0
71.0
903.0
11.0
126.0
1.0
3.0
1631.0
1.0
2.0
219.0
1.0
4.0
2.0
3.0
44.0
19.0
3.0
38.0
743.0
1.0
1.0
3.0
2.0
1.0
1.0
4.0
2.0
3.0
64.0
287.0
1.0
3.0
4.0
5.0
120.0
3.0
5.0
2.0
1634.0
13.0
1.0
1.0
130.0
28.0
1135.0
3.0
168.0
4.0
7.0
3.0
1.0
2.0
1.0
3.0
2.0
2.0
3.0
4.0
6.0
1.0
13.0
1.0
1.0
706.0
1.0
1.0
2.0
3.0
59.0
2.0
1.0
2.0
31.0
1.0
5.0
2276.0
1.0
12.0
1.0
2.0
471.0
1.0
1.0
82.0
2.0
2.0
1.0
1975.0
5.0
5.0
3117.0
11.0
1.0
4.0
22.0
1.0
57.0
3.0
1.0
9.0
354.0
1.0
1.0
12.0
61.0
3.0
2.0
1.0
3.0
24.0
6850.0
7.0
3.0
2.0
5.0
126.0
3.0
172.0
3.0
18.0
111.0
1.0
2084.0
70.0
1.0
1.0
3.0
5.0
3.0
1.0
6.0
3.0
4.0
805.0
3.0
3.0
19.0
5.0
127.0
75.0
6.0
109.0
1.0
310.0
517.0
1.0
1018.0
2.0
13.0
4.0
1.0
2.0
2.0
7.0
1.0
67.0
1.0
14.0
2.0
365.0
3.0
4.0
58.0
8.0
1.0
47.0
2.0
9.0
9.0
3.0
7.0
3.0
797.0
3062.0
2147.0
408.0
5.0
4.0
2.0
5.0
1.0
2890.0
2.0
22.0
1.0
57.0
210.0
145.0
1.0
3.0
2.0
19.0
5.0
3.0
1.0
1.0
1250.0
15.0
2.0
27.0
5.0
1.0
4.0
1317.0
1.0
1623.0
1.0
1.0
1.0
3.0
109.0
226.0
1.0
1.0
8.0
1.0
5.0
1.0
1.0
1.0
5.0
1.0
75.0
4.0
1.0
23.0
1.0
8.0
3.0
13.0
44.0
15.0
4.0
149.0
1.0
3.0
1.0
1.0
3822.0
1.0
1.0
8.0
1.0
1.0
2.0
1.0
1.0
3.0
12.0
770.0
1.0
5.0
3.0
2.0
1.0
3.0
1.0
7.0
3.0
1.0
1.0
1.0
82.0
473.0
1.0
10.0
1.0
1.0
1.0
351.0
3.0
1.0
3.0
146.0
1.0
7.0
1.0
64.0
1.0
1.0
3.0
1.0
2.0
2.0
3.0
8.0
3.0
1.0
8.0
1.0
5.0
3.0
2.0
22.0
76.0
8.0
1.0
2.0
1.0
4.0
4.0
7.0
3.0
5.0
3.0
515.0
833.0
485.0
3.0
3.0
5.0
1.0
2.0
1.0
132.0
8.0
1.0
1018.0
4.0
2.0
596.0
14.0
5.0
3.0
3.0
2.0
1.0
1018.0
1.0
2.0
3.0
1.0
3.0
3.0
3.0
1.0
1.0
41.0
16.0
3.0
26.0
14.0
3.0
105.0
2.0
154.0
3.0
11.0
6.0
2.0
1.0
3.0
1.0
3.0
1.0
3.0
4.0
280.0
1.0
1.0
8.0
14.0
70.0
12.0
10.0
19.0
35.0
2.0
552.0
76.0
1.0
1.0
1.0
129.0
1.0
42.0
1.0
2.0
4.0
4.0
3.0
6.0
2.0
3.0
30.0
154.0
8.0
70.0
3.0
15.0
3.0
5.0
40.0
9.0
1.0
5.0
473.0
1.0
1.0
27.0
5.0
2.0
6.0
3.0
9.0
29.0
1.0
131.0
3.0
77.0
1070.0
790.0
3.0
5.0
2.0
27.0
1.0
421.0
1.0
113.0
1.0
3747.0
1.0
1.0
1.0
2.0
9156.0
1.0
3.0
5.0
6.0
288.0
100.0
5.0
569.0
1.0
56.0
30.0
16.0
306.0
3.0
1.0
26.0
444.0
2.0
4.0
79.0
2.0
3.0
3.0
1.0
7.0
2129.0
3.0
1.0
6.0
2.0
4.0
4.0
3.0
3.0
5.0
639.0
24.0
77.0
7.0
5.0
3.0
1.0
5.0
32.0
8.0
1.0
118.0
351.0
301.0
2.0
1.0
221.0
102.0
167.0
12.0
1.0
1.0
33.0
55.0
6.0
1.0
3.0
4.0
1.0
2.0
3.0
1.0
3.0
52.0
1.0
1.0
14385.0
11.0
2.0
288.0
3.0
249.0
3.0
86858.0
1.0
34.0
1.0
1.0
5.0
7.0
3.0
3.0
3.0
3.0
1.0
4.0
4.0
20.0
5.0
3.0
1.0
2.0
1.0
1600.0
1.0
3.0
1.0
14.0
129.0
5.0
1.0
596.0
4.0
871.0
9.0
50.0
19.0
770.0
525.0
3.0
1576.0
1591.0
1.0
1.0
30.0
9.0
2.0
23.0
1.0
3.0
1.0
10211.0
4.0
15.0
2.0
1.0
7.0
3.0
4.0
74.0
1.0
3.0
758.0
1.0
29.0
3.0
282.0
4.0
209.0
4.0
2.0
3.0
3.0
4.0
878.0
1.0
4.0
341.0
3.0
115.0
1.0
1.0
4.0
1280.0
2.0
3.0
1160.0
3.0
12.0
2.0
718.0
1.0
1.0
3.0
125.0
2.0
1.0
1.0
1.0
1.0
14.0
3.0
391.0
492.0
19.0
232.0
2.0
1.0
4.0
82.0
2.0
9.0
119.0
2.0
119.0
1934.0
3.0
2.0
5.0
4.0
1.0
5.0
57.0
968.0
65.0
134.0
2.0
1.0
278.0
961.0
3.0
697.0
1.0
3.0
2.0
4.0
11.0
3.0
628.0
51.0
11.0
103.0
1.0
596.0
1.0
10.0
3.0
1.0
2.0
3.0
5.0
5.0
3.0
3.0
1.0
3.0
52.0
1.0
840.0
3.0
351.0
19.0
4.0
3.0
101.0
2.0
1.0
1.0
2.0
12.0
1.0
1.0
298.0
1.0
57.0
3.0
3.0
249.0
7.0
44.0
1225.0
71.0
9.0
7892.0
3.0
5.0
2.0
4.0
69.0
9.0
243.0
3.0
3.0
6.0
4.0
3.0
4.0
53.0
29.0
2.0
5.0
1.0
1.0
41.0
5.0
2.0
2.0
3.0
5.0
2.0
3.0
34.0
2.0
6.0
2.0
3.0
1.0
3.0
3.0
1.0
31.0
3.0
10.0
2.0
1.0
1.0
1.0
2.0
1.0
4.0
17.0
1.0
2060.0
3.0
3.0
2.0
19.0
3.0
16.0
123.0
32.0
18.0
5.0
1.0
1.0
417.0
1578.0
22.0
658.0
7.0
1.0
3.0
4.0
129.0
1.0
121.0
40.0
1.0
9.0
1952.0
3.0
14.0
1.0
1.0
2.0
105.0
1.0
2.0
2.0
5.0
2.0
2.0
1.0
6.0
3.0
122.0
1.0
8.0
76.0
1.0
1.0
3.0
66.0
39.0
4.0
3.0
282.0
20.0
2.0
1.0
66.0
2.0
1.0
4148.0
1.0
66.0
1590.0
11061.0
8.0
17.0
2.0
1.0
1.0
3.0
5698.0
110.0
5.0
1.0
1.0
1.0
266.0
1.0
95.0
2.0
3.0
3.0
3.0
60.0
3.0
1.0
1.0
10.0
1.0
112.0
1.0
40.0
3411.0
2.0
2.0
3.0
3.0
4.0
4.0
10.0
1.0
6.0
1.0
603.0
596.0
2.0
12.0
3.0
18.0
2.0
1.0
1.0
47.0
23.0
5.0
11.0
2.0
4.0
11.0
1800.0
332.0
236.0
3.0
1.0
3.0
2.0
4.0
4.0
1.0
3.0
1.0
13.0
1.0
3.0
16.0
18.0
14.0
11.0
3.0
735.0
6.0
1.0
60.0
6.0
5.0
3.0
1.0
5.0
25.0
24.0
1.0
15.0
1.0
1198.0
2.0
41.0
1.0
11.0
229.0
126.0
1039.0
3.0
6963.0
5.0
14.0
57.0
9.0
11.0
1.0
4.0
5.0
54.0
2.0
2.0
1.0
12.0
1.0
3.0
392.0
14189.0
195.0
60.0
14.0
3.0
1.0
32.0
1955.0
42.0
1.0
1.0
1.0
18.0
611.0
1.0
67.0
3.0
611.0
1.0
2.0
2.0
6.0
989.0
2.0
7.0
1.0
20.0
1.0
1.0
5.0
3.0
1.0
7.0
1.0
2.0
3.0
3.0
1.0
1.0
3.0
802.0
3.0
3.0
3.0
338.0
3.0
1.0
1.0
1.0
1.0
1.0
8.0
1114.0
131.0
1.0
3685.0
4.0
1049.0
360.0
55.0
2.0
31.0
8.0
16.0
3.0
2.0
7.0
1404.0
12.0
3.0
236.0
591.0
1.0
3.0
3.0
22.0
3.0
3.0
4.0
1.0
3.0
9.0
3.0
173.0
1.0
2835.0
9.0
12.0
3.0
199.0
257.0
13.0
20.0
1.0
2.0
13.0
2.0
1.0
3.0
319.0
1284.0
2258.0
2.0
3.0
119.0
5.0
2.0
3.0
3.0
267.0
1.0
3.0
2.0
5.0
963.0
3.0
1.0
503.0
68.0
5.0
1615.0
9.0
596.0
1.0
2.0
53.0
2.0
3574.0
10.0
6.0
8.0
2.0
3.0
3.0
8.0
7.0
83.0
1.0
1.0
370.0
3.0
2.0
117.0
106.0
248.0
1.0
1.0
9.0
40.0
695.0
1.0
515.0
218.0
3.0
28.0
1.0
2.0
181.0
1.0
81.0
596.0
8.0
99.0
6.0
1.0
1.0
5.0
3.0
1.0
1.0
1.0
1076.0
3.0
54.0
6.0
3075.0
7.0
21.0
3.0
93.0
64.0
12.0
1.0
4.0
7.0
596.0
1.0
1.0
3.0
4.0
3.0
2.0
57.0
4.0
27.0
1.0
1.0
3.0
189.0
10.0
9.0
3.0
16.0
4.0
1.0
34.0
3.0
49.0
59.0
3.0
2.0
1.0
4.0
1.0
1.0
1047.0
9.0
8.0
1.0
2.0
1.0
3.0
1.0
62.0
1709.0
270.0
2472.0
282.0
1.0
9.0
1.0
698.0
1.0
1.0
2.0
1.0
3.0
94.0
431.0
1.0
1.0
3.0
14354.0
3.0
1.0
3.0
9.0
1.0
3.0
3552.0
3.0
7.0
3.0
3.0
3.0
3.0
2.0
2.0
17.0
1238.0
656.0
576.0
3.0
3.0
3.0
116.0
2.0
1.0
4.0
1.0
55.0
997.0
15.0
211.0
3.0
1.0
3.0
1.0
9.0
5.0
50.0
15.0
302.0
1.0
2.0
31.0
1.0
1.0
119.0
3.0
3.0
3.0
1981.0
3.0
9.0
6.0
14.0
1.0
19.0
526.0
39.0
965.0
210.0
45.0
1.0
1.0
2.0
20.0
1.0
1.0
430.0
9.0
3.0
5.0
1.0
1.0
41.0
2828.0
1.0
1.0
1.0
252.0
205.0
3.0
4.0
3.0
81.0
8.0
29.0
2.0
323.0
6.0
1.0
1.0
1.0
2.0
17067.0
102.0
1.0
1.0
288.0
29.0
2.0
18.0
5.0
2.0
25.0
70.0
1030.0
33.0
42.0
57.0
7.0
15.0
178.0
1415.0
3.0
4.0
13.0
9.0
5.0
115.0
1.0
8.0
3.0
888.0
3.0
1.0
1.0
2.0
1.0
46.0
14.0
1.0
1.0
47.0
1.0
3.0
3.0
2.0
1.0
25.0
8.0
114.0
8.0
5.0
9.0
12.0
32.0
8.0
255.0
1.0
1.0
1.0
1.0
1.0
4.0
351.0
1.0
12.0
5.0
1.0
28.0
2.0
1.0
516.0
12.0
1.0
7.0
5.0
2.0
16.0
1.0
1.0
18.0
7.0
1.0
1.0
10.0
24.0
10.0
16.0
1.0
11.0
12.0
3.0
3234.0
4.0
1.0
32.0
3.0
2040.0
3.0
121.0
102.0
1.0
28.0
21.0
1.0
2.0
3.0
4.0
2.0
101.0
1.0
492.0
14.0
230.0
3.0
4.0
8.0
1.0
1.0
2.0
14.0
2.0
4.0
12.0
3.0
2.0
1.0
16.0
1.0
44.0
2.0
1.0
1.0
3.0
85.0
1.0
7.0
49.0
97.0
3.0
36.0
53.0
4.0
6.0
3.0
1.0
3.0
1.0
22.0
74.0
1.0
4.0
351.0
233.0
8.0
288.0
41.0
20.0
964.0
3.0
9.0
3.0
35.0
1.0
8.0
1.0
4.0
5.0
1.0
24.0
107.0
364.0
2.0
3.0
1.0
1.0
143.0
1.0
3.0
2.0
9.0
1.0
36.0
1.0
3.0
1.0
19.0
1.0
1.0
2.0
3.0
9.0
3.0
4.0
3.0
1.0
2.0
64.0
2.0
3.0
1.0
1.0
24.0
2.0
26.0
1.0
7.0
5.0
3.0
8.0
3.0
3.0
2.0
9.0
1.0
2.0
1.0
60.0
9.0
2.0
9.0
7.0
1.0
9.0
1.0
28.0
37.0
21.0
811.0
58.0
380.0
3.0
3.0
2.0
2.0
1.0
19.0
32.0
7.0
1.0
9.0
1.0
3.0
1.0
4.0
5.0
3.0
2.0
287.0
9.0
3.0
3.0
8.0
2.0
34.0
2057.0
37.0
103.0
2.0
797.0
3.0
1.0
4.0
1.0
4.0
9.0
2.0
1286.0
108.0
3.0
3.0
2735.0
3.0
1.0
3.0
674.0
14.0
1.0
4.0
1.0
4.0
549.0
1.0
2.0
1.0
67.0
2.0
2.0
3.0
1.0
3.0
21.0
1.0
177.0
44.0
1.0
27.0
3.0
3.0
27.0
46.0
17.0
35.0
6.0
24.0
1.0
221.0
8.0
2.0
152.0
3.0
88.0
1.0
24.0
3.0
469.0
3.0
11.0
1.0
4.0
1.0
2.0
1.0
6.0
78.0
1.0
8.0
3.0
1063.0
10.0
3.0
1.0
6.0
1.0
4.0
3233.0
653.0
4.0
1.0
3.0
34.0
1.0
543.0
33.0
2.0
2.0
416.0
1.0
22.0
3.0
118.0
6.0
2.0
5.0
2618.0
8.0
814.0
433.0
3.0
2.0
3.0
3.0
23.0
5.0
12.0
13308.0
5.0
167.0
5.0
104.0
5.0
1.0
24.0
4.0
1.0
16.0
972.0
1.0
957.0
1.0
1.0
1.0
1.0
1.0
4.0
7.0
609.0
3.0
1.0
124.0
2.0
11.0
7.0
1.0
10.0
143.0
1.0
1.0
3.0
1.0
3.0
1.0
2.0
2.0
1.0
948.0
466.0
2347.0
9.0
1.0
2.0
14.0
1.0
3.0
9.0
172.0
1.0
1.0
6.0
2.0
2.0
1.0
2179.0
27.0
69.0
4.0
3.0
1.0
5097.0
1.0
2125.0
3.0
1132.0
4.0
2.0
245.0
19.0
1.0
1.0
2.0
1.0
1.0
630.0
950.0
1.0
2.0
668.0
5.0
1.0
8.0
2877.0
153.0
8.0
8.0
2.0
5.0
2.0
6.0
1.0
27.0
1.0
3.0
15.0
29.0
6.0
1.0
7.0
1.0
1.0
3.0
1.0
2.0
1.0
1.0
24.0
11.0
15.0
1.0
2.0
6.0
1.0
25.0
8.0
3.0
536.0
2.0
4.0
11.0
3.0
99.0
594.0
3.0
1.0
1.0
3.0
23.0
4755.0
4.0
3.0
1.0
1.0
46.0
2.0
871.0
7.0
34.0
3.0
1.0
1.0
312.0
1.0
71.0
1.0
3.0
3.0
11.0
628.0
3.0
1.0
1951.0
18.0
7330.0
105.0
15.0
58.0
11.0
4.0
295.0
1.0
42.0
1.0
1.0
3.0
5.0
1.0
24.0
238.0
3.0
2.0
1.0
7.0
13.0
4.0
1.0
2.0
1.0
130.0
63.0
3.0
445.0
57.0
1048.0
2.0
9.0
1.0
678.0
16.0
31.0
207.0
1.0
1.0
12.0
1.0
1.0
1.0
3.0
7.0
85.0
1.0
3.0
151.0
2.0
516.0
1.0
3.0
3.0
1.0
27.0
3.0
9.0
1.0
3.0
14.0
6.0
2.0
2.0
5.0
150.0
4.0
2.0
2.0
3.0
3.0
1.0
3.0
3.0
1.0
4.0
4.0
401.0
1.0
596.0
3.0
20.0
1.0
1.0
3.0
3.0
835.0
1.0
1060.0
15.0
51.0
4.0
166.0
1.0
718.0
10.0
3.0
9.0
7.0
14.0
9131.0
1.0
1.0
5.0
1.0
1109.0
2528.0
3.0
213.0
3.0
1.0
1.0
3.0
1.0
8.0
3.0
157.0
3.0
2.0
3.0
3.0
1.0
57.0
3.0
23.0
87.0
2.0
5.0
1.0
2.0
295.0
2.0
3.0
1.0
7333.0
1082.0
102.0
1.0
2.0
5.0
1.0
3.0
8.0
1.0
12.0
10.0
111.0
1.0
1.0
1.0
43.0
1.0
3.0
250.0
1.0
2.0
4.0
1.0
3.0
1.0
2.0
86.0
3.0
10.0
1.0
1.0
44.0
2.0
2.0
3.0
1.0
543.0
3.0
51.0
1.0
19.0
288.0
1.0
7.0
3.0
76.0
3.0
1.0
734.0
3.0
83.0
44.0
31.0
1.0
44.0
2.0
1.0
2.0
1.0
1.0
2.0
534.0
6670.0
453.0
11.0
301.0
30.0
2.0
24.0
2.0
3.0
1.0
237.0
3.0
4.0
3.0
85.0
3.0
63.0
5.0
1.0
63.0
1.0
1.0
4.0
1474.0
1.0
1.0
6718.0
3.0
4.0
1.0
5.0
1.0
1.0
1.0
207.0
2.0
2.0
1.0
26.0
14.0
363.0
6.0
4.0
3.0
5.0
2.0
55.0
1.0
2.0
2.0
1536.0
6.0
3.0
3.0
2252.0
6.0
1.0
1.0
1.0
74.0
1.0
1522.0
3.0
509.0
4.0
282.0
1.0
15.0
1.0
3.0
1.0
1.0
83.0
3.0
2.0
45.0
1.0
7.0
18.0
17.0
1.0
11.0
2.0
1.0
5.0
6.0
2.0
3.0
1.0
34.0
1.0
780.0
3.0
34.0
50.0
15.0
635.0
1.0
1.0
1.0
1945.0
1.0
3.0
35.0
1.0
19.0
2.0
3.0
4.0
1.0
1.0
3.0
1.0
75.0
1.0
1.0
814.0
156.0
1.0
24.0
1.0
2.0
51.0
3.0
62.0
4.0
1.0
3.0
31.0
24.0
1.0
1.0
3.0
7896.0
1311.0
1.0
1.0
1.0
110.0
1.0
1.0
3.0
5.0
1.0
3.0
909.0
1.0
119.0
197.0
1.0
3.0
1.0
1.0
450.0
2.0
1.0
1.0
3.0
2.0
1.0
1.0
2.0
4.0
1.0
1327.0
173.0
3.0
25.0
95.0
3.0
3.0
4.0
3.0
8.0
27.0
1.0
3.0
5.0
313.0
27.0
13.0
5.0
1.0
27.0
1.0
91.0
7.0
1.0
62.0
83.0
1.0
2.0
1.0
9.0
2.0
3.0
2.0
1.0
1.0
538.0
1.0
6.0
24.0
1083.0
14.0
242.0
23.0
1.0
33.0
2.0
1.0
3.0
3.0
843.0
1.0
1.0
1.0
450.0
3.0
1.0
7.0
3.0
3.0
63.0
3.0
175.0
3.0
4.0
1.0
1.0
3.0
3.0
2.0
2.0
60.0
9.0
189.0
11.0
57.0
4.0
407.0
252.0
19.0
3.0
130.0
121.0
1.0
8.0
1.0
3.0
3.0
1.0
12.0
16.0
1.0
1.0
4.0
25.0
9.0
55.0
2.0
1.0
8.0
2.0
8.0
3.0
27.0
17.0
2.0
4.0
55.0
596.0
3.0
1.0
8.0
1.0
1.0
9.0
479.0
82.0
1.0
19.0
1382.0
1.0
11.0
9.0
11.0
1.0
1.0
1.0
65.0
59.0
13.0
1.0
1.0
1.0
1.0
11.0
4.0
6.0
247.0
4.0
760.0
7.0
3.0
19.0
1.0
5.0
2.0
660.0
1.0
3.0
1.0
4.0
8.0
1.0
47.0
105.0
457.0
3.0
65.0
3.0
20.0
3.0
8.0
15.0
1.0
3.0
8.0
33.0
1.0
4.0
1.0
4.0
66.0
3.0
1.0
3.0
9.0
2.0
145.0
3.0
1.0
11.0
2.0
32.0
3.0
1.0
7.0
1.0
2.0
1.0
3.0
50.0
9.0
1.0
3.0
996.0
3.0
5.0
1.0
23.0
1.0
3.0
96.0
5.0
111.0
1.0
9.0
3.0
3.0
4.0
4.0
1.0
1.0
51.0
2.0
2.0
15.0
177.0
1.0
19.0
1.0
10.0
10.0
8.0
1.0
2.0
3.0
1411.0
1149.0
1.0
4.0
1.0
2.0
1.0
10.0
3.0
1205.0
2061.0
2.0
14385.0
2.0
3.0
17.0
3.0
148.0
4.0
19.0
27.0
1.0
1.0
4.0
2.0
2.0
24.0
6.0
26.0
28.0
1.0
2.0
226.0
10.0
1631.0
1.0
2.0
6.0
4.0
1.0
3.0
4.0
1.0
234.0
2.0
2.0
10.0
4.0
30.0
1.0
286.0
2.0
4.0
1130.0
52.0
1.0
3.0
9.0
1.0
839.0
6.0
3.0
4.0
2.0
27.0
2.0
16.0
5.0
1.0
3.0
1.0
3.0
447.0
12.0
743.0
3.0
5.0
2.0
66.0
1.0
3.0
4.0
2.0
3.0
1.0
3.0
3.0
3.0
1.0
1.0
458.0
238.0
157.0
1.0
1.0
5.0
92.0
1.0
32.0
3.0
1520.0
54.0
17.0
1.0
2.0
13.0
657.0
2.0
10.0
2.0
1.0
3.0
12.0
3.0
17.0
8.0
1.0
2.0
1.0
1593.0
185.0
1.0
167.0
501.0
1.0
4.0
22.0
1.0
157.0
2.0
3.0
3.0
2.0
5.0
209.0
1.0
6.0
1.0
16.0
1.0
1.0
2.0
19.0
15.0
1096.0
1.0
1.0
4.0
1.0
28.0
8.0
47832.0
297.0
849.0
4.0
17.0
1.0
1263.0
3.0
1669.0
1.0
2.0
1.0
1.0
12.0
2.0
3.0
350.0
2.0
1.0
1.0
3.0
13.0
2.0
3.0
121.0
17.0
3.0
8.0
138.0
3.0
30.0
1.0
18.0
38.0
102.0
2.0
4.0
29.0
7.0
1.0
16.0
102.0
73.0
1.0
1.0
8.0
4.0
596.0
3.0
4.0
2.0
1.0
5.0
2.0
2.0
6.0
1.0
25.0
20.0
3.0
995.0
6.0
492.0
1.0
3.0
2.0
2.0
2.0
1.0
16.0
3.0
1.0
5.0
367.0
1.0
31.0
959.0
3.0
18.0
2.0
1.0
212.0
1.0
1.0
370.0
359.0
36.0
1.0
44.0
1.0
1.0
3.0
26.0
1.0
10.0
3.0
3.0
8.0
3.0
3.0
2.0
18.0
5.0
3.0
40.0
3.0
33.0
3.0
3.0
5.0
965.0
1.0
695.0
2.0
31.0
1.0
590.0
1.0
8.0
3.0
1.0
3.0
2.0
2.0
8.0
2542.0
2.0
1.0
870.0
35.0
1.0
3.0
21.0
1.0
2.0
5.0
1.0
351.0
1.0
149.0
394.0
313.0
24.0
106.0
1.0
21.0
3.0
8.0
3.0
3.0
12.0
3.0
3.0
3.0
20.0
8.0
125.0
16.0
60.0
3.0
13.0
1.0
1.0
14.0
1.0
12.0
171.0
33.0
5.0
3.0
10.0
9.0
5.0
3.0
1115.0
18.0
98.0
1.0
79.0
7.0
3.0
5.0
3.0
4.0
1.0
1.0
8.0
165.0
3.0
2.0
1.0
1.0
138.0
3.0
3.0
225.0
14.0
1.0
1.0
1.0
19.0
33.0
117.0
1.0
23.0
7.0
19.0
82.0
1.0
4.0
48.0
1.0
90.0
1.0
7442.0
3483.0
46.0
10.0
238.0
16.0
10.0
8.0
8.0
1.0
1.0
1.0
5.0
4.0
1.0
4.0
55.0
1.0
1.0
355.0
2.0
5.0
2.0
2.0
51.0
1.0
1.0
1.0
1.0
3.0
14.0
1.0
10.0
5.0
4.0
6.0
2.0
2.0
12.0
3.0
1888.0
5.0
8.0
1.0
1.0
2.0
29.0
1.0
1.0
160.0
1.0
3.0
1.0
1.0
456.0
7.0
1.0
1911.0
1.0
1.0
3.0
1.0
1.0
1.0
3.0
1.0
1.0
1.0
5.0
1.0
2.0
9.0
3.0
1.0
3.0
203.0
697.0
1086.0
1225.0
4.0
597.0
1.0
1.0
1.0
58.0
1.0
4.0
3.0
25.0
1.0
2.0
1.0
2.0
1225.0
34.0
43.0
11.0
23.0
737.0
339.0
3.0
2.0
2.0
1.0
3.0
1836.0
1.0
75.0
1.0
3.0
8.0
14.0
33.0
35.0
1.0
9.0
5.0
2.0
3.0
355.0
1.0
2.0
1.0
19.0
14.0
3.0
3.0
1178.0
4.0
3.0
4.0
10757.0
1.0
6.0
1194.0
178.0
1.0
2.0
3.0
1.0
258.0
129.0
3.0
1.0
1.0
150.0
1.0
1.0
1317.0
2.0
3.0
899.0
1.0
4.0
4.0
24.0
1.0
1.0
1.0
333.0
1.0
1943.0
1.0
1.0
19.0
3.0
17.0
3.0
6.0
3.0
19.0
7.0
3.0
1308.0
495.0
570.0
167.0
4.0
6.0
1.0
71.0
1482.0
668.0
3.0
148.0
2.0
1.0
1.0
3.0
2.0
33.0
15.0
1.0
1.0
1.0
1083.0
4.0
3.0
835.0
3.0
1318.0
1.0
3.0
1.0
2.0
688.0
12.0
1.0
1.0
1529.0
101.0
205.0
75.0
3.0
37.0
3.0
1.0
7.0
9.0
1.0
1.0
489.0
1.0
11.0
3.0
3.0
6.0
1.0
26.0
6.0
26.0
3.0
4.0
844.0
3.0
2.0
1.0
2.0
2.0
9.0
4.0
1.0
3.0
11.0
2.0
1.0
609.0
4.0
22.0
1.0
2.0
29.0
24.0
2.0
11.0
97.0
8684.0
1.0
108.0
1167.0
1.0
1.0
6.0
1.0
46.0
275.0
234.0
413.0
5.0
3.0
4.0
4.0
1.0
18.0
1.0
12.0
3.0
4.0
3.0
3.0
2.0
7.0
26.0
359.0
13.0
1.0
140.0
9.0
3.0
3890.0
2.0
3.0
1.0
28.0
8.0
25.0
9.0
12.0
2418.0
220.0
2.0
3.0
1.0
8.0
2.0
1.0
2.0
9.0
433.0
3.0
1.0
4.0
3.0
1.0
1.0
3.0
549.0
19.0
5629.0
4.0
4.0
3.0
1.0
16.0
99.0
11045.0
3.0
152.0
5081.0
4.0
3.0
132.0
1.0
6.0
3.0
96.0
4.0
7.0
21.0
2.0
2.0
1.0
12.0
351.0
1.0
5.0
3.0
24.0
4.0
21.0
6.0
10.0
3.0
1.0
48.0
6.0
1848.0
1.0
14.0
1.0
63.0
14.0
1.0
1.0
3.0
3.0
3.0
1.0
1.0
90.0
596.0
2.0
1.0
3190.0
108.0
1027.0
3.0
22.0
763.0
3.0
49.0
11.0
1.0
3.0
172.0
2.0
941.0
1.0
5.0
40.0
12.0
3.0
1.0
8.0
151.0
3.0
16.0
26.0
9.0
1.0
1.0
86.0
11.0
3.0
102.0
3.0
1064.0
3.0
270.0
2.0
4.0
11.0
7.0
1.0
76.0
1.0
115.0
5.0
4.0
1.0
165.0
556.0
2.0
3.0
3.0
3.0
1.0
1.0
3.0
4.0
8.0
31.0
5.0
80.0
3.0
24.0
288.0
3.0
4.0
1.0
363.0
1.0
3.0
180.0
2.0
3.0
9.0
2.0
5.0
2.0
9.0
1.0
1.0
3.0
1.0
18.0
642.0
1.0
264.0
1.0
3.0
4.0
38.0
16.0
4.0
74.0
24.0
18733.0
203.0
7.0
1.0
93.0
4.0
1.0
66.0
1.0
1.0
3.0
1.0
4.0
19.0
1.0
1.0
79.0
1.0
57.0
1.0
1.0
3.0
117.0
1.0
3.0
3.0
19.0
121.0
334.0
6085.0
18.0
34.0
1.0
14.0
1.0
14.0
3.0
53.0
6.0
4.0
470.0
2.0
4.0
9.0
12.0
1.0
618.0
38.0
5.0
1.0
329.0
3.0
61.0
69.0
9.0
4.0
15.0
4.0
1.0
1.0
17.0
937.0
1.0
2.0
1.0
2.0
1089.0
3.0
52.0
3.0
73.0
1.0
1.0
19.0
6600.0
906.0
1.0
3.0
652.0
1110.0
88.0
1.0
1.0
3.0
56.0
1.0
278.0
3.0
35.0
1.0
57.0
3.0
2.0
290.0
110.0
80.0
1.0
1.0
24.0
116.0
3.0
43.0
2.0
13.0
421.0
1.0
1.0
1.0
5.0
19.0
1.0
9.0
1.0
1.0
23.0
2.0
1.0
11.0
3.0
1.0
490.0
4.0
3.0
31.0
10.0
143.0
1.0
648.0
180.0
1.0
2.0
3.0
2.0
1.0
1.0
1.0
13.0
23.0
1.0
1.0
63.0
16.0
1.0
2.0
26.0
1.0
250.0
1.0
24.0
7.0
12.0
1.0
1.0
1.0
434.0
3.0
206.0
3.0
3.0
3832.0
3.0
5.0
2.0
4.0
9.0
14.0
1.0
1.0
29.0
3.0
147.0
1.0
1.0
66.0
2.0
3.0
6.0
1.0
2.0
1.0
15.0
3.0
1.0
3.0
2.0
54.0
11.0
1.0
3.0
36.0
2.0
3.0
1.0
3.0
1.0
2.0
2.0
1.0
1.0
1.0
16.0
1.0
37.0
1.0
19.0
10.0
19.0
16.0
4.0
1.0
509.0
2.0
6.0
3.0
4.0
1.0
1.0
611.0
219.0
75.0
131.0
24.0
5.0
948.0
3.0
13.0
34.0
2.0
12.0
117.0
15.0
3.0
15.0
4.0
44.0
31.0
396.0
2.0
473.0
1.0
19.0
2.0
10306.0
3.0
1.0
1.0
427.0
7.0
45.0
1.0
1.0
8.0
40.0
2.0
11.0
3.0
1.0
1.0
1.0
3.0
954.0
4.0
311.0
3.0
3.0
10.0
3.0
2.0
14189.0
411.0
12.0
3.0
72.0
19.0
1.0
370.0
3.0
2.0
1.0
20.0
6.0
3.0
1.0
1.0
1.0
261.0
1.0
1.0
2520.0
7.0
129.0
14.0
351.0
1.0
1.0
1.0
6.0
952.0
1.0
1299.0
37.0
313.0
7.0
9.0
2.0
3.0
338.0
31.0
6.0
1.0
3.0
34.0
2.0
396.0
1.0
2.0
4.0
3.0
16.0
4.0
86.0
3.0
1.0
3.0
4.0
1.0
5.0
4.0
14.0
48.0
27.0
2.0
1117.0
1.0
96.0
7.0
75.0
4.0
36.0
86.0
2.0
2.0
3.0
3.0
4.0
2.0
1.0
29.0
3.0
1.0
1.0
3.0
17.0
3.0
16.0
1.0
3.0
3.0
9.0
2.0
28.0
2.0
7.0
9.0
21.0
624.0
1.0
2.0
10.0
3.0
412.0
44.0
84.0
31.0
2.0
1.0
1.0
2.0
1.0
2.0
17.0
3.0
1.0
1.0
1.0
102.0
1.0
39.0
295.0
3.0
1.0
4.0
1.0
1.0
15.0
1.0
354.0
3.0
2.0
12.0
103.0
3.0
19.0
3.0
3.0
1.0
5.0
711.0
29.0
1.0
1.0
11.0
1.0
1.0
351.0
3.0
2.0
2267.0
10.0
465.0
1.0
1.0
4.0
278.0
23.0
6.0
4.0
1.0
1.0
19.0
122.0
38.0
3.0
24.0
3.0
2.0
3.0
1018.0
73.0
441.0
4517.0
90.0
1.0
3.0
67.0
405.0
19.0
5931.0
6.0
5.0
1.0
147.0
2.0
2.0
1.0
2.0
30.0
1.0
2.0
3.0
1.0
71.0
19.0
3.0
1.0
1.0
31.0
1.0
2.0
3.0
1.0
230.0
11.0
1.0
364.0
24.0
33.0
26.0
1956.0
5.0
101.0
1.0
34.0
2.0
1.0
13.0
4.0
351.0
3.0
652.0
6.0
4005.0
8.0
1.0
3.0
3.0
416.0
2.0
59.0
3.0
3.0
11.0
36.0
2.0
24.0
90.0
1.0
98.0
1.0
1.0
101.0
9.0
2.0
140.0
2.0
1.0
1.0
1.0
1.0
11.0
8.0
8.0
4.0
1.0
4.0
370.0
4.0
1755.0
3.0
5.0
1.0
19.0
504.0
17.0
75.0
269.0
16.0
3.0
6.0
2.0
1.0
11.0
6.0
3.0
95.0
3106.0
25.0
1.0
5959.0
438.0
1.0
2.0
30.0
548.0
207.0
6.0
65.0
1.0
2.0
1.0
3.0
1.0
19.0
1578.0
4.0
2.0
2.0
7.0
121.0
17.0
1.0
73.0
6.0
446.0
19.0
108.0
8.0
3.0
2.0
5.0
8.0
231.0
24.0
1.0
25.0
1.0
5.0
1.0
32.0
51.0
19.0
1.0
121.0
3.0
61.0
1.0
49.0
2.0
3.0
35.0
11.0
1.0
58.0
2.0
797.0
17.0
1.0
16.0
3.0
3.0
3.0
46.0
375.0
14.0
1.0
97.0
4.0
3.0
1.0
1.0
2.0
1.0
2.0
3.0
2.0
1.0
83.0
1659.0
1549.0
1308.0
3.0
2.0
1.0
6.0
3.0
1.0
1.0
91.0
3.0
1.0
710.0
1.0
1.0
2.0
497.0
1.0
15.0
14.0
1.0
49.0
1.0
9.0
3.0
8.0
1.0
550.0
23.0
55.0
1.0
3.0
1.0
2.0
1.0
17.0
2.0
440.0
25.0
3.0
1.0
4.0
129.0
2.0
3.0
8.0
3.0
3.0
1.0
5.0
3.0
1550.0
2.0
2.0
493.0
3.0
1.0
104.0
8.0
1.0
1.0
7.0
3.0
1.0
3.0
1017.0
4.0
15.0
282.0
1.0
1.0
2.0
17.0
2.0
4.0
775.0
4.0
2.0
2.0
11.0
171.0
1.0
802.0
61.0
1.0
33.0
2.0
878.0
6.0
986.0
3.0
2.0
2.0
1.0
3.0
1.0
15.0
3.0
1660.0
1.0
1.0
20.0
1.0
2.0
1.0
1.0
4.0
31.0
6.0
1.0
2.0
1.0
12.0
351.0
1.0
2.0
344.0
1.0
5.0
1.0
1.0
2.0
1.0
1.0
1.0
1.0
78.0
674.0
179.0
1.0
1.0
1.0
2.0
1018.0
2.0
3.0
66.0
21.0
3.0
2482.0
50.0
4.0
1.0
25.0
3.0
1049.0
1.0
1285.0
66.0
12.0
611.0
1.0
3.0
2.0
3.0
282.0
1.0
1.0
65.0
4.0
8.0
1539.0
2.0
375.0
8.0
45.0
4.0
1.0
721.0
68.0
948.0
8.0
76.0
3.0
1.0
1.0
2.0
1.0
1.0
3.0
7.0
147.0
83.0
2.0
8.0
1.0
1.0
1.0
2.0
24.0
3.0
3.0
102.0
5.0
3.0
95.0
1.0
18.0
26.0
4.0
2.0
24.0
1.0
3.0
1.0
3.0
11.0
3.0
536.0
2.0
3.0
1.0
1.0
10.0
209.0
71.0
5.0
28.0
1.0
227.0
4.0
7.0
773.0
3.0
5.0
1.0
634.0
2.0
1.0
4.0
2.0
1.0
31.0
1.0
3.0
1.0
6.0
1.0
12.0
134.0
1515.0
40.0
171.0
3.0
3.0
3.0
18.0
319.0
30.0
2.0
2.0
9.0
1.0
3.0
1.0
1.0
2.0
5.0
338.0
3.0
1.0
25.0
3.0
3.0
1443.0
24.0
3.0
2195.0
24.0
132.0
4.0
3.0
129.0
36.0
1.0
267.0
3.0
37.0
17.0
4.0
1.0
120.0
1.0
2.0
1.0
43.0
8.0
3.0
17.0
22.0
9.0
11.0
2.0
3.0
2047.0
44.0
1.0
1.0
9.0
126.0
1.0
1.0
2.0
4835.0
1.0
863.0
51.0
21.0
3.0
3.0
30.0
2.0
3.0
3.0
249.0
1078.0
71.0
89.0
1.0
21.0
77.0
1.0
3.0
3.0
1.0
827.0
1.0
421.0
1.0
1888.0
1.0
3.0
4.0
9.0
3.0
1.0
32.0
1.0
1.0
11.0
8.0
20.0
1.0
3.0
10.0
7.0
3.0
421.0
4.0
149.0
18.0
3.0
24.0
1056.0
3.0
4.0
1.0
1.0
1.0
31.0
46.0
112.0
1.0
33.0
15.0
164.0
1.0
388.0
4.0
1.0
3.0
2.0
338.0
2.0
2.0
1.0
60.0
3.0
389.0
87.0
5.0
201.0
262.0
3.0
1.0
1.0
3.0
10.0
4.0
5.0
5.0
3.0
2.0
13911.0
1.0
1317.0
7.0
2.0
34.0
26.0
1.0
3.0
431.0
1.0
1.0
9.0
1.0
92.0
17.0
2.0
23.0
47.0
3.0
11.0
3.0
4.0
14.0
28.0
1.0
9.0
79.0
16.0
2.0
47.0
3.0
2.0
2.0
9.0
345.0
17.0
3.0
2.0
3.0
2.0
24.0
690.0
3481.0
210.0
1.0
259.0
1.0
1.0
7073.0
3.0
727.0
1.0
40.0
3.0
22.0
54.0
1.0
69.0
9.0
3.0
19.0
10001.0
6.0
1.0
3.0
1.0
1.0
3.0
3.0
135.0
7.0
1576.0
4228.0
31.0
1.0
4.0
743.0
1.0
3.0
14.0
3.0
14.0
1.0
8.0
268.0
52.0
2.0
24.0
3.0
15.0
3.0
6.0
3.0
4.0
1.0
4.0
3.0
1.0
86.0
8.0
1.0
13.0
21.0
1.0
3.0
2.0
3.0
2.0
1.0
16.0
1.0
421.0
65.0
21.0
1.0
15.0
1.0
17.0
24.0
71.0
51.0
3.0
3.0
184.0
38.0
96.0
6600.0
7.0
9.0
4.0
1.0
3.0
7.0
1.0
2381.0
1.0
1.0
948.0
2.0
1.0
88.0
2430.0
2.0
6317.0
1.0
24.0
3.0
20.0
3.0
1.0
714.0
329.0
1490.0
3.0
14.0
3.0
9.0
258.0
2.0
1.0
6.0
91.0
1.0
1.0
1.0
1265.0
19.0
3.0
2.0
117.0
8.0
3.0
2.0
9.0
3.0
1.0
3.0
73.0
3.0
520.0
13.0
4.0
13675.0
3.0
43.0
292.0
12.0
1.0
7.0
877.0
3.0
5.0
1647.0
2.0
3.0
1.0
3.0
4.0
351.0
328.0
2.0
1.0
1.0
4.0
365.0
1.0
1738.0
4.0
3.0
1.0
7.0
71.0
10.0
278.0
14.0
1.0
33.0
3.0
129.0
4.0
6.0
1.0
1.0
288.0
1.0
7.0
3.0
1.0
737.0
1.0
3.0
19.0
2.0
18.0
1.0
2.0
4554.0
2.0
1.0
4.0
7.0
1.0
2.0
3.0
49.0
30.0
1.0
31.0
605.0
36.0
2.0
1.0
1.0
23.0
19.0
4.0
7.0
4623.0
3.0
109.0
2.0
2.0
1.0
1.0
2.0
1.0
24.0
2.0
25.0
3.0
2.0
3.0
516.0
1.0
42.0
123.0
2476.0
2.0
9.0
1.0
2.0
15.0
4277.0
2.0
8.0
1.0
1.0
5.0
660.0
48.0
835.0
1.0
4.0
3.0
1.0
4.0
30.0
146.0
15.0
1.0
1.0
9.0
51.0
5226.0
124.0
4.0
351.0
1.0
2948.0
1.0
5.0
2.0
3.0
4.0
80.0
3.0
378.0
30.0
1.0
5.0
1.0
2.0
3.0
1959.0
1.0
2.0
1.0
48.0
1.0
43.0
3.0
1.0
878.0
4.0
1.0
1704.0
52.0
3.0
11.0
1.0
3635.0
3.0
3.0
1.0
1.0
487.0
406.0
264.0
5.0
2.0
1.0
2.0
16.0
1.0
2.0
8.0
6034.0
2276.0
15.0
1.0
43.0
674.0
1.0
1.0
1.0
86.0
2.0
2.0
212.0
21.0
5.0
7.0
43.0
5.0
3.0
1.0
1.0
2.0
34.0
134.0
7.0
5.0
1.0
3.0
2.0
1.0
2.0
1.0
1.0
928.0
1.0
7.0
1.0
3.0
1199.0
14.0
18.0
1.0
1719.0
292.0
1.0
2.0
684.0
3.0
2.0
1.0
6.0
1.0
3813.0
1.0
104.0
1.0
1.0
516.0
1.0
1.0
9.0
31.0
26.0
1.0
1.0
4.0
75.0
7.0
46.0
3.0
23.0
4.0
63.0
125.0
10.0
216.0
596.0
7.0
135.0
3.0
295.0
76.0
1045.0
3.0
1.0
3.0
3.0
8.0
3.0
5.0
1.0
930.0
69.0
7.0
225.0
120.0
1.0
3.0
172.0
3.0
4.0
1.0
3.0
84.0
1.0
102.0
1.0
27.0
1.0
22.0
1536.0
28.0
19.0
3.0
230.0
4.0
878.0
3.0
71.0
4.0
33.0
199.0
1.0
4.0
1.0
2.0
5.0
1832.0
4.0
5.0
3.0
3.0
3.0
104.0
12.0
118.0
33.0
1.0
65.0
3.0
3.0
3.0
4.0
7.0
152.0
611.0
2.0
7.0
1.0
508.0
42245.0
3.0
4.0
205.0
3.0
1.0
1.0
3.0
9.0
552.0
16.0
4.0
1.0
65.0
1.0
3.0
15.0
1.0
371.0
2.0
24.0
3.0
1.0
9.0
9.0
20.0
4.0
3.0
5.0
108.0
1.0
9.0
43.0
8.0
2.0
5045.0
15.0
557.0
8.0
1.0
1.0
1.0
212.0
78.0
1.0
2.0
3.0
1.0
4.0
32.0
110.0
2.0
50.0
1.0
3.0
3.0
3.0
207.0
3.0
3.0
15.0
17.0
3.0
1.0
60.0
32.0
3.0
1018.0
393.0
1.0
51.0
232.0
6.0
19.0
3.0
2.0
46.0
1.0
13.0
2.0
3.0
1.0
12.0
1.0
1117.0
7922.0
657.0
2.0
3.0
113.0
8.0
9.0
4.0
1.0
6.0
1.0
20.0
3.0
9.0
1027.0
1.0
56.0
1203.0
1291.0
138.0
3.0
69.0
591.0
3.0
1258.0
3.0
1.0
92.0
58.0
1.0
238.0
11.0
1.0
1551.0
1501.0
6.0
3.0
2.0
1.0
1.0
1.0
6.0
2.0
3.0
25.0
1.0
288.0
112.0
1.0
32.0
1.0
21.0
3.0
3.0
137.0
1.0
164.0
2728.0
127.0
1.0
5.0
3.0
1.0
193.0
1.0
3.0
193.0
4.0
1.0
2.0
2.0
4.0
7.0
1.0
4.0
587.0
13.0
2.0
705.0
1.0
48.0
1.0
6.0
1.0
2.0
1.0
1.0
3.0
22.0
1.0
6.0
1.0
11.0
3.0
4.0
576.0
336.0
1.0
4.0
61.0
3.0
2.0
1.0
18.0
23.0
1.0
3.0
6.0
2.0
1.0
4.0
4.0
1.0
21.0
3.0
16.0
413.0
11.0
1.0
34.0
1.0
1.0
3.0
3.0
1018.0
662.0
1.0
290.0
4.0
19.0
1.0
3.0
3.0
23.0
41.0
108.0
3.0
4.0
4.0
10.0
58.0
2.0
28.0
109.0
307.0
1.0
116.0
3.0
3.0
1.0
5.0
674.0
9.0
1.0
8.0
1.0
1.0
3.0
3.0
13.0
1.0
129.0
78.0
2.0
1.0
1.0
1290.0
10.0
1.0
3.0
1618.0
15.0
112.0
2.0
1.0
421.0
1.0
3.0
537.0
1.0
3.0
49.0
6.0
1330.0
1.0
1.0
990.0
14761.0
1.0
4.0
117.0
9.0
1.0
1.0
1.0
3.0
69.0
1.0
3.0
105.0
1.0
1.0
1049.0
2.0
2.0
1.0
23.0
3.0
2.0
3.0
31.0
406.0
1.0
2.0
2.0
3.0
6.0
74.0
27.0
3.0
28.0
2.0
21.0
31.0
1.0
3.0
2.0
5.0
1.0
69.0
3.0
8.0
2.0
19.0
59.0
433.0
87.0
479.0
17.0
71.0
5.0
185.0
3.0
98.0
3.0
2.0
2.0
1.0
668.0
1.0
72.0
470.0
1.0
717.0
4.0
1.0
69.0
806.0
1.0
172.0
174.0
2.0
1.0
39.0
1.0
900.0
40.0
99.0
3.0
2.0
3.0
95.0
32.0
3.0
3.0
19.0
2.0
3.0
3.0
1.0
3.0
3.0
3.0
2.0
3.0
1.0
4.0
24.0
1.0
1029.0
1.0
1.0
7.0
1.0
3.0
15.0
18.0
1.0
288.0
1.0
120.0
1.0
2.0
1.0
1.0
35.0
2.0
52.0
2.0
1026.0
288.0
19.0
2.0
399.0
17.0
33.0
24.0
5.0
114.0
1469.0
1.0
515.0
11.0
1.0
1.0
1.0
2.0
6.0
362.0
1.0
3.0
2.0
7037.0
36.0
972.0
2.0
1.0
3.0
4.0
9.0
11.0
547.0
2.0
1.0
1.0
1.0
2.0
2.0
16.0
5.0
3.0
75.0
10.0
1606.0
3.0
20.0
8.0
1.0
1.0
4.0
2.0
1.0
2.0
3.0
101.0
1.0
9.0
1.0
235.0
1.0
1.0
8.0
1.0
3.0
1.0
1.0
73.0
1.0
1.0
4.0
8.0
292.0
2.0
33.0
3.0
1024.0
13.0
8.0
4.0
3.0
1.0
84.0
3.0
81.0
386.0
4.0
1847.0
3.0
1.0
2.0
3.0
7.0
1.0
65.0
5.0
1.0
1.0
11.0
2.0
3.0
837.0
6.0
19.0
7.0
209.0
160.0
17.0
2.0
18.0
3.0
6.0
1.0
41.0
2.0
408.0
32.0
31.0
117.0
2.0
4.0
4.0
92.0
2.0
5.0
57.0
2.0
1.0
4.0
2.0
729.0
1.0
932.0
38.0
3.0
1.0
6.0
3.0
20.0
34.0
3.0
1.0
13.0
2.0
3.0
1.0
1.0
14.0
1.0
2.0
384.0
3.0
9.0
434.0
3.0
1.0
3.0
16.0
10.0
17.0
1.0
132.0
3423.0
3.0
7.0
1952.0
2.0
1.0
8.0
3.0
6.0
1.0
6.0
9.0
4.0
1.0
15.0
3.0
3.0
9.0
4.0
39.0
3.0
1.0
73.0
1.0
1500.0
1.0
67.0
2.0
19.0
3.0
12.0
886.0
3.0
3.0
1.0
1.0
4.0
17.0
3.0
37.0
17.0
4.0
24.0
3.0
2143.0
3.0
7.0
388.0
15.0
1.0
1.0
2.0
1.0
3.0
3.0
3.0
1.0
12.0
35.0
1631.0
351.0
2.0
335.0
7.0
43.0
7.0
1.0
10.0
192.0
1.0
763.0
3.0
1.0
12.0
43.0
1.0
41.0
11.0
4.0
1.0
116.0
820.0
23.0
7.0
3.0
1.0
3.0
3.0
2.0
297.0
19.0
8.0
4.0
334.0
3.0
2.0
1.0
1.0
351.0
12.0
24.0
351.0
1.0
3.0
3.0
3.0
4.0
1.0
1.0
23.0
1.0
1.0
1.0
1.0
24.0
596.0
97.0
1.0
1.0
93.0
4.0
46.0
3.0
4.0
1.0
1.0
103.0
39.0
1.0
1.0
2.0
696.0
1.0
24.0
1.0
1.0
58.0
1.0
12.0
3.0
21.0
1.0
1.0
1.0
1.0
4.0
1.0
23.0
3396.0
8.0
5.0
17.0
122.0
9.0
4.0
49.0
1.0
8.0
6.0
1.0
86.0
144.0
6.0
23.0
104.0
8058.0
2.0
3.0
172.0
3.0
1.0
3.0
1.0
1.0
1.0
5.0
3.0
74.0
1.0
1.0
45.0
13.0
1.0
2.0
228.0
2793.0
5775.0
149.0
7815.0
3.0
1.0
185.0
3.0
1.0
3.0
16.0
1.0
1.0
1.0
3.0
1.0
36.0
5.0
19.0
1.0
1.0
1.0
3.0
562.0
117.0
5.0
1.0
1438.0
5.0
1.0
1.0
18.0
1.0
3.0
1.0
61.0
17.0
11.0
2.0
13.0
3.0
1.0
1.0
1929.0
9.0
3.0
364.0
5.0
7.0
101.0
1.0
4.0
25.0
1.0
1.0
1.0
101.0
97.0
1.0
4.0
1.0
3416.0
1.0
12.0
957.0
2.0
5.0
520.0
413.0
14189.0
176.0
1.0
1699.0
1.0
2.0
1.0
4.0
3.0
1.0
2.0
622.0
2.0
2.0
3.0
3.0
260.0
2.0
1.0
17.0
7.0
3.0
20.0
232.0
1291.0
1061.0
12.0
1.0
9.0
24.0
3.0
8.0
38.0
1508.0
1.0
3.0
53.0
2.0
1.0
1.0
2.0
786.0
2.0
1.0
1.0
26.0
9.0
22830.0
176.0
279.0
3.0
1.0
3.0
1.0
44.0
2.0
4.0
2.0
4.0
1694.0
3.0
906.0
24.0
1.0
3.0
3.0
2.0
2.0
1.0
1.0
12.0
3.0
3.0
20.0
4.0
5.0
2.0
1.0
104.0
1.0
3.0
1.0
729.0
1.0
369.0
3.0
121.0
9.0
125.0
4.0
336.0
1267.0
3.0
2.0
9.0
3.0
40.0
19.0
18.0
9.0
1.0
932.0
1.0
332.0
779.0
135.0
6.0
2.0
3.0
405.0
1.0
1.0
1115.0
4.0
2.0
1.0
4.0
1222.0
3.0
1.0
10.0
4.0
5.0
233.0
61.0
533.0
6.0
4.0
508.0
43.0
17.0
3.0
2.0
1.0
1.0
2.0
67.0
288.0
1.0
23.0
32.0
77.0
3.0
23.0
3.0
291.0
2.0
2.0
9.0
3.0
1.0
55.0
9.0
4.0
4.0
2.0
1.0
23.0
9.0
17.0
2.0
10.0
15.0
2.0
1.0
1.0
3.0
2.0
4.0
1.0
5.0
24.0
316.0
1.0
5.0
1107.0
26.0
2.0
798.0
2.0
36.0
1.0
1.0
295.0
6600.0
1.0
3.0
3.0
55.0
1.0
3.0
3.0
1.0
3.0
346.0
9.0
1.0
115.0
3.0
1487.0
1.0
18.0
1.0
1.0
9.0
2.0
3.0
1.0
1.0
9.0
1778.0
71.0
22.0
1.0
8.0
516.0
3.0
1.0
5.0
7.0
3.0
11.0
2.0
2.0
3.0
3.0
3.0
2.0
462.0
3.0
38.0
2.0
65.0
27.0
887.0
5.0
3.0
6.0
12.0
14354.0
365.0
2.0
117.0
1.0
123.0
29.0
14189.0
1018.0
26.0
2.0
1.0
1.0
3233.0
869.0
1.0
1.0
1.0
17.0
3.0
1.0
3.0
8.0
1.0
1.0
1669.0
69.0
17.0
96.0
18.0
10.0
282.0
3.0
199.0
1.0
3.0
2.0
2.0
32.0
45.0
1.0
1.0
3.0
1.0
29.0
1.0
104.0
19.0
1.0
9.0
1.0
1.0
3.0
17.0
2.0
3.0
5.0
1.0
81.0
496.0
24.0
1.0
158.0
3.0
1.0
11.0
3.0
4.0
3.0
705.0
1.0
1.0
34.0
3.0
3.0
30.0
57.0
543.0
1.0
3.0
2.0
14.0
7.0
1002.0
1.0
1.0
3.0
5.0
20.0
3.0
16.0
581.0
522.0
157.0
1.0
4.0
1.0
99.0
1.0
1.0
2.0
2.0
22235.0
175.0
12.0
3.0
3.0
1.0
1.0
1.0
130.0
1.0
1.0
674.0
7.0
1.0
3.0
134.0
1.0
1.0
3.0
779.0
1.0
351.0
2.0
34.0
6.0
4.0
103.0
5.0
1.0
127.0
4.0
570.0
1.0
1.0
1.0
3.0
1083.0
2.0
1.0
5.0
3.0
167.0
59.0
17.0
1.0
388.0
2.0
85.0
9.0
446.0
2.0
1.0
24.0
1.0
3.0
1.0
1.0
2.0
3.0
23.0
508.0
3.0
7.0
3203.0
2.0
1.0
1.0
3.0
2.0
1.0
1.0
66.0
77.0
27.0
1.0
1.0
5.0
16.0
1.0
2.0
57.0
25.0
7.0
2944.0
2.0
2.0
6.0
8.0
4.0
1008.0
1.0
3.0
25.0
1.0
270.0
8.0
9.0
1.0
1.0
1.0
3.0
3.0
1.0
3.0
1.0
14.0
119.0
292.0
1.0
3.0
3.0
1.0
1.0
3.0
340.0
2.0
2.0
9.0
7.0
3.0
4.0
1.0
1.0
1.0
3.0
4.0
1310.0
1.0
2.0
16.0
15.0
8.0
1018.0
1.0
1.0
1.0
279.0
5.0
451.0
2.0
3.0
11.0
3.0
8.0
452.0
51.0
10.0
2.0
3.0
301.0
4.0
3.0
3.0
421.0
3.0
12.0
1.0
324.0
14.0
1.0
30.0
19.0
7.0
3.0
3.0
1.0
2.0
1.0
2.0
65.0
123.0
1.0
2.0
1.0
1.0
3.0
1799.0
1.0
31.0
9.0
25.0
1079.0
4.0
9.0
255.0
3.0
10.0
9.0
319.0
30.0
182.0
1.0
1.0
2.0
4.0
3.0
36.0
1216.0
153.0
3.0
6.0
2.0
2.0
25.0
4.0
3.0
1.0
3.0
1.0
8.0
4.0
52.0
106.0
270.0
3.0
225.0
3368.0
1.0
5472.0
87.0
3.0
3.0
2.0
10.0
1.0
1.0
3.0
262.0
1.0
18.0
3.0
4.0
338.0
1017.0
2531.0
1.0
1536.0
9.0
1.0
8.0
1.0
53.0
1.0
3.0
10.0
2.0
82.0
9.0
61.0
1.0
24.0
1.0
1.0
1.0
3.0
959.0
3.0
1.0
49.0
1.0
1.0
1.0
2.0
1.0
3963.0
1.0
8.0
2.0
21.0
65.0
19.0
209.0
2.0
2.0
1.0
6558.0
2.0
1.0
1.0
9.0
2.0
17.0
6.0
202.0
324.0
1.0
23.0
6.0
3.0
26.0
1.0
1.0
7.0
399.0
6.0
205.0
19.0
23.0
1.0
1.0
17.0
5.0
17.0
2.0
1.0
1.0
1.0
9.0
13.0
1.0
1.0
2.0
2.0
1.0
1.0
117.0
3.0
858.0
3.0
1.0
1.0
49.0
6600.0
16.0
288.0
1.0
2.0
41.0
2.0
2.0
1198.0
22.0
2.0
2.0
155.0
1.0
2.0
2.0
1.0
24.0
903.0
32.0
3.0
3.0
1.0
5.0
9.0
2.0
25.0
3.0
31.0
11.0
3.0
3.0
3.0
1.0
1.0
4689.0
840.0
1.0
27.0
282.0
12.0
1.0
95.0
4.0
3.0
3.0
1.0
3.0
1.0
38.0
110.0
1.0
1.0
6.0
20.0
3119.0
1.0
2.0
1.0
3.0
1.0
1.0
5.0
30.0
1.0
65.0
2616.0
48.0
1577.0
1.0
32.0
4.0
1.0
149.0
4.0
1947.0
3.0
43.0
4.0
1.0
571.0
1.0
1.0
3.0
144.0
1449.0
1.0
6.0
1.0
3.0
3.0
427.0
2.0
31.0
6583.0
658.0
3.0
1.0
40.0
36.0
8.0
2.0
2.0
132.0
50.0
3.0
1.0
3.0
3.0
1.0
2129.0
1.0
2.0
180.0
160.0
24.0
127.0
1.0
1.0
83.0
3.0
13.0
1078.0
32.0
3.0
9.0
1.0
117.0
1.0
270.0
1.0
1.0
1.0
10.0
3.0
4.0
2.0
1103.0
103.0
124.0
30.0
1.0
1.0
1.0
85.0
24.0
3.0
4336.0
1.0
19.0
5.0
21.0
2.0
3.0
3.0
2.0
6640.0
2.0
5.0
15.0
14284.0
1.0
1.0
3.0
1.0
577.0
4.0
19.0
7.0
3.0
3.0
5.0
22.0
35.0
3.0
5.0
1.0
9.0
46.0
2.0
3.0
2.0
342.0
569.0
19.0
1.0
4.0
1.0
5.0
53.0
901.0
26.0
1.0
26.0
23.0
345.0
19.0
71.0
3.0
21.0
11.0
90.0
19.0
1.0
244.0
9.0
35.0
9.0
1.0
8.0
4.0
63.0
2.0
3.0
296.0
3.0
1.0
103.0
648.0
2.0
11.0
2.0
18.0
102.0
33.0
2.0
13932.0
9.0
277.0
4613.0
30.0
2.0
296.0
1.0
2.0
1.0
56.0
1.0
1.0
3.0
1.0
1.0
10.0
3.0
1.0
1.0
6.0
20.0
38.0
1.0
1.0
4.0
3.0
938.0
125.0
1.0
3.0
8.0
33.0
1.0
213.0
1.0
3.0
2.0
26.0
9.0
14.0
8.0
1.0
24.0
4721.0
47.0
1.0
3.0
11.0
2.0
836.0
1.0
4.0
14.0
16.0
1.0
1.0
2.0
1.0
4.0
1.0
1.0
21.0
1.0
1.0
43.0
25.0
1.0
11.0
1.0
3.0
75.0
8.0
4.0
318.0
150.0
3.0
751.0
3.0
10.0
1.0
1.0
4.0
1085.0
1.0
43.0
7.0
1.0
2.0
2.0
798.0
1.0
55.0
22.0
983.0
4.0
23.0
1.0
1.0
1.0
33.0
1.0
1.0
5.0
9.0
1.0
1.0
3.0
195.0
92.0
2.0
1.0
72.0
12.0
3.0
3.0
376.0
3.0
55.0
1.0
1.0
6.0
1.0
429.0
3.0
407.0
1.0
68.0
2.0
1.0
1966.0
28.0
2.0
129.0
15.0
1.0
38.0
956.0
8.0
102.0
1.0
1.0
3.0
99.0
327.0
270.0
84.0
2.0
14385.0
1.0
2.0
1.0
6.0
283.0
4.0
97.0
17.0
373.0
9.0
924.0
3.0
3.0
63.0
3.0
3.0
961.0
1763.0
4.0
1.0
11.0
3.0
1.0
5.0
15.0
3.0
1822.0
1.0
20.0
135.0
1.0
69.0
24.0
86.0
7.0
24.0
39.0
70.0
2.0
416.0
902.0
1.0
9.0
3.0
11.0
6.0
55.0
207.0
3.0
2.0
3.0
3.0
9.0
57.0
1.0
2.0
4.0
1.0
7.0
9.0
25.0
11.0
3.0
138.0
107.0
1356.0
25.0
1.0
3.0
793.0
7.0
12.0
1.0
1.0
1.0
3.0
30.0
512.0
1.0
2.0
10.0
3.0
9.0
444.0
3.0
5.0
8.0
14.0
24.0
8.0
10.0
4.0
4.0
178.0
7.0
2.0
5.0
4.0
1.0
3.0
3.0
3.0
11.0
2.0
813.0
3.0
961.0
1.0
1.0
9.0
2.0
3.0
137.0
3.0
4.0
3.0
3.0
19.0
1.0
3.0
1.0
4.0
4.0
1.0
15.0
95.0
1.0
49.0
3.0
1507.0
193.0
3.0
8.0
1.0
1.0
932.0
1.0
17.0
46.0
3.0
1.0
32.0
23.0
2.0
31.0
1.0
4.0
236.0
1.0
308.0
21.0
37.0
1.0
2.0
1.0
3.0
1.0
483.0
12.0
1.0
3.0
1.0
1.0
3.0
1.0
9.0
1.0
3.0
12.0
11.0
1.0
1270.0
2.0
1.0
6.0
46.0
12.0
1.0
4.0
2.0
1.0
1.0
1.0
3.0
3.0
1.0
1.0
14152.0
1.0
5.0
1.0
1.0
24481.0
3.0
4.0
1.0
1.0
53.0
688.0
44529.0
3.0
3.0
1.0
3.0
1.0
9.0
5.0
1.0
957.0
3.0
1.0
5.0
3.0
35.0
63.0
1.0
1.0
3.0
3.0
1.0
71.0
117.0
52.0
257.0
1.0
3.0
2.0
1.0
10.0
1.0
3.0
1.0
523.0
341.0
2.0
5.0
8.0
3.0
3.0
1.0
755.0
120.0
1.0
1.0
362.0
680.0
7.0
3.0
4.0
517.0
1.0
638.0
944.0
1.0
1.0
4.0
3.0
4.0
40.0
2.0
1.0
1.0
160.0
3.0
6225.0
1.0
228.0
4.0
3.0
105.0
60.0
1.0
10.0
5.0
3.0
7.0
1.0
3.0
1.0
10.0
3.0
11.0
50.0
3.0
10.0
44.0
1.0
8670.0
1.0
202.0
3.0
2.0
2.0
1.0
3.0
4.0
62.0
4.0
9.0
2.0
2.0
6.0
1.0
1.0
1.0
117.0
370.0
1.0
23.0
1.0
1.0
2.0
2.0
1.0
7.0
4.0
1899.0
1573.0
12.0
11.0
4.0
281.0
198.0
1.0
3.0
3.0
3.0
1.0
1.0
2.0
1.0
8.0
37.0
351.0
3.0
697.0
47.0
57.0
1.0
7355.0
1.0
256.0
3.0
84.0
1.0
76.0
1.0
23.0
1.0
2.0
235.0
3.0
107.0
1.0
1.0
32.0
4.0
1.0
1.0
2.0
59.0
1.0
11.0
130.0
2884.0
4.0
1.0
6.0
11.0
1.0
1147.0
4.0
3.0
1.0
142.0
1.0
1.0
4.0
103.0
20.0
13.0
48.0
1.0
1.0
1.0
2.0
12.0
1.0
638.0
1.0
2.0
14.0
88.0
3.0
527.0
7.0
1.0
1.0
8.0
198.0
3274.0
1.0
41.0
2152.0
986.0
10.0
1.0
3.0
307.0
1.0
1.0
32.0
19.0
3.0
8.0
175.0
300.0
1.0
3.0
167.0
1.0
4.0
1.0
16.0
2.0
1.0
5.0
3.0
1.0
9.0
157.0
1.0
2.0
9.0
3.0
1.0
14.0
3.0
3.0
43.0
2.0
4.0
1.0
366.0
1.0
6.0
1.0
1.0
42.0
6.0
3.0
1.0
1.0
216.0
18.0
1.0
847.0
7.0
79.0
128.0
3.0
152.0
3.0
1.0
16.0
65.0
3.0
1264.0
1.0
2223.0
8.0
1.0
24.0
2.0
721.0
1.0
1.0
34.0
1.0
2.0
11.0
2.0
19.0
1.0
13978.0
1.0
1.0
65.0
259.0
21.0
1.0
87.0
3.0
3.0
2.0
3.0
7.0
1.0
3.0
3.0
1.0
15.0
1.0
223.0
2.0
56.0
33.0
1.0
2.0
3.0
5.0
5.0
13.0
1.0
2.0
208.0
1.0
11.0
344.0
1.0
1.0
1.0
2.0
1.0
11789.0
1.0
1.0
1618.0
5.0
3.0
1.0
14.0
4.0
3.0
3.0
696.0
1.0
2.0
1.0
6.0
59.0
453.0
75.0
4.0
7031.0
1.0
4.0
55.0
1129.0
1.0
2421.0
979.0
24.0
96175.0
299.0
2.0
3.0
1.0
2.0
55.0
20.0
1.0
3.0
516.0
258.0
1.0
7.0
1.0
41.0
65.0
1.0
1.0
2.0
1.0
1.0
3.0
1.0
2.0
787.0
42.0
1.0
1.0
63.0
20.0
9.0
521.0
4.0
39.0
1.0
3.0
1.0
346.0
15.0
292.0
3.0
1.0
7.0
338.0
7.0
3.0
1.0
1.0
3.0
2.0
2.0
646.0
4.0
1.0
6.0
9.0
6.0
1.0
1.0
3.0
7.0
1227.0
606.0
1.0
1.0
282.0
1.0
457.0
20.0
1.0
1.0
22.0
2.0
2.0
1.0
13.0
3.0
1.0
2.0
2.0
1.0
2.0
1.0
753.0
19.0
24.0
4.0
33.0
8.0
114.0
1.0
70.0
4.0
3.0
4.0
288.0
1.0
1.0
4.0
64.0
21.0
1.0
1.0
1.0
3.0
3.0
4.0
98.0
1.0
2.0
32.0
2529.0
1.0
3.0
5.0
3.0
421.0
8.0
1.0
88.0
1.0
1735.0
3.0
776.0
14.0
18.0
1.0
17.0
1.0
1.0
3.0
4537.0
8.0
2.0
3.0
1.0
1.0
2.0
1.0
647.0
3532.0
24.0
4.0
3.0
9.0
3.0
562.0
13.0
2.0
3.0
3.0
22.0
1.0
1.0
2.0
2.0
3.0
1.0
3.0
36.0
1.0
961.0
14189.0
3.0
17.0
102.0
6.0
54.0
924.0
12.0
3.0
23.0
3.0
45.0
18.0
3.0
4.0
8.0
3.0
1.0
66.0
1.0
1.0
1.0
5.0
3.0
1.0
3.0
9.0
6.0
1.0
1.0
34.0
1.0
2.0
6447.0
3.0
1.0
1.0
6.0
2221.0
155.0
3.0
3.0
4.0
1.0
3.0
73.0
2.0
2.0
4.0
1.0
61.0
2.0
3.0
1.0
14189.0
1.0
1.0
768.0
46.0
3.0
605.0
45.0
3.0
113.0
2.0
1.0
1.0
3.0
87.0
6.0
3.0
3.0
4.0
2.0
8.0
2.0
24.0
4.0
1.0
116.0
3.0
2.0
1.0
1.0
6.0
2.0
7.0
3.0
3.0
1.0
4.0
4.0
251.0
2.0
3.0
1.0
1.0
5.0
6.0
131.0
1.0
57.0
4.0
6.0
8.0
881.0
2.0
1.0
8.0
1.0
1066.0
1.0
1.0
249.0
3.0
77.0
65.0
9.0
3.0
24.0
9.0
24.0
4.0
4.0
1.0
3.0
3.0
2.0
1.0
232.0
1.0
17.0
1.0
3.0
4.0
111.0
3.0
39.0
1.0
2.0
15.0
6.0
3.0
156.0
2.0
1.0
1.0
42.0
10.0
3.0
2.0
1850.0
11.0
16.0
9.0
8.0
27.0
51.0
21.0
53.0
1.0
1.0
19.0
370.0
6.0
1.0
8.0
1.0
3.0
1.0
186.0
1.0
103.0
1.0
1.0
6.0
2.0
3.0
39.0
8.0
2.0
199.0
10.0
15.0
1.0
3.0
3.0
190.0
15.0
15.0
1.0
25.0
4.0
1.0
11.0
429.0
9.0
165.0
4.0
27.0
3.0
12.0
1.0
515.0
32.0
11.0
75.0
1.0
1.0
1.0
1.0
14.0
8.0
2.0
3.0
106.0
4.0
1.0
36.0
3.0
3.0
2.0
4.0
11.0
47.0
1.0
17.0
65.0
1.0
343.0
1.0
2.0
3.0
13.0
6.0
2.0
31.0
7.0
15.0
4.0
288.0
14.0
353.0
3.0
2.0
1.0
46.0
86.0
1.0
362.0
8.0
2.0
7.0
3.0
1.0
564.0
1.0
1.0
1.0
2.0
82.0
51.0
627.0
2774.0
19.0
9.0
3.0
1.0
1.0
1.0
1356.0
1.0
3.0
7.0
1.0
2.0
8.0
1.0
1.0
1.0
14.0
2.0
41.0
3.0
3.0
10.0
12.0
106.0
4.0
4.0
2.0
932.0
1.0
1.0
1.0
1.0
107.0
34.0
1.0
2608.0
224.0
7.0
1117.0
1.0
141.0
1.0
295.0
2.0
1.0
5.0
17.0
2.0
5547.0
2.0
7.0
2.0
50.0
5.0
1.0
24.0
1.0
2.0
3.0
146.0
658.0
552.0
83.0
2.0
8.0
385.0
69.0
10.0
1.0
282.0
3.0
1.0
1.0
13.0
3.0
12.0
1.0
154.0
2.0
2.0
3.0
2.0
7.0
3.0
1.0
1.0
1.0
2123.0
1.0
1.0
7.0
131.0
2.0
1018.0
1733.0
1.0
11.0
1.0
109.0
3.0
1.0
1.0
7.0
1.0
2.0
3.0
1.0
9.0
1.0
24.0
4.0
1.0
3047.0
31.0
10.0
46.0
2.0
15.0
1.0
297.0
1.0
1.0
1.0
510.0
370.0
24.0
37.0
900.0
2.0
32.0
13.0
70.0
1.0
1.0
3.0
3.0
109.0
1267.0
2.0
58.0
3.0
1.0
5.0
6.0
733.0
5.0
4.0
1.0
3.0
19.0
3.0
302.0
71.0
5.0
2.0
1.0
300.0
41.0
30.0
1923.0
96.0
1.0
261.0
3.0
3.0
21.0
1.0
3.0
1.0
2.0
13.0
1.0
8.0
8.0
1.0
2.0
14.0
1064.0
1.0
733.0
33.0
7.0
8.0
5.0
3.0
6.0
5.0
4.0
2.0
28.0
1.0
2.0
106.0
2.0
1.0
223.0
7.0
11.0
20.0
226.0
1.0
1.0
17.0
2.0
523.0
1.0
1.0
24.0
1.0
3.0
3.0
228.0
13.0
35.0
39.0
2.0
3.0
4.0
149.0
2.0
1.0
224.0
5.0
7.0
3.0
1.0
3.0
1131.0
2.0
38.0
3.0
725.0
10.0
2.0
514.0
1.0
3.0
436.0
1.0
1.0
1.0
1.0
1968.0
3.0
26.0
1.0
234.0
1.0
7.0
3.0
1.0
77.0
4.0
17.0
3.0
2.0
4.0
1.0
65.0
3.0
218.0
40.0
8.0
3.0
25.0
1.0
1.0
1.0
7.0
7.0
1.0
1.0
1.0
3.0
453.0
11.0
3.0
3.0
2.0
1.0
1391.0
74.0
11.0
1.0
3.0
3.0
14.0
3.0
4.0
1.0
2.0
2.0
1.0
3.0
1.0
11.0
3.0
3.0
161.0
191.0
1.0
1.0
1115.0
1.0
733.0
2.0
23.0
119.0
948.0
3.0
1.0
1.0
3.0
8.0
1.0
1.0
92.0
5.0
4448.0
102.0
1.0
3.0
1.0
2.0
2.0
2.0
6.0
7.0
1.0
1.0
3.0
4.0
3.0
1.0
1.0
1.0
2593.0
1.0
3.0
120.0
191.0
11.0
41.0
3.0
152.0
60.0
1.0
415.0
74.0
11.0
3.0
24.0
12.0
676.0
282.0
3.0
4.0
3.0
3.0
24.0
65.0
2.0
1416.0
1944.0
711.0
1309.0
1.0
1.0
2.0
298.0
11.0
9.0
13.0
2.0
6.0
3.0
3.0
3.0
1.0
1.0
2.0
17.0
4.0
51.0
1.0
3.0
3.0
1.0
4.0
1.0
1.0
3.0
16.0
1.0
7.0
3.0
1.0
3.0
3.0
1.0
516.0
1.0
104.0
7.0
2.0
3.0
3.0
1.0
9.0
1.0
1.0
1.0
15.0
2.0
3.0
943.0
4.0
7.0
3.0
2.0
4.0
1.0
69.0
5.0
2.0
1.0
288.0
3.0
9.0
3.0
2798.0
51.0
4.0
4.0
79.0
3.0
1.0
18.0
12.0
64.0
1016.0
3.0
1.0
5.0
110.0
1.0
343.0
5.0
19.0
3.0
4.0
2.0
20.0
366.0
138.0
4.0
15.0
110.0
3.0
7.0
428.0
6.0
5.0
47.0
1.0
4.0
6.0
9.0
2.0
8.0
1.0
1.0
1.0
596.0
1.0
2.0
24.0
1136.0
2.0
3.0
1.0
3.0
4.0
6.0
1.0
53.0
3.0
1.0
3.0
3.0
1.0
3.0
2.0
7.0
1.0
1.0
3.0
86.0
5.0
16.0
8.0
24.0
5.0
60.0
4.0
1.0
4.0
13.0
367.0
22.0
108.0
269.0
124.0
3.0
5.0
1.0
2.0
3767.0
3.0
4.0
4.0
1334.0
1.0
66.0
2.0
1.0
209.0
1.0
1.0
113.0
72.0
9.0
44.0
170.0
1.0
8.0
31.0
1.0
20.0
11.0
1.0
2.0
292.0
9.0
1.0
1749.0
1.0
3.0
3.0
4.0
31.0
1.0
3.0
9.0
421.0
133.0
1.0
284.0
3.0
1.0
13.0
3.0
3.0
32.0
1.0
4.0
49.0
1.0
157.0
2.0
2176.0
1.0
1.0
1.0
2.0
8.0
1.0
565.0
3.0
3.0
3.0
1.0
2.0
2.0
1.0
1.0
1.0
1068.0
5.0
2.0
1.0
31.0
3.0
3.0
2.0
3.0
1.0
13.0
1.0
19504.0
1.0
145.0
9.0
10.0
5.0
8.0
353.0
100.0
282.0
3.0
351.0
464.0
62.0
1.0
1.0
111.0
16.0
11.0
20.0
1.0
5.0
3.0
3.0
2.0
1.0
1.0
3.0
1.0
3.0
2.0
6.0
86.0
1.0
4.0
596.0
1.0
9.0
1.0
8.0
286.0
4.0
4.0
1.0
1244.0
2.0
20.0
239.0
1.0
2.0
1.0
7.0
1.0
3.0
5.0
766.0
46.0
17.0
1.0
1.0
3.0
19.0
1.0
3.0
3.0
1.0
2222.0
3.0
88.0
2.0
4.0
1.0
4.0
17.0
23.0
48.0
17.0
1.0
19.0
79.0
2.0
1.0
312.0
25.0
123.0
2.0
4.0
19.0
1.0
7.0
17.0
1.0
17.0
1.0
3.0
135.0
3.0
2.0
3.0
3.0
19.0
5.0
2.0
3.0
889.0
120.0
2.0
1.0
341.0
2.0
6.0
93.0
8.0
3.0
1.0
1.0
117.0
14.0
84.0
3.0
2.0
1.0
3.0
8.0
1.0
570.0
519.0
33.0
25.0
1.0
153.0
1.0
1.0
1102.0
2.0
1.0
7423.0
1.0
1.0
3.0
3.0
232.0
10.0
1.0
8.0
4.0
6.0
3.0
1.0
4.0
15.0
7.0
1.0
1.0
24.0
42.0
1.0
1.0
4.0
3.0
2.0
201.0
1.0
36.0
682.0
50.0
1.0
4.0
8.0
3.0
1.0
2.0
3.0
1.0
14.0
1.0
71.0
761.0
3.0
1.0
1.0
68.0
371.0
1.0
3.0
15.0
7.0
24.0
9.0
4.0
2.0
1415.0
3.0
16.0
1.0
1.0
1.0
5.0
15.0
1.0
3.0
1.0
4.0
2.0
78.0
351.0
152.0
3649.0
1.0
41.0
1.0
2.0
14.0
6.0
3.0
4.0
17.0
33.0
196.0
1923.0
2.0
4.0
1.0
550.0
2.0
2.0
6.0
898.0
476.0
1.0
13.0
6.0
2.0
67.0
2.0
1.0
2.0
2.0
1655.0
83.0
2064.0
48.0
3686.0
1.0
57.0
1.0
873.0
2.0
18.0
481.0
1.0
1546.0
7.0
1.0
1.0
2.0
5655.0
492.0
5.0
2.0
4.0
2.0
7.0
517.0
153.0
2.0
394.0
19.0
1.0
1.0
3.0
1.0
2.0
39.0
8.0
4.0
2.0
5.0
2.0
2.0
11.0
495.0
2.0
1.0
3.0
4.0
69.0
3.0
1.0
2.0
18.0
407.0
2.0
313.0
275.0
1.0
13.0
11.0
95.0
2.0
10.0
9.0
4.0
9.0
1.0
767.0
1.0
1.0
35.0
1.0
1027.0
13.0
72.0
19.0
61.0
1670.0
2.0
2.0
82.0
4.0
62.0
1.0
1.0
2.0
1.0
1.0
9.0
18.0
1.0
1.0
2.0
1.0
1.0
14.0
259.0
36.0
6.0
6.0
1208.0
1.0
4.0
1242.0
5.0
3.0
186.0
737.0
9.0
9.0
5.0
718.0
1.0
8.0
668.0
1.0
1.0
288.0
1.0
2.0
2.0
6.0
3.0
2.0
3.0
2.0
10.0
12.0
2280.0
4.0
1.0
697.0
3.0
356.0
1.0
1.0
4.0
1.0
59.0
1.0
830.0
12.0
51.0
1072.0
3.0
1.0
40.0
4.0
2.0
3.0
132.0
1.0
801.0
235.0
2.0
1.0
4.0
15.0
1270.0
1.0
2.0
2.0
835.0
1.0
1.0
3.0
18.0
1.0
1.0
1.0
1.0
12945.0
3.0
1.0
5.0
4.0
84.0
1.0
1.0
1.0
1.0
81.0
1.0
4.0
1.0
1.0
8.0
3.0
1.0
7.0
683.0
565.0
22.0
3.0
14.0
1.0
50.0
1.0
1.0
2.0
1.0
1513.0
3.0
1.0
1.0
1.0
1.0
14.0
493.0
14.0
3.0
157.0
3.0
3.0
40.0
1.0
2224.0
2.0
1.0
81.0
1.0
1049.0
11.0
1024.0
2.0
612.0
58.0
4.0
16.0
3.0
1985.0
2.0
28.0
5.0
1.0
3.0
5.0
1.0
1701.0
7.0
2.0
471.0
3.0
1.0
1.0
26.0
1.0
60.0
1879.0
2.0
566.0
23.0
1.0
4.0
36.0
731.0
8.0
1.0
2926.0
1.0
629.0
1.0
1.0
700.0
1.0
3.0
15.0
3.0
1.0
1.0
1.0
2.0
3.0
2.0
102.0
49.0
13.0
3.0
4.0
14.0
1.0
37.0
2.0
2.0
3.0
1.0
46.0
1.0
1.0
1.0
1.0
1.0
132.0
62.0
8.0
415.0
156.0
2.0
8.0
2.0
19.0
14189.0
2.0
1.0
39.0
1916.0
2.0
19.0
3.0
1.0
4.0
1.0
21.0
7.0
2.0
19.0
3.0
21.0
3.0
1.0
2.0
19.0
100.0
101.0
1530.0
131.0
3.0
3.0
1.0
1.0
17.0
8677.0
2.0
2.0
2.0
1.0
4.0
3.0
18.0
313.0
467.0
1.0
1577.0
19.0
10.0
34.0
1.0
3.0
6.0
3298.0
4.0
86.0
5.0
13.0
6.0
1.0
771.0
1.0
3.0
10.0
1.0
3851.0
44.0
3.0
3.0
743.0
2.0
1.0
1.0
4.0
2.0
6.0
27.0
1.0
9.0
7.0
13.0
1.0
5.0
1.0
1.0
4.0
14.0
1.0
24.0
102.0
1.0
14005.0
1.0
1.0
1.0
6.0
108.0
2.0
1.0
24.0
3.0
3.0
1.0
1.0
2.0
3230.0
3.0
44.0
9.0
3.0
1.0
7.0
117.0
3.0
1.0
9.0
7.0
1.0
7.0
279.0
1.0
1.0
574.0
1.0
17.0
17.0
13.0
1.0
61.0
15.0
7.0
58.0
10.0
3.0
8.0
2.0
3.0
1.0
3.0
19.0
58.0
3.0
18.0
1.0
717.0
369.0
24.0
11.0
132.0
26.0
3.0
2.0
2.0
24.0
3.0
3.0
2.0
1.0
1.0
45.0
1.0
288.0
2.0
15.0
1.0
2.0
26.0
1.0
1.0
2.0
2.0
8.0
3.0
61.0
2.0
2.0
23.0
494.0
85.0
73.0
1.0
330.0
1.0
65.0
3.0
4612.0
240.0
1.0
3001.0
1.0
364.0
3.0
576.0
236.0
1.0
4.0
805.0
973.0
1.0
2.0
2.0
9.0
5.0
4.0
401.0
1.0
1.0
187.0
3.0
7.0
2.0
3.0
1.0
190.0
404.0
14.0
1047.0
2670.0
81.0
44.0
1.0
789.0
2.0
1987.0
5756.0
11.0
944.0
6.0
1.0
119.0
1.0
1.0
4.0
288.0
83.0
1.0
3.0
1.0
1.0
3.0
1.0
4.0
36.0
19.0
3.0
8.0
5.0
55.0
5.0
7641.0
8.0
2.0
3.0
4.0
42.0
1.0
7.0
1.0
1.0
3.0
4470.0
593.0
3.0
3.0
14.0
8.0
2.0
1.0
7.0
3.0
102.0
2.0
1.0
3.0
4444.0
65.0
6.0
5.0
1.0
10.0
17.0
23.0
2.0
3.0
1.0
1368.0
11.0
7.0
130.0
1.0
1.0
327.0
3.0
4.0
32.0
7.0
25.0
10.0
11.0
3.0
3.0
3.0
292.0
313.0
3.0
1.0
3.0
1.0
29.0
19.0
31.0
3.0
3.0
2.0
7.0
3.0
2.0
1.0
3.0
772.0
8.0
3.0
3.0
17.0
236.0
7.0
1.0
10.0
180.0
1.0
1617.0
8.0
3.0
1.0
391.0
2.0
65.0
1.0
17.0
269.0
1.0
5.0
3.0
282.0
73.0
87.0
2.0
3.0
1.0
3.0
7.0
154.0
1.0
14.0
1.0
8.0
15.0
2.0
2.0
1.0
2.0
1.0
3.0
7.0
1.0
12.0
4.0
3.0
3.0
1.0
37.0
7.0
1.0
1.0
1.0
292.0
11.0
1.0
125.0
2.0
136.0
22.0
31.0
1.0
6.0
3.0
3.0
172.0
6.0
3.0
4.0
88.0
2.0
1.0
9.0
14.0
1386.0
129.0
35.0
1.0
158.0
7.0
14.0
11.0
2.0
3.0
292.0
3.0
27.0
48.0
74.0
3.0
3.0
906.0
23.0
26.0
7.0
6.0
1.0
50.0
1.0
3.0
130.0
1.0
53.0
39.0
977.0
2.0
17.0
1.0
6.0
3.0
3.0
3.0
789.0
350.0
3.0
2.0
1.0
6.0
1.0
5.0
1.0
2.0
8.0
5.0
3.0
761.0
1703.0
292.0
1.0
4.0
3.0
13834.0
1.0
34.0
1.0
3.0
1.0
17.0
2.0
1.0
5.0
457.0
1.0
5.0
7.0
232.0
1.0
5.0
3.0
838.0
3.0
4.0
9.0
1.0
1.0
4.0
68.0
9.0
4.0
1.0
5.0
2.0
1.0
1.0
3.0
877.0
2.0
2.0
2.0
3.0
110.0
105.0
268.0
1.0
3.0
1216.0
3.0
1189.0
1.0
3.0
1.0
1.0
3.0
2.0
1.0
4.0
84.0
3.0
3.0
14.0
4.0
288.0
351.0
60000.0
1.0
992.0
1.0
4.0
134.0
3.0
16.0
9.0
27.0
9.0
1.0
4.0
7.0
1.0
41.0
4.0
1.0
3.0
66.0
1613.0
3.0
961.0
2.0
24.0
3.0
24.0
8.0
1.0
7.0
1.0
84.0
6.0
1.0
1018.0
1.0
2.0
3.0
1.0
6.0
1.0
1.0
4.0
2.0
3.0
1.0
1.0
1.0
1.0
5.0
3.0
3.0
2.0
2.0
1.0
25.0
17.0
6.0
2.0
2633.0
56.0
1.0
24.0
2.0
19.0
1.0
7.0
1401.0
12.0
2.0
10.0
2.0
3.0
457.0
1.0
1.0
1.0
3.0
1.0
4.0
1.0
282.0
200.0
2.0
432.0
79.0
4.0
10.0
21.0
273.0
1.0
3.0
737.0
3.0
2.0
1.0
1.0
2.0
1.0
338.0
2.0
226.0
3.0
513.0
1.0
1.0
1.0
36.0
1.0
181.0
1.0
3.0
3.0
38.0
24.0
3.0
350.0
1.0
1.0
1.0
1.0
2.0
30.0
1.0
31.0
2.0
34.0
3.0
3.0
101.0
1.0
158.0
45.0
5.0
549.0
2482.0
2.0
7.0
3.0
1.0
3.0
4.0
1.0
78.0
18.0
4970.0
1519.0
6.0
459.0
4.0
1.0
1.0
2.0
1530.0
1.0
3.0
1.0
385.0
48.0
5381.0
57.0
1.0
1.0
1.0
24.0
2.0
1.0
2.0
32.0
3.0
3.0
76.0
40.0
2.0
34.0
10.0
3.0
5.0
7.0
3.0
17.0
972.0
1115.0
351.0
3.0
2.0
67.0
1.0
9.0
3.0
6.0
152.0
149.0
15.0
5.0
1.0
3075.0
2.0
53.0
6.0
2.0
3.0
7.0
4.0
2.0
15.0
3.0
79.0
1.0
26.0
3.0
1.0
1.0
133.0
39.0
3.0
8.0
4.0
1.0
1.0
1030.0
3.0
2.0
2.0
3.0
961.0
2.0
39.0
38.0
3.0
2.0
105.0
9.0
60.0
113.0
1.0
1.0
3.0
1.0
1.0
29.0
3.0
1.0
2.0
4.0
4.0
13.0
171.0
1.0
72.0
6.0
140.0
1.0
1.0
1.0
1.0
1.0
2.0
4.0
5228.0
1.0
1.0
6.0
235.0
1.0
80.0
8.0
2.0
1.0
8.0
1.0
4.0
3.0
10.0
5.0
91.0
1.0
6.0
103.0
55.0
9.0
40.0
2.0
177.0
10.0
91.0
4.0
39.0
2.0
2.0
4.0
2.0
13.0
54.0
1.0
2.0
9.0
7.0
28.0
3.0
2.0
940.0
101.0
5.0
1.0
1.0
24.0
47.0
1.0
25.0
48.0
7.0
7.0
3.0
4.0
1.0
1.0
1.0
10.0
1185.0
23.0
15.0
55.0
1.0
2.0
21.0
55.0
7.0
1.0
1.0
8.0
2.0
1.0
12.0
4.0
242.0
1.0
4.0
1.0
1.0
3.0
3.0
583.0
3.0
74.0
3.0
9.0
14.0
2.0
1060.0
341.0
17.0
1.0
34.0
22.0
1.0
79.0
3.0
348.0
34.0
4.0
2.0
7.0
1.0
101.0
126.0
2.0
3.0
1.0
3.0
1.0
127.0
3.0
51.0
9.0
1.0
106.0
6.0
4.0
132.0
20.0
3.0
105.0
1.0
1.0
131.0
4.0
635.0
6.0
3253.0
668.0
152.0
672.0
1.0
1.0
1.0
1.0
1.0
21.0
6.0
1.0
112.0
1.0
3.0
3.0
22.0
37.0
5.0
5.0
543.0
3.0
4.0
30.0
4.0
2.0
1.0
162.0
3.0
3.0
3.0
5.0
16.0
69.0
1.0
142.0
121.0
1.0
292.0
1.0
41.0
1.0
3.0
795.0
3.0
54.0
43.0
557.0
8.0
1.0
108.0
1.0
19.0
1.0
1.0
3.0
63.0
178.0
3.0
1.0
202.0
1.0
9.0
1.0
91732.0
4.0
1.0
3.0
5.0
4.0
2.0
35.0
3.0
1653.0
31.0
3.0
3.0
1517.0
1.0
3.0
31.0
41560.0
8.0
5.0
3.0
1456.0
2.0
5.0
148.0
1.0
442.0
2.0
2.0
150.0
107.0
7.0
1.0
1443.0
4.0
21.0
3.0
21.0
1.0
1.0
2.0
1.0
5.0
1087.0
82.0
1.0
38.0
46.0
1.0
8.0
1.0
1.0
1.0
1.0
1.0
6.0
2.0
21.0
1.0
3.0
19.0
9.0
1.0
282.0
234.0
4.0
72.0
13.0
3.0
1.0
117.0
1.0
87.0
2882.0
500.0
1.0
351.0
2.0
3.0
2.0
130.0
17.0
1.0
4.0
24.0
1.0
1.0
3.0
9.0
1.0
3.0
1517.0
1.0
4.0
2.0
3.0
1.0
370.0
1.0
3.0
1.0
2.0
1598.0
936.0
2.0
1326.0
772.0
3.0
957.0
1.0
11.0
5.0
15.0
1.0
1.0
33.0
1.0
3.0
1.0
3.0
27.0
3.0
4.0
1.0
1.0
7.0
2.0
1.0
1.0
1.0
1.0
1.0
638.0
318.0
305.0
3.0
1.0
1.0
549.0
3.0
3.0
1.0
10.0
1.0
104.0
1.0
1396.0
74.0
1.0
3.0
1.0
203.0
1.0
8.0
1.0
232.0
3.0
4549.0
7.0
3.0
3.0
6.0
17.0
5.0
618.0
1.0
4.0
399.0
4.0
51.0
15.0
24.0
1.0
1.0
15.0
2.0
249.0
3.0
2.0
2.0
5.0
11.0
3.0
3.0
1.0
3.0
278.0
1602.0
3.0
1.0
1.0
1.0
2.0
11.0
1.0
338.0
2.0
2.0
1.0
2.0
835.0
76.0
1.0
1.0
1.0
7.0
3.0
1.0
19.0
1.0
4.0
38.0
56.0
1.0
30.0
1.0
1.0
1.0
521.0
1.0
3.0
1.0
25.0
6.0
7024.0
2.0
4.0
1045.0
711.0
1.0
1.0
1.0
342.0
313.0
4.0
1.0
683.0
76.0
441.0
24.0
1.0
177.0
1.0
1.0
217.0
130.0
1.0
15.0
2.0
1.0
2.0
94.0
99.0
4.0
351.0
2.0
3.0
80.0
3.0
1.0
17.0
3.0
1.0
9.0
467.0
3.0
104.0
111.0
3.0
1.0
1.0
8.0
2.0
361.0
674.0
1.0
27.0
30.0
110.0
6.0
1.0
4.0
2.0
2.0
5.0
3.0
1890.0
5.0
2.0
19.0
2.0
3.0
2.0
3.0
1.0
8.0
1.0
3.0
1207.0
3.0
1.0
552.0
11.0
12.0
3.0
1.0
1.0
9.0
4.0
26.0
4.0
1.0
1.0
69.0
1.0
1.0
2.0
222.0
34.0
106.0
24.0
1.0
34.0
3.0
3.0
4.0
22.0
1.0
9.0
1.0
1.0
4.0
4.0
5.0
1.0
5.0
444.0
14.0
338.0
1.0
19.0
3.0
50.0
1.0
9.0
2.0
116.0
12.0
1.0
87.0
1.0
1.0
3.0
931.0
9.0
2294.0
3.0
64.0
47.0
56.0
2.0
33.0
10.0
1.0
12.0
5.0
1.0
35.0
3.0
2.0
1.0
3.0
1.0
2.0
957.0
624.0
1.0
1.0
28.0
12.0
1.0
1.0
5.0
1.0
1.0
2.0
607.0
25.0
3.0
1.0
2.0
1.0
1.0
4.0
231.0
1.0
9.0
10.0
1.0
47.0
12.0
2.0
500.0
1.0
2.0
15.0
188.0
67.0
22.0
3.0
3.0
65.0
1.0
1078.0
1.0
5.0
7.0
3.0
447.0
1.0
1.0
1.0
3.0
1.0
3.0
378.0
3.0
5.0
5.0
7.0
72.0
102.0
1302.0
5.0
105.0
193.0
9.0
1.0
2.0
2.0
2.0
23.0
764.0
74.0
1.0
27.0
4.0
3.0
800.0
3.0
2.0
3.0
23.0
2.0
17.0
1.0
2.0
1139.0
6.0
208.0
6.0
248.0
2.0
193.0
1.0
1.0
2.0
9.0
3.0
148.0
390.0
48.0
211.0
24.0
4.0
116.0
1225.0
2.0
108.0
19.0
5.0
13.0
4.0
45.0
313.0
2.0
3.0
29.0
1.0
138.0
2.0
8.0
1.0
1469.0
24.0
1.0
2766.0
2.0
12.0
20.0
3.0
207.0
127.0
8.0
3.0
2.0
1.0
1.0
29.0
1.0
17.0
12.0
1.0
1.0
1.0
1.0
72.0
8.0
105.0
58.0
5.0
6.0
2.0
4.0
189.0
74.0
438.0
1.0
1.0
1.0
1.0
3.0
3.0
3.0
9.0
1.0
24.0
2.0
3.0
192.0
875.0
1.0
1.0
2.0
9.0
3.0
3.0
15.0
189.0
46.0
21.0
3.0
16.0
2.0
86.0
3.0
427.0
1.0
2397.0
1.0
1.0
7.0
1.0
4.0
20.0
1.0
3.0
1.0
1.0
3.0
1.0
3.0
1.0
354.0
1.0
47.0
3.0
34.0
1654.0
82.0
4.0
1.0
3.0
1.0
333.0
14005.0
10.0
33.0
3.0
1.0
3.0
83.0
2.0
170.0
742.0
4.0
69.0
190.0
2.0
1.0
4.0
65.0
3.0
1.0
1.0
2.0
49.0
5.0
1.0
1.0
192.0
1.0
2.0
1.0
2.0
2.0
3.0
7646.0
35.0
3.0
21.0
14.0
3.0
10.0
1.0
2.0
386.0
12230.0
3.0
10.0
1.0
3.0
2.0
3.0
4.0
1.0
2.0
3.0
82.0
1090.0
7.0
3.0
6.0
89.0
4.0
121.0
3.0
1.0
149.0
1734.0
1.0
113.0
719.0
884.0
4.0
1.0
3.0
1474.0
1460.0
11.0
1.0
10.0
2.0
24.0
199.0
13.0
10.0
282.0
2.0
16.0
8.0
24.0
12.0
4.0
1.0
2984.0
2.0
4.0
110.0
5.0
1.0
22.0
90.0
3.0
3.0
6.0
2.0
4.0
2.0
3.0
1.0
115.0
3.0
8.0
239.0
1.0
2.0
3.0
1.0
1.0
1.0
3.0
1.0
9.0
5.0
101.0
1212.0
26.0
5756.0
6.0
107.0
886.0
339.0
87.0
5.0
2.0
3.0
8203.0
3.0
39.0
1237.0
13.0
1.0
183.0
1.0
3.0
1208.0
5.0
1.0
1486.0
4.0
12.0
92.0
1.0
9.0
1.0
2.0
6.0
85.0
1.0
131.0
55.0
1.0
3.0
1.0
8.0
1.0
18.0
19.0
2.0
2.0
16.0
1.0
748.0
53.0
545.0
2.0
114.0
8.0
105.0
9.0
241.0
1.0
737.0
3.0
5.0
1.0
5.0
1754.0
6576.0
1.0
3.0
3.0
1.0
123.0
350.0
4.0
3.0
3.0
1.0
1.0
4.0
126.0
781.0
33.0
63.0
240.0
1.0
3.0
2.0
3.0
1.0
45.0
3.0
24.0
4.0
32.0
2.0
3.0
183.0
302.0
2.0
4.0
1.0
4.0
1.0
75.0
6.0
1.0
2.0
765.0
4.0
6.0
3.0
11.0
8.0
1.0
4.0
43.0
2616.0
14.0
3.0
3.0
9.0
11.0
1.0
1.0
2.0
1.0
11.0
1.0
1.0
4.0
4412.0
2.0
189.0
964.0
444.0
1.0
2.0
322.0
3.0
49.0
169.0
1.0
5.0
24.0
76.0
1.0
3.0
1.0
3.0
1.0
1.0
1.0
867.0
1.0
759.0
1.0
14.0
737.0
1.0
132.0
2.0
179.0
11.0
3.0
55.0
4.0
16.0
1.0
4.0
3.0
1.0
1.0
1.0
255.0
14385.0
3.0
866.0
44.0
1.0
1.0
1083.0
522.0
86.0
1.0
6.0
3.0
164.0
3.0
36.0
373.0
13.0
915.0
1.0
1.0
32.0
65.0
3.0
11.0
1.0
1.0
1.0
2.0
45.0
59.0
14.0
96.0
27.0
1.0
1.0
3.0
1.0
1.0
2.0
1102.0
17.0
1.0
1.0
1640.0
1.0
7.0
3.0
5.0
7.0
4.0
1.0
1.0
1.0
46.0
4.0
1.0
24.0
1.0
3.0
2.0
19.0
3.0
3.0
17.0
3.0
1.0
1.0
1.0
1.0
24.0
460.0
2.0
10.0
1.0
1.0
22.0
1.0
1.0
16.0
3.0
1.0
1.0
2050.0
535.0
1.0
67.0
1.0
1.0
1.0
9.0
1.0
2.0
5.0
2.0
3.0
2.0
1.0
3.0
1.0
580.0
58.0
1.0
1.0
3.0
2.0
15.0
1.0
614.0
3.0
2194.0
1.0
6.0
41.0
6.0
23.0
9.0
46.0
4.0
28.0
779.0
31.0
1.0
16.0
131.0
1.0
1.0
3.0
23.0
1.0
50.0
3.0
10.0
4.0
92.0
138.0
102.0
1.0
3.0
8.0
2.0
33.0
1.0
509.0
3.0
6.0
4.0
3.0
737.0
1641.0
1.0
3.0
92270.0
1.0
1.0
93.0
1.0
1.0
172.0
1.0
1244.0
3.0
6149.0
1.0
3.0
2.0
11.0
4.0
6.0
10.0
5.0
4.0
1.0
29.0
61.0
1.0
1.0
379.0
3.0
2.0
1759.0
1.0
1.0
2.0
282.0
6.0
1.0
105.0
620.0
3.0
6.0
308.0
56.0
3.0
7.0
22.0
439.0
18.0
3.0
3.0
3.0
147.0
2.0
5.0
3.0
201.0
3.0
149.0
2.0
1.0
3.0
1.0
1.0
2.0
65.0
2327.0
25.0
1.0
39.0
1.0
1586.0
1.0
1.0
1.0
3.0
1.0
1.0
22.0
172.0
1.0
8.0
4.0
5.0
3.0
23.0
9.0
64.0
6.0
1.0
4.0
1780.0
11.0
16.0
1.0
66.0
3.0
6.0
1.0
5.0
2.0
14.0
1.0
56.0
2.0
4.0
2.0
13.0
1.0
93.0
1.0
8.0
1.0
292.0
3.0
4612.0
1.0
3.0
450.0
2.0
4.0
3.0
56.0
3.0
4.0
1.0
1238.0
4.0
2.0
1.0
1.0
48.0
296.0
1297.0
99.0
4.0
73.0
4.0
6.0
1.0
1.0
24.0
8.0
1.0
11.0
437.0
2.0
6.0
2.0
50.0
8.0
5017.0
2.0
472.0
354.0
25.0
165.0
5.0
1.0
3.0
2.0
2.0
75.0
2.0
182.0
1.0
1.0
8.0
1.0
3.0
89.0
33.0
94.0
3.0
36.0
1.0
30.0
152.0
3.0
8.0
17.0
4341.0
3.0
1019.0
1540.0
3.0
2.0
5.0
1.0
13.0
5.0
113.0
1.0
9.0
35.0
44.0
254.0
8.0
2447.0
1.0
20.0
4.0
1.0
3.0
3.0
1.0
171.0
1.0
3.0
2.0
21.0
96.0
1.0
796.0
1.0
1.0
285.0
3.0
33.0
3.0
3.0
71.0
1.0
2.0
4.0
1.0
1.0
1.0
3.0
2.0
10.0
1.0
8.0
733.0
1.0
3.0
1.0
1.0
1.0
7285.0
2.0
1.0
1.0
92.0
18.0
3.0
22.0
4.0
2.0
3.0
1.0
1.0
3.0
204.0
1.0
1.0
1.0
5.0
1.0
1.0
3.0
3.0
4.0
17.0
3.0
29.0
34.0
5.0
1.0
1.0
7.0
1.0
3.0
1.0
30.0
342.0
1.0
1.0
165.0
282.0
3.0
3.0
12.0
1.0
543.0
1.0
14.0
41.0
512.0
22.0
1.0
15.0
82.0
1.0
4.0
5.0
20.0
715.0
3.0
4.0
1.0
5.0
10.0
1.0
5.0
19.0
102.0
11787.0
1.0
1.0
1.0
1.0
9.0
40.0
1.0
51.0
1.0
17.0
1.0
473.0
1.0
14.0
904.0
1.0
1.0
1.0
9.0
1426.0
38.0
17.0
3.0
3.0
3.0
128.0
1.0
1.0
983.0
4.0
272.0
1.0
16.0
19.0
2.0
1.0
17.0
1232.0
5.0
3.0
754.0
24.0
9.0
3.0
446.0
1.0
1225.0
5.0
3.0
12.0
1.0
2.0
306.0
3.0
1.0
23.0
4.0
5.0
70.0
3.0
1.0
17.0
9.0
4.0
20.0
59.0
300.0
2.0
23.0
11.0
1.0
2.0
1.0
56.0
1.0
1.0
19.0
2.0
3.0
36.0
1.0
2371.0
2.0
2339.0
4.0
23.0
540.0
2.0
1.0
1.0
9.0
40.0
1.0
1.0
4.0
5.0
1.0
1.0
4.0
282.0
6.0
217.0
1.0
1159.0
1.0
1.0
162.0
65.0
17.0
8.0
2.0
1.0
1.0
7.0
460.0
11.0
1.0
1.0
18.0
30.0
21.0
1.0
1427.0
3.0
1.0
3.0
1.0
9.0
2.0
3.0
17.0
9.0
2.0
288.0
10.0
67.0
36.0
51.0
1.0
2.0
3.0
7.0
6.0
1926.0
81.0
1.0
3.0
2.0
21.0
3.0
22.0
1.0
287.0
1.0
10.0
1208.0
11.0
132.0
53.0
1.0
47.0
9.0
7.0
12.0
3.0
2.0
18.0
1435.0
3.0
16.0
4.0
4.0
65.0
7.0
3.0
1.0
82.0
3.0
595.0
3.0
74.0
1.0
3.0
86.0
149.0
24.0
1.0
6.0
1.0
12.0
914.0
530.0
104.0
1707.0
11.0
15.0
34.0
67.0
4.0
890.0
3.0
2.0
219.0
6.0
3.0
3.0
86.0
17.0
58.0
54.0
6.0
12.0
53.0
3.0
3.0
3550.0
1.0
3.0
70.0
9.0
1.0
63.0
7.0
1.0
781.0
69.0
24.0
2.0
2.0
208.0
16524.0
1.0
1432.0
3.0
286.0
1.0
2.0
351.0
165.0
4.0
28.0
19.0
29.0
75.0
5.0
5.0
125.0
10.0
421.0
3.0
4.0
11.0
3.0
2.0
1.0
2.0
1.0
1.0
33.0
55.0
3.0
15.0
288.0
3.0
16061.0
3.0
173.0
4.0
3.0
6.0
2.0
1.0
3.0
67.0
30.0
36.0
3.0
1.0
3.0
174.0
1031.0
3.0
1.0
3.0
5.0
21.0
3.0
7.0
3.0
1.0
1.0
5.0
107.0
2.0
38624.0
94.0
2.0
5.0
119.0
1.0
4.0
1.0
23.0
3.0
3.0
1.0
11.0
100.0
8.0
444.0
3.0
4.0
1.0
14.0
6.0
60.0
34.0
1.0
2.0
3.0
9.0
8.0
8983.0
1.0
1.0
9.0
232.0
1.0
5.0
3.0
1.0
248.0
9.0
109.0
279.0
14.0
1856.0
106.0
3.0
2.0
10.0
727.0
6.0
3.0
2.0
8.0
6.0
10.0
70.0
4.0
1.0
77.0
3.0
2.0
3.0
1.0
1.0
131.0
3.0
1.0
3.0
6.0
31.0
1.0
3.0
118.0
3.0
17.0
2.0
24.0
859.0
3.0
1.0
4.0
1.0
3.0
6.0
9.0
3.0
2.0
40.0
8.0
247.0
19.0
1.0
1.0
3.0
1.0
1.0
1.0
1.0
1.0
7.0
3.0
269.0
2.0
15.0
1.0
11.0
3.0
12.0
4.0
3.0
1.0
63.0
14.0
10.0
1.0
3.0
338.0
710.0
3808.0
12.0
2132.0
19.0
542.0
16.0
3.0
1.0
923.0
232.0
2.0
718.0
1.0
6.0
24.0
1.0
2.0
1.0
59.0
2.0
5.0
6.0
1.0
10.0
24.0
1.0
638.0
2.0
19.0
2.0
3004.0
11.0
1.0
5.0
1.0
1.0
45.0
1.0
32.0
9.0
379.0
10.0
39.0
17.0
50.0
24201.0
26.0
164.0
9.0
1.0
14.0
22.0
2.0
2.0
17.0
1.0
24.0
58.0
16.0
2.0
550.0
17.0
8.0
8.0
4.0
14455.0
440.0
102.0
157.0
42.0
1.0
33.0
1.0
1.0
1.0
1.0
351.0
1.0
1.0
1.0
7.0
1.0
1.0
1.0
6858.0
8.0
87.0
3.0
2.0
2.0
44.0
29.0
30.0
1.0
4.0
33.0
1.0
292.0
15.0
3.0
1.0
4.0
1.0
3.0
30.0
42.0
88791.0
8.0
24.0
3.0
3147.0
35.0
2.0
1.0
1.0
67.0
8.0
1.0
512.0
4982.0
19.0
1.0
18.0
3.0
9.0
1.0
1.0
6.0
35.0
1.0
1.0
33.0
1.0
1.0
2.0
1.0
959.0
3.0
1.0
3.0
18.0
3.0
83.0
24.0
7.0
1.0
279.0
3.0
1.0
2.0
3.0
822.0
5.0
3.0
63.0
11.0
10.0
542.0
2.0
272.0
2.0
8.0
1.0
2.0
1.0
1.0
3.0
4.0
102.0
498.0
189.0
69.0
4.0
29.0
14.0
7.0
2.0
573.0
1.0
3.0
292.0
5.0
1.0
1.0
12.0
9.0
20.0
53.0
2.0
2.0
6.0
38.0
3.0
5.0
11.0
33.0
6.0
1.0
3.0
3.0
3.0
1.0
3.0
3.0
1.0
1.0
3.0
5.0
1.0
124.0
7.0
19.0
3.0
2.0
4.0
614.0
24.0
2.0
6.0
1.0
2.0
3.0
2.0
3.0
1.0
6.0
2.0
3.0
1047.0
1.0
1.0
87.0
1.0
4.0
1.0
8.0
1.0
1.0
4.0
1.0
25.0
2.0
16.0
14.0
23.0
4.0
1.0
1.0
1.0
2.0
274.0
2.0
1.0
46.0
18.0
3.0
2.0
17.0
1.0
2.0
3.0
793.0
2.0
8.0
428.0
1.0
180.0
86.0
6.0
62.0
9.0
97.0
20.0
144.0
13.0
64.0
267.0
23.0
7.0
1.0
24.0
3.0
9.0
3.0
2037.0
1.0
3.0
10.0
3.0
17.0
2.0
34.0
3.0
47.0
4.0
12.0
44.0
135.0
1.0
2.0
3.0
3.0
3.0
1259.0
374.0
3.0
1.0
1.0
11.0
9.0
29.0
2.0
36.0
2.0
149.0
20118.0
3.0
596.0
689.0
3.0
1.0
355.0
1.0
5816.0
19.0
14385.0
1.0
134.0
167.0
1.0
919.0
1.0
59.0
341.0
3.0
3828.0
10.0
4.0
4.0
1.0
1.0
3.0
1.0
9.0
2.0
1.0
9.0
30.0
1.0
29.0
3.0
4.0
1.0
1.0
1.0
5.0
2.0
2.0
1.0
1.0
511.0
3.0
17.0
1246.0
1.0
24.0
2.0
5.0
3.0
16.0
1.0
1.0
3.0
5.0
1.0
9.0
1.0
2.0
4.0
313.0
3.0
720.0
259.0
596.0
13116.0
5.0
1.0
24.0
1.0
3.0
6.0
1.0
1.0
999.0
6.0
1.0
43.0
1.0
4.0
1121.0
1.0
427.0
8.0
1.0
2.0
7.0
14.0
1.0
4586.0
5.0
8.0
16.0
15.0
1.0
1.0
1521.0
5.0
27.0
1.0
4.0
1.0
24.0
1.0
9.0
1.0
3.0
6.0
1.0
4.0
3.0
5.0
1.0
6.0
4.0
121.0
37.0
32.0
2.0
102.0
19.0
7.0
4676.0
3.0
19.0
3.0
3.0
2.0
3.0
1.0
1.0
415.0
1.0
1.0
3.0
8.0
3.0
18.0
2.0
24.0
5.0
1.0
4.0
3.0
1.0
1.0
883.0
65.0
35.0
227.0
9.0
1115.0
1.0
65.0
4.0
1.0
832.0
150.0
1.0
1.0
1.0
13.0
28.0
1.0
2.0
298.0
1634.0
3.0
2.0
3.0
364.0
1.0
132.0
7.0
512.0
2.0
27.0
4.0
1.0
9.0
1.0
2.0
6.0
2.0
3.0
1.0
1.0
1.0
50.0
27.0
3.0
2.0
56.0
1.0
3.0
17.0
3.0
1.0
3.0
3.0
917.0
1.0
12.0
1.0
30.0
9.0
596.0
1.0
2.0
666.0
4.0
21.0
17.0
3.0
15.0
25.0
4.0
65.0
5.0
2.0
19.0
1.0
92.0
1.0
278.0
2.0
3.0
1.0
5.0
6.0
4.0
3.0
371.0
2.0
4.0
3.0
3.0
19.0
12.0
611.0
2.0
1.0
3.0
5.0
10.0
1.0
9.0
3.0
3.0
1.0
705.0
5.0
1401.0
1.0
10.0
21.0
73.0
1.0
1.0
102.0
52.0
1.0
442.0
9.0
1.0
1.0
3.0
3.0
23.0
102.0
3.0
354.0
215.0
15.0
288.0
1.0
1.0
3.0
58.0
2.0
68.0
12.0
1.0
38.0
135.0
351.0
15.0
11.0
2.0
3311.0
2.0
3.0
1.0
1.0
2.0
1.0
3.0
712.0
3.0
6.0
3.0
2.0
55.0
195.0
2.0
4.0
11.0
2.0
5.0
37.0
13.0
1.0
1.0
9.0
97.0
25.0
7.0
3.0
1.0
1.0
1.0
1.0
2.0
1.0
1.0
10.0
8.0
553.0
68.0
2.0
1.0
2.0
9.0
13.0
3.0
529.0
31.0
2.0
535.0
63.0
7.0
9.0
121.0
17.0
1.0
2.0
9.0
24.0
21.0
1.0
1967.0
1.0
1.0
337.0
2.0
50.0
1.0
1734.0
5.0
3.0
5.0
2.0
3.0
323.0
21.0
811.0
5.0
37.0
3.0
3.0
4.0
4.0
18.0
1663.0
3.0
535.0
1.0
2.0
4.0
1.0
2.0
12.0
2.0
1.0
2.0
1.0
2.0
3.0
1.0
186.0
436.0
66.0
1.0
3.0
59.0
1.0
2065.0
2.0
29.0
4.0
83.0
74.0
6.0
2.0
3.0
1246.0
83.0
2.0
12.0
2.0
3.0
2.0
1.0
217.0
3.0
3.0
1.0
6.0
2.0
1.0
1.0
2840.0
4.0
1.0
9.0
664.0
10.0
2.0
2.0
2.0
36.0
1.0
12.0
5.0
1.0
1.0
1.0
10.0
3.0
3.0
3.0
871.0
578.0
361.0
4.0
1.0
69.0
40.0
1.0
1.0
4.0
1.0
3.0
3.0
883.0
202.0
3.0
2325.0
3.0
178.0
363.0
2896.0
23.0
1.0
157.0
2.0
1.0
2.0
7.0
53.0
674.0
3.0
1.0
224.0
1.0
69.0
7.0
16.0
2.0
15.0
6.0
282.0
65.0
3.0
14.0
9.0
2.0
47.0
4.0
3.0
134.0
273.0
5515.0
2.0
1348.0
34.0
1.0
1.0
3.0
2.0
685.0
10.0
2.0
1.0
1.0
4.0
3.0
10.0
284.0
830.0
33.0
5.0
2.0
12.0
1.0
5.0
6.0
1.0
3.0
1.0
1.0
2.0
1.0
1.0
1.0
381.0
25.0
338.0
79.0
1.0
3.0
17.0
2.0
10.0
16067.0
265.0
404.0
5.0
9.0
135.0
3.0
121.0
163.0
4.0
1.0
666.0
1.0
3.0
338.0
1.0
1242.0
6.0
13.0
4.0
1.0
250.0
8.0
52.0
2.0
2.0
92.0
6.0
37.0
1.0
1.0
3.0
1.0
8.0
4.0
8.0
42.0
1.0
1.0
1527.0
1.0
12.0
3.0
20.0
1.0
1.0
1308.0
3.0
17.0
1.0
33.0
44.0
1.0
1.0
6.0
9.0
1.0
4.0
67.0
1.0
8.0
957.0
3.0
22.0
101.0
1111.0
3.0
1.0
17.0
1.0
9.0
4.0
1018.0
5.0
1.0
12.0
1.0
2.0
1.0
163.0
1.0
2.0
26.0
11.0
73.0
1.0
15.0
3.0
121.0
3.0
1.0
596.0
13.0
2.0
16.0
5.0
26.0
14.0
1.0
1.0
1.0
3.0
3.0
1.0
3.0
224.0
61.0
3.0
1.0
6.0
404.0
1.0
1.0
3.0
55.0
14.0
1265.0
135.0
15.0
3.0
961.0
39.0
1.0
4.0
1593.0
3.0
1.0
561.0
2.0
2.0
7.0
1.0
5.0
5756.0
2.0
265.0
12.0
1.0
63.0
515.0
17.0
11.0
538.0
44.0
17.0
3.0
1.0
1.0
3.0
1951.0
2.0
181.0
667.0
49.0
69285.0
8.0
1.0
705.0
1.0
103.0
2.0
1.0
18.0
3.0
34.0
1.0
4.0
1.0
3.0
3.0
3.0
3.0
1.0
2.0
30.0
7.0
3.0
5.0
3.0
1.0
2.0
21.0
1.0
1.0
17.0
417.0
45.0
3.0
2.0
4.0
3.0
1.0
9.0
28.0
1.0
4.0
1.0
1.0
7.0
90.0
74.0
51.0
2.0
879.0
3.0
3.0
1.0
18.0
4.0
9.0
1.0
1631.0
1.0
1.0
77.0
282.0
1.0
1010.0
64.0
12.0
4.0
1057.0
8.0
22.0
3278.0
8.0
32.0
282.0
1.0
2.0
596.0
35.0
472.0
1.0
1.0
1.0
3.0
402.0
1.0
3.0
5.0
19.0
18.0
2.0
3.0
443.0
8.0
2492.0
3.0
11.0
850.0
1384.0
44.0
3.0
1018.0
1.0
24.0
1.0
63.0
1.0
3.0
13.0
1.0
4.0
2.0
34.0
9.0
2.0
97.0
62.0
22.0
1225.0
2.0
1.0
1.0
1271.0
3.0
943.0
2.0
1.0
1516.0
2.0
2.0
3.0
1.0
690.0
3.0
4.0
21.0
1.0
2.0
175.0
8.0
124.0
2.0
2.0
4.0
1.0
3.0
2292.0
4.0
3.0
84.0
3.0
67.0
3.0
3.0
3.0
3.0
1.0
121.0
7.0
1.0
31.0
2.0
1.0
3.0
313.0
1.0
5.0
1.0
24.0
178.0
6.0
3.0
4.0
1.0
175.0
1.0
757.0
1.0
1.0
978.0
4.0
18.0
1.0
58.0
3.0
11.0
19.0
1.0
16.0
1.0
29.0
25.0
10.0
3.0
861.0
236.0
33.0
7.0
1.0
1.0
1762.0
9.0
1.0
781.0
2.0
1.0
1.0
1013.0
1.0
3.0
1.0
7.0
3.0
282.0
1.0
7.0
1.0
77.0
3.0
1.0
2.0
1.0
33.0
5.0
15.0
2.0
20.0
4.0
1.0
1.0
97.0
1.0
2.0
4.0
30.0
3.0
96.0
3.0
998.0
4.0
171.0
1.0
1002.0
2.0
576.0
4.0
1.0
1.0
3.0
23.0
2.0
2.0
3.0
1.0
282.0
187.0
2.0
1.0
1.0
24.0
2.0
3.0
121.0
1.0
6.0
2.0
1.0
1.0
7.0
1.0
5.0
1.0
1.0
4.0
1.0
10.0
4.0
1.0
15.0
3.0
2.0
9.0
376.0
7.0
3.0
2.0
3.0
2.0
14.0
1.0
1.0
2.0
4.0
1.0
1.0
1.0
1.0
213.0
5.0
6.0
3.0
28809.0
3.0
75.0
2.0
4.0
3.0
451.0
1.0
3.0
6.0
5.0
24.0
9.0
24.0
1.0
3.0
1.0
2.0
1.0
1.0
10.0
1635.0
1.0
1.0
5.0
4.0
3.0
6.0
1.0
3.0
8.0
7.0
1483.0
304.0
317.0
4.0
11.0
61.0
40.0
1.0
39.0
3.0
1.0
79.0
1444.0
1.0
2.0
2.0
1.0
780.0
8.0
1.0
150.0
3.0
25.0
4.0
1.0
3.0
1.0
4.0
1.0
30.0
3.0
19.0
2.0
320.0
11.0
5.0
4.0
17.0
30.0
3.0
4.0
1.0
1.0
187.0
1.0
22.0
5.0
1440.0
1.0
3.0
50.0
3.0
15.0
2.0
6.0
2.0
66.0
1.0
717.0
3.0
10.0
2.0
6.0
27.0
1.0
1.0
4.0
3.0
60.0
2.0
4.0
3.0
1.0
4.0
2.0
3.0
3.0
1.0
14.0
448.0
1.0
131.0
1.0
3.0
95.0
1.0
1.0
3.0
1.0
2.0
1.0
4.0
1522.0
8.0
3.0
1.0
5.0
9.0
13.0
24.0
51.0
1.0
58.0
202.0
3.0
67.0
2.0
347.0
4.0
2.0
8.0
2.0
11.0
3.0
1.0
3.0
2.0
1.0
2.0
3.0
2.0
14.0
1.0
9.0
3.0
1.0
21.0
1.0
3.0
538.0
1.0
2.0
2.0
1.0
11.0
897.0
27.0
4.0
525.0
5.0
38.0
1.0
457.0
23.0
24.0
1.0
227.0
1.0
2.0
419.0
3.0
1.0
3.0
3.0
2.0
69.0
69.0
1.0
3.0
66.0
1.0
1.0
10.0
1.0
2.0
1.0
3.0
243.0
8.0
3.0
3.0
7.0
33.0
5.0
7.0
21.0
404.0
1.0
1.0
3.0
1.0
34.0
1.0
1.0
3.0
2.0
1.0
2.0
1.0
1.0
4.0
9.0
1452.0
32.0
3.0
3.0
1.0
1294.0
2.0
21.0
2.0
2.0
4.0
278.0
398.0
1.0
1.0
35.0
3.0
55.0
3.0
1.0
59.0
2.0
1.0
81.0
3.0
1.0
4.0
1.0
63.0
1.0
3.0
1.0
3.0
4.0
1.0
1.0
10.0
1138.0
8.0
2.0
1.0
107.0
3938.0
24.0
1.0
29.0
5.0
1.0
16.0
21.0
70.0
1.0
6.0
57.0
3.0
6.0
1.0
1.0
5.0
694.0
1.0
3.0
386.0
58.0
2.0
6.0
261.0
1.0
1.0
15.0
2.0
10.0
34.0
23.0
3.0
2.0
3.0
3.0
8.0
3.0
7.0
3.0
1.0
197.0
156.0
6.0
1.0
3.0
355.0
455.0
2.0
11.0
14.0
1.0
288.0
2.0
3.0
1.0
1.0
292.0
4.0
1.0
25.0
1.0
2.0
11.0
62.0
20.0
1018.0
99.0
1.0
1.0
7.0
8.0
23.0
1.0
377.0
3.0
16.0
7.0
3.0
64.0
1.0
2.0
1.0
5689.0
1.0
3.0
1668.0
1053.0
2.0
1.0
219.0
62.0
702.0
1.0
34.0
40.0
3.0
4.0
3.0
14.0
1.0
3.0
1.0
101.0
1616.0
24.0
44.0
1.0
1.0
6.0
2783.0
260.0
1.0
1.0
1.0
2.0
1617.0
6.0
757.0
770.0
2.0
3.0
5.0
4.0
2.0
3.0
17.0
3.0
3.0
3.0
1.0
1.0
3.0
78.0
4.0
3.0
2.0
1.0
2.0
1.0
1.0
1.0
1.0
3.0
1.0
4.0
1.0
2.0
1.0
1.0
10.0
260.0
2.0
169.0
1.0
1.0
1.0
4.0
2.0
733.0
1.0
4.0
2.0
60.0
4.0
61.0
10.0
47.0
93.0
11.0
1.0
8.0
17.0
1.0
3.0
153.0
1.0
2.0
205.0
34.0
2.0
1.0
977.0
1540.0
1.0
5.0
5.0
12.0
1.0
1.0
3.0
15.0
4.0
329.0
23.0
3.0
3.0
9.0
3.0
1.0
834.0
3.0
198.0
1.0
2.0
1.0
3.0
8.0
1.0
8.0
2.0
17.0
3.0
28.0
1.0
2.0
1.0
178.0
32.0
1.0
1.0
1.0
23.0
1.0
1.0
23.0
2.0
32.0
1.0
23.0
1.0
1.0
118.0
61.0
5045.0
2.0
8.0
1.0
1668.0
1.0
5.0
88.0
1.0
70.0
1.0
5.0
2.0
3.0
1.0
105.0
282.0
1.0
24.0
2.0
1.0
11.0
8.0
1.0
356.0
449.0
24.0
1.0
1.0
5.0
687.0
1.0
3.0
3.0
11.0
2.0
3.0
66.0
108.0
2.0
243.0
1.0
1.0
18.0
11.0
3.0
3.0
3.0
63.0
1.0
219.0
105.0
9.0
1.0
737.0
7487.0
2.0
58.0
183.0
4.0
1.0
7.0
4.0
65.0
1.0
7.0
2.0
1.0
2.0
26983.0
37.0
1.0
29.0
1.0
12.0
1.0
3.0
1.0
1.0
1.0
29.0
3.0
1.0
12.0
2.0
6.0
3.0
21.0
20.0
3.0
7.0
1.0
2.0
8.0
58.0
6.0
19.0
6.0
1.0
203.0
21.0
1.0
870.0
3.0
7.0
3.0
3.0
1.0
4.0
1.0
2.0
3.0
1.0
1.0
2.0
859.0
1.0
21.0
8.0
2480.0
392.0
3.0
16.0
14.0
26.0
1.0
4.0
1.0
11.0
1.0
2.0
26.0
524.0
2.0
9.0
512.0
1.0
66.0
1.0
3.0
937.0
1.0
3.0
25.0
16.0
508.0
4.0
6.0
2.0
1807.0
374.0
1.0
2.0
1.0
430.0
1.0
24.0
98.0
742.0
916.0
5.0
3.0
296.0
16.0
4.0
1.0
1.0
3.0
365.0
1.0
40.0
354.0
1340.0
1.0
12.0
404.0
8.0
1.0
1.0
3.0
1.0
66.0
41.0
3.0
5.0
11.0
1.0
3.0
1.0
7.0
2.0
3.0
1.0
29.0
2.0
1.0
446.0
2.0
101.0
613.0
222.0
3.0
3.0
4.0
9.0
1.0
516.0
1.0
2.0
3.0
19.0
611.0
231.0
31.0
1.0
1.0
68.0
17.0
16.0
3.0
41.0
1.0
2.0
2.0
3.0
201.0
491.0
4.0
3.0
2.0
2.0
3.0
2.0
10.0
2.0
13968.0
4.0
336.0
21.0
1.0
1.0
2.0
3.0
476.0
7.0
1.0
6.0
12.0
1.0
2.0
10.0
43.0
29.0
6.0
111.0
3.0
2.0
472.0
4.0
1.0
3605.0
15.0
54.0
4.0
315.0
4.0
1.0
595.0
1.0
4.0
102.0
2234.0
1376.0
28.0
1.0
2.0
5.0
3.0
1.0
3.0
2.0
9.0
3.0
7.0
1.0
1.0
3.0
3.0
1.0
19.0
2.0
2.0
430.0
1.0
19.0
1.0
3.0
2.0
1.0
932.0
1308.0
3.0
193.0
1.0
13.0
37.0
2.0
2000.0
4.0
20.0
2.0
5.0
9.0
1.0
244.0
3.0
2.0
67.0
1078.0
13.0
1.0
1.0
8.0
596.0
2627.0
28.0
218.0
24.0
20.0
64.0
1.0
288.0
103.0
3.0
3.0
1.0
3.0
3.0
1.0
282.0
2.0
1.0
1.0
7.0
24.0
3.0
256.0
1.0
10.0
94.0
29.0
7.0
107.0
2.0
655.0
53.0
1.0
1.0
42.0
4151.0
1.0
19.0
3.0
55.0
19.0
2.0
3.0
411.0
1.0
66.0
57.0
13.0
86.0
1217.0
125.0
1.0
22.0
1.0
7.0
2.0
7.0
2.0
1.0
49.0
1.0
2.0
10.0
25.0
1.0
2.0
9.0
2.0
1.0
1.0
1.0
488.0
1.0
171.0
1.0
238.0
1.0
2.0
4.0
1.0
1.0
1.0
1.0
4450.0
2.0
4.0
2.0
7.0
4.0
2.0
1.0
1.0
1.0
20.0
2.0
6.0
3.0
1176.0
1.0
2.0
1.0
1.0
3.0
3.0
4.0
2.0
8.0
19.0
3.0
1.0
3.0
107.0
544.0
5.0
4.0
263.0
2.0
1.0
36.0
2.0
65.0
3.0
1.0
10.0
2.0
2129.0
3.0
3.0
645.0
1.0
1.0
9.0
3.0
559.0
1.0
9.0
92.0
71.0
1.0
56.0
3.0
3.0
66.0
2.0
8.0
1.0
3.0
746.0
124.0
555.0
3.0
2.0
116.0
3.0
2.0
1.0
3.0
1.0
1.0
108.0
34.0
1549.0
15.0
8.0
1.0
4.0
6.0
1.0
11640.0
1.0
1.0
1.0
12.0
1.0
2.0
4.0
2.0
10.0
6.0
2.0
1.0
1.0
1.0
2.0
102.0
18.0
15.0
44.0
17.0
67.0
4.0
376.0
2.0
4.0
2.0
32.0
1.0
1.0
11.0
2.0
33.0
19.0
6.0
1.0
206.0
1.0
1.0
3.0
23.0
596.0
17.0
3.0
1.0
1.0
31.0
9.0
6.0
16.0
376.0
1.0
1.0
1.0
3.0
2.0
3.0
2.0
1723.0
23.0
1.0
4.0
275.0
3.0
3.0
1.0
143.0
4.0
2.0
4.0
8.0
1.0
10.0
39.0
3.0
2.0
3.0
4.0
14.0
1.0
338.0
16.0
3.0
10.0
36.0
3.0
1.0
2.0
1.0
313.0
9.0
1.0
1.0
2.0
2.0
5.0
74.0
4.0
1.0
8.0
2.0
1.0
1.0
3.0
39.0
1.0
95.0
4.0
1004.0
961.0
688.0
4.0
2.0
51.0
30.0
139.0
8.0
1.0
1.0
2.0
3.0
978.0
18.0
1.0
4.0
1.0
2.0
1311.0
22.0
1.0
47.0
8.0
1.0
2.0
240.0
3.0
6.0
1.0
131.0
1.0
49.0
2.0
395.0
4.0
2.0
6.0
1.0
86.0
23.0
78.0
1.0
1.0
3.0
4.0
3.0
5.0
22.0
4.0
1.0
23.0
9.0
1.0
1.0
472.0
13.0
12.0
11.0
1.0
565.0
351.0
1.0
2.0
1.0
2.0
205.0
1.0
3.0
10.0
152.0
1.0
1.0
1.0
67.0
1.0
3.0
344.0
120.0
1.0
419.0
1.0
4.0
211.0
3.0
4.0
1.0
2.0
3.0
4.0
2238.0
100.0
101.0
4.0
1.0
696.0
49.0
1.0
9.0
309.0
4.0
18.0
1.0
3.0
1.0
3.0
1.0
682.0
1.0
5.0
2.0
4.0
5.0
1.0
8.0
1.0
1.0
7.0
1.0
1.0
1.0
3.0
3.0
3.0
1.0
1.0
16.0
4.0
7.0
8.0
1.0
17.0
1.0
10.0
1018.0
19.0
304.0
34.0
3.0
4.0
14.0
2.0
3.0
1.0
94.0
18.0
1.0
318.0
1.0
630.0
5.0
8.0
2.0
4.0
1.0
4.0
88.0
3.0
1560.0
1018.0
12.0
1.0
7.0
117.0
3.0
1.0
1.0
31.0
78.0
23.0
1.0
3.0
21.0
5.0
8.0
3.0
14.0
345.0
4.0
1.0
1.0
103.0
496.0
1.0
4.0
4.0
986.0
2048.0
2.0
120.0
22.0
2.0
3.0
9.0
3.0
3.0
956.0
966.0
4.0
1.0
306.0
25.0
5.0
3.0
1.0
6.0
2.0
4.0
65.0
106.0
5.0
79.0
27.0
23.0
1.0
29.0
1071.0
12.0
2.0
1.0
4.0
5.0
2.0
1.0
734.0
2.0
135.0
6.0
1.0
3.0
2130.0
3.0
23.0
1.0
1.0
1.0
1.0
4.0
3.0
1.0
1.0
14.0
3.0
2.0
2.0
21.0
1.0
1.0
3.0
1.0
83.0
25.0
1.0
1.0
4.0
10.0
1.0
6.0
8.0
8.0
1.0
1.0
50.0
1.0
2.0
11.0
49.0
2.0
117.0
106.0
2.0
8.0
1.0
5.0
948.0
4.0
248.0
1.0
12.0
11.0
1.0
1.0
1.0
30.0
522.0
3.0
5.0
1.0
25.0
5.0
7.0
2.0
1.0
3.0
27.0
282.0
1.0
1.0
1.0
1.0
2.0
7.0
1.0
12.0
115.0
3.0
3.0
8.0
2.0
1.0
1.0
3.0
238.0
267.0
736.0
6537.0
3.0
19.0
1.0
24.0
286.0
10.0
1.0
516.0
5.0
2.0
237.0
11.0
389.0
2.0
3.0
1.0
7.0
695.0
3.0
1.0
4.0
18.0
1.0
177.0
1.0
2.0
1.0
4.0
6.0
3.0
17.0
1.0
1.0
2.0
3.0
1168.0
2.0
8.0
1.0
1178.0
3.0
1.0
32.0
2.0
2.0
5.0
7.0
36.0
5.0
17.0
1.0
4.0
7.0
675.0
71.0
1.0
1.0
4.0
60.0
3.0
1639.0
49.0
351.0
34.0
3.0
1.0
6.0
1.0
9.0
9757.0
8.0
1.0
12.0
1.0
577.0
1.0
3.0
3.0
1.0
23.0
43.0
1.0
25.0
20.0
75.0
2.0
8.0
234.0
3.0
11.0
1485.0
3.0
257.0
5.0
1.0
1.0
6.0
113.0
1.0
4.0
124.0
1.0
249.0
3.0
3.0
30.0
1.0
3.0
63.0
6.0
3.0
923.0
1.0
1533.0
65.0
1.0
65.0
3.0
1.0
313.0
2.0
1.0
1.0
9.0
1.0
972.0
1.0
1.0
4.0
18.0
471.0
1.0
51.0
1.0
5.0
1.0
44.0
1.0
2.0
76.0
2.0
148.0
2.0
4.0
20.0
1.0
558.0
1.0
4.0
25.0
22.0
2.0
3.0
12.0
3.0
6.0
1431.0
2.0
9.0
1.0
1.0
2.0
9.0
1.0
1.0
1.0
202.0
557.0
1.0
12.0
65.0
13.0
1.0
57.0
5.0
243.0
9.0
1.0
1.0
2.0
88.0
7.0
5.0
2.0
3191.0
3.0
2.0
12.0
1.0
6204.0
383.0
775.0
31.0
2.0
2.0
172.0
3.0
6.0
5.0
9.0
1.0
614.0
218.0
3412.0
2.0
1.0
1.0
46.0
1292.0
3.0
5.0
4.0
4.0
7.0
1.0
2.0
1.0
10.0
10.0
1.0
41.0
2.0
13.0
9.0
1.0
1.0
64.0
57.0
3.0
3.0
1.0
1.0
3.0
48.0
3.0
1.0
1.0
1.0
2.0
1.0
1.0
83.0
18.0
14.0
1.0
319.0
11.0
5.0
4.0
64.0
4.0
1.0
1323.0
15.0
238.0
1.0
1.0
123.0
3.0
858.0
1.0
7.0
1.0
1264.0
12.0
2.0
7.0
3.0
988.0
2.0
1.0
1.0
23.0
31.0
1.0
3.0
3.0
1.0
11.0
27.0
15.0
17.0
21.0
2.0
3.0
106.0
794.0
2159.0
3.0
3.0
2.0
5.0
64.0
7.0
1.0
2713.0
3.0
1.0
170.0
3.0
2.0
8.0
24.0
246.0
5.0
1.0
1045.0
20.0
3.0
1.0
2.0
3.0
2.0
847.0
1.0
532.0
18.0
3.0
66.0
1.0
3.0
1.0
1.0
76.0
3.0
3.0
1.0
5.0
1.0
3.0
1.0
4.0
1.0
104.0
15.0
789.0
2.0
4.0
12.0
3.0
2.0
375.0
62.0
106.0
1.0
76.0
5.0
3.0
67.0
2261.0
1.0
4.0
44.0
548.0
3.0
1.0
3363.0
11.0
62.0
2.0
19.0
1.0
1.0
307.0
9.0
23.0
2.0
3.0
3.0
23.0
69.0
14385.0
6.0
31.0
1.0
69.0
2.0
3.0
1.0
3.0
133.0
3.0
105.0
5.0
11.0
605.0
2.0
845.0
196.0
3.0
3.0
5.0
1.0
3.0
3.0
3.0
3.0
1.0
1.0
69.0
24.0
4.0
791.0
1.0
69.0
2.0
3.0
2.0
188.0
10.0
22.0
970.0
3.0
228.0
51.0
5756.0
1.0
18.0
13096.0
1.0
1.0
2.0
2.0
45.0
111.0
2.0
8.0
1.0
2.0
549.0
2.0
3.0
7.0
1438.0
972.0
66.0
1.0
1.0
2252.0
3.0
1.0
1.0
5.0
2.0
3.0
140.0
230.0
1.0
2.0
7.0
4.0
421.0
43.0
116.0
2.0
3.0
1.0
3.0
313.0
1415.0
1.0
15.0
1.0
2.0
463.0
292.0
3.0
11.0
21.0
2.0
17.0
3.0
2.0
3.0
1.0
3.0
23.0
18.0
1.0
14.0
33.0
3.0
8.0
1.0
1.0
3.0
1.0
1689.0
3.0
3.0
1.0
36.0
48.0
62.0
45.0
24.0
6.0
1.0
5.0
1.0
3.0
1.0
2.0
220.0
1.0
1147.0
1.0
8.0
19.0
1.0
1.0
1.0
24.0
18.0
400.0
1.0
133.0
1.0
1.0
10.0
1.0
1.0
1.0
960.0
1.0
21.0
3.0
152.0
132.0
11.0
1.0
2.0
10.0
32.0
6.0
25.0
2839.0
1.0
886.0
51.0
21.0
12.0
148.0
20.0
32.0
3.0
586.0
8689.0
3.0
3.0
2.0
9.0
4.0
1.0
1.0
962.0
2.0
1.0
1.0
1.0
17.0
302.0
1.0
2239.0
293.0
4.0
2.0
2.0
86.0
1.0
2.0
6.0
4.0
1.0
1.0
418.0
20.0
2.0
7.0
1.0
4.0
94.0
1.0
30.0
3.0
3.0
5.0
1.0
1.0
32.0
11.0
8.0
1.0
18.0
2.0
34.0
848.0
1.0
1291.0
22.0
2.0
3.0
1229.0
3.0
1.0
31.0
4.0
2.0
19.0
1.0
5.0
1386.0
10.0
1.0
1.0
1.0
70.0
8.0
3.0
234.0
3.0
1.0
1.0
1.0
1.0
1.0
1.0
1.0
46.0
9.0
34.0
6.0
23.0
1.0
1.0
6.0
1412.0
1.0
639.0
3.0
17.0
4.0
7.0
2.0
116.0
75.0
13.0
2.0
567.0
3.0
1.0
1.0
4.0
1.0
3.0
304.0
11.0
3.0
3.0
2.0
1.0
1.0
8.0
4.0
1.0
3.0
66.0
1.0
9.0
69.0
1.0
1.0
3.0
5.0
6.0
1.0
1.0
1.0
134.0
4.0
1.0
1.0
72.0
30.0
58.0
658.0
1.0
27.0
1.0
1.0
15.0
1.0
2.0
57.0
3.0
17.0
4.0
1.0
2.0
1.0
2.0
1.0
85.0
3.0
3.0
1.0
4.0
1.0
3.0
1.0
1.0
2.0
29.0
2.0
1.0
1.0
2.0
27.0
162.0
4.0
1.0
693.0
8.0
2.0
1.0
9.0
70.0
105.0
10.0
1.0
3.0
12.0
46.0
638.0
8.0
6.0
41.0
2.0
1.0
83.0
17950.0
3.0
1.0
15.0
6.0
40.0
2.0
1.0
2.0
3.0
8.0
1.0
36.0
4.0
1.0
89.0
1.0
20.0
1057.0
1.0
3.0
3.0
3.0
1225.0
3.0
1.0
8.0
2.0
826.0
1.0
2.0
3.0
11.0
6.0
1.0
4085.0
2.0
591.0
1.0
1.0
2.0
169.0
1.0
6.0
8.0
31.0
1.0
246.0
461.0
377.0
3.0
1.0
277.0
1.0
1.0
3.0
1.0
28.0
5.0
701.0
21.0
1.0
165.0
350.0
6.0
3.0
1310.0
2.0
3.0
3.0
32.0
2.0
1.0
7.0
9.0
1.0
508.0
1.0
1.0
106.0
15.0
69.0
1084.0
1.0
1.0
5.0
1272.0
3.0
17.0
1.0
1.0
7.0
2.0
1.0
2993.0
28.0
6.0
3.0
3.0
2.0
36.0
1631.0
3.0
14.0
351.0
14.0
4.0
12.0
1.0
1.0
2.0
1242.0
1.0
1.0
2.0
73.0
23.0
3.0
351.0
22.0
4.0
2.0
1.0
2.0
3.0
3.0
21.0
2.0
1.0
4.0
1.0
2.0
34.0
5.0
27.0
11.0
64.0
1.0
4.0
18.0
3.0
3.0
1.0
3.0
2.0
6.0
1.0
249.0
1.0
1.0
4.0
142.0
5.0
1.0
1.0
1.0
1.0
12.0
4.0
3.0
1.0
1.0
86.0
2.0
10.0
1.0
38.0
36.0
3939.0
3.0
11.0
291.0
3.0
4.0
1.0
62.0
2.0
1.0
7.0
25.0
3.0
11.0
16.0
1.0
226.0
1.0
25.0
3.0
1.0
61.0
542.0
5.0
112.0
3.0
470.0
3.0
313.0
57.0
1.0
1.0
4.0
1.0
2.0
1.0
106.0
123.0
2.0
3.0
1.0
6.0
1.0
4.0
2.0
2.0
3.0
2.0
9.0
7.0
8.0
1.0
1.0
17.0
1.0
3.0
2.0
1.0
1.0
3.0
7.0
88.0
3.0
3.0
309.0
1.0
1.0
16519.0
3.0
66.0
1.0
1.0
3.0
1.0
1.0
2.0
3.0
189.0
4.0
1.0
42.0
9.0
1.0
3.0
199.0
1.0
3.0
6.0
395.0
1.0
3.0
237.0
14.0
1.0
8.0
4.0
3.0
5.0
9194.0
1.0
9.0
12.0
58.0
1142.0
288.0
3.0
44.0
10.0
1.0
1.0
301.0
2.0
372.0
13631.0
1.0
6.0
3.0
20.0
24.0
1.0
8.0
1.0
13.0
1.0
998.0
2.0
178.0
3.0
3.0
26.0
351.0
1.0
1.0
11.0
3.0
1.0
2.0
2.0
2.0
89.0
1.0
3.0
67.0
3.0
1041.0
3.0
41.0
1.0
1294.0
1.0
1.0
23.0
60.0
1.0
111.0
1.0
10.0
493.0
1175.0
707.0
3.0
6.0
1.0
18.0
1.0
7.0
4.0
8.0
1.0
1229.0
5.0
10.0
313.0
2.0
21.0
147.0
32.0
114.0
1.0
1.0
1.0
2.0
1.0
3.0
1.0
779.0
58.0
1.0
4.0
4353.0
1.0
3.0
7.0
178.0
1.0
490.0
3.0
65.0
4.0
1.0
2.0
911.0
4.0
25.0
7.0
7233.0
16.0
63.0
3.0
1.0
13000.0
1.0
21.0
325.0
1.0
16.0
697.0
1.0
2.0
1.0
3.0
45.0
6.0
12.0
5.0
1.0
3.0
180.0
9.0
1.0
1.0
3.0
1.0
37.0
59.0
129.0
1.0
3.0
3.0
7.0
3.0
3.0
6.0
3.0
5.0
3.0
338.0
45.0
2.0
2.0
5136.0
16.0
9.0
1965.0
9.0
117.0
242.0
179.0
1.0
16.0
13.0
14.0
33.0
1734.0
5.0
8.0
2.0
532.0
1.0
16612.0
20.0
2.0
3.0
97.0
1.0
3.0
1.0
62.0
3.0
3.0
8.0
1.0
3.0
1.0
9.0
2.0
1.0
1.0
3.0
3.0
9.0
87.0
1.0
1.0
2.0
3356.0
3.0
3.0
4445.0
1.0
1.0
1.0
3.0
1.0
185.0
3.0
1.0
3.0
3.0
81.0
5.0
1.0
1.0
7.0
8.0
1.0
7.0
1.0
1.0
4.0
24.0
3.0
1.0
3.0
8680.0
8.0
8.0
4.0
43.0
1.0
27.0
2.0
1.0
2.0
3.0
1.0
1496.0
2.0
3.0
842.0
1.0
7.0
78.0
16.0
278.0
19.0
2.0
3.0
21.0
1.0
40.0
3.0
19.0
23.0
36.0
5.0
1.0
21.0
8.0
4422.0
3.0
1.0
1.0
3.0
73.0
2.0
1.0
3.0
3.0
1.0
1.0
1.0
5503.0
1.0
5.0
1.0
3.0
3.0
42.0
7.0
4.0
1622.0
3.0
1.0
1.0
393.0
11.0
3.0
9.0
1.0
320.0
61.0
31.0
3.0
3.0
175.0
1.0
3.0
4.0
2.0
24.0
871.0
3.0
3.0
434.0
2.0
15.0
1.0
1.0
608.0
17.0
3.0
3.0
6.0
252.0
327.0
3.0
14.0
49.0
58.0
15.0
1.0
6.0
3.0
677.0
87.0
21.0
1.0
1.0
1.0
4.0
1.0
26.0
1.0
1.0
3.0
5.0
1941.0
20.0
46.0
24.0
1.0
40.0
2.0
8.0
761.0
2.0
127.0
1.0
1.0
24.0
1.0
2.0
6.0
24.0
3.0
15.0
45.0
3.0
3.0
218.0
1.0
1.0
17.0
4.0
611.0
8.0
3.0
4.0
3.0
1.0
9.0
28.0
3.0
1.0
1.0
1.0
1.0
6.0
31.0
1.0
1.0
9.0
3.0
91.0
3.0
27.0
1.0
242.0
1.0
2.0
4.0
10.0
2.0
1.0
1.0
5.0
14.0
1027.0
3.0
16.0
6.0
5.0
23.0
2.0
57.0
3.0
3.0
1.0
3.0
1.0
9.0
24.0
43.0
1.0
1.0
180.0
5.0
1.0
1.0
14189.0
13.0
3.0
1.0
1117.0
8.0
2.0
3.0
2.0
3.0
48.0
262.0
3.0
1.0
765.0
1.0
29.0
3.0
2.0
1.0
3.0
16935.0
2.0
1.0
1.0
3.0
17.0
2.0
116.0
3.0
92.0
286.0
662.0
1.0
2113.0
1.0
65.0
28.0
1952.0
1.0
65.0
1.0
1.0
99.0
2.0
1.0
3.0
1.0
3.0
1.0
1.0
2209.0
8.0
1.0
1.0
3.0
11.0
2.0
24.0
19.0
4.0
69.0
24.0
2.0
287.0
87.0
1.0
1.0
1.0
5.0
314.0
4.0
7.0
3.0
21.0
1.0
137.0
1.0
61.0
10.0
17.0
19.0
1.0
97.0
1.0
18.0
35.0
2.0
3.0
5.0
54.0
9.0
2.0
513.0
4.0
1.0
18.0
596.0
33.0
3.0
26.0
1.0
3.0
1.0
686.0
73.0
2.0
9.0
5.0
3.0
3.0
1104.0
3.0
16.0
4.0
77.0
4.0
1.0
3.0
492.0
150.0
3.0
1.0
2.0
8.0
1.0
8.0
6.0
21.0
3.0
1.0
2.0
3.0
1.0
2.0
1.0
105.0
1.0
1.0
80.0
1093.0
5.0
22.0
1.0
1.0
164.0
1.0
351.0
3.0
2.0
3.0
124.0
1.0
43.0
1.0
24.0
2.0
17.0
1.0
4456.0
3.0
61.0
10.0
117.0
1.0
1111.0
1.0
12.0
3.0
24.0
1.0
1.0
1.0
17.0
8.0
4.0
1.0
12.0
3.0
1.0
11.0
1.0
3.0
4.0
16.0
7.0
5.0
18.0
12.0
1867.0
2.0
22.0
2.0
130.0
1.0
8.0
1.0
1.0
3.0
3.0
206.0
65.0
3.0
3.0
2.0
1.0
395.0
17.0
232.0
2.0
1.0
3.0
22.0
2.0
7.0
8.0
3.0
1.0
7.0
4.0
2.0
2.0
1.0
49.0
2.0
1.0
1.0
1.0
458.0
1.0
1.0
3.0
313.0
9.0
1.0
15.0
8.0
254.0
1.0
779.0
7.0
4.0
3.0
11.0
26.0
17.0
224.0
468.0
9.0
949.0
77.0
3.0
21.0
4.0
1.0
209.0
2.0
1.0
19.0
12.0
168.0
2440.0
66.0
1.0
3.0
66.0
3.0
1.0
4.0
2.0
27.0
92.0
1.0
1.0
454.0
15.0
102.0
1.0
26.0
2.0
2.0
4.0
49.0
3.0
1.0
1027.0
1753.0
4.0
1525.0
2.0
8.0
3.0
10.0
1.0
1.0
3.0
1.0
47.0
3.0
1181.0
15.0
4.0
3.0
90.0
22.0
288.0
3.0
1.0
9.0
3.0
3.0
132.0
1.0
1.0
1.0
59.0
1.0
3.0
20.0
68.0
5.0
524.0
1.0
16.0
565.0
1.0
3.0
1.0
29.0
119.0
1.0
209.0
3.0
16.0
1.0
1.0
2.0
103.0
1.0
943.0
41.0
2.0
1.0
1.0
326.0
3.0
1.0
274.0
8.0
1.0
3.0
351.0
2.0
188.0
189.0
2.0
1.0
3.0
1.0
3.0
37.0
54.0
3.0
16.0
3.0
3.0
1.0
3.0
2.0
242.0
5.0
1.0
3.0
1.0
102.0
651.0
2.0
65.0
1.0
1.0
1.0
1.0
1.0
5.0
12.0
2.0
1.0
8.0
6.0
17.0
5.0
232.0
316.0
6.0
1.0
43.0
182.0
2.0
362.0
80.0
579.0
1.0
456.0
3.0
21.0
3.0
1.0
31.0
3.0
145.0
3.0
216.0
13.0
80.0
3.0
1.0
3.0
1.0
4.0
17.0
1.0
14.0
2.0
1.0
1.0
1566.0
1.0
3.0
147.0
2.0
3.0
1.0
26.0
15.0
8.0
1.0
1.0
358.0
14.0
1.0
1812.0
2.0
3.0
4.0
3.0
9.0
1.0
1.0
9.0
1.0
3.0
42.0
3328.0
4.0
5.0
23.0
5.0
4.0
16.0
3.0
3.0
1.0
34.0
282.0
79.0
3.0
16.0
1.0
2844.0
2.0
1.0
3.0
1.0
199.0
3.0
15.0
7.0
3.0
1.0
8.0
3.0
191.0
1.0
1.0
1.0
3.0
1.0
3.0
20.0
110.0
1.0
3.0
987.0
14189.0
1.0
14.0
962.0
2.0
5.0
14.0
2.0
1.0
110.0
2.0
3.0
2.0
19.0
839.0
3.0
10.0
1.0
1.0
5.0
8.0
311.0
1.0
1.0
1.0
1.0
890.0
87.0
1.0
2.0
4.0
3.0
21.0
1.0
21.0
65.0
3.0
10.0
1.0
5.0
7.0
19.0
3.0
11.0
2.0
23.0
71.0
3.0
121.0
112.0
7.0
3.0
1.0
3.0
9.0
26.0
10.0
4.0
1.0
1.0
1.0
135.0
1.0
4.0
9.0
5.0
1.0
17.0
1.0
6.0
2072.0
19.0
8.0
738.0
635.0
2.0
344.0
23.0
1.0
3.0
57.0
1.0
4.0
24.0
14.0
677.0
1.0
15.0
9.0
1.0
6.0
1.0
7.0
8.0
5.0
4.0
3.0
23.0
1.0
1.0
5.0
1.0
16.0
3.0
807.0
295.0
69.0
124.0
8.0
3.0
50.0
27.0
1.0
23.0
19.0
9.0
58.0
37.0
9.0
7.0
4.0
2.0
1.0
4.0
5.0
2.0
2.0
3.0
1.0
3.0
33.0
6.0
1.0
306.0
21.0
10.0
1517.0
1.0
97.0
3.0
2.0
24.0
462.0
101.0
6.0
44.0
3.0
8.0
586.0
1.0
78.0
25.0
12.0
9923.0
1.0
8.0
3.0
3.0
3.0
3.0
3.0
451.0
8.0
1.0
215.0
8.0
1.0
6.0
66.0
3.0
1.0
99.0
1.0
6.0
1547.0
5.0
4.0
82.0
1975.0
3.0
3532.0
114.0
21.0
3.0
1.0
1325.0
2.0
683.0
2.0
4.0
90.0
1.0
3.0
9.0
19.0
99.0
12.0
9.0
1.0
3.0
3.0
1311.0
1.0
1.0
40.0
7.0
1.0
1.0
40.0
7.0
1.0
5.0
2966.0
2.0
3.0
1265.0
114.0
1.0
1.0
2.0
1.0
24.0
214.0
4.0
292.0
690.0
1.0
1.0
164.0
36.0
3.0
779.0
1.0
1.0
1.0
1.0
1.0
1.0
1.0
1.0
1.0
8.0
727.0
5.0
18.0
4.0
60.0
32.0
1.0
10.0
1.0
131.0
1.0
4.0
1124.0
3.0
2.0
15.0
3.0
20.0
1.0
1.0
3.0
281.0
1.0
2.0
9.0
1.0
509.0
1.0
13.0
3.0
3.0
2.0
4317.0
10.0
54.0
398.0
38.0
2050.0
815.0
1.0
4.0
1.0
1.0
1.0
11.0
1931.0
3.0
27.0
3.0
14.0
200.0
6.0
1.0
9.0
3.0
2.0
7887.0
15.0
21.0
8.0
1.0
8.0
806.0
9.0
1.0
1.0
7.0
6.0
437.0
102.0
5.0
9.0
17.0
4445.0
63.0
4.0
1121.0
1094.0
29.0
1.0
191.0
11.0
2.0
3.0
2.0
1.0
1.0
8.0
14.0
3.0
3.0
771.0
1.0
2.0
7823.0
7.0
6.0
1266.0
3.0
1.0
3.0
6.0
33.0
2.0
172.0
110.0
3.0
3.0
64.0
282.0
351.0
2.0
1.0
3.0
2.0
3.0
1.0
557.0
1.0
8.0
1.0
5.0
36.0
1.0
9.0
2.0
11.0
18.0
193.0
3.0
3.0
33.0
2.0
1220.0
3.0
11.0
17.0
205.0
1.0
1.0
1.0
2.0
4.0
32.0
3.0
2.0
823.0
1.0
3.0
2.0
1027.0
2.0
1.0
5.0
13.0
3.0
3.0
1.0
2.0
4.0
3.0
5.0
98.0
1.0
2.0
1.0
4.0
1246.0
439.0
7.0
18.0
3.0
1.0
72.0
1.0
1.0
1.0
190.0
2.0
5.0
85.0
6.0
2.0
1037.0
1.0
3.0
4.0
1.0
1.0
50.0
4.0
3.0
8.0
4.0
3.0
7839.0
8.0
51.0
13.0
1.0
10.0
24.0
12.0
5.0
10.0
3.0
1.0
39.0
1.0
7.0
1.0
2.0
2.0
308.0
498.0
9.0
2.0
2.0
17.0
38.0
34.0
1.0
4.0
55.0
3.0
179.0
2.0
1080.0
1.0
2.0
3.0
91.0
3.0
1.0
8.0
18.0
1.0
2.0
2.0
1.0
56799.0
117.0
1760.0
15.0
1050.0
1.0
5.0
526.0
2.0
12.0
3.0
1.0
9.0
7.0
17.0
1.0
4.0
1.0
1.0
4.0
17.0
4.0
3.0
1.0
1.0
10.0
2.0
2.0
1.0
609.0
2.0
37.0
1.0
14.0
65.0
16.0
116.0
1432.0
1.0
17.0
7.0
1.0
4.0
60.0
82.0
3.0
3.0
2.0
232.0
3.0
1.0
2.0
1.0
1.0
3.0
8.0
2.0
3.0
3.0
1.0
5.0
694.0
228.0
254.0
75.0
28.0
3.0
109.0
9.0
311.0
21.0
2.0
164.0
102.0
1.0
9.0
15.0
1.0
1.0
338.0
3.0
2.0
3.0
38.0
46.0
14.0
7.0
1403.0
125.0
6.0
7.0
47.0
5.0
1.0
1.0
21.0
3.0
5.0
2.0
3.0
1.0
1.0
1.0
3.0
3.0
751.0
43.0
1.0
4.0
19.0
11.0
3.0
1.0
1.0
292.0
1.0
120.0
1.0
54.0
16.0
1.0
10.0
12.0
1.0
13.0
3.0
30.0
1.0
1018.0
1.0
3.0
33.0
1.0
1.0
25.0
3.0
6.0
655.0
743.0
3.0
177.0
1.0
1.0
75.0
2.0
1.0
7.0
6.0
837.0
2.0
1.0
22.0
2.0
2.0
91.0
370.0
152.0
43.0
2.0
3.0
6.0
1.0
1.0
9.0
1513.0
739.0
2.0
26.0
1.0
8.0
1.0
2.0
92.0
1.0
1.0
2.0
26.0
18.0
2.0
1.0
3.0
2.0
3.0
1.0
3.0
6.0
117.0
92.0
7.0
7.0
6.0
1.0
25.0
18.0
3.0
1.0
3.0
3.0
1.0
1.0
66784.0
2.0
30.0
11.0
1.0
1.0
24.0
7.0
3.0
1.0
1.0
1.0
3.0
722.0
221.0
5.0
102.0
3.0
3.0
2.0
3.0
978.0
1.0
38.0
9.0
244.0
4.0
3.0
6795.0
5.0
3.0
8671.0
12.0
1.0
23.0
1.0
3.0
3.0
12.0
25.0
291.0
39.0
1.0
1.0
13.0
3.0
104.0
8.0
2.0
1.0
2.0
1.0
1.0
3.0
1.0
3.0
5.0
1.0
1.0
2.0
4.0
2.0
53.0
1.0
227.0
22.0
1.0
3.0
5.0
1.0
7.0
496.0
456.0
1.0
237.0
3.0
5.0
4.0
2.0
1018.0
1.0
1.0
1.0
282.0
8.0
3.0
253.0
1.0
7.0
3.0
1.0
8.0
30.0
17.0
351.0
2.0
14.0
11.0
2212.0
1.0
2.0
7.0
203.0
3.0
3.0
1.0
12301.0
50.0
155.0
3.0
1144.0
6.0
3.0
2042.0
1153.0
12.0
4.0
1.0
1.0
32.0
1.0
765.0
889.0
39.0
25.0
34.0
82.0
1.0
5.0
3.0
3.0
5.0
7.0
1.0
37.0
1.0
3.0
1790.0
1.0
2.0
1.0
1.0
1.0
3.0
17.0
2.0
13.0
3.0
1.0
359.0
6.0
3.0
12.0
3.0
1.0
4.0
3.0
1.0
1.0
1.0
8.0
9.0
42.0
1.0
3.0
3.0
51.0
1656.0
3.0
387.0
1.0
337.0
3.0
57.0
1.0
8.0
4.0
3.0
1018.0
1.0
29.0
9.0
1.0
1.0
4.0
3.0
3.0
1.0
6.0
3.0
133.0
24.0
112.0
171.0
1.0
6.0
6.0
3.0
263.0
2.0
11.0
613.0
9.0
19634.0
5.0
1.0
3.0
1.0
1551.0
1.0
114.0
18.0
1.0
2.0
591.0
17.0
1.0
140.0
4.0
3.0
1.0
269.0
2391.0
2.0
769.0
2.0
1.0
2.0
3.0
1.0
1.0
10.0
138.0
6.0
1.0
2.0
1.0
1.0
3.0
1.0
1.0
1.0
1.0
25.0
1.0
7.0
3.0
3.0
157.0
5.0
779.0
44.0
1.0
10.0
3.0
14.0
1.0
3.0
28.0
9.0
1.0
1.0
3.0
3.0
4.0
3.0
1.0
1111.0
5.0
129.0
4.0
1.0
1.0
20946.0
370.0
1.0
5.0
8.0
1.0
2.0
1.0
1.0
3.0
1.0
2.0
12.0
47.0
2.0
13.0
2.0
1.0
151.0
1.0
4.0
3.0
3.0
1.0
2.0
11.0
48.0
1.0
1.0
210.0
701.0
3.0
3.0
2.0
55.0
1.0
9.0
3.0
10.0
1.0
200.0
57.0
2.0
22.0
4.0
1.0
4.0
3.0
38.0
1.0
351.0
9.0
394.0
2.0
1.0
3.0
1.0
14.0
1.0
33.0
2.0
200.0
19.0
29.0
3.0
4.0
1.0
56.0
1.0
3.0
2.0
3.0
369.0
2224.0
164.0
7.0
4.0
32.0
7.0
2.0
1066.0
11.0
3.0
3.0
7.0
12.0
12392.0
1.0
1867.0
3.0
4.0
1577.0
1.0
12.0
1576.0
401.0
3.0
1.0
196.0
340.0
97.0
112.0
15.0
2.0
3.0
3.0
5.0
1.0
3.0
2.0
2.0
31.0
2.0
3.0
2.0
15.0
3.0
1.0
1.0
7.0
2.0
5.0
2.0
3.0
58.0
3.0
9.0
6.0
1.0
251.0
7807.0
3.0
2.0
33.0
1.0
3.0
2.0
635.0
3.0
1.0
3.0
86.0
162.0
1.0
34.0
68.0
9.0
353.0
691.0
1.0
2.0
3.0
1.0
125.0
965.0
3.0
6.0
4.0
4.0
3.0
3.0
6.0
78.0
3.0
972.0
1.0
1.0
217.0
2.0
8.0
3.0
2.0
282.0
1.0
1.0
3.0
1634.0
9.0
1.0
1.0
9.0
1.0
3.0
3.0
65.0
4.0
1.0
24.0
1.0
601.0
2.0
431.0
131.0
6.0
86.0
1.0
9.0
3.0
14.0
3.0
1.0
4.0
1.0
1.0
621.0
3.0
459.0
3.0
17.0
4.0
1290.0
1.0
3.0
2.0
1.0
3.0
29.0
1.0
79.0
2.0
2.0
2.0
3.0
1.0
354.0
4.0
3.0
1.0
2.0
1.0
73.0
1.0
1.0
3.0
5.0
3.0
3.0
2.0
463.0
1.0
33.0
16.0
1.0
521.0
2.0
924.0
3.0
11.0
144.0
1.0
1.0
6.0
3.0
331.0
1.0
2.0
1.0
9.0
3.0
2.0
4.0
6.0
1.0
3.0
371.0
3.0
2.0
7.0
1.0
1.0
87.0
2.0
1.0
219.0
2.0
62.0
3.0
14189.0
24.0
49.0
149.0
1561.0
1.0
1544.0
3.0
1.0
1216.0
1.0
2.0
94.0
3.0
3.0
9.0
3.0
6.0
3.0
2.0
8.0
4.0
3.0
2.0
229.0
2.0
3.0
1.0
1.0
961.0
14.0
2.0
3.0
4.0
5.0
6289.0
2.0
14.0
1.0
17.0
1.0
1.0
3.0
2.0
1.0
101.0
3.0
16.0
22.0
2.0
1.0
71.0
47.0
2.0
1540.0
10.0
316.0
5.0
16.0
19.0
1.0
6.0
1.0
8.0
1.0
9.0
4.0
3.0
2.0
3.0
2.0
293.0
71.0
3414.0
1.0
832.0
500.0
65.0
11.0
4.0
122.0
1.0
5.0
32.0
9.0
4.0
1390.0
1.0
1.0
574.0
18.0
59.0
24.0
2.0
1.0
3.0
6600.0
62.0
1.0
3.0
1.0
28.0
1.0
3.0
2.0
3.0
1.0
7.0
7.0
2.0
34.0
52.0
159.0
2.0
1.0
1.0
6.0
1.0
240.0
3068.0
7.0
1.0
1.0
1.0
1.0
1602.0
1.0
5.0
17.0
8.0
3.0
564.0
1.0
8.0
2.0
238.0
14.0
1.0
9.0
2.0
3.0
8.0
351.0
1.0
2.0
1.0
282.0
1.0
1.0
2.0
4.0
1.0
272.0
1.0
9.0
1382.0
1205.0
22.0
18.0
1353.0
1.0
12.0
1.0
3.0
20.0
32.0
24.0
4.0
1.0
8.0
13.0
4.0
5.0
3.0
17.0
22.0
1.0
110.0
3.0
1.0
56.0
4.0
327.0
160.0
38.0
1.0
1.0
24.0
1.0
367.0
3.0
3.0
1.0
4.0
2.0
23.0
1.0
1.0
1.0
707.0
1.0
16.0
15.0
2.0
89.0
66.0
1.0
21.0
3.0
3.0
4.0
198.0
267.0
8.0
1.0
3.0
1.0
24.0
2.0
1.0
192.0
88.0
1.0
1.0
2.0
79.0
21.0
1.0
5.0
426.0
1.0
1.0
21.0
3.0
8.0
1.0
1.0
2097.0
1.0
3.0
18.0
282.0
4.0
6.0
7.0
2.0
5.0
31.0
1.0
1.0
12.0
157.0
3.0
3.0
278.0
1.0
6.0
9.0
282.0
1.0
4.0
1.0
5.0
1.0
7.0
1.0
2.0
199.0
206.0
1.0
1.0
2.0
65.0
1.0
1.0
19.0
118.0
876.0
4.0
1502.0
375.0
10.0
8.0
4.0
1355.0
36.0
11.0
1.0
1.0
3972.0
360.0
36.0
1837.0
4.0
1.0
4.0
202.0
4.0
12.0
860.0
3.0
1.0
1.0
24.0
4.0
69.0
8.0
6.0
11.0
119.0
3.0
351.0
690.0
301.0
135.0
3.0
2235.0
14.0
2.0
1.0
149.0
2059.0
3.0
10.0
4.0
68.0
9.0
24.0
6.0
9.0
4.0
1.0
8.0
3.0
4.0
5.0
104.0
4.0
2.0
1.0
3.0
2243.0
2.0
1.0
3.0
5202.0
314.0
9.0
2.0
22.0
1.0
362.0
3.0
944.0
2.0
972.0
1.0
2.0
5.0
2.0
69.0
1.0
3.0
4.0
21048.0
3.0
113.0
16541.0
94.0
7.0
4.0
3.0
1353.0
2.0
261.0
39.0
3.0
11.0
213.0
353.0
1.0
1.0
11.0
24.0
1.0
15.0
143.0
7.0
3.0
13.0
26.0
1.0
1.0
2.0
3.0
2.0
23.0
2.0
73.0
3.0
2.0
1.0
61.0
3.0
1070.0
47.0
991.0
3.0
10.0
1.0
313.0
3.0
3.0
40.0
3.0
1.0
45.0
31.0
11.0
838.0
58.0
3.0
87.0
4.0
10.0
7.0
10.0
1.0
16.0
1.0
30.0
1.0
1.0
26.0
750.0
5.0
1.0
106.0
21.0
3.0
93.0
2.0
3.0
3.0
119.0
4.0
3.0
664.0
6.0
1.0
102.0
1.0
294.0
934.0
1.0
9.0
1.0
179.0
4.0
66.0
3.0
18.0
75.0
29.0
1.0
173.0
1.0
9.0
1.0
2091.0
27.0
3.0
801.0
3.0
3.0
1.0
14.0
11.0
5.0
4.0
2.0
1.0
5.0
2.0
1.0
6.0
1285.0
83.0
1.0
4.0
2.0
1.0
1.0
2.0
1.0
1.0
3.0
4.0
102.0
4.0
12.0
4.0
1.0
3.0
16.0
1.0
1.0
2.0
23.0
7.0
7.0
3.0
1.0
3.0
3.0
1.0
3.0
1.0
29.0
2.0
348.0
144.0
5.0
1.0
440.0
1.0
1181.0
4.0
3.0
11.0
9.0
2413.0
2.0
19.0
105.0
2.0
25.0
3.0
549.0
3.0
1.0
4.0
1.0
1.0
623.0
2.0
1.0
41.0
149.0
17.0
2.0
4.0
145.0
9.0
3.0
3.0
1.0
9.0
10.0
1.0
24.0
4.0
1.0
1001.0
9.0
1.0
1.0
7.0
3.0
4.0
3.0
8.0
5.0
6.0
11.0
48.0
2.0
1.0
333.0
13.0
4.0
2.0
2.0
19.0
1.0
1.0
3.0
1.0
120.0
957.0
4.0
33.0
1.0
17.0
192.0
7.0
3.0
1267.0
1.0
4.0
3.0
3.0
3.0
6.0
1.0
128.0
1.0
9.0
1.0
53.0
24.0
5.0
4.0
8.0
24299.0
2.0
6.0
1.0
3.0
15.0
4297.0
5.0
1.0
2.0
5.0
103.0
3.0
11.0
45.0
1.0
2.0
242.0
1.0
47.0
33511.0
5.0
24.0
1178.0
4.0
6.0
2.0
1.0
22.0
8.0
32.0
5.0
7.0
113.0
1.0
95.0
3.0
638.0
1.0
3.0
3.0
1.0
1.0
32.0
96.0
5.0
1.0
1.0
1.0
6.0
374.0
22.0
1.0
14385.0
9.0
1.0
1083.0
6.0
431.0
1.0
3.0
1.0
9.0
1015.0
790.0
1.0
938.0
12.0
110.0
96.0
6.0
549.0
8.0
63.0
3.0
53.0
2.0
555.0
1.0
3.0
2.0
1.0
44.0
5.0
1.0
1.0
220.0
2.0
35.0
3.0
9.0
3.0
2.0
10.0
35.0
1.0
2.0
1004.0
53.0
3.0
1.0
1.0
3.0
5.0
5.0
84.0
3.0
12.0
3.0
1.0
549.0
3.0
3.0
66.0
7.0
4.0
3.0
2.0
3.0
68.0
6.0
34.0
303.0
2079.0
4.0
1.0
301.0
24.0
2.0
4.0
3.0
2.0
705.0
1734.0
2.0
2.0
254.0
1.0
4.0
2.0
24.0
14.0
83.0
292.0
3.0
1.0
82.0
268.0
3.0
3.0
3.0
2026.0
248.0
8.0
1.0
1.0
212.0
42.0
940.0
4.0
923.0
6.0
3.0
317.0
62.0
1.0
4.0
802.0
764.0
206.0
1.0
2.0
3.0
15.0
6.0
102.0
824.0
9.0
76.0
23.0
71.0
3.0
1.0
1.0
4.0
1.0
5.0
1.0
1.0
5227.0
3.0
1.0
1.0
82.0
690.0
3.0
4371.0
2.0
56.0
56.0
33.0
9.0
1.0
17.0
28.0
2.0
1.0
1018.0
395.0
1.0
2.0
64.0
1.0
191.0
106.0
2.0
250.0
1307.0
177.0
1.0
677.0
1.0
3133.0
65.0
1.0
2.0
4.0
2.0
287.0
1.0
38.0
3.0
700.0
12.0
1.0
9.0
1026.0
14.0
29.0
88.0
1.0
2.0
1.0
6.0
1.0
1.0
3.0
1015.0
327.0
8.0
5.0
11.0
2.0
1.0
3.0
1.0
2.0
3.0
615.0
3.0
1.0
1702.0
7.0
3.0
2.0
3.0
15.0
20.0
1707.0
3.0
4.0
92.0
4.0
5.0
2.0
62.0
147.0
722.0
3.0
1192.0
2.0
41.0
3.0
11.0
1.0
1.0
67.0
2848.0
3.0
343.0
199.0
1.0
3.0
55.0
1.0
474.0
1.0
351.0
3.0
4.0
46.0
1.0
19.0
4.0
3.0
2.0
1.0
3.0
1.0
817.0
68.0
5.0
1.0
4.0
2.0
5.0
964.0
4.0
26.0
1.0
3.0
1.0
326.0
150.0
159.0
33.0
5.0
19.0
29.0
2.0
3.0
319.0
1.0
24.0
2.0
6.0
143.0
3.0
118.0
8.0
10.0
1.0
15.0
1.0
2.0
1.0
1.0
1.0
19.0
1.0
3.0
211.0
1.0
152.0
2.0
1084.0
95.0
1.0
1.0
1.0
157.0
1.0
30.0
2.0
1.0
7.0
1.0
24.0
1.0
1.0
1542.0
1.0
103.0
1.0
81.0
3.0
1.0
164.0
1.0
1.0
2.0
3.0
1.0
3.0
8.0
239.0
370.0
424.0
512.0
22.0
1.0
3.0
3.0
3.0
33.0
1.0
1.0
1.0
1.0
1.0
1.0
1.0
1.0
131.0
1018.0
1.0
3.0
57.0
22.0
3.0
3.0
1.0
11.0
8.0
4.0
1.0
3.0
10.0
76.0
1.0
6.0
2085.0
5.0
1.0
80.0
272.0
3.0
3.0
24.0
941.0
3.0
3.0
1734.0
1297.0
5.0
3.0
10.0
1.0
3.0
9.0
1.0
7.0
1.0
2.0
5.0
3.0
6.0
3.0
1.0
17.0
1185.0
1.0
2434.0
2.0
7.0
3.0
1.0
1.0
1.0
36.0
1.0
985.0
1.0
7.0
298.0
1.0
16.0
93.0
4.0
24.0
2.0
1.0
1.0
1.0
1.0
927.0
3.0
1.0
1501.0
94.0
44.0
3.0
1.0
111.0
1.0
1.0
66.0
12.0
1.0
52.0
14.0
2.0
574.0
1.0
8.0
1.0
2.0
1.0
7.0
40.0
313.0
83.0
2.0
1.0
1.0
7.0
1.0
3.0
11.0
1.0
2234.0
1.0
2.0
2.0
1.0
677.0
3.0
79.0
9.0
21.0
1.0
3.0
1.0
2.0
3.0
1.0
1.0
65.0
3.0
308.0
64.0
2.0
522.0
3.0
1.0
1.0
11.0
2.0
1.0
17.0
1.0
5.0
42.0
3.0
5.0
1496.0
18.0
1.0
3.0
1.0
462.0
1.0
14.0
444.0
19.0
5.0
1.0
13.0
27.0
3.0
2.0
1.0
1.0
1.0
20.0
16.0
266.0
4.0
2.0
1.0
3.0
2040.0
257.0
65.0
1.0
1.0
1882.0
3.0
69.0
1.0
24.0
1.0
5.0
7.0
5.0
2.0
2.0
9.0
45.0
8.0
2.0
963.0
1.0
1.0
5.0
2.0
16.0
5.0
1.0
18.0
20.0
3.0
71.0
3.0
1.0
3.0
24.0
160.0
9.0
12.0
2.0
232.0
2.0
3.0
2.0
4.0
17.0
6.0
60.0
1.0
5.0
3.0
3.0
172.0
3.0
1.0
3.0
13.0
49.0
1.0
3285.0
22.0
1.0
1.0
10.0
41.0
512.0
5.0
280.0
3.0
3.0
1.0
20.0
1.0
3.0
5.0
3.0
6.0
2.0
1.0
48.0
611.0
1.0
1.0
1.0
43.0
3.0
1.0
218.0
7.0
1.0
3.0
8.0
99.0
4.0
2.0
3.0
1.0
3.0
491.0
1339.0
6.0
3.0
886.0
2.0
1.0
51.0
1.0
669.0
1.0
4.0
60.0
112.0
2.0
1.0
30.0
1.0
401.0
1.0
51.0
6.0
2.0
3.0
1.0
8.0
3.0
10.0
3.0
4.0
12.0
8.0
2.0
15.0
1.0
17.0
3.0
3.0
315.0
3.0
596.0
1.0
2.0
1.0
10.0
1.0
1.0
237.0
4.0
112.0
834.0
282.0
52.0
3.0
20.0
2.0
2.0
4.0
1.0
1.0
152.0
12.0
1.0
41.0
35.0
14385.0
102.0
1.0
850.0
86.0
3.0
32.0
19380.0
7.0
351.0
335.0
368.0
1.0
3.0
4.0
5.0
7.0
144.0
7.0
1.0
8.0
10.0
3.0
1.0
1.0
19.0
276.0
1.0
1714.0
2.0
1.0
988.0
3.0
15.0
425.0
50.0
620.0
1.0
1.0
6671.0
167.0
1.0
99.0
1109.0
7.0
3.0
3.0
10.0
579.0
1.0
889.0
2.0
1.0
1.0
248.0
3.0
9.0
4.0
1.0
1.0
2.0
2.0
4.0
1225.0
3.0
40.0
20.0
1.0
1.0
771.0
25.0
1.0
6288.0
3.0
1.0
135.0
4.0
702.0
2.0
288.0
3.0
3.0
130.0
3.0
3.0
1.0
1.0
4.0
80.0
7.0
3.0
1.0
2.0
7.0
149.0
2.0
2.0
91.0
995.0
1319.0
9.0
1.0
8.0
1.0
1.0
4.0
1152.0
16.0
912.0
1.0
1.0
547.0
1.0
49.0
3.0
2.0
4.0
353.0
1.0
1.0
199.0
6.0
1.0
1044.0
1.0
2.0
58.0
4.0
3223.0
4.0
364.0
95.0
16.0
57.0
1.0
31.0
1.0
53.0
1.0
1.0
1.0
4.0
83.0
12.0
13.0
3.0
8.0
9.0
50.0
1.0
3.0
3.0
4.0
2.0
1.0
3.0
7.0
107.0
1.0
24.0
6.0
364.0
2064.0
3.0
1.0
2.0
2.0
10.0
1.0
2.0
2.0
821.0
4.0
3.0
189.0
3.0
3.0
12.0
131.0
3.0
1.0
145.0
1.0
52.0
283.0
2.0
3.0
85.0
128.0
24.0
5.0
3.0
13.0
2.0
3.0
14.0
62.0
3.0
1324.0
4.0
9.0
675.0
190.0
3.0
2.0
1.0
3.0
226.0
344.0
16479.0
296.0
5.0
9.0
10.0
1.0
1.0
3.0
3.0
3.0
59.0
24.0
3.0
1.0
1.0
4.0
9.0
2.0
2.0
6.0
5.0
84.0
478.0
7.0
13.0
1.0
1.0
19.0
67.0
621.0
19.0
1.0
2.0
11.0
1.0
6.0
4.0
4.0
1958.0
281.0
3.0
1.0
1.0
33.0
2.0
4.0
1.0
1.0
2.0
3.0
2.0
30.0
1.0
1.0
9.0
2.0
3.0
2.0
13.0
1.0
585.0
3.0
32.0
3.0
178.0
23.0
1.0
300.0
5.0
3.0
1.0
1.0
3.0
12.0
24.0
9.0
10.0
2.0
1.0
4.0
2.0
5.0
10.0
23.0
3.0
1.0
5.0
171.0
1.0
6.0
30.0
85.0
12.0
1.0
1018.0
4.0
8.0
1.0
2.0
14.0
2.0
3.0
33.0
1.0
1.0
4.0
1047.0
16.0
1.0
2.0
1.0
1.0
3.0
12.0
1698.0
1.0
3.0
39.0
2.0
4.0
1.0
9.0
2.0
1.0
3.0
288.0
2.0
3.0
1.0
1.0
206.0
15.0
1.0
1.0
2.0
8.0
101.0
1.0
2.0
2.0
2.0
1.0
55.0
4.0
1.0
141.0
3.0
685.0
7.0
1867.0
450.0
70.0
7.0
2.0
1.0
9.0
1.0
64.0
94.0
1.0
24.0
25.0
1756.0
9.0
1.0
3.0
5.0
1.0
2806.0
11065.0
1.0
2.0
67.0
160.0
3.0
4.0
8.0
9.0
86.0
351.0
8.0
8.0
7.0
3.0
19.0
9.0
1.0
23.0
713.0
6.0
1.0
3.0
3.0
8.0
1.0
3.0
7.0
11.0
9.0
77.0
1.0
1.0
4.0
10.0
1.0
2048.0
1.0
22.0
48.0
282.0
8.0
12.0
3.0
282.0
3.0
2.0
621.0
9.0
3.0
1.0
10.0
1.0
1755.0
1.0
30.0
50.0
295.0
1.0
7.0
3.0
1.0
3.0
15.0
1.0
1.0
1.0
78.0
1.0
3.0
14.0
539.0
9.0
1.0
169.0
4.0
111.0
1.0
8.0
9.0
192.0
1.0
1.0
15.0
2385.0
4.0
1.0
8.0
66.0
207.0
9.0
1.0
957.0
1.0
3.0
1.0
28.0
1.0
1.0
1.0
2047.0
748.0
156.0
1.0
286.0
3.0
3.0
1.0
115.0
34.0
19.0
14.0
422.0
205.0
8.0
2.0
24.0
2.0
2.0
2.0
2.0
3.0
1.0
697.0
3.0
1.0
23.0
3.0
1.0
67.0
73.0
8.0
3.0
39.0
279.0
2.0
1.0
1204.0
6.0
19.0
1179.0
1.0
1.0
2.0
3.0
1.0
685.0
7.0
1.0
1.0
11.0
3.0
1162.0
3.0
110.0
1.0
1.0
3.0
35.0
2.0
44.0
2.0
12.0
457.0
1.0
2.0
2.0
24.0
95.0
68.0
1.0
19.0
8.0
3.0
121.0
2.0
1.0
2.0
24.0
6.0
210.0
23.0
3.0
1.0
1.0
19.0
3.0
3.0
1.0
17.0
34.0
66.0
41.0
1.0
1.0
1.0
1.0
12.0
1.0
104.0
47.0
17.0
1.0
1344.0
1.0
138.0
1.0
1.0
1.0
7.0
2.0
3.0
33.0
1.0
1.0
1.0
1.0
4.0
6084.0
4.0
1.0
3.0
5.0
2.0
1.0
1.0
87.0
3.0
1.0
178.0
4.0
5.0
421.0
21.0
11.0
3.0
1657.0
5.0
7.0
8.0
2.0
289.0
8.0
9.0
298.0
22.0
2.0
3.0
1.0
1.0
66.0
24.0
1.0
2.0
8.0
270.0
174.0
2.0
3.0
5.0
2.0
279.0
15.0
3.0
86.0
2.0
5.0
19.0
4.0
1.0
1.0
10.0
9.0
7.0
27.0
717.0
34.0
11.0
7.0
3.0
3.0
3.0
6.0
253.0
2576.0
1.0
1.0
21.0
1664.0
2.0
3.0
8.0
14.0
1.0
25.0
253.0
1.0
1.0
1.0
20.0
1.0
3.0
337.0
5.0
8.0
1.0
3.0
1.0
2.0
701.0
1.0
159.0
1.0
3.0
737.0
1.0
1.0
288.0
3599.0
1.0
2.0
1.0
165.0
19.0
1.0
6600.0
232.0
4.0
18.0
1.0
1314.0
1.0
17.0
1910.0
300.0
1.0
1.0
13.0
8.0
3.0
1.0
1.0
2.0
3.0
67.0
3.0
101.0
3.0
1.0
1.0
1.0
44.0
29.0
1015.0
15.0
146.0
56.0
1.0
1707.0
1.0
1.0
1.0
4.0
2.0
2.0
915.0
1.0
338.0
6.0
3.0
1.0
1.0
1.0
1.0
2.0
1.0
19.0
8.0
93.0
3.0
1.0
23.0
1.0
108.0
3.0
1.0
21.0
19.0
1.0
1.0
3.0
321.0
2.0
1.0
3.0
2.0
1.0
1.0
32.0
1.0
29.0
2.0
12.0
824.0
4.0
77.0
20.0
3.0
5.0
9.0
159.0
106.0
3.0
1.0
15.0
69.0
288.0
1.0
33.0
376.0
5.0
2.0
2.0
3.0
1.0
1.0
136.0
2440.0
1.0
88779.0
4.0
1.0
1.0
17.0
3.0
40.0
155.0
351.0
87.0
1.0
313.0
1659.0
590.0
16.0
4.0
1.0
2.0
1.0
2.0
6.0
4.0
2.0
11.0
1.0
1.0
857.0
7482.0
1.0
1.0
1861.0
1.0
8.0
4.0
3.0
9.0
55.0
1.0
22.0
2.0
3.0
1275.0
2.0
1.0
2.0
95.0
1.0
8.0
103.0
42.0
102.0
3.0
8.0
8.0
257.0
2753.0
1.0
469.0
1.0
1.0
2.0
3.0
1.0
18.0
14385.0
16.0
86.0
1.0
1.0
8.0
2.0
2.0
231.0
4.0
1120.0
6.0
1.0
1.0
2.0
749.0
8.0
106.0
365.0
12.0
1.0
1.0
1251.0
74.0
3.0
18.0
1.0
3.0
157.0
3.0
1.0
4878.0
1.0
1.0
6.0
1.0
5.0
4.0
214.0
7.0
8.0
1.0
18.0
3.0
66.0
5.0
15.0
1.0
3.0
472.0
3.0
3.0
3.0
1.0
2.0
1.0
16.0
3.0
43.0
2.0
1.0
18.0
4.0
1.0
3.0
3.0
6.0
10.0
17.0
2.0
1.0
1.0
5.0
1.0
1191.0
2.0
1.0
17.0
1.0
1.0
1.0
2.0
15.0
6.0
1.0
1.0
2.0
24.0
54.0
2.0
81.0
676.0
5.0
2.0
56.0
7.0
609.0
1.0
1.0
3.0
3.0
67.0
23.0
27.0
1.0
1.0
1.0
8.0
3.0
108.0
69.0
1.0
55.0
1.0
26.0
1.0
2.0
187.0
1.0
2.0
2.0
2834.0
6.0
2.0
3.0
5.0
122.0
13.0
421.0
1.0
4.0
6.0
2.0
1.0
288.0
113.0
1.0
87.0
182.0
2.0
20.0
4.0
6.0
15.0
1.0
284.0
3.0
4055.0
5.0
1.0
1.0
74.0
1.0
1.0
292.0
5.0
1.0
1.0
1.0
7.0
5.0
4.0
1.0
1.0
1.0
1.0
183.0
208.0
3.0
14.0
4.0
5.0
8.0
837.0
2.0
14385.0
3.0
136.0
129.0
4.0
24.0
16.0
3.0
8.0
3574.0
3.0
3.0
58.0
567.0
1.0
3.0
202.0
1.0
19076.0
46.0
117.0
3.0
1.0
8.0
2.0
3.0
1.0
2.0
3.0
1.0
6.0
76.0
115.0
1.0
1.0
6.0
2.0
1.0
9.0
2.0
2.0
10.0
1.0
3.0
1.0
4.0
160.0
132.0
3.0
3.0
66.0
23.0
3.0
2.0
1.0
1.0
1.0
45.0
3.0
9.0
8.0
73.0
3.0
1.0
1183.0
25.0
1.0
24.0
8.0
6.0
3.0
9.0
1.0
5.0
49.0
152.0
1.0
3.0
3.0
41.0
2.0
1.0
24.0
6.0
1.0
3086.0
1.0
1.0
205.0
3.0
4.0
1.0
25.0
5.0
3.0
1.0
3.0
1.0
3.0
3.0
4.0
2.0
44.0
371.0
3.0
2.0
1.0
2133.0
2391.0
65.0
1.0
14005.0
3.0
966.0
3.0
117.0
5.0
52.0
19.0
68.0
3.0
1.0
4.0
2.0
3.0
160.0
1.0
7.0
5.0
4.0
1.0
3.0
1.0
1.0
143.0
12.0
62.0
2.0
2.0
3.0
4.0
33.0
3.0
1.0
1.0
48.0
1.0
1.0
3.0
1.0
604.0
3.0
2.0
167.0
2.0
3.0
2.0
1491.0
1.0
1.0
1.0
1.0
2.0
12.0
3.0
1.0
5.0
4.0
362.0
1011.0
2.0
6.0
317.0
1.0
52.0
3.0
7.0
2.0
3.0
12227.0
3.0
1.0
32.0
9458.0
5.0
2.0
3.0
1.0
2.0
2.0
498.0
313.0
1.0
1.0
1.0
3.0
11.0
1.0
5.0
1.0
169.0
2.0
1.0
3.0
2.0
3.0
12.0
1.0
107.0
1.0
30.0
3.0
1.0
2.0
3.0
5.0
6.0
7.0
24.0
23.0
1.0
4.0
105.0
7.0
3.0
1.0
1.0
11.0
2.0
1.0
2.0
1.0
2.0
110.0
10.0
17.0
9.0
3.0
26.0
6.0
1.0
4048.0
59.0
26.0
27.0
1.0
3.0
92.0
1.0
2.0
1.0
1.0
2.0
13.0
3.0
1.0
1.0
4.0
10.0
764.0
2.0
1.0
2.0
4.0
27.0
3.0
1.0
1.0
2.0
1.0
1.0
3.0
37.0
7.0
24.0
201.0
1.0
3.0
22.0
538.0
3.0
8.0
8.0
3.0
3.0
1.0
3.0
2.0
1.0
1.0
3.0
2.0
1.0
1238.0
1.0
1853.0
3.0
9.0
3.0
221.0
1.0
28.0
1.0
1.0
1.0
3.0
1.0
3.0
24.0
68.0
1.0
1755.0
12.0
1.0
3.0
350.0
73.0
19.0
2.0
3.0
1.0
1.0
4.0
1.0
12.0
1.0
3.0
47.0
67.0
2.0
2094.0
83.0
1.0
74.0
1.0
53.0
3.0
2.0
149.0
3.0
22.0
288.0
3.0
1.0
134.0
2.0
2.0
3.0
998.0
21.0
9.0
212.0
160.0
3.0
2.0
974.0
2.0
1.0
3.0
4.0
2.0
182.0
1.0
74.0
1.0
4.0
15.0
3.0
3.0
3.0
2.0
2.0
7.0
7.0
4.0
5.0
3.0
2655.0
17.0
1.0
1.0
2958.0
2.0
1.0
1.0
1.0
2.0
1395.0
2.0
1.0
12.0
60.0
3.0
2.0
40.0
1.0
1.0
2.0
4.0
833.0
153.0
216.0
12.0
9.0
24.0
1.0
3.0
5.0
3.0
3.0
1.0
7.0
1.0
1.0
5.0
1.0
13.0
28.0
2.0
79.0
19.0
829.0
1.0
19.0
1.0
2.0
17.0
109.0
1.0
935.0
2.0
1.0
1989.0
1.0
2.0
930.0
5.0
40.0
961.0
3.0
1.0
65.0
1.0
4.0
4.0
3.0
1.0
2.0
696.0
1.0
1.0
159.0
1.0
3.0
1.0
28.0
1.0
2.0
3.0
1.0
4.0
3.0
111.0
31.0
2.0
1.0
1.0
3.0
1.0
246.0
351.0
64.0
2.0
3.0
1.0
2.0
118.0
2.0
1784.0
3.0
9.0
9.0
3.0
14124.0
43.0
779.0
596.0
1.0
20.0
46.0
3.0
4.0
8.0
5.0
3.0
1.0
15.0
3.0
1.0
385.0
1.0
5.0
8.0
18.0
14.0
373.0
3.0
23.0
69.0
1.0
26.0
3.0
1715.0
3.0
13.0
5.0
1.0
115.0
22.0
9.0
3.0
9.0
124.0
6.0
2.0
1.0
121.0
613.0
43.0
59.0
2.0
3.0
3.0
3.0
143.0
15.0
966.0
3.0
107.0
2.0
3.0
3.0
132.0
24.0
3.0
1.0
457.0
3.0
1.0
8.0
3.0
3.0
11.0
1.0
1.0
11.0
3.0
10.0
25.0
3.0
30.0
5.0
1.0
2.0
3.0
1.0
10.0
2.0
1.0
1.0
5.0
421.0
28.0
7.0
48.0
3.0
9.0
132.0
2.0
1650.0
448.0
1.0
1.0
3.0
2.0
24.0
5.0
88.0
1.0
1.0
86.0
1.0
1.0
1.0
30.0
5.0
22.0
1036.0
50.0
512.0
3.0
1.0
1.0
1.0
9.0
1.0
1.0
1.0
33.0
1.0
3.0
1.0
3.0
241.0
492.0
126.0
4.0
3.0
1.0
4.0
2.0
8.0
3.0
7.0
1.0
1.0
8.0
42.0
23.0
1.0
3.0
8.0
10.0
3.0
3.0
29.0
2.0
1596.0
1016.0
3.0
3935.0
372.0
1526.0
1.0
3.0
3.0
1.0
2.0
470.0
4.0
12.0
17.0
3.0
3.0
4.0
25.0
119.0
87.0
1.0
2.0
1.0
1.0
710.0
200.0
1.0
1.0
476.0
3.0
39.0
3.0
113.0
356.0
11.0
351.0
31.0
3.0
2.0
160.0
105.0
3.0
569.0
2.0
1.0
3.0
33.0
2.0
149.0
49.0
3.0
1.0
3.0
1197.0
109.0
3.0
1.0
12.0
3.0
3.0
1.0
6.0
145.0
4.0
3.0
3.0
1.0
2605.0
3.0
1.0
3.0
3.0
5.0
3.0
66.0
3.0
5.0
14.0
2.0
511.0
1.0
1.0
6.0
2.0
3.0
5.0
15.0
3.0
21.0
47.0
1.0
100.0
8.0
3.0
3.0
33.0
3.0
9.0
29.0
1851.0
1.0
63.0
67.0
1.0
288.0
2.0
1.0
35.0
3.0
14.0
56.0
1.0
563.0
1.0
4.0
3.0
3.0
1026.0
1.0
1.0
1.0
8.0
5171.0
1.0
5.0
14.0
1.0
65.0
94.0
1.0
1.0
11.0
1.0
2.0
1.0
3.0
1.0
4.0
39.0
17.0
14.0
64.0
152.0
47.0
8.0
3.0
1.0
49.0
543.0
302.0
31.0
79.0
3.0
45.0
1.0
1.0
141.0
27.0
160.0
19.0
1311.0
3.0
1.0
284.0
9021.0
250.0
2.0
2.0
171.0
2.0
1.0
3.0
1.0
1.0
1.0
3.0
371.0
64.0
3.0
4.0
7.0
1.0
9.0
1.0
1.0
2.0
1.0
1.0
3.0
3.0
1.0
1.0
1.0
32.0
2.0
82.0
1.0
2.0
7.0
3.0
18.0
6.0
14.0
1.0
2.0
3.0
1.0
792.0
3.0
5.0
86.0
4.0
2.0
1.0
3.0
7.0
69.0
25.0
2.0
3.0
1.0
3.0
9.0
3.0
216.0
1.0
1320.0
1.0
1.0
1.0
2493.0
4.0
370.0
4.0
1.0
91.0
2.0
1002.0
338.0
77.0
1.0
1.0
1.0
130.0
1.0
18.0
20.0
1.0
47.0
5.0
1.0
47.0
36.0
1.0
9.0
1250.0
1370.0
110.0
1.0
3.0
2.0
11.0
247.0
133.0
507.0
49.0
1734.0
10.0
1.0
1.0
1.0
3.0
10.0
1.0
2.0
3.0
1.0
1.0
1.0
24.0
27.0
3.0
8.0
3.0
5.0
4.0
1.0
2.0
351.0
1.0
184.0
772.0
1.0
44.0
8.0
41.0
1079.0
300.0
22.0
1.0
1.0
1.0
2.0
779.0
1.0
3607.0
13.0
30.0
1.0
10.0
1.0
26.0
2.0
2.0
1.0
25.0
1.0
183.0
4.0
5.0
1.0
5.0
39.0
5.0
29.0
940.0
9.0
77.0
2027.0
2.0
6.0
3.0
1.0
7.0
27.0
1.0
2882.0
2.0
1.0
1911.0
2.0
92.0
4.0
39.0
64.0
4.0
3.0
1.0
1.0
2.0
1.0
3.0
3.0
19.0
53.0
6.0
3.0
3.0
24.0
4.0
1.0
23.0
10.0
3.0
364.0
3.0
5.0
2.0
3.0
57.0
10.0
1.0
17.0
844.0
2.0
2112.0
731.0
3.0
3.0
18.0
1.0
17.0
6.0
3.0
2472.0
4.0
2.0
3.0
6.0
315.0
105.0
111.0
3.0
3.0
16.0
1.0
3.0
56.0
9.0
5.0
8.0
2.0
15.0
1.0
7.0
3.0
2.0
3.0
2.0
3.0
25.0
1.0
7.0
48.0
1.0
39.0
3.0
1.0
19.0
3.0
1.0
1.0
1.0
3.0
11.0
3.0
2.0
376.0
17.0
4.0
1.0
8.0
2.0
3.0
2040.0
3.0
19.0
1.0
3.0
4.0
23.0
1.0
655.0
2.0
1.0
3.0
170.0
1.0
1.0
347.0
194.0
209.0
1.0
1.0
43.0
21.0
5.0
344.0
2.0
5.0
2.0
174.0
1.0
180.0
111.0
40.0
13010.0
1.0
3.0
13.0
2.0
4.0
1.0
4.0
611.0
3.0
4.0
4.0
294.0
19.0
5.0
1.0
60.0
678.0
515.0
1.0
1.0
2.0
1.0
2.0
4.0
1.0
3.0
1.0
1.0
2.0
8.0
438.0
3.0
2.0
1.0
3.0
1.0
1.0
1383.0
769.0
3.0
372.0
17.0
1.0
24.0
1.0
3.0
1.0
763.0
2.0
5.0
1.0
3.0
1659.0
9.0
2.0
743.0
178.0
3.0
2.0
2.0
67.0
3.0
1.0
205.0
54944.0
3.0
3.0
20.0
1.0
1.0
32.0
8.0
103.0
11.0
4.0
8.0
3.0
40.0
1.0
1.0
9.0
317.0
8.0
21.0
1.0
1.0
4.0
1.0
75.0
1.0
2.0
15.0
3.0
28.0
13.0
8.0
3.0
2.0
1.0
3.0
1425.0
11.0
3.0
1.0
1.0
2.0
588.0
4.0
1.0
5.0
12.0
1219.0
9.0
3.0
1.0
6.0
1.0
1.0
24.0
1.0
3.0
2.0
4818.0
79.0
1.0
79.0
5.0
3.0
9.0
4.0
1.0
3.0
19.0
14.0
10.0
1786.0
1.0
160.0
3.0
1.0
13892.0
1.0
4419.0
7.0
4.0
7.0
3.0
112.0
1117.0
9.0
1516.0
1.0
1307.0
3.0
4.0
396.0
99.0
1.0
2.0
4.0
93.0
4.0
779.0
3.0
1.0
282.0
720.0
1.0
33.0
3.0
1234.0
278.0
3.0
24.0
4.0
2.0
2.0
4.0
2.0
4.0
1.0
39.0
5.0
3.0
3.0
33.0
484.0
4.0
17.0
3.0
68.0
1.0
102.0
24.0
5.0
3.0
9.0
3.0
1.0
24.0
3.0
2.0
5.0
351.0
1.0
16.0
2407.0
1.0
9.0
811.0
75.0
17.0
56.0
2.0
4.0
607.0
66.0
3.0
3.0
23.0
1.0
150.0
7.0
3.0
5.0
1288.0
75.0
18.0
482.0
4.0
3.0
6.0
2646.0
109.0
3.0
2.0
2.0
6.0
2.0
1.0
282.0
2.0
3.0
2.0
34.0
8.0
8.0
148.0
2.0
1.0
3.0
2.0
2.0
2.0
3.0
1.0
2.0
1.0
2.0
510.0
1.0
3.0
2.0
3.0
4.0
10.0
526.0
1.0
3229.0
84.0
176.0
8.0
3838.0
3.0
10.0
21.0
3.0
2.0
84.0
3.0
3.0
11.0
16.0
2.0
5.0
4.0
3.0
785.0
1.0
1.0
1225.0
46.0
3.0
17.0
1170.0
7839.0
1.0
2.0
366.0
3.0
3.0
1.0
2.0
3.0
3.0
8.0
3.0
1.0
1.0
1.0
189.0
2.0
3154.0
1.0
4.0
76.0
1.0
3.0
2.0
404.0
3.0
1.0
1.0
19.0
1.0
2.0
27.0
1.0
9.0
2.0
1.0
31.0
2.0
1.0
6.0
29.0
23.0
4.0
3.0
50.0
3.0
1.0
7.0
1.0
1.0
3.0
706.0
3.0
72.0
1.0
3.0
3.0
9.0
7.0
83.0
10.0
1.0
4.0
1.0
739.0
11.0
1.0
3.0
41.0
3.0
102.0
12.0
1.0
10.0
3.0
1.0
2.0
24.0
4.0
1.0
55.0
49.0
1.0
17.0
985.0
3587.0
12.0
1380.0
5.0
24.0
6.0
7.0
1.0
248.0
4.0
47.0
4.0
152.0
13.0
2.0
62.0
3.0
6.0
6.0
1.0
25.0
3.0
4.0
7.0
1.0
576.0
232.0
13.0
3.0
3.0
9.0
10.0
3.0
1.0
24.0
2.0
185.0
2.0
1.0
3.0
3.0
1961.0
1.0
3.0
25.0
831.0
3.0
2115.0
3.0
19.0
15.0
2.0
1075.0
3.0
1.0
1.0
82.0
3.0
1.0
20.0
1.0
3.0
172.0
1.0
3.0
2.0
44.0
312.0
51.0
1.0
3.0
2.0
18.0
1.0
30.0
1.0
45.0
1.0
1615.0
2.0
63.0
1.0
3.0
1.0
2.0
1.0
2.0
1.0
5.0
1.0
813.0
4.0
2.0
1.0
3.0
2.0
7.0
3.0
1.0
2.0
6.0
8.0
1.0
2.0
1.0
1.0
4.0
19.0
1.0
9.0
5.0
679.0
1995.0
1.0
1.0
1450.0
13.0
287.0
3.0
3.0
1.0
186.0
2.0
3.0
31.0
6.0
1.0
68.0
508.0
4.0
8.0
4.0
1.0
23.0
6.0
6.0
25.0
65.0
646.0
3.0
1.0
2.0
3.0
1606.0
696.0
1.0
29.0
1.0
3.0
75.0
1.0
3.0
1.0
2.0
3.0
1.0
1.0
16.0
21.0
22.0
8.0
1.0
1509.0
1.0
173.0
1.0
4.0
1.0
48.0
299.0
3.0
1.0
36.0
62.0
1.0
1.0
7.0
3.0
1.0
1.0
1.0
21.0
189.0
1.0
33.0
1.0
771.0
113.0
37.0
5.0
1.0
297.0
147.0
2.0
30.0
2.0
2.0
3.0
3.0
1.0
1.0
202.0
7.0
2.0
41.0
1803.0
1951.0
23.0
2.0
3.0
47.0
49.0
1.0
1.0
4.0
19.0
1.0
1.0
9049.0
1381.0
3.0
209.0
241.0
642.0
1.0
9.0
937.0
3.0
288.0
3.0
842.0
1.0
8.0
10.0
125.0
32.0
1.0
166.0
1.0
1.0
1.0
9.0
4.0
3.0
13.0
2.0
18.0
129.0
32.0
7.0
32.0
240.0
1.0
20.0
2.0
1.0
2.0
1.0
2.0
1.0
3.0
1003.0
31.0
19.0
2.0
13.0
29.0
3.0
2793.0
18.0
1.0
6.0
5.0
3.0
14.0
29.0
2.0
14.0
4.0
3.0
233.0
3.0
3.0
44.0
76.0
105.0
2.0
1.0
3.0
6.0
76.0
7.0
6.0
2.0
1.0
2.0
39.0
1.0
1.0
3.0
8.0
8.0
133.0
1.0
2.0
35.0
3.0
364.0
39.0
1.0
9.0
1.0
4.0
13.0
1.0
1584.0
7.0
868.0
3.0
3011.0
1.0
674.0
1.0
10.0
2.0
1.0
1.0
7.0
19.0
3.0
1.0
3.0
39.0
176.0
32.0
9.0
1.0
5.0
18.0
10.0
1482.0
12.0
5.0
775.0
43.0
5.0
6.0
4673.0
8678.0
7.0
9.0
3.0
3.0
2.0
48.0
1.0
3.0
1881.0
8.0
3.0
8.0
444.0
7.0
4.0
10.0
1.0
1.0
67.0
696.0
1.0
5.0
1.0
6.0
2.0
5.0
2.0
24.0
85.0
1.0
5.0
14.0
6.0
71.0
3.0
47.0
5.0
2.0
113.0
1.0
9.0
200.0
249.0
4.0
5.0
2.0
3.0
27.0
9.0
2.0
1.0
4.0
4.0
3.0
16.0
3.0
483.0
1.0
1.0
18.0
4.0
2.0
326.0
3568.0
2831.0
342.0
1.0
17.0
1.0
954.0
2.0
3.0
453.0
4.0
1.0
7.0
7.0
89.0
11.0
5.0
1.0
1309.0
3.0
46.0
3.0
3.0
1.0
2.0
33.0
7.0
1.0
17.0
2.0
1.0
2.0
10.0
1.0
1.0
17.0
9.0
3.0
5.0
10.0
93.0
3.0
1.0
9.0
26.0
1.0
24.0
32.0
1.0
3.0
48.0
1.0
6.0
9.0
1.0
5.0
1.0
8.0
1.0
1.0
1.0
2.0
3.0
1.0
27.0
3.0
117.0
4.0
13.0
2476.0
5.0
1.0
1.0
78.0
6.0
2.0
7.0
1.0
177.0
1.0
1.0
1.0
1.0
3.0
384.0
6.0
329.0
8.0
13.0
4.0
2.0
430.0
627.0
3.0
1.0
3.0
10.0
5.0
2.0
6.0
1.0
10.0
1.0
656.0
2.0
1.0
6.0
284.0
2.0
5.0
1062.0
3.0
30.0
50.0
4.0
3.0
15.0
4.0
1.0
1.0
3.0
18.0
2.0
351.0
22.0
5.0
18.0
3.0
9.0
4.0
1.0
553.0
3.0
1.0
2.0
242.0
2.0
6.0
3.0
102.0
164.0
17.0
1665.0
3.0
2.0
3.0
3.0
1.0
3.0
2.0
3.0
1594.0
63.0
15.0
1.0
3.0
2976.0
8.0
6401.0
52.0
1.0
1.0
6.0
111.0
7.0
3.0
58.0
1196.0
1.0
3.0
2.0
27.0
3.0
10.0
3.0
1.0
1.0
1.0
6.0
1.0
2.0
8.0
3.0
9.0
1.0
749.0
1.0
11.0
3.0
2.0
1.0
782.0
2.0
1.0
1.0
20.0
3.0
1.0
28.0
1.0
293.0
28.0
2.0
1.0
2.0
2.0
4.0
47.0
29.0
576.0
1.0
3.0
3.0
36.0
3.0
2.0
2.0
6.0
1.0
3.0
1.0
4.0
1.0
169.0
5.0
4.0
1.0
17.0
696.0
2.0
19.0
1.0
19.0
1.0
16.0
1.0
3.0
273.0
16.0
3731.0
1.0
1.0
3.0
1.0
85.0
11.0
3.0
3.0
4.0
9.0
1.0
8.0
1.0
3.0
1.0
9.0
1.0
1.0
4396.0
1.0
3.0
384.0
27.0
3.0
3.0
87.0
4.0
1468.0
576.0
34.0
1.0
3.0
29.0
2.0
8.0
3.0
9.0
3.0
4.0
3.0
3.0
1.0
1.0
3.0
161.0
1.0
2.0
1.0
5.0
3.0
7.0
473.0
243.0
8.0
1.0
310.0
1.0
1.0
10.0
6.0
1.0
3.0
549.0
259.0
1.0
9.0
5673.0
381.0
503.0
1.0
60.0
10.0
360.0
3.0
9.0
1.0
2.0
3.0
3.0
1.0
2.0
6.0
1.0
3.0
25.0
19.0
10.0
11.0
1.0
86.0
1078.0
2.0
3.0
2.0
3.0
8.0
5.0
3.0
1427.0
2.0
742.0
1.0
1.0
300.0
83.0
4.0
187.0
15.0
1454.0
3.0
600.0
3.0
3.0
2.0
1.0
305.0
1.0
3.0
10.0
3.0
14.0
1.0
1.0
9.0
2.0
1.0
1.0
6.0
7.0
3.0
1.0
3072.0
1.0
4.0
1622.0
37.0
3.0
10.0
1.0
19.0
3.0
3.0
50.0
1.0
23.0
1.0
3.0
215.0
34.0
8.0
3.0
1.0
14.0
2.0
1.0
262.0
4.0
1.0
2.0
1.0
8.0
9.0
1.0
2.0
19.0
2.0
146.0
1.0
1.0
2.0
2.0
3.0
6.0
2.0
250.0
13.0
1.0
18.0
98.0
1.0
11315.0
1536.0
9.0
3.0
531.0
109.0
4.0
8.0
1437.0
1.0
13.0
4.0
9.0
821.0
2.0
3.0
2.0
2.0
3.0
5.0
20.0
2.0
1.0
1.0
1.0
24.0
184913.0
496.0
20.0
2.0
2.0
1.0
6.0
69.0
1.0
2.0
8.0
713.0
6.0
3.0
20.0
1.0
2.0
2.0
261.0
8.0
2.0
672.0
1.0
373.0
3.0
674.0
3.0
1.0
44.0
12.0
19.0
1.0
58.0
59.0
2.0
9.0
14.0
5.0
1.0
3.0
41.0
1.0
2.0
40.0
3.0
1.0
1.0
1.0
313.0
1.0
5.0
4.0
2075.0
9.0
5.0
1.0
1.0
25.0
2.0
2.0
3.0
3.0
3.0
2.0
1.0
196.0
4.0
421.0
37.0
3.0
1.0
1.0
52.0
1.0
7.0
3.0
3.0
3.0
2.0
8.0
12.0
4.0
1.0
298.0
26.0
8.0
31.0
13.0
1.0
1.0
87.0
1.0
2.0
379.0
355.0
1.0
173.0
8.0
4882.0
33.0
3.0
131.0
3.0
1.0
2.0
3.0
8.0
836.0
1.0
1.0
1.0
3.0
1.0
10.0
2.0
10.0
1.0
2.0
47.0
172.0
1.0
708.0
60.0
9.0
1.0
2.0
72.0
297.0
1.0
1.0
1.0
9.0
2.0
18.0
24.0
1.0
3.0
445.0
4.0
1.0
466.0
11.0
1.0
6.0
1321.0
152.0
4.0
9.0
70.0
5.0
1.0
1.0
1.0
571.0
1.0
2.0
2.0
2.0
596.0
7.0
2.0
2.0
1.0
994.0
1929.0
2.0
2.0
1.0
1.0
2.0
3.0
4.0
2.0
3.0
1.0
1.0
3.0
3.0
8.0
90.0
6.0
21.0
287.0
1469.0
3.0
17.0
3.0
1.0
6.0
58.0
2.0
3.0
895.0
1.0
3.0
186.0
3.0
17.0
1.0
3.0
1.0
3.0
1.0
647.0
3.0
3.0
1.0
21.0
489.0
1.0
151.0
1.0
18.0
1.0
74.0
1.0
1.0
35.0
3.0
75.0
72.0
3.0
2.0
170.0
3.0
1.0
3.0
11.0
3.0
2.0
48.0
76.0
3.0
7.0
1.0
11.0
1.0
10.0
1.0
9.0
3.0
2.0
3.0
478.0
1.0
113.0
1.0
6.0
9.0
351.0
2.0
7.0
2.0
3.0
1.0
35.0
3.0
5.0
3.0
1.0
365.0
313.0
1602.0
1.0
3.0
34.0
1.0
3.0
1.0
36.0
19.0
644.0
3.0
1.0
58.0
27.0
4336.0
8.0
7.0
5038.0
10.0
1.0
241.0
7.0
31.0
515.0
43.0
1.0
2.0
1.0
19.0
2.0
3.0
3.0
466.0
3.0
10.0
53.0
1.0
3.0
3.0
3.0
3.0
8.0
3.0
4.0
6.0
3.0
1.0
1.0
19.0
77.0
1.0
4.0
3.0
1.0
1.0
1.0
4.0
4.0
1.0
8.0
59.0
38.0
3.0
2.0
40.0
90.0
8.0
3.0
23.0
717.0
3119.0
3.0
1.0
3.0
10.0
176.0
4.0
2.0
1.0
13311.0
9.0
421.0
1.0
4.0
2.0
122.0
2.0
24.0
187.0
36.0
2.0
2.0
4.0
1.0
2664.0
1.0
1.0
8.0
2.0
2.0
1.0
1.0
6.0
10.0
1.0
3.0
1.0
169.0
1.0
1.0
7.0
51.0
1.0
3.0
19.0
1.0
31.0
9.0
252.0
200.0
26.0
4.0
4.0
13.0
1.0
1.0
631.0
2.0
1304.0
1665.0
1.0
70.0
5.0
22.0
291.0
37.0
2.0
6.0
2.0
1.0
1.0
692.0
1.0
2.0
2356.0
1726.0
28.0
533.0
3.0
100.0
10.0
99.0
1.0
18.0
5.0
1.0
5.0
465.0
1.0
17.0
306.0
1.0
13.0
58.0
9.0
5.0
471.0
6.0
2.0
1.0
28.0
748.0
3.0
1.0
1007.0
1640.0
1.0
1.0
1.0
64.0
1.0
2.0
3.0
33.0
1274.0
4.0
1.0
6.0
1.0
1.0
3.0
96.0
37.0
153.0
36.0
69.0
2.0
4.0
3.0
1.0
1.0
4.0
3.0
1.0
900.0
1.0
2.0
12.0
2.0
1.0
39.0
1.0
1.0
53.0
552.0
3.0
1.0
19.0
1.0
1.0
2.0
2.0
9.0
68.0
11.0
5.0
3.0
1.0
3.0
13627.0
3.0
611.0
1.0
2.0
74.0
42.0
2.0
1.0
1.0
1592.0
2.0
210.0
23.0
1.0
3.0
1.0
5.0
839.0
3.0
31.0
1.0
6.0
6.0
1291.0
3.0
3.0
3.0
50.0
3.0
2.0
2.0
3.0
3528.0
1003.0
3.0
1.0
1.0
4.0
768.0
8.0
14.0
2.0
393.0
4.0
3.0
4.0
2.0
2.0
63.0
4.0
289.0
3.0
960.0
2.0
45.0
1.0
192.0
948.0
1.0
4.0
1.0
7.0
107.0
3.0
10.0
8.0
5.0
3.0
289.0
44.0
9.0
3.0
3.0
344.0
2.0
887.0
1229.0
3.0
1802.0
56.0
1.0
707.0
779.0
1.0
1.0
2.0
3.0
149.0
1.0
7.0
600.0
5.0
1.0
2.0
1.0
5.0
274.0
1.0
574.0
102.0
526.0
4.0
281.0
69.0
8.0
1952.0
17.0
72.0
3.0
2.0
2.0
3.0
4.0
82.0
2.0
1.0
3.0
1.0
1.0
6.0
2.0
440.0
171.0
5.0
3.0
1.0
1.0
3.0
1.0
1.0
2.0
1.0
236.0
1.0
3.0
31.0
1250.0
2.0
1.0
1.0
24.0
2.0
1.0
145.0
11.0
2.0
16.0
1.0
3.0
9.0
2.0
3906.0
4.0
14.0
982.0
4.0
2.0
48.0
4.0
3.0
5.0
1.0
63.0
3.0
11.0
50.0
350.0
3.0
1.0
108.0
5.0
10.0
1.0
42.0
5.0
9.0
3.0
1.0
288.0
3.0
3.0
6.0
4.0
91.0
15.0
27.0
977.0
1.0
207.0
29.0
123.0
60.0
3.0
3.0
2.0
3.0
9.0
1.0
1.0
17.0
1755.0
1.0
132.0
3.0
2.0
2.0
174.0
4.0
3.0
1.0
9.0
108.0
1.0
1.0
338.0
1.0
2.0
3.0
511.0
1061.0
2.0
3.0
2.0
10.0
21.0
2.0
10.0
6.0
809.0
3.0
1.0
1.0
1.0
4333.0
508.0
4.0
2002.0
1.0
1.0
8.0
11.0
382.0
2.0
10.0
207.0
27.0
3.0
3.0
1.0
1.0
246.0
4.0
1.0
341.0
2.0
7.0
7.0
3.0
1.0
56.0
21.0
315.0
1.0
5.0
495.0
19.0
3.0
48.0
3.0
1.0
966.0
3.0
59.0
3.0
4.0
3.0
842.0
1.0
1.0
129.0
15.0
1.0
2.0
1.0
86.0
5.0
3.0
4.0
1018.0
3.0
49.0
3.0
33.0
10.0
2.0
1.0
1.0
3.0
35.0
5.0
4.0
3.0
2.0
1.0
370.0
1.0
1820.0
5.0
10.0
1.0
3.0
31.0
1.0
1.0
1.0
103.0
4.0
3.0
8.0
7.0
349.0
68.0
1.0
3.0
535.0
654.0
3.0
3.0
622.0
1.0
26.0
4025.0
1.0
1.0
3.0
17.0
1.0
3.0
5.0
287.0
3.0
1.0
1.0
1.0
1.0
19.0
2.0
1.0
2.0
1.0
3.0
141.0
205.0
3.0
2713.0
21.0
3.0
4.0
2.0
10.0
1.0
2.0
1.0
1.0
3.0
2.0
3.0
2.0
1.0
29.0
1.0
2.0
37.0
12.0
5.0
1.0
339.0
16.0
4.0
1.0
3.0
14501.0
12.0
292.0
7.0
24.0
3.0
1.0
1.0
306.0
3.0
1.0
1.0
135.0
793.0
236.0
3.0
39.0
1.0
1737.0
3.0
3.0
64.0
25.0
73.0
11.0
24.0
9.0
5.0
58.0
2.0
4.0
1.0
5.0
3.0
1.0
3.0
1.0
3.0
1920.0
1.0
1.0
3.0
149.0
3.0
1.0
4.0
5.0
6.0
24.0
1.0
1.0
3.0
3.0
2.0
1.0
1.0
3.0
1.0
59.0
3.0
5.0
5.0
25.0
527.0
596.0
2.0
2.0
1.0
1.0
3.0
1.0
34.0
542.0
4612.0
1.0
31.0
65.0
8.0
4.0
3.0
4.0
5.0
1734.0
19.0
2.0
190.0
1.0
1.0
1.0
4.0
3.0
21.0
3.0
1421.0
2.0
3.0
55.0
3.0
50.0
83.0
49.0
19.0
35.0
3.0
338.0
24.0
36.0
1.0
19.0
3.0
1.0
6.0
371.0
3.0
3.0
54.0
1.0
9.0
3.0
18.0
2.0
514.0
3.0
1.0
4.0
1.0
1174.0
2.0
3.0
2.0
3.0
93.0
1.0
1.0
1.0
36.0
3.0
1462.0
280.0
1.0
34.0
3.0
1342.0
1863.0
5.0
4.0
2.0
1.0
4.0
66.0
11.0
2.0
1.0
3.0
1.0
4.0
1.0
2.0
2.0
7.0
1.0
1.0
218.0
8.0
1.0
16.0
95.0
3.0
29.0
18.0
1.0
5.0
1817.0
5.0
3.0
1.0
1.0
24.0
31.0
535.0
1.0
881.0
1.0
3.0
1.0
1.0
3.0
29.0
3.0
1.0
2.0
889.0
1.0
1.0
3.0
3.0
1323.0
1.0
1.0
1.0
9.0
224.0
4.0
12.0
149.0
2.0
542.0
7.0
7.0
1.0
1179.0
2042.0
149.0
48.0
675.0
7.0
1.0
6.0
3.0
3.0
3.0
31.0
4.0
12.0
1.0
1.0
16.0
186.0
6.0
14.0
3.0
32.0
175.0
1.0
3.0
1.0
1.0
3.0
29.0
3.0
1.0
17.0
1.0
27.0
1.0
38.0
5.0
3.0
2.0
68.0
1.0
70.0
3.0
1.0
13.0
1.0
3.0
2.0
13.0
4.0
3.0
282.0
2.0
1513.0
13.0
7.0
4.0
140.0
4.0
1.0
7.0
83.0
1.0
31.0
2.0
1.0
3.0
14.0
1.0
1.0
1.0
23.0
1.0
2.0
1.0
108.0
2.0
3.0
3.0
3.0
20.0
9.0
3.0
2.0
128.0
116.0
155.0
1.0
1.0
5.0
2.0
3.0
1.0
3.0
132.0
78.0
1.0
1.0
3.0
19.0
1.0
87.0
63.0
1.0
929.0
3.0
1.0
288.0
6.0
1.0
1.0
1.0
3.0
3.0
1.0
6.0
1.0
58.0
5.0
4.0
2.0
3.0
2.0
56.0
10.0
1.0
17.0
1.0
20.0
119.0
1207.0
16.0
7.0
370.0
3.0
1.0
61.0
3.0
1.0
71.0
3.0
60.0
3.0
5.0
7.0
10.0
2.0
1.0
3.0
4.0
5.0
3.0
13.0
107.0
1.0
1.0
2.0
173.0
1.0
1.0
15.0
296.0
1.0
23.0
73.0
4.0
1.0
1.0
1.0
3.0
2.0
43.0
9.0
378.0
2.0
1.0
1018.0
70.0
2.0
766.0
28.0
1556.0
6.0
1.0
3.0
1.0
8.0
8.0
73.0
1.0
1.0
2.0
8.0
1.0
81.0
17.0
100.0
10.0
1.0
2.0
1.0
2.0
1.0
1.0
171.0
3.0
5.0
1.0
3.0
5.0
1.0
1.0
5.0
22.0
76.0
246.0
2.0
1.0
3.0
28.0
2.0
5.0
1560.0
6.0
3.0
2.0
3.0
157.0
3.0
1359.0
564.0
173.0
14354.0
3.0
7.0
4.0
179.0
225.0
36.0
5.0
371.0
177.0
3.0
76.0
4.0
1.0
43.0
44.0
1.0
3.0
1876.0
1.0
868.0
54.0
3.0
11.0
1.0
24.0
8.0
19.0
2.0
339.0
1.0
18.0
30.0
1.0
4.0
45.0
488.0
17.0
1.0
10.0
1.0
3.0
3.0
281.0
4.0
152.0
2.0
3.0
120.0
1.0
2.0
3.0
6.0
19.0
2.0
934.0
24.0
2.0
292.0
4.0
282.0
1.0
18.0
2.0
1.0
3.0
199.0
507.0
313.0
3.0
2.0
3.0
5.0
218.0
2.0
1.0
1.0
1055.0
5.0
2.0
2.0
4.0
11.0
1.0
400.0
49.0
177.0
75.0
4.0
8.0
1.0
9.0
2.0
9.0
1.0
1.0
3.0
1.0
4.0
913.0
11.0
1.0
2.0
2.0
8.0
21.0
3.0
1.0
3.0
8.0
145.0
1.0
2.0
3.0
264.0
3.0
3.0
1.0
2.0
45.0
3.0
1.0
1.0
976.0
1.0
25.0
24.0
3.0
264.0
4.0
1.0
1.0
3.0
1.0
5.0
229.0
2.0
1.0
660.0
1.0
1720.0
186.0
5.0
685.0
3.0
116.0
6.0
179.0
5.0
9.0
2.0
9.0
2.0
758.0
3.0
120.0
1.0
117.0
2.0
3.0
45.0
3.0
3.0
1.0
4612.0
4.0
1.0
24.0
4.0
30.0
8.0
3.0
11.0
4.0
19.0
5.0
10.0
1.0
817.0
2.0
1.0
4.0
4.0
2.0
3011.0
15.0
2.0
25.0
41.0
90.0
2.0
1581.0
13.0
66.0
2.0
243.0
25.0
4920.0
1.0
3.0
5.0
1.0
1.0
1.0
47.0
4.0
3710.0
375.0
10.0
1761.0
7.0
8.0
279.0
1.0
14.0
3.0
583.0
1.0
4.0
5.0
129.0
362.0
1.0
2.0
4.0
1.0
3.0
17.0
8.0
1.0
2.0
3.0
5.0
94.0
3.0
1.0
1095.0
4.0
2.0
1.0
63.0
8.0
2.0
1.0
1036.0
9.0
3.0
1.0
12.0
6.0
159.0
3.0
420.0
1.0
157.0
2.0
685.0
1.0
12.0
1.0
1.0
4.0
24.0
2.0
7.0
1.0
8.0
3.0
11.0
319.0
1.0
1563.0
421.0
318.0
3.0
3.0
345.0
1.0
9.0
1.0
1.0
5.0
27.0
1.0
1.0
56.0
1871.0
4.0
1.0
8245.0
164.0
7.0
57.0
1.0
7.0
3.0
82.0
56.0
2.0
1761.0
1.0
3.0
4.0
2.0
1.0
5.0
3.0
12.0
12.0
2.0
2.0
3.0
2.0
178.0
1.0
3.0
247.0
2.0
1.0
714.0
50.0
802.0
66.0
33.0
2.0
1.0
730.0
2.0
8.0
7.0
180.0
1.0
2391.0
7.0
124.0
2.0
2.0
57.0
1.0
1036.0
5.0
46.0
9.0
242.0
12.0
44.0
3.0
19.0
2.0
21.0
3.0
3.0
9.0
977.0
457.0
4.0
1.0
64.0
6.0
3.0
1.0
2822.0
3.0
421.0
3.0
3.0
1018.0
3.0
1.0
1.0
2.0
12.0
18.0
157.0
2.0
57.0
1.0
1115.0
1.0
1.0
1.0
3.0
10.0
1.0
52.0
1.0
18.0
2.0
3.0
117.0
3.0
110.0
12.0
3.0
1351.0
1.0
1.0
421.0
3.0
3.0
36.0
5.0
22.0
52.0
1742.0
1.0
186.0
24.0
1.0
6.0
6.0
15.0
3.0
24.0
16.0
1.0
2156.0
3.0
6.0
1.0
9.0
2.0
28.0
12.0
1.0
351.0
6.0
41.0
2.0
1.0
3.0
55.0
1.0
65.0
2.0
1.0
1.0
1.0
69.0
1.0
682.0
509.0
233.0
1.0
5.0
1.0
6.0
1.0
1.0
2.0
62.0
3.0
1.0
24.0
1.0
5.0
23.0
5.0
2.0
1.0
13.0
3.0
3.0
3.0
5.0
11.0
19.0
1965.0
8.0
2.0
12.0
43.0
1.0
2.0
47.0
2.0
2701.0
2.0
1.0
4.0
5.0
5276.0
454.0
3.0
3.0
4.0
6.0
8.0
22.0
1320.0
1.0
1.0
205.0
73.0
14.0
338.0
1.0
95.0
11.0
4.0
278.0
10.0
7.0
108.0
76.0
1.0
1.0
3.0
84.0
1.0
3.0
31.0
2371.0
1.0
8.0
3.0
2.0
3.0
3.0
964.0
111.0
943.0
3.0
1.0
7.0
5.0
3.0
1.0
10.0
3.0
10.0
576.0
1.0
1.0
1.0
17.0
76.0
1.0
25.0
1.0
28.0
1.0
13.0
2.0
1.0
1.0
75.0
3.0
2.0
1.0
351.0
102.0
2.0
6.0
4.0
1.0
36.0
7.0
2.0
5.0
2.0
2.0
1.0
19.0
18.0
1.0
1.0
7.0
4.0
1.0
2.0
10619.0
11738.0
2.0
3.0
86.0
3.0
6.0
1.0
2.0
1.0
7.0
17.0
12.0
15.0
29.0
1.0
8.0
3.0
3436.0
1.0
1.0
13.0
1.0
10.0
735.0
1635.0
371.0
25.0
5.0
3.0
65.0
10.0
30.0
1.0
65.0
2.0
1.0
9.0
9.0
35.0
835.0
2.0
19.0
1728.0
7.0
8.0
696.0
66.0
8.0
1.0
13.0
83.0
6.0
14.0
1.0
8.0
2132.0
8.0
18.0
4.0
3.0
1.0
1.0
275.0
653.0
73.0
14.0
678.0
9.0
1432.0
9.0
1.0
20526.0
1.0
1.0
281.0
3.0
30.0
1.0
17.0
113.0
1.0
2.0
7.0
1.0
19.0
4.0
285.0
59.0
3.0
5.0
1027.0
13.0
45.0
2.0
4.0
6182.0
1038.0
1.0
2.0
65.0
3.0
1.0
17.0
2.0
1.0
1.0
104.0
1085.0
313.0
3.0
9.0
351.0
93.0
3.0
293.0
1.0
24.0
6.0
692.0
1.0
8.0
6.0
1.0
3.0
18.0
1.0
4.0
7.0
196.0
2.0
3.0
2.0
19.0
1.0
1.0
1382.0
5.0
2.0
3.0
3.0
11.0
737.0
4.0
3.0
5.0
1.0
2.0
2.0
14.0
12.0
1.0
1.0
933.0
52.0
351.0
345.0
48.0
146.0
11.0
63.0
2.0
3.0
1050.0
3.0
1307.0
26.0
1.0
3.0
16479.0
4.0
67.0
1.0
12.0
1.0
236.0
1.0
2.0
527.0
18.0
731.0
244.0
3.0
3.0
19.0
29.0
87.0
1.0
11207.0
1.0
24.0
1.0
22.0
1.0
13.0
5.0
1.0
1.0
132.0
34.0
1.0
1.0
272.0
8.0
234.0
1.0
3.0
1.0
36.0
11.0
10001.0
35.0
1.0
3.0
270.0
1185.0
516.0
1554.0
1.0
22.0
16.0
1.0
1.0
1.0
2.0
923.0
7.0
3.0
3.0
3.0
1.0
127.0
2.0
2.0
4.0
1168.0
3.0
17.0
1.0
7.0
1.0
2.0
12.0
10.0
102.0
6.0
1.0
1.0
3.0
1.0
3.0
1.0
2.0
4.0
560.0
2.0
8.0
1.0
23.0
1.0
1.0
1.0
3.0
30.0
20.0
3.0
1.0
3.0
2.0
3.0
1.0
2.0
16.0
85.0
23.0
2418.0
2.0
1.0
8.0
1.0
4.0
1.0
3.0
5.0
1.0
19.0
3.0
8.0
27.0
2.0
3.0
1.0
23.0
71.0
3.0
1.0
75.0
1.0
1.0
3.0
1.0
1.0
1.0
2.0
4.0
1.0
24.0
2.0
6.0
81.0
1.0
1.0
1.0
1.0
2.0
3.0
36.0
351.0
363.0
5.0
1.0
1.0
3.0
242.0
11.0
1.0
1.0
78.0
2.0
20.0
3.0
3.0
1.0
2.0
5.0
2.0
65.0
3.0
1.0
8.0
1.0
3.0
6.0
7.0
570.0
9.0
1.0
14.0
1.0
53.0
1550.0
131.0
1.0
6.0
4.0
2.0
1.0
2.0
7.0
19.0
1.0
1.0
103.0
1.0
195.0
7857.0
489.0
697.0
741.0
3.0
2.0
2.0
6.0
3.0
3.0
1.0
7.0
2.0
10.0
3.0
3.0
94.0
5.0
1.0
3.0
24.0
1.0
1.0
1.0
11.0
1.0
878.0
39.0
4.0
229.0
2.0
635.0
109.0
8.0
7.0
34.0
430.0
84.0
351.0
1298.0
105.0
3.0
25.0
28.0
4.0
3.0
2.0
8.0
76.0
17.0
1.0
358.0
114.0
9.0
2.0
44.0
1698.0
2.0
2.0
3.0
3.0
482.0
1.0
590.0
1.0
635.0
3.0
2.0
6.0
2.0
23.0
1.0
3.0
773.0
3.0
6743.0
257.0
2.0
1.0
3.0
22.0
1.0
3.0
1.0
1.0
8.0
20.0
3.0
54.0
3.0
351.0
1.0
21.0
3.0
1.0
4.0
1.0
37.0
3.0
1.0
1.0
1.0
3.0
1.0
231.0
88.0
3.0
3087.0
3.0
2.0
131.0
202.0
3.0
3.0
14.0
54.0
3.0
2.0
3.0
2.0
44.0
27.0
1.0
128.0
24.0
478.0
1.0
10.0
6.0
1.0
1971.0
7.0
8.0
1.0
24.0
79.0
1.0
1.0
2.0
3.0
3.0
1.0
140.0
2.0
4.0
1.0
2.0
27.0
2.0
1.0
7.0
1.0
28.0
3.0
407.0
1434.0
1.0
1.0
17.0
3.0
11.0
1.0
21.0
1.0
2.0
1.0
21.0
366.0
49.0
1.0
3.0
104.0
2.0
4444.0
9.0
1.0
1.0
1.0
2.0
1.0
153.0
93.0
52.0
1.0
9.0
348.0
661.0
2.0
7.0
72.0
1.0
1.0
2.0
4.0
1.0
3.0
2.0
5.0
3.0
1.0
355.0
259.0
47.0
1.0
829.0
3.0
2.0
2.0
19.0
3.0
1.0
3.0
6.0
5.0
6.0
95.0
2.0
4.0
65.0
2.0
3.0
1.0
3.0
1.0
92.0
78.0
3.0
1469.0
3.0
1.0
1.0
25.0
25.0
3.0
1708.0
75.0
1.0
10.0
13.0
1.0
2.0
1.0
2.0
19.0
1.0
115.0
1.0
1.0
1.0
2884.0
697.0
1.0
3.0
161.0
3.0
8.0
40.0
2.0
7.0
1.0
2.0
2.0
1.0
64.0
21.0
1.0
800.0
1.0
18.0
52.0
1.0
1.0
1.0
3.0
11.0
3.0
369.0
1.0
1.0
1525.0
3.0
281.0
1.0
1.0
1.0
4.0
2.0
6.0
12.0
5.0
10403.0
2844.0
3.0
1.0
264.0
79.0
1.0
11.0
17.0
3.0
4.0
1.0
1.0
8.0
3.0
5.0
1.0
1.0
9.0
2.0
3.0
8.0
1.0
3.0
11.0
3.0
569.0
1.0
1.0
19.0
2.0
3.0
15.0
4.0
1.0
41.0
1.0
1.0
1.0
929.0
8.0
10.0
68.0
1117.0
1584.0
2.0
1.0
5.0
4.0
696.0
1.0
3.0
124.0
39.0
1.0
4.0
1.0
1.0
351.0
130.0
282.0
1.0
5.0
2.0
52.0
1.0
1.0
1.0
7.0
3.0
3.0
1.0
3.0
307.0
22.0
33.0
3574.0
1828.0
22.0
148.0
1.0
931.0
1.0
15.0
2.0
47.0
3.0
4.0
1.0
10.0
15.0
1.0
29.0
2.0
9.0
10.0
4128.0
9.0
1175.0
97.0
2.0
1.0
3.0
2.0
3.0
1.0
434.0
3.0
2.0
9.0
1.0
2.0
34.0
22.0
69.0
1.0
110.0
99.0
1941.0
1.0
2.0
1.0
1.0
1.0
1.0
131.0
9.0
374.0
3.0
361.0
7.0
2.0
526.0
9.0
363.0
83.0
11.0
391.0
1.0
5.0
15.0
1.0
49.0
2.0
3.0
2.0
8.0
1.0
457.0
1.0
1.0
17.0
5.0
4.0
14.0
7488.0
2.0
5.0
47.0
12.0
18.0
18.0
6.0
9.0
4.0
3.0
16.0
3.0
1848.0
1211.0
99.0
7.0
3.0
2142.0
58.0
8.0
697.0
4.0
8.0
1.0
3.0
3.0
516.0
11.0
2.0
1.0
22.0
2.0
8.0
21.0
6.0
3.0
3.0
31.0
14.0
204.0
75.0
3.0
2.0
23.0
4.0
2.0
63.0
5.0
1.0
3.0
8.0
447.0
9.0
1.0
1.0
702.0
3.0
72.0
14.0
1.0
1.0
14.0
1.0
20.0
1.0
4.0
2.0
823.0
27.0
7325.0
11.0
65.0
305.0
1.0
48.0
248.0
1.0
338.0
2.0
64.0
1.0
19.0
1.0
3.0
5.0
1.0
338.0
9.0
1.0
81.0
1.0
1.0
3.0
714.0
1.0
88.0
3.0
1.0
997.0
16.0
23.0
1.0
177.0
1646.0
1.0
549.0
1.0
52.0
1.0
4822.0
1925.0
3.0
13.0
1.0
3.0
668.0
587.0
1.0
8.0
1.0
49.0
3.0
8.0
1.0
171.0
228.0
59.0
2.0
1.0
1.0
155.0
6.0
3.0
156.0
962.0
1.0
351.0
3.0
24.0
12.0
1.0
5.0
3.0
846.0
1.0
1.0
4.0
11.0
3.0
335.0
8.0
9.0
1.0
3.0
22.0
3.0
9.0
15.0
53.0
282.0
3.0
3412.0
162.0
1.0
1.0
4066.0
12.0
18.0
43.0
3.0
1.0
26.0
2344.0
14.0
102.0
4.0
87.0
3.0
3090.0
31.0
26.0
82.0
34.0
11.0
91.0
161.0
2.0
8.0
1872.0
3.0
2.0
365.0
619.0
1.0
4.0
3.0
1.0
1081.0
1.0
1.0
1.0
3.0
9.0
3.0
1.0
11.0
1.0
12.0
5.0
23.0
7.0
19.0
6.0
201.0
1.0
1246.0
9.0
1.0
2.0
19.0
449.0
1.0
49.0
21.0
4.0
8.0
4.0
1.0
1.0
1.0
2.0
4540.0
101.0
3.0
16.0
541.0
3.0
3.0
13939.0
3.0
932.0
2.0
20.0
1.0
19.0
1.0
1.0
1.0
18.0
81.0
173.0
1.0
9.0
3.0
3.0
1.0
1.0
413.0
3.0
1.0
10.0
1.0
2.0
3.0
3.0
2.0
1.0
1.0
114.0
1.0
1.0
126.0
12.0
7.0
5.0
3.0
2.0
2.0
1.0
3.0
60.0
72.0
7.0
704.0
3.0
13.0
15.0
10.0
3.0
76.0
6.0
43.0
1.0
3.0
4.0
17.0
2.0
33.0
1.0
25.0
3.0
1.0
61.0
503.0
1027.0
143.0
2.0
175.0
1.0
1.0
127.0
2.0
1.0
542.0
33.0
3.0
1.0
3.0
3.0
2.0
1.0
1.0
534.0
5.0
241.0
2.0
16.0
22.0
1.0
3.0
8.0
1.0
1.0
9.0
28.0
1.0
201.0
31.0
2.0
1.0
27.0
1.0
19.0
3.0
9.0
23.0
24.0
1.0
3.0
2.0
1029.0
15.0
5702.0
7.0
2.0
9.0
7.0
7.0
40.0
1.0
1.0
87.0
1.0
505.0
10.0
1.0
3.0
4.0
5.0
1.0
3.0
26.0
55.0
1.0
1.0
2.0
5.0
712.0
1.0
4.0
288.0
9.0
2.0
668.0
10.0
1.0
35.0
1.0
1.0
1.0
460.0
3.0
3.0
228.0
1496.0
3.0
1233.0
30.0
2.0
296.0
2.0
2729.0
8.0
853.0
7.0
1.0
27.0
239.0
1.0
249.0
1.0
9.0
226.0
281.0
5.0
155.0
1042.0
5665.0
1.0
2.0
6.0
1.0
3.0
5.0
1.0
300.0
917.0
1985.0
1175.0
276.0
1.0
147.0
23.0
2.0
19.0
31.0
5.0
100.0
1.0
11.0
189.0
107.0
875.0
2.0
262.0
3.0
1115.0
65.0
1.0
1789.0
1.0
185.0
1.0
77.0
3.0
114.0
2.0
1.0
2.0
11.0
1758.0
1.0
17.0
1.0
2.0
1.0
1.0
2.0
16.0
3.0
2.0
48.0
22105.0
343.0
3.0
3.0
3.0
1.0
1.0
19.0
13.0
76.0
3.0
9.0
418.0
65.0
87.0
3.0
4.0
1.0
1.0
18.0
4.0
3.0
1.0
16.0
5.0
3363.0
11.0
4.0
28.0
5.0
2.0
351.0
3.0
1.0
1.0
805.0
523.0
289.0
1.0
1.0
3.0
1.0
3.0
1.0
1.0
2.0
3.0
1.0
318.0
4.0
2.0
1033.0
1.0
27.0
1.0
1.0
1782.0
1.0
3.0
55.0
111.0
1.0
3.0
3.0
83.0
1.0
3203.0
1.0
4.0
1.0
4.0
2.0
367.0
21.0
1.0
7.0
1.0
686.0
26.0
15.0
52.0
2.0
6.0
1.0
4.0
2.0
1.0
27.0
1.0
296.0
102.0
3.0
3.0
1.0
364.0
73.0
3.0
7.0
1.0
340.0
3.0
639.0
1.0
1.0
8.0
2.0
1.0
12.0
2.0
1.0
666.0
2.0
1.0
526.0
3.0
242.0
140.0
1.0
1.0
1.0
3.0
142.0
1.0
19.0
2.0
193.0
1.0
4.0
40.0
1.0
2.0
4.0
1.0
1.0
3.0
2.0
596.0
1428.0
1.0
4.0
4.0
3.0
3.0
1.0
3.0
25.0
922.0
3.0
34.0
33.0
37.0
48.0
1.0
3.0
3.0
1352.0
2.0
1.0
2.0
121.0
1.0
4.0
242.0
3.0
1.0
276.0
45.0
20.0
4.0
1.0
25.0
1.0
3.0
1018.0
1.0
5.0
3.0
91.0
103.0
110.0
970.0
349.0
7.0
81.0
972.0
24.0
566.0
878.0
56.0
47.0
19.0
432.0
4.0
20.0
4.0
3.0
8.0
16.0
5.0
4.0
596.0
20.0
1.0
3.0
18.0
5.0
1.0
3.0
685.0
1.0
65.0
2.0
3.0
2.0
12.0
2.0
4.0
5438.0
5.0
1.0
32.0
1.0
26.0
1.0
288.0
3.0
9.0
173.0
233.0
74.0
3.0
1.0
25.0
365.0
1.0
4.0
17.0
1.0
1.0
1.0
558.0
11.0
4.0
2.0
3.0
2793.0
1130.0
39.0
4.0
3.0
1.0
337.0
1.0
1.0
565.0
3.0
218.0
7.0
10.0
1.0
47.0
1.0
24.0
1208.0
5.0
1.0
1.0
351.0
2.0
102.0
6.0
187.0
2824.0
77.0
1.0
10.0
244.0
1.0
2.0
3.0
10.0
1.0
21.0
3.0
3.0
1.0
1.0
1.0
8.0
7.0
24.0
104.0
1.0
1.0
5.0
106.0
1.0
1557.0
3.0
57.0
2.0
17.0
1.0
1.0
62.0
1.0
14.0
70.0
5.0
5.0
5.0
24.0
3.0
1105.0
117.0
14.0
1.0
32.0
24.0
8.0
7.0
7.0
14.0
1.0
1.0
35.0
83.0
1.0
14.0
11.0
1.0
3.0
3.0
1.0
3.0
1.0
9.0
3.0
1.0
4.0
1.0
1.0
1.0
337.0
1.0
8.0
1.0
3.0
21.0
181.0
1.0
1.0
245.0
5.0
7.0
6.0
1.0
1.0
3.0
1.0
1507.0
123.0
451.0
630.0
18.0
31.0
1.0
1.0
16.0
9.0
2.0
5.0
1.0
3.0
2.0
1.0
3.0
4.0
6.0
2.0
5.0
1.0
21.0
6.0
3.0
3.0
1.0
3.0
4.0
1.0
5.0
695.0
31.0
19.0
294.0
1.0
19.0
3.0
1.0
2006.0
18.0
1.0
797.0
1.0
3.0
2.0
5.0
1.0
3.0
478.0
680.0
2.0
4.0
2.0
82.0
435.0
83.0
1121.0
190.0
2151.0
52.0
1.0
18.0
4.0
5.0
5.0
31.0
4.0
14.0
2.0
6.0
3.0
1.0
1.0
18.0
2.0
1.0
3.0
4.0
1.0
6.0
6660.0
4.0
19.0
1.0
1.0
1.0
2.0
3.0
1.0
3.0
3.0
1.0
1.0
253.0
2330.0
3.0
1.0
3.0
1.0
25.0
17.0
4.0
18.0
1.0
769.0
6.0
9.0
3.0
2.0
12.0
1.0
28.0
1.0
569.0
1.0
2.0
2716.0
42.0
1.0
26.0
3.0
1.0
76.0
1.0
4.0
16.0
1.0
2.0
1.0
9.0
2.0
70.0
895.0
3.0
342.0
115.0
12.0
15.0
64.0
17.0
3.0
2.0
44.0
2590.0
81.0
3.0
2.0
48.0
25.0
6.0
48.0
38.0
5.0
21.0
13.0
7.0
1674.0
104.0
4.0
2.0
3.0
3.0
2.0
2.0
2.0
344.0
596.0
352.0
3.0
1.0
4.0
2.0
584.0
1.0
1.0
3.0
1.0
1.0
8.0
2.0
1.0
1.0
44.0
10.0
107.0
3.0
74.0
3.0
56.0
2.0
2297.0
2.0
1.0
1.0
1.0
3.0
123.0
1.0
4.0
390.0
1.0
8.0
28.0
15.0
1.0
6748.0
3.0
1.0
38.0
44.0
45.0
1.0
1701.0
3.0
4.0
1.0
1496.0
1.0
446.0
242.0
123.0
9.0
4.0
115.0
6.0
1.0
3115.0
3.0
2.0
3.0
1.0
1.0
13.0
1.0
430.0
3.0
10.0
9.0
3.0
486.0
1.0
1.0
1.0
28.0
1.0
1.0
1.0
1.0
1.0
1.0
1.0
3.0
2.0
2774.0
1.0
19.0
101.0
3.0
19.0
3.0
70.0
17.0
71.0
1.0
2.0
1.0
1.0
1.0
8.0
3.0
17.0
3.0
1.0
795.0
44.0
1.0
1.0
1.0
4.0
2.0
1.0
11.0
4.0
28.0
4.0
1.0
2.0
1.0
1.0
65.0
2.0
2.0
1.0
102.0
18.0
6.0
1.0
1.0
31.0
1.0
1532.0
1.0
45.0
840.0
4.0
3.0
1.0
1.0
3.0
1.0
4.0
1.0
315.0
1.0
1.0
252.0
1.0
1.0
57.0
21.0
5.0
259.0
3.0
1.0
2.0
2.0
1.0
74.0
14.0
1.0
9.0
4.0
1.0
1.0
36.0
2.0
1.0
569.0
1.0
10.0
3.0
213.0
11.0
9.0
3.0
75.0
1.0
10.0
1.0
34.0
2.0
172.0
121.0
1.0
3.0
50.0
709.0
365.0
1.0
3.0
282.0
20.0
4.0
282.0
4.0
1.0
1.0
9.0
1.0
3.0
802.0
4.0
1.0
369.0
12.0
862.0
3.0
2.0
3.0
1237.0
9.0
11.0
3.0
1.0
3.0
28.0
3.0
3.0
3040.0
299.0
3.0
3.0
23.0
3.0
4.0
2.0
35.0
10.0
14.0
2.0
19.0
24.0
1.0
541.0
50.0
282.0
241.0
4.0
4.0
1368.0
12.0
104.0
20.0
1.0
1.0
1.0
59.0
2.0
9.0
1.0
24.0
5.0
10.0
3.0
1.0
4.0
3.0
256.0
3.0
7.0
87.0
3.0
6.0
125.0
7.0
1.0
149.0
3.0
411.0
622.0
1.0
2.0
5.0
2.0
29.0
97.0
405.0
1.0
4.0
127.0
3.0
3.0
7.0
4.0
2.0
685.0
41.0
1.0
179.0
86.0
3.0
1.0
1.0
114.0
8.0
70.0
1.0
15.0
142.0
1.0
1.0
2719.0
11.0
3.0
39.0
32.0
1.0
3.0
123.0
185.0
3.0
136.0
72.0
1.0
1.0
4.0
15.0
4.0
634.0
3.0
1.0
2.0
2.0
3.0
1.0
1.0
4.0
114.0
1.0
1.0
17.0
1824.0
189.0
8.0
1.0
26.0
11.0
1.0
2.0
3.0
1.0
65.0
3.0
646.0
7.0
1.0
4.0
78.0
3.0
129.0
1.0
1.0
3.0
15.0
3.0
2.0
1452.0
1.0
1.0
2.0
1.0
129.0
17.0
3.0
1.0
7.0
5.0
4.0
76.0
846.0
1.0
1.0
121.0
12.0
3.0
3.0
9.0
3.0
82.0
16.0
79.0
1.0
3.0
4.0
1.0
2.0
1.0
44.0
4.0
6706.0
1858.0
8.0
252.0
2.0
1.0
351.0
14.0
2.0
1.0
1.0
83.0
1.0
1.0
2.0
9.0
1.0
3.0
10.0
75.0
2.0
2.0
64.0
16.0
70.0
3.0
2.0
1.0
18.0
2.0
1.0
113.0
1.0
1.0
1.0
3.0
10.0
2.0
5.0
9.0
3.0
1.0
608.0
1.0
9.0
3.0
3.0
2.0
3.0
3.0
2000.0
1.0
239.0
1.0
3.0
1.0
1.0
278.0
4.0
13.0
2.0
1.0
8.0
112.0
620.0
4.0
110.0
1183.0
2.0
5.0
52.0
7.0
3.0
16.0
44.0
1.0
14.0
1.0
3.0
2.0
1.0
1.0
4.0
507.0
82.0
571.0
3.0
3.0
2.0
3.0
238.0
40.0
3.0
159.0
9.0
1.0
3.0
1.0
7.0
2.0
3.0
43.0
3.0
3.0
4.0
1911.0
3.0
2818.0
8.0
2.0
3.0
1.0
30.0
18.0
3.0
1.0
1.0
1.0
18.0
1.0
136.0
3.0
1.0
1.0
6.0
3.0
1.0
1.0
3.0
3.0
1.0
23.0
60.0
3.0
9.0
2.0
10.0
1.0
1.0
6.0
3.0
28.0
3.0
2.0
3.0
3.0
2.0
3.0
7.0
546.0
7.0
3.0
1.0
1.0
347.0
94.0
2.0
5.0
3.0
1.0
15.0
3.0
2.0
2.0
3.0
7.0
6.0
17.0
3.0
1.0
1.0
5107.0
8.0
2.0
24.0
591.0
1.0
5.0
3.0
4.0
4.0
1.0
2.0
1.0
63.0
129.0
1.0
3.0
1.0
351.0
1.0
2.0
6.0
1.0
31.0
8.0
375.0
1.0
1.0
32.0
5.0
1.0
56.0
1.0
3.0
23.0
20.0
2.0
1.0
3.0
14.0
25.0
3.0
2.0
3.0
590.0
6.0
70.0
2.0
5.0
3.0
69.0
2.0
24.0
31.0
19.0
3.0
285.0
4.0
8.0
1.0
13.0
3.0
298.0
29.0
5.0
2.0
1557.0
36.0
3.0
29.0
1.0
1.0
3.0
5.0
1365.0
5.0
70.0
99.0
5.0
1.0
242.0
1.0
158.0
1.0
8.0
997.0
4.0
1.0
1.0
3.0
1.0
55.0
4.0
19.0
1.0
6.0
112.0
1.0
20.0
33.0
101.0
3.0
363.0
2140.0
5381.0
1.0
53.0
1.0
343.0
3.0
1.0
1.0
67.0
2.0
370.0
1.0
123.0
6.0
8.0
2.0
3.0
17.0
8.0
3.0
36.0
1.0
217.0
3.0
7.0
8.0
1.0
771.0
1.0
1.0
1.0
73.0
3.0
6.0
27.0
4.0
3.0
2.0
1.0
28.0
16.0
3.0
1.0
1.0
1.0
23.0
2.0
379.0
6.0
6.0
2.0
1.0
105.0
3.0
21.0
127.0
618.0
1585.0
7.0
7.0
5.0
1.0
6.0
1.0
2.0
38.0
1.0
3.0
2.0
6.0
1744.0
2.0
3.0
7881.0
132.0
1.0
102.0
1.0
2.0
3.0
1.0
3.0
1.0
1.0
5.0
2.0
3.0
3.0
30.0
3.0
218.0
9.0
1.0
459.0
1.0
3.0
3.0
9.0
31630.0
10.0
3843.0
64.0
159.0
417.0
3.0
8.0
1.0
1.0
1.0
2089.0
4.0
3.0
17.0
2.0
3.0
6.0
11.0
1.0
961.0
1.0
131.0
3.0
3688.0
1.0
1.0
16.0
1.0
13.0
1.0
1.0
1.0
3.0
351.0
6.0
1412.0
181.0
21.0
164.0
3.0
4.0
2.0
2.0
1.0
1.0
6.0
18.0
1.0
9.0
110.0
407.0
19.0
2.0
92.0
8.0
87.0
108.0
2.0
3.0
1.0
2.0
811.0
3198.0
214.0
208.0
1.0
1.0
8.0
422.0
3.0
4.0
655.0
1186.0
8.0
1.0
4.0
20.0
1.0
4433.0
1.0
6.0
13.0
375.0
2.0
7.0
870.0
103.0
1.0
11045.0
10.0
105.0
2.0
3.0
31.0
9.0
1626.0
1.0
1.0
2.0
3.0
1.0
234.0
3.0
18.0
3.0
3.0
1.0
3.0
1.0
2.0
5.0
20.0
3.0
2.0
1.0
17.0
338.0
29.0
6.0
768.0
3.0
2.0
3.0
41.0
3.0
3550.0
2.0
5.0
38.0
1.0
3.0
1.0
5.0
3.0
3.0
3.0
901.0
1.0
3.0
1.0
6.0
1.0
21.0
554.0
3.0
3.0
350.0
1.0
5.0
3.0
1.0
1.0
1.0
1355.0
1.0
57.0
1.0
3.0
5.0
4.0
7.0
1.0
2.0
1.0
19.0
1.0
2.0
3.0
1.0
1.0
10.0
3.0
1.0
63.0
2.0
1.0
56.0
1.0
3.0
1.0
1.0
3.0
58.0
2.0
207.0
1.0
622.0
3.0
512.0
34.0
292.0
11.0
414.0
3.0
2.0
1.0
5.0
3.0
3.0
6.0
2.0
1.0
5.0
3.0
337.0
3.0
168.0
33.0
85.0
19.0
2.0
3.0
1.0
56.0
1.0
1.0
19.0
3.0
4.0
1.0
246.0
32.0
4.0
3.0
12.0
14.0
15.0
74.0
1.0
8.0
30.0
1.0
4.0
5.0
2.0
1.0
147.0
4106.0
1.0
10.0
948.0
1.0
7.0
1.0
2.0
716.0
3.0
85.0
3.0
9.0
1.0
199.0
242.0
3.0
2.0
44.0
1.0
13.0
17.0
3.0
1.0
3.0
3.0
108.0
58.0
3.0
4.0
47.0
1.0
1.0
959.0
188.0
1.0
536.0
4379.0
710.0
932.0
1.0
26.0
1.0
4.0
27.0
2440.0
3.0
19.0
1.0
23.0
1.0
2.0
217.0
1.0
25.0
1.0
1.0
1.0
104.0
13.0
79.0
3.0
1.0
7.0
3.0
127.0
1.0
1.0
282.0
3.0
2.0
2.0
3.0
2.0
576.0
8.0
4.0
58.0
3.0
20.0
30.0
5.0
160.0
673.0
170.0
1762.0
59.0
1.0
73.0
3.0
4.0
132.0
2.0
2.0
269.0
4.0
1.0
362.0
256.0
2.0
8.0
3.0
1.0
291.0
1.0
4.0
1341.0
117.0
3.0
3.0
1.0
44.0
148.0
20.0
4.0
1212.0
2.0
17.0
1.0
1.0
1.0
17.0
4.0
131.0
3.0
3.0
7.0
1.0
9.0
6.0
1442.0
3.0
164.0
2.0
39.0
5.0
3.0
1.0
5.0
2.0
9.0
1.0
2.0
1.0
18.0
1.0
1.0
1.0
105.0
4.0
286.0
2.0
3.0
798.0
3.0
2.0
1.0
3.0
2.0
1.0
3.0
3.0
2602.0
11.0
1.0
360.0
3.0
8.0
13.0
4.0
65.0
1.0
277.0
1.0
25.0
744.0
668.0
43.0
2.0
3.0
1.0
1.0
3.0
1.0
2.0
4.0
17.0
335.0
2.0
2300.0
1.0
2.0
5.0
11.0
341.0
542.0
32.0
6.0
371.0
1.0
766.0
5.0
1.0
18.0
5.0
1.0
1.0
12.0
166.0
3.0
1460.0
1.0
2.0
1.0
6.0
2.0
264.0
1.0
3.0
7.0
63.0
1.0
1.0
3.0
3.0
5.0
3.0
3.0
68.0
1.0
2.0
24341.0
571.0
1.0
23.0
1642.0
46.0
1.0
1.0
7.0
400.0
9.0
5.0
4548.0
6.0
2064.0
1.0
36.0
2.0
1.0
5.0
3.0
12.0
3.0
1018.0
1.0
1.0
2.0
1.0
1.0
3.0
2.0
2.0
2.0
1.0
8.0
79.0
11.0
1.0
1.0
31.0
370.0
1.0
1.0
2.0
427.0
3.0
4.0
1195.0
1.0
40.0
3.0
6.0
10.0
1.0
324.0
3.0
5.0
55.0
3.0
28.0
543.0
2063.0
103.0
2.0
1.0
33.0
34.0
45.0
3.0
3.0
9.0
270.0
4.0
3.0
2.0
7.0
601.0
4472.0
1129.0
8.0
136.0
4.0
1.0
1.0
31.0
23.0
4292.0
13.0
2.0
4.0
46.0
2.0
22.0
89.0
1.0
23.0
356.0
3.0
9.0
8.0
5.0
1.0
3.0
7.0
1.0
2.0
105.0
2678.0
70.0
3023.0
12.0
573.0
3.0
1.0
1.0
3.0
1.0
1.0
48.0
1.0
3.0
1.0
42.0
3.0
2.0
3.0
1.0
351.0
728.0
3.0
3.0
5.0
22.0
3.0
972.0
308.0
2.0
10.0
1.0
230.0
9.0
1.0
1.0
2.0
6.0
57.0
1.0
3.0
772.0
2269.0
1.0
15.0
1.0
2.0
73.0
6.0
16.0
3.0
21.0
1.0
1.0
7.0
7.0
25.0
2.0
358.0
57.0
3.0
14.0
3.0
1.0
1.0
1.0
3.0
19.0
46.0
421.0
11.0
1.0
13.0
835.0
2.0
8.0
1.0
2.0
3.0
3.0
9.0
4.0
1.0
1925.0
6181.0
48.0
1.0
1.0
1.0
17.0
5.0
34.0
3.0
788.0
1.0
17.0
3.0
2.0
13116.0
1.0
1908.0
1.0
3.0
1.0
1.0
152.0
3.0
2.0
3.0
371.0
1.0
43.0
33.0
484.0
841.0
1.0
47.0
73.0
1.0
3.0
3.0
2.0
596.0
1.0
4.0
51.0
2.0
187.0
2.0
50.0
12.0
83.0
442.0
1.0
14.0
2.0
16.0
1.0
3.0
2.0
27.0
62.0
3.0
71.0
70.0
3.0
1.0
4.0
2.0
89.0
5.0
34.0
1.0
3.0
3.0
3.0
1.0
92.0
55.0
16.0
3.0
3.0
8.0
1.0
1693.0
153.0
1.0
289.0
21.0
1.0
3.0
12.0
4.0
8.0
1.0
3.0
1.0
2.0
3.0
36.0
1.0
24.0
1.0
108.0
1.0
1.0
3.0
1.0
33.0
359.0
2.0
1.0
596.0
1.0
14.0
383.0
173.0
11.0
2.0
18.0
8.0
6.0
3576.0
60.0
96.0
1.0
1.0
124.0
1.0
1.0
1348.0
91.0
1.0
1.0
2.0
1.0
2.0
1.0
1245.0
114.0
3.0
4.0
1.0
6.0
96.0
2.0
4.0
113.0
1.0
3.0
24.0
25.0
7.0
232.0
18.0
3.0
90.0
9.0
40.0
1.0
5.0
1.0
1.0
10001.0
5.0
140.0
2.0
1338.0
1.0
4.0
2.0
74.0
1.0
4.0
34.0
13.0
19.0
1.0
8.0
7.0
20.0
1.0
1.0
3.0
3.0
3.0
799.0
2.0
1.0
2.0
361.0
46.0
1.0
1.0
1.0
1.0
9.0
2.0
1.0
10.0
152.0
1660.0
100.0
1.0
1127.0
19.0
19.0
288.0
374.0
2.0
212.0
5.0
6.0
3.0
1.0
1129.0
1.0
1.0
22.0
270.0
11.0
3.0
3676.0
421.0
2.0
3.0
3.0
6.0
1.0
300.0
3.0
24.0
721.0
1.0
4.0
1.0
16.0
2.0
3.0
156.0
3.0
1.0
35.0
1.0
12.0
3.0
2.0
3.0
2.0
4.0
3.0
3.0
19.0
999.0
2.0
4.0
5.0
3.0
1.0
1.0
9.0
6.0
3.0
6741.0
18.0
3.0
3.0
2.0
543.0
3.0
3.0
9.0
2.0
2.0
23.0
4.0
722.0
344.0
3.0
3.0
143.0
1.0
163.0
1.0
16.0
79.0
3.0
17.0
972.0
3.0
3.0
3.0
1.0
65.0
8.0
93.0
3.0
1.0
3.0
5.0
1.0
3.0
3.0
1.0
1.0
9.0
1.0
3.0
1.0
186.0
2936.0
14.0
3.0
15.0
11.0
1.0
1.0
13.0
234.0
2.0
268.0
2.0
3.0
1.0
5.0
5.0
617.0
8.0
1.0
55.0
30.0
2.0
18.0
9.0
9.0
1.0
29.0
3.0
21.0
32.0
3.0
3.0
996.0
666.0
3.0
6.0
3.0
1.0
1.0
3.0
1.0
1.0
2.0
5.0
8.0
4.0
3.0
102.0
19.0
7.0
1.0
32.0
1.0
2.0
6.0
1.0
45.0
1119.0
441.0
12.0
3.0
3.0
2.0
2.0
17.0
6.0
173.0
1707.0
1.0
5.0
1.0
2.0
1.0
1.0
3.0
1.0
232.0
2.0
813.0
2.0
1.0
1.0
1536.0
2.0
344.0
11.0
2.0
16.0
149.0
6.0
557.0
10.0
1301.0
102.0
2.0
1.0
678.0
4.0
1.0
13.0
1.0
9.0
20.0
3.0
1098.0
2.0
335.0
4.0
117.0
2.0
3.0
4.0
4.0
46.0
1.0
58.0
2.0
4.0
1036.0
9.0
6.0
3912.0
3.0
1.0
3.0
3.0
1.0
5.0
3.0
8.0
3.0
1.0
2.0
17.0
26.0
3.0
107.0
3.0
4.0
15.0
3.0
1.0
11.0
1.0
1.0
6.0
4.0
81.0
8.0
17.0
20.0
1.0
8.0
473.0
1.0
2.0
3.0
158.0
17.0
245.0
5.0
3.0
2.0
70.0
3.0
1.0
3493.0
55.0
2.0
11.0
25.0
13.0
490.0
6.0
1.0
3.0
9.0
4.0
12.0
1.0
36.0
1.0
78.0
1982.0
1.0
11.0
1.0
1.0
1.0
110.0
1.0
1.0
3.0
1.0
1.0
3.0
37.0
2.0
3.0
554.0
42.0
4.0
1.0
1.0
6.0
523.0
3.0
50.0
1.0
14.0
4.0
3.0
1.0
2832.0
2.0
12.0
1.0
26.0
3.0
2720.0
9.0
1.0
4.0
5.0
23.0
2.0
10.0
1.0
3.0
340.0
1888.0
1413.0
3.0
1.0
24.0
25344.0
5.0
9.0
1.0
17.0
700.0
1.0
5.0
1018.0
199.0
3.0
1.0
37.0
87.0
1.0
1.0
1.0
70.0
19.0
7.0
1.0
3.0
47.0
1.0
3.0
1.0
1.0
1.0
2.0
2033.0
40.0
97.0
1.0
1.0
3.0
1.0
1.0
1.0
4.0
3.0
6.0
1.0
115.0
1.0
1.0
40.0
1.0
1.0
1307.0
6.0
55.0
1.0
10.0
1.0
23.0
1.0
1.0
26.0
9.0
111.0
1.0
1.0
105.0
1.0
111.0
1018.0
2.0
64.0
3.0
1258.0
599.0
3.0
1.0
282.0
1.0
16.0
1352.0
18.0
67.0
1.0
3.0
27.0
1.0
6.0
169.0
2.0
13.0
75.0
1.0
3.0
21.0
2.0
7.0
6.0
1.0
100.0
16.0
948.0
3.0
385.0
329.0
1.0
2.0
689.0
17.0
1.0
3.0
3.0
10.0
19.0
25.0
1.0
1.0
65.0
1.0
1.0
1576.0
830.0
1.0
114.0
2.0
5.0
8.0
26.0
19.0
3.0
3.0
1.0
1.0
4.0
4.0
75.0
8.0
1.0
685.0
12.0
1.0
12.0
87.0
1.0
3.0
3.0
1.0
1.0
1327.0
11.0
33.0
3.0
3.0
95360.0
1.0
27.0
1700.0
338.0
1.0
1.0
2.0
1.0
15.0
3687.0
8.0
3.0
225.0
5.0
14220.0
1.0
2.0
3.0
1.0
24.0
1.0
4.0
166.0
3.0
2.0
1.0
426.0
1.0
1.0
1.0
2.0
3.0
3.0
1.0
8.0
2.0
4.0
29.0
516.0
30.0
3.0
1.0
1.0
15.0
4.0
13.0
1401.0
22.0
1229.0
14496.0
19.0
4.0
6.0
2.0
1.0
24.0
3.0
1.0
127.0
3.0
10.0
1.0
1.0
3.0
2.0
1.0
3.0
2.0
15.0
185.0
21.0
1.0
1001.0
38.0
2.0
1.0
5.0
3.0
1.0
2.0
2.0
2.0
1130.0
3.0
889.0
24.0
8.0
5.0
3.0
58.0
136.0
2.0
8.0
8.0
1.0
3.0
1281.0
1.0
13.0
3.0
1.0
1.0
1.0
3.0
3.0
3.0
56.0
1.0
1.0
2.0
1.0
6.0
3.0
6.0
19.0
1.0
71.0
1.0
1354.0
36.0
1.0
1.0
1.0
1.0
48.0
2.0
28.0
3.0
16.0
4.0
19.0
3.0
421.0
1.0
504.0
3.0
1.0
1.0
3.0
3.0
1.0
1.0
4.0
2.0
5.0
1.0
3.0
5.0
2.0
2.0
4.0
1.0
18.0
129.0
7.0
361.0
79.0
1.0
6.0
2.0
2.0
10.0
297.0
3.0
3.0
3.0
7148.0
1.0
1.0
99.0
1.0
89.0
3.0
46.0
2.0
1.0
46.0
3.0
12.0
350.0
4.0
82.0
1038.0
3.0
3.0
6.0
1.0
2.0
9.0
1.0
1.0
1356.0
1.0
16.0
2.0
2.0
83.0
1.0
3.0
1.0
57.0
2.0
10.0
3.0
1.0
1.0
366.0
498.0
51.0
69.0
10.0
1.0
1.0
1.0
1.0
2.0
1.0
261.0
3.0
292.0
1.0
1.0
775.0
1.0
1.0
2.0
3.0
4.0
8.0
2.0
3.0
69.0
6.0
524.0
3046.0
72657.0
1.0
1.0
1.0
228.0
3.0
3.0
2031.0
1.0
3.0
3.0
3.0
1.0
95.0
2.0
670.0
3.0
363.0
6.0
2.0
3.0
28.0
5.0
90.0
1078.0
1.0
1.0
1432.0
3.0
3264.0
1582.0
2.0
3.0
31.0
4.0
50.0
22.0
344.0
282.0
1.0
12.0
3.0
1.0
1899.0
1.0
401.0
1.0
1.0
2.0
3.0
49.0
3.0
1.0
9.0
134.0
23.0
206.0
12.0
26.0
3.0
6.0
576.0
137.0
1.0
2.0
375.0
2.0
1.0
3.0
2.0
1.0
1.0
62.0
1.0
47.0
1.0
3.0
159.0
36.0
2066.0
4.0
1.0
52.0
267.0
1.0
537.0
1079.0
8.0
222.0
11.0
1.0
28.0
2.0
1.0
1.0
21.0
1.0
4.0
1.0
65.0
3.0
220.0
19.0
1.0
231.0
949.0
1.0
7.0
2.0
1.0
74.0
583.0
9.0
6.0
3.0
138.0
3.0
1.0
1.0
2481.0
8.0
9.0
2.0
3.0
1.0
1.0
1.0
7.0
3.0
31.0
1051.0
11.0
3.0
2.0
1.0
3.0
6.0
3.0
3.0
4.0
2.0
9.0
1.0
2.0
1.0
6.0
14.0
217.0
12.0
1.0
3.0
2.0
3.0
706.0
1.0
1.0
103.0
3.0
4.0
26.0
1.0
7.0
1091.0
8.0
1.0
1.0
3.0
577.0
9.0
3.0
1.0
3.0
33.0
10.0
1.0
11.0
1.0
106.0
71.0
1.0
67.0
1.0
1111.0
1.0
6.0
3.0
2.0
31.0
9.0
3226.0
1.0
4.0
46.0
3.0
1.0
2.0
1.0
3.0
3.0
50.0
3.0
1.0
3.0
3.0
4.0
3.0
1.0
1.0
1.0
5.0
19.0
172.0
281.0
7.0
2903.0
9.0
209.0
12.0
3.0
241.0
154.0
1.0
1.0
2.0
1.0
14.0
2.0
7.0
26.0
3.0
6.0
4.0
4.0
6.0
656.0
282.0
1.0
129.0
1.0
23.0
5.0
1.0
1.0
1.0
69.0
9.0
19.0
2.0
3.0
5.0
3.0
20.0
1.0
48.0
225.0
3.0
3.0
3.0
5.0
2.0
1.0
3.0
17.0
1.0
1.0
1.0
4.0
1.0
1.0
17.0
351.0
1.0
120.0
58.0
2.0
2.0
1.0
191.0
3.0
73.0
40.0
3.0
4.0
37.0
2.0
1.0
3.0
3.0
3.0
3.0
10.0
782.0
217.0
1.0
3.0
1.0
28.0
1.0
28.0
2.0
4302.0
2000.0
6.0
47.0
177.0
65.0
576.0
3.0
1.0
2.0
9.0
3.0
1603.0
3.0
1.0
4.0
1230.0
596.0
3.0
183.0
2.0
14.0
2.0
7.0
16.0
258.0
3202.0
1.0
65.0
24.0
1.0
3.0
1.0
5.0
1.0
1326.0
1.0
51.0
8.0
12.0
1.0
24.0
1.0
4.0
2.0
620.0
1.0
1.0
1.0
2.0
1.0
1.0
1.0
3.0
2.0
3.0
1.0
1.0
9.0
17.0
5.0
130.0
6.0
730.0
3.0
4.0
112.0
2.0
1.0
28.0
3.0
3.0
1.0
3.0
681.0
1151.0
18.0
41.0
1.0
1.0
9.0
111.0
1.0
2.0
1.0
4.0
8.0
108.0
75.0
22.0
313.0
2.0
48.0
1.0
351.0
7.0
1.0
3.0
2.0
1.0
1.0
20.0
1.0
227.0
7.0
3.0
102.0
1.0
1.0
1.0
2.0
8.0
680.0
4.0
47.0
1.0
3.0
1016.0
358.0
1.0
1.0
3.0
1.0
1.0
1.0
1.0
3.0
7.0
316.0
16.0
100.0
3.0
2.0
1.0
421.0
3.0
1.0
1.0
3.0
49.0
11507.0
1.0
1.0
2.0
254.0
10.0
1.0
10.0
1.0
3.0
4.0
1.0
8.0
16.0
38.0
1.0
3511.0
441.0
2840.0
9.0
3.0
3.0
1.0
15.0
1.0
1.0
2.0
1.0
3260.0
3.0
20.0
1.0
1.0
1.0
1.0
2.0
3.0
24.0
44.0
1.0
17.0
10.0
1.0
1.0
38.0
1.0
12.0
141.0
8.0
492.0
1.0
95.0
5.0
1.0
4.0
18.0
4156.0
14.0
1.0
1.0
3.0
1.0
5.0
2.0
24.0
1.0
1.0
4.0
1.0
1.0
2.0
696.0
1.0
5.0
21.0
383.0
89.0
2.0
3.0
4.0
19.0
24.0
6.0
1.0
39.0
3.0
3.0
13.0
2544.0
1.0
3.0
1.0
2.0
37.0
17.0
3.0
3.0
172.0
53.0
66.0
3.0
1.0
15.0
176.0
1.0
6.0
17.0
8.0
3.0
1.0
13818.0
22.0
70.0
4454.0
6.0
4.0
1.0
4.0
3.0
1822.0
2.0
64.0
1.0
634.0
17.0
1.0
2.0
2.0
1.0
1.0
6.0
2.0
4.0
3.0
5.0
13.0
6266.0
1.0
1.0
13.0
20.0
52.0
1.0
1.0
1.0
127.0
1.0
2.0
3.0
8.0
2.0
1.0
711.0
3.0
889.0
3.0
1.0
5.0
3.0
3.0
326.0
3.0
1.0
16.0
1.0
25.0
717.0
1.0
3.0
74.0
51.0
195.0
1.0
339.0
3.0
1.0
8.0
1.0
2.0
26.0
299.0
1.0
2.0
1.0
1.0
14.0
2.0
2.0
32.0
31.0
3.0
15.0
4.0
334.0
19.0
52.0
16.0
34.0
1.0
15.0
44.0
4894.0
10.0
74.0
3.0
39.0
3.0
39.0
36.0
1.0
1.0
10.0
27.0
14.0
865.0
36.0
4.0
9.0
1.0
1.0
4.0
14.0
9.0
1.0
1218.0
1246.0
1.0
3.0
31.0
2.0
14.0
3.0
492.0
1.0
3.0
2.0
1.0
6.0
25.0
5.0
696.0
2.0
3.0
42.0
1.0
53.0
189.0
4.0
10.0
115.0
2.0
82.0
1.0
413.0
3.0
5.0
149.0
2.0
105.0
94.0
179.0
32.0
2.0
2.0
1.0
1.0
41.0
14.0
2.0
2.0
1.0
3.0
3.0
24.0
1.0
104.0
23.0
21.0
114.0
3.0
1.0
28.0
93.0
22.0
4.0
1.0
956.0
24.0
63.0
5.0
1.0
1.0
3.0
4.0
72.0
371.0
4.0
475.0
17.0
1.0
99.0
4.0
36.0
14.0
4.0
1.0
372.0
2.0
849.0
4.0
330.0
1.0
3.0
6.0
9.0
44.0
1.0
2.0
3.0
1.0
22.0
2.0
11.0
6.0
100.0
3.0
371.0
2.0
28.0
4.0
1084.0
67.0
1.0
3.0
3.0
28.0
2672.0
17.0
15.0
184.0
2.0
2.0
4.0
1.0
1.0
8.0
3.0
797.0
5.0
3.0
22.0
20943.0
50.0
2.0
7.0
1.0
3.0
1.0
1.0
3.0
2.0
421.0
6.0
1.0
288.0
27.0
1.0
657.0
4.0
220.0
2.0
1.0
4.0
26.0
28.0
4.0
104.0
863.0
4.0
2.0
1.0
9.0
3.0
1.0
905.0
1.0
10.0
7.0
90.0
3.0
1.0
1.0
26.0
745.0
3.0
4.0
24.0
2.0
4.0
11.0
5.0
10.0
1.0
7.0
1.0
278.0
60.0
46.0
1705.0
3.0
16.0
1.0
1.0
635.0
47.0
6.0
1.0
3.0
92.0
2.0
3.0
1.0
563.0
3.0
1.0
282.0
8.0
2.0
11.0
7.0
3.0
1.0
1.0
1.0
3.0
874.0
84.0
4.0
3.0
33.0
3.0
2.0
2.0
1.0
152.0
3.0
3.0
2.0
161.0
17.0
2.0
4.0
1.0
65.0
4.0
1100.0
3.0
5.0
1.0
308.0
1.0
2.0
1.0
25.0
1.0
3.0
1.0
3.0
12.0
1303.0
19.0
3.0
6.0
35.0
1.0
1.0
2.0
4.0
6.0
5.0
3.0
1.0
1.0
2.0
25.0
27.0
1.0
21.0
1.0
2.0
8.0
1.0
1.0
1.0
1.0
9.0
3.0
163.0
3.0
18.0
1018.0
79.0
1256.0
2.0
3.0
1.0
3.0
2.0
9.0
10.0
2.0
2.0
7.0
1.0
3743.0
17.0
3.0
137.0
2.0
2.0
311.0
4.0
3.0
12.0
1.0
7.0
135.0
2.0
1.0
3.0
1.0
1.0
2.0
1.0
149.0
305.0
1003.0
27.0
3.0
2.0
6206.0
3.0
10.0
1.0
1.0
23.0
4.0
19.0
1.0
2.0
3.0
4.0
11.0
1549.0
8.0
2.0
2.0
6.0
1.0
1.0
1.0
108.0
3.0
1.0
1.0
153.0
4.0
5.0
1.0
2.0
1.0
100.0
3.0
1.0
3.0
23.0
1.0
24.0
2.0
6.0
3.0
492.0
20.0
1.0
3.0
1.0
9.0
370.0
16.0
308.0
152.0
31.0
509.0
1.0
448.0
1.0
3.0
7754.0
76.0
3.0
42.0
1.0
3494.0
76.0
1.0
69.0
3.0
2.0
1.0
1.0
5998.0
3.0
8.0
3.0
2.0
3.0
96.0
2.0
2.0
1.0
5.0
1.0
2572.0
2.0
1.0
1.0
3.0
1.0
167.0
3.0
6.0
8.0
3.0
1117.0
3.0
3.0
1.0
1.0
1.0
3.0
4.0
15.0
1.0
111.0
40.0
58.0
10.0
20.0
2.0
1.0
1.0
45.0
13.0
4.0
1.0
17.0
7.0
1.0
5.0
3.0
18.0
490.0
24.0
3.0
2.0
1.0
1.0
288.0
872.0
2.0
2762.0
4.0
23.0
16.0
444.0
258.0
2.0
1.0
1.0
18.0
9.0
1.0
1.0
178.0
4.0
1.0
2.0
3716.0
3.0
5.0
1.0
1.0
2.0
5.0
21.0
2.0
1.0
3.0
1.0
3.0
3.0
106.0
3.0
3.0
8.0
591.0
2.0
1.0
24.0
12.0
1901.0
1121.0
3.0
288.0
1.0
1.0
256.0
1.0
3.0
3.0
2.0
13.0
1.0
218.0
3.0
2.0
8.0
1.0
1.0
1.0
3.0
2.0
1308.0
3.0
253.0
2.0
3.0
351.0
16.0
30.0
76.0
2.0
3.0
2.0
7.0
707.0
1.0
2915.0
943.0
1.0
3.0
64.0
1.0
3.0
1.0
1.0
16.0
1.0
4.0
1.0
3.0
2.0
1.0
19.0
3.0
1.0
3.0
887.0
87.0
54.0
20.0
1.0
3.0
4.0
1466.0
3.0
1.0
3.0
1.0
1.0
1.0
3.0
3.0
23.0
2.0
2.0
16.0
7.0
1.0
11741.0
1.0
3.0
3.0
1.0
1.0
2.0
4.0
2.0
4.0
7.0
3.0
2.0
60.0
26.0
2.0
2712.0
9.0
1.0
3.0
4.0
6.0
2.0
164.0
2.0
1.0
2.0
2.0
4.0
964.0
1.0
150.0
3.0
1.0
1.0
19.0
132.0
1.0
793.0
1.0
2.0
39.0
1.0
6.0
41.0
629.0
2.0
5.0
82.0
8.0
8.0
1.0
3.0
42.0
13.0
1.0
32.0
3.0
26.0
132.0
10.0
69.0
2.0
3.0
2.0
76.0
1.0
1.0
1.0
91.0
228.0
260.0
2.0
1.0
3.0
1.0
1.0
2.0
3.0
10.0
1.0
4.0
7.0
1.0
370.0
249.0
3.0
1.0
17.0
1.0
7.0
12.0
1.0
145.0
1.0
1.0
1.0
1.0
19.0
1.0
3.0
1.0
24.0
3.0
1.0
6.0
13.0
24.0
1.0
1.0
3.0
1.0
75.0
5.0
3.0
4.0
9.0
21.0
1.0
14.0
6.0
1.0
1.0
6.0
117.0
1.0
80.0
19.0
1.0
50.0
21.0
1.0
3.0
200.0
3163.0
2.0
115.0
46.0
2.0
2.0
3.0
31.0
1.0
955.0
1.0
14.0
254.0
4.0
3372.0
177.0
7.0
842.0
1.0
3.0
1.0
7.0
103.0
3.0
12.0
5.0
8.0
393.0
23.0
1.0
3.0
70.0
45.0
1.0
2.0
350.0
14.0
1.0
1.0
1.0
9.0
1.0
1.0
4.0
3.0
168.0
23.0
9.0
3.0
136.0
1.0
1.0
8.0
79.0
1.0
27.0
1.0
6.0
25.0
846.0
4.0
18.0
3.0
3.0
1.0
185.0
157.0
119.0
44.0
27.0
10.0
4.0
3.0
1.0
1.0
6.0
68.0
1.0
48.0
1.0
3.0
13030.0
3.0
1.0
4.0
149.0
2.0
9.0
217.0
2.0
5.0
131.0
4.0
3.0
8.0
232.0
1.0
22.0
15.0
18.0
232.0
1.0
3.0
1120.0
1.0
1.0
292.0
3.0
105.0
3.0
967.0
5.0
553.0
16.0
26.0
5038.0
8.0
2.0
1.0
2.0
1.0
2.0
40.0
952.0
596.0
1437.0
47.0
206.0
4.0
3.0
1829.0
1.0
1.0
1.0
7.0
1.0
2.0
41.0
2.0
3.0
1144.0
40.0
8.0
12.0
288.0
1.0
2.0
3.0
2312.0
6.0
7.0
124.0
122.0
1.0
8.0
5.0
1.0
1.0
1.0
7.0
3.0
1.0
257.0
3.0
28.0
1.0
7.0
3.0
64.0
6.0
3074.0
1.0
85.0
3.0
23.0
5.0
1.0
17.0
242.0
3.0
51.0
1.0
5.0
11.0
7.0
1.0
1.0
116.0
363.0
4.0
232.0
2.0
1.0
3.0
2040.0
3.0
896.0
160.0
4.0
20.0
10.0
2.0
36.0
3.0
41.0
4.0
1674.0
1.0
24.0
3.0
10.0
4.0
1.0
2.0
596.0
36.0
211.0
4.0
16.0
2.0
1.0
1.0
1.0
638.0
2.0
4.0
1.0
545.0
2.0
1.0
149.0
136.0
3.0
1.0
1.0
1.0
2.0
16.0
1.0
1.0
3.0
8.0
22.0
1.0
10.0
1.0
94.0
1.0
9.0
2.0
1.0
282.0
26.0
118.0
2.0
1.0
2.0
43.0
232.0
1.0
1.0
3.0
1.0
2.0
19.0
8.0
1.0
444.0
1426.0
8.0
22.0
1.0
61.0
2.0
3.0
1.0
3.0
382.0
1.0
1.0
19.0
1260.0
8.0
19.0
1.0
1658.0
3.0
1.0
6.0
1.0
3.0
1.0
628.0
3.0
1.0
1.0
3.0
1.0
9.0
13.0
18.0
3.0
4.0
12.0
766.0
7.0
454.0
94.0
1.0
8.0
2.0
5353.0
30.0
16.0
2.0
11564.0
2.0
13.0
1.0
2.0
1278.0
3.0
1.0
2.0
1562.0
620.0
385.0
1.0
1.0
1.0
32.0
1.0
3.0
7.0
6.0
1.0
1.0
351.0
1.0
14.0
23.0
71.0
31.0
1.0
3.0
21.0
48.0
27.0
3.0
25.0
1.0
1734.0
176.0
24.0
97.0
733.0
15.0
680.0
1.0
1.0
1.0
8.0
5.0
2.0
356.0
6.0
33.0
3.0
132.0
1.0
1.0
1.0
17.0
3.0
31.0
1.0
1.0
2662.0
4.0
1.0
18.0
326.0
46.0
9.0
1.0
21.0
1.0
688.0
3.0
496.0
12.0
1.0
13.0
3.0
1.0
5.0
1000.0
1.0
1.0
6.0
19.0
16.0
6.0
9.0
2.0
3.0
13.0
16.0
4.0
9.0
6.0
1.0
1.0
2.0
10.0
1.0
6.0
1.0
899.0
1.0
1.0
77.0
3.0
3.0
2.0
3.0
86.0
3.0
16.0
3.0
117.0
12.0
32.0
3.0
3.0
17.0
23.0
3.0
1.0
4.0
2.0
4.0
3.0
1.0
1.0
2.0
1.0
933.0
25.0
2.0
3.0
282.0
82.0
519.0
36.0
5.0
6.0
385.0
42.0
3.0
488.0
1040.0
7.0
2.0
1.0
3.0
1.0
13.0
57.0
1.0
2.0
2.0
74.0
8.0
1.0
4.0
630.0
1.0
1.0
969.0
1.0
336.0
1.0
1.0
2.0
1.0
4.0
1.0
3.0
1.0
15.0
4.0
626.0
4.0
24.0
40.0
1.0
3.0
1.0
1.0
395.0
1.0
1.0
3.0
1.0
3.0
4.0
2899.0
8.0
3.0
30.0
1.0
1.0
1.0
1.0
110.0
2.0
4.0
414.0
140.0
380.0
3.0
125.0
110.0
2.0
22.0
1.0
5.0
3.0
25.0
3.0
2.0
2.0
1918.0
4.0
1.0
339.0
2.0
71.0
8.0
17.0
1.0
24.0
7.0
11.0
149.0
1052.0
1.0
3.0
2.0
1429.0
1.0
797.0
2.0
3.0
14385.0
282.0
1.0
5.0
2.0
2.0
120.0
18.0
3.0
1.0
1.0
3.0
3.0
1.0
10.0
1.0
3.0
16.0
2.0
1.0
3.0
8.0
1.0
1.0
13.0
5.0
19.0
1.0
53.0
1.0
2.0
1.0
2.0
3.0
8.0
3.0
8.0
2.0
13.0
3.0
3.0
4.0
86.0
4.0
4.0
2.0
3.0
29.0
2.0
4.0
1.0
1102.0
1.0
33.0
3.0
11.0
1.0
46.0
103.0
3.0
7.0
1174.0
3.0
3.0
1.0
3.0
58.0
6.0
2.0
1.0
2.0
8.0
192.0
1.0
7.0
23483.0
4.0
7.0
2.0
367.0
2.0
1.0
2.0
3.0
87.0
3.0
62.0
773.0
1.0
383.0
87.0
1.0
2.0
5.0
64.0
4.0
3.0
3.0
1.0
58.0
3.0
509.0
7.0
1.0
961.0
1.0
1.0
1.0
1.0
1.0
15.0
19.0
35.0
551.0
3.0
111.0
1.0
3.0
6.0
3.0
3.0
45.0
1.0
1.0
229.0
1.0
4325.0
102.0
441.0
1.0
1.0
1.0
4.0
2138.0
1.0
4.0
26.0
351.0
1.0
9.0
5.0
19.0
1.0
16.0
4.0
1.0
18.0
3.0
10.0
10.0
1.0
1.0
1.0
98.0
107.0
5.0
1.0
3.0
40.0
1.0
5.0
4.0
1.0
2.0
1.0
840.0
3.0
1.0
481.0
2.0
1.0
1324.0
1.0
696.0
3.0
1.0
20.0
5.0
3.0
4.0
1.0
1.0
3.0
1.0
384.0
3.0
3.0
9.0
700.0
2.0
5198.0
176.0
3.0
28.0
1.0
577.0
13.0
1.0
4.0
1.0
2.0
1.0
101.0
17.0
3.0
3.0
1467.0
2.0
345.0
1.0
4166.0
46.0
11.0
322.0
63.0
4352.0
178.0
7.0
1.0
2706.0
10.0
596.0
3.0
2.0
39.0
3.0
1.0
611.0
3332.0
6.0
535.0
1.0
3.0
3.0
1.0
1.0
1.0
1.0
2.0
1.0
4.0
3.0
1.0
3.0
3.0
1.0
2.0
1.0
1.0
3.0
1806.0
3.0
12.0
3.0
57.0
24.0
11.0
3.0
1.0
3.0
1.0
2.0
1.0
1.0
13.0
9.0
574.0
369.0
1.0
4.0
4.0
1.0
16825.0
6.0
8.0
1.0
38.0
14.0
1.0
1.0
65.0
39.0
28.0
2.0
7.0
1.0
3.0
1.0
3.0
3.0
2440.0
19.0
3.0
1.0
1.0
977.0
3.0
665.0
1.0
1.0
3.0
3.0
4.0
20.0
2.0
677.0
9.0
120.0
1.0
3.0
3.0
1.0
3.0
13.0
3.0
5.0
3.0
1.0
241.0
3.0
1.0
7.0
1.0
313.0
202.0
7.0
1.0
3.0
733.0
3.0
55.0
1.0
1514.0
6.0
9.0
1.0
2.0
2795.0
374.0
2603.0
796.0
8.0
1.0
1.0
1.0
155.0
55.0
1.0
1.0
5.0
7.0
3.0
1.0
1.0
1559.0
3.0
1.0
102.0
60.0
3.0
136.0
2.0
15.0
3.0
2.0
243.0
30.0
1.0
1.0
17.0
2.0
1.0
32.0
1.0
1.0
1.0
24.0
4.0
17.0
3.0
3.0
23.0
1.0
2.0
3000.0
1.0
1.0
6.0
1.0
283.0
542.0
3.0
2.0
116.0
25.0
3.0
7.0
21.0
1.0
105.0
2.0
1.0
6.0
52.0
13030.0
2.0
292.0
1.0
1.0
393.0
6.0
20.0
8.0
3.0
10.0
2607.0
3.0
1.0
552.0
8.0
1.0
3.0
10.0
1.0
28.0
2.0
1.0
2.0
7.0
1.0
10.0
1.0
3.0
18.0
1.0
1.0
385.0
10.0
10.0
3.0
13.0
1.0
54.0
7906.0
770.0
148.0
7.0
1.0
4.0
5.0
1.0
1.0
10.0
1.0
1.0
3.0
1.0
3.0
3.0
21.0
19.0
2.0
369.0
19.0
25.0
80.0
3.0
4.0
103.0
2.0
3.0
1.0
17.0
3.0
674.0
7.0
21.0
4.0
1328.0
2.0
1.0
1.0
3.0
569.0
8.0
8.0
3.0
782.0
1.0
1.0
9.0
3.0
1.0
1.0
7.0
2.0
1.0
18.0
160.0
2.0
1.0
1.0
5.0
19.0
1.0
14.0
145.0
1.0
42.0
4.0
1.0
34.0
8.0
2.0
2261.0
1309.0
370.0
7.0
2.0
16.0
4.0
3.0
3.0
2.0
3.0
31.0
3.0
6.0
8.0
1.0
3.0
3.0
1.0
3.0
1.0
3.0
7.0
1.0
1.0
4.0
4.0
4.0
91.0
3.0
2093.0
1.0
3.0
19.0
4.0
1.0
10.0
2.0
1.0
2.0
1.0
16.0
1.0
83.0
25.0
6.0
1.0
103.0
167.0
3.0
1.0
4.0
7.0
1.0
23.0
2.0
1.0
10.0
1.0
27.0
1.0
4.0
2.0
5.0
3.0
1108.0
267.0
7.0
60.0
1.0
87.0
34.0
123.0
8.0
3.0
4.0
40.0
2.0
2.0
3.0
2.0
2.0
7.0
61.0
206.0
1.0
6.0
1.0
1.0
74.0
22.0
1.0
1.0
7.0
22.0
5.0
3.0
53.0
3.0
1.0
3.0
2.0
4.0
648.0
69.0
9.0
351.0
6.0
74.0
2.0
1519.0
1.0
1.0
2.0
1.0
850.0
4.0
13.0
1.0
1.0
3.0
3.0
2.0
14.0
25.0
80.0
2.0
4.0
108.0
24.0
2.0
632.0
16.0
75.0
1303.0
1.0
4.0
3.0
12.0
1.0
5.0
1.0
1.0
3.0
1.0
2.0
16.0
2.0
4.0
203.0
37.0
1225.0
13.0
16.0
22.0
215.0
14385.0
36.0
70.0
16.0
46.0
21.0
1.0
4.0
4.0
251.0
351.0
6.0
1454.0
21.0
19.0
18.0
199.0
9.0
1.0
3.0
359.0
1.0
3.0
4.0
3.0
8.0
3.0
3.0
3.0
1.0
16.0
78.0
292.0
5.0
1.0
1.0
5.0
3.0
2.0
1018.0
84.0
2.0
75.0
1.0
1.0
26.0
7.0
1.0
1102.0
24.0
3.0
169.0
3.0
1.0
4.0
3.0
3.0
10.0
21.0
3.0
916.0
62.0
1.0
1.0
1232.0
1.0
3.0
295.0
1.0
150.0
1.0
4.0
3.0
401.0
1.0
7.0
6.0
107.0
8.0
465.0
1326.0
3.0
3.0
2.0
2.0
1.0
6.0
2.0
901.0
1.0
170.0
168.0
364.0
12.0
3.0
2.0
2.0
1.0
3.0
1.0
1.0
10.0
1501.0
10.0
174.0
4.0
3.0
349.0
1.0
4.0
5.0
1.0
1.0
1.0
3.0
1.0
1515.0
3.0
2.0
5.0
13.0
109.0
54.0
1.0
101.0
24.0
5.0
15.0
64.0
2.0
48.0
605.0
7.0
4.0
80.0
3.0
1.0
3.0
596.0
7.0
1.0
1.0
1.0
1.0
3.0
3018.0
702.0
7.0
4.0
25.0
3.0
24.0
1.0
20.0
5.0
1.0
40.0
55.0
14.0
1.0
7.0
1.0
4.0
1.0
1.0
3494.0
27.0
7.0
1.0
2.0
3.0
1.0
4.0
19.0
12.0
4.0
69.0
2.0
19.0
5.0
288.0
6072.0
32.0
1.0
2.0
3.0
3.0
10.0
3.0
1.0
1.0
3.0
1.0
5.0
4.0
5.0
8.0
91.0
2749.0
12.0
2.0
1.0
5.0
5.0
1536.0
6.0
17.0
1.0
5.0
1.0
2.0
3.0
4.0
3.0
139.0
623.0
6.0
10.0
298.0
1.0
107.0
310.0
5.0
105.0
2.0
6.0
3.0
556.0
584.0
13.0
1.0
1.0
1092.0
4.0
24.0
2.0
1.0
2.0
1.0
1.0
33.0
1.0
5.0
1.0
47.0
1.0
11.0
5.0
3.0
31.0
8.0
1823.0
14.0
1.0
3.0
6.0
84.0
26.0
3.0
479.0
63.0
1.0
1.0
55.0
2.0
1.0
1.0
12.0
2.0
526.0
30.0
1.0
2.0
14385.0
674.0
1.0
6.0
2.0
2.0
10.0
1.0
1.0
60.0
3.0
288.0
3.0
2.0
19.0
3.0
1.0
2.0
1.0
74.0
27.0
3.0
2.0
1.0
1.0
3.0
103.0
1.0
1.0
3.0
34.0
1.0
3.0
2.0
1.0
46.0
3.0
1.0
2.0
3.0
7.0
6.0
4.0
22.0
1.0
3.0
665.0
23.0
12222.0
764.0
5.0
1.0
1.0
3.0
1.0
19.0
1.0
1.0
6.0
1.0
2.0
7.0
186.0
2.0
51.0
158.0
4.0
1157.0
2.0
945.0
139.0
1.0
305.0
1820.0
2765.0
1.0
761.0
1734.0
7.0
1081.0
84.0
2.0
3.0
21.0
1798.0
3.0
2.0
1.0
8.0
170.0
7.0
2.0
3.0
2.0
1.0
1449.0
1120.0
1.0
9.0
1.0
6.0
1.0
10.0
42.0
3.0
3.0
92.0
5.0
4.0
4.0
1.0
3.0
1.0
17.0
3.0
1.0
1.0
3001.0
32.0
3.0
2376.0
259.0
1086.0
1.0
27.0
6.0
1.0
1.0
60.0
25.0
12.0
292.0
943.0
3.0
1869.0
2.0
4.0
2.0
7.0
9.0
3.0
3.0
1.0
2.0
5.0
108.0
65.0
1.0
1.0
4.0
703.0
2.0
1.0
29.0
9.0
3.0
1.0
84.0
2.0
714.0
2.0
1.0
1.0
3.0
5.0
1.0
1.0
18.0
1.0
1018.0
52.0
1.0
7.0
3.0
10.0
1.0
3.0
4.0
3.0
1545.0
236.0
1.0
220.0
95.0
1.0
3.0
1.0
3.0
4.0
3.0
1.0
1403.0
2.0
6.0
1.0
351.0
584.0
6.0
2.0
10.0
82.0
10.0
2.0
10.0
1.0
7.0
3.0
3.0
47.0
7066.0
164.0
1.0
1.0
1728.0
4.0
5.0
168.0
24.0
1485.0
5.0
4.0
1.0
9.0
6.0
1.0
1664.0
591.0
251.0
6.0
13.0
1.0
8.0
1.0
430.0
7.0
1.0
17.0
42.0
3.0
5.0
11.0
1.0
4.0
694.0
1.0
3.0
7.0
8.0
978.0
138.0
26.0
3.0
53.0
1.0
15.0
3.0
207.0
4.0
1.0
3.0
4.0
99.0
856.0
47.0
3.0
1.0
3.0
2.0
1.0
1.0
2.0
11.0
3.0
1.0
1018.0
355.0
2.0
16.0
7.0
1.0
1.0
1.0
337.0
2.0
42.0
141.0
1.0
1.0
10.0
64.0
2226.0
1.0
3.0
1.0
101.0
3.0
15.0
42.0
1.0
3.0
32.0
6.0
4.0
1.0
267.0
4.0
23.0
253.0
9.0
673.0
3.0
598.0
5.0
153.0
9.0
835.0
3.0
12.0
11.0
4.0
6.0
9.0
3.0
24.0
30.0
5.0
2.0
3.0
2.0
1.0
7525.0
4.0
3.0
4.0
15.0
2.0
105.0
30.0
1.0
2253.0
1.0
305.0
1.0
866.0
4.0
7799.0
1.0
3.0
880.0
3.0
3.0
282.0
1.0
1.0
8.0
455.0
1.0
1.0
16.0
31.0
36.0
4.0
3.0
138.0
26.0
57.0
140.0
470.0
111.0
17.0
3.0
6.0
19.0
1.0
3.0
1.0
20.0
3.0
1.0
1.0
3.0
1.0
3.0
1.0
7.0
1.0
3.0
55.0
1.0
1.0
9.0
2.0
393.0
3.0
1262.0
1.0
3.0
3.0
2.0
9.0
3.0
520.0
7.0
1.0
2.0
1.0
1.0
586.0
4.0
929.0
1.0
16.0
2.0
2.0
6.0
3.0
2.0
1.0
848.0
6.0
2.0
4.0
3.0
3.0
12.0
3424.0
15.0
3.0
24.0
56.0
34.0
13.0
63.0
2.0
162.0
1.0
212.0
3.0
1.0
5.0
20.0
2.0
1.0
3.0
2574.0
1.0
55.0
7.0
2.0
1872.0
15.0
1.0
160.0
3.0
22.0
1.0
3.0
1.0
3.0
3.0
1.0
8.0
29.0
1.0
4.0
2.0
283.0
12.0
3.0
30.0
24.0
6.0
4.0
124.0
3.0
5.0
3.0
462.0
3.0
2.0
337.0
2.0
2873.0
8.0
1.0
4.0
2.0
2.0
313.0
4.0
1200.0
3.0
68.0
3.0
20.0
4.0
1.0
9.0
283.0
55.0
1.0
287.0
2.0
132.0
1.0
6.0
1.0
3.0
2.0
10.0
4.0
13.0
2.0
4.0
7.0
14.0
3.0
2.0
74.0
1862.0
1.0
1.0
7.0
6.0
1.0
977.0
2.0
27.0
8.0
1.0
17.0
6.0
4.0
1.0
2.0
1.0
1.0
1.0
4.0
367.0
2.0
20.0
1.0
4.0
22.0
2.0
504.0
1.0
1.0
518.0
34.0
18.0
334.0
1.0
1.0
88.0
365.0
11.0
9.0
2.0
3.0
1.0
1.0
9.0
1.0
6.0
1.0
281.0
5.0
127.0
8.0
16.0
2353.0
1.0
24.0
4.0
2.0
5.0
1287.0
7266.0
5.0
4.0
5.0
57.0
3.0
2.0
144.0
3.0
3.0
25.0
3.0
2.0
3.0
9.0
3.0
3093.0
1.0
238.0
92.0
1.0
3.0
3.0
3.0
2.0
215.0
3.0
1.0
5.0
458.0
4.0
1.0
4.0
3.0
28.0
11.0
4.0
854.0
1.0
1.0
14385.0
6.0
22.0
3.0
2.0
55.0
4.0
1.0
1.0
18.0
1943.0
1.0
15.0
2.0
118.0
4.0
10.0
1.0
2.0
3.0
38.0
10.0
8.0
1.0
3.0
3.0
1.0
1113.0
123.0
7.0
199.0
51.0
1.0
36.0
1.0
1.0
572.0
1.0
2.0
3.0
351.0
74.0
14.0
1.0
1.0
1.0
1.0
1.0
1323.0
1.0
10.0
2794.0
2.0
421.0
7887.0
1.0
35.0
248.0
1.0
134.0
1384.0
2.0
2563.0
55.0
1.0
3.0
1.0
32.0
1.0
4.0
26648.0
6477.0
1.0
1.0
255.0
4.0
1.0
6.0
1.0
1.0
1.0
2.0
1.0
8.0
14.0
1.0
1.0
37.0
3.0
1.0
3.0
1.0
2.0
3.0
16.0
2.0
1.0
1.0
1347.0
5.0
3.0
1.0
3.0
3.0
133.0
1.0
7.0
5.0
4.0
10.0
4478.0
3.0
3.0
13.0
2.0
2.0
57.0
3.0
3.0
113.0
1.0
1647.0
50.0
2.0
1.0
78.0
32.0
38.0
531.0
21.0
2.0
30.0
3.0
1.0
2.0
915.0
9.0
9.0
31.0
5.0
3.0
3.0
14.0
95959.0
3.0
1.0
3.0
221.0
66101.0
1.0
4.0
1.0
1.0
3.0
3.0
1.0
2.0
83.0
4.0
3.0
3.0
17.0
6.0
6.0
1.0
542.0
1.0
1.0
1.0
6.0
2.0
4.0
1.0
6.0
2.0
3.0
560.0
886.0
2.0
4.0
67.0
3.0
25.0
214.0
23.0
1707.0
1.0
292.0
11.0
2.0
8.0
18.0
10668.0
3.0
773.0
351.0
6.0
1760.0
3333.0
1342.0
7.0
149.0
1.0
446.0
17.0
8.0
2.0
1.0
1.0
1.0
8.0
4.0
1.0
67.0
1.0
1129.0
16.0
1.0
6.0
1.0
1.0
1.0
107.0
793.0
152.0
1504.0
6.0
1395.0
2.0
101.0
1.0
46.0
3.0
1.0
576.0
1.0
1.0
1.0
121.0
10.0
4.0
31.0
2.0
3.0
1.0
1.0
2.0
1.0
3.0
3574.0
7.0
96.0
2.0
351.0
59.0
2.0
73.0
3.0
2.0
51.0
6.0
451.0
6.0
9.0
1.0
2.0
4.0
467.0
1.0
18.0
2.0
10.0
1.0
144.0
3.0
1.0
3.0
1.0
15.0
2.0
3.0
1.0
1.0
7.0
3.0
1.0
7.0
79.0
4.0
24.0
1.0
70.0
23.0
24.0
335.0
24.0
51.0
521.0
3.0
55.0
1.0
9.0
3.0
1.0
3.0
15.0
5.0
3.0
1.0
666.0
2.0
1703.0
73.0
828.0
208.0
10.0
2.0
8.0
1857.0
114.0
2.0
863.0
19.0
443.0
3.0
13.0
3828.0
14385.0
1.0
3.0
3.0
75.0
64.0
2.0
78.0
33.0
6.0
2.0
1.0
1.0
1.0
1.0
38.0
9.0
772.0
1.0
3.0
18.0
42.0
1.0
1.0
1.0
2.0
427.0
20.0
3.0
3.0
1.0
1.0
570.0
3.0
8.0
1.0
4.0
636.0
732.0
1.0
351.0
122.0
4.0
19.0
1.0
1.0
9.0
1759.0
16.0
1.0
4.0
115.0
8.0
1882.0
9057.0
3.0
282.0
6.0
8.0
6.0
65.0
2.0
9.0
13.0
349.0
14.0
1.0
1.0
1.0
43.0
1.0
8.0
91.0
3.0
3.0
122.0
38.0
2.0
64.0
2.0
943.0
1105.0
1.0
2.0
11.0
889.0
1117.0
1.0
2.0
1.0
3.0
1.0
3.0
38.0
3.0
1.0
3.0
96.0
5.0
2131.0
84.0
1.0
6.0
9.0
1.0
1.0
1532.0
9.0
1.0
1.0
3.0
8365.0
3.0
1.0
1.0
1.0
8.0
1.0
69.0
1.0
2.0
16.0
1.0
1.0
28.0
1.0
1.0
4.0
709.0
60.0
34.0
1.0
3.0
80.0
3.0
1.0
39.0
149.0
451.0
3.0
5.0
1.0
11.0
1.0
801.0
4.0
55.0
8.0
2227.0
10.0
4.0
783.0
395.0
2.0
1.0
6.0
1723.0
2.0
4.0
3.0
1.0
3.0
1.0
2.0
1.0
6.0
1.0
3.0
9.0
10001.0
10.0
60.0
2.0
3.0
1.0
239.0
36.0
20.0
490.0
19.0
4.0
3.0
62.0
3.0
3.0
1.0
2.0
1.0
137.0
431.0
9.0
1.0
17.0
19.0
3.0
29.0
1.0
4.0
2.0
2.0
105.0
3.0
2.0
2355.0
63.0
1.0
988.0
1.0
1.0
3.0
3.0
3.0
1035.0
16576.0
246.0
1.0
2.0
1.0
2.0
55.0
8.0
692.0
4.0
66.0
1257.0
1225.0
2.0
3.0
4.0
1.0
1.0
1.0
3.0
19.0
2.0
3.0
7.0
20.0
1.0
72.0
1.0
31.0
3.0
3.0
17.0
3.0
1.0
4.0
2.0
139.0
2.0
1027.0
218.0
1.0
1.0
1.0
3.0
1.0
1.0
4.0
1.0
24.0
4.0
338.0
1.0
3563.0
6.0
3.0
60.0
11.0
1.0
3.0
3.0
1.0
32.0
6076.0
3.0
1.0
42.0
531.0
401.0
17.0
1.0
3.0
1.0
8.0
1.0
3.0
8.0
1.0
1.0
1.0
25.0
99.0
6.0
4.0
1.0
11.0
1.0
2.0
351.0
1.0
3.0
3.0
3.0
11.0
263.0
3.0
3342.0
9.0
857.0
1311.0
3.0
1.0
12.0
1.0
3.0
25.0
3.0
3.0
6.0
6.0
1.0
2.0
1.0
12.0
10.0
1.0
3.0
2.0
2.0
1.0
4107.0
3.0
49.0
1.0
1.0
3.0
3.0
1.0
4.0
1.0
242.0
108.0
11.0
3.0
5.0
42.0
16.0
100.0
337.0
17.0
3.0
70.0
1.0
8.0
5.0
30.0
3.0
5.0
2.0
5.0
1.0
10.0
2.0
13.0
3136.0
2480.0
2.0
6.0
2.0
5.0
3.0
1.0
3.0
3.0
1930.0
32.0
8.0
3408.0
1.0
30.0
1.0
16.0
14.0
5.0
3.0
1.0
1.0
486.0
1.0
3.0
6.0
3394.0
19.0
3.0
48.0
1.0
1.0
11.0
842.0
3.0
1.0
988.0
1.0
1.0
2.0
260.0
59.0
2.0
25.0
1.0
15.0
3.0
334.0
3.0
2.0
307.0
59.0
2.0
9.0
3.0
1.0
113.0
4.0
55.0
19.0
2.0
5.0
544.0
157.0
2.0
772.0
874.0
7.0
3.0
3353.0
17.0
571.0
33.0
1.0
3.0
2624.0
1.0
251.0
14.0
1238.0
1.0
4.0
1.0
2.0
2.0
1.0
17.0
2.0
1156.0
3.0
3.0
2.0
23.0
2.0
3.0
2.0
1.0
1.0
1.0
1.0
9.0
2.0
233.0
1.0
1.0
54.0
31.0
3.0
13.0
9670.0
5.0
6.0
13.0
1.0
45.0
678.0
5.0
1.0
11.0
6.0
6.0
17.0
2.0
2.0
1.0
3.0
2.0
2.0
1764.0
1.0
1.0
45.0
3.0
875.0
1.0
1.0
1.0
4.0
1.0
3.0
418.0
92.0
3.0
4.0
6.0
3.0
13.0
3.0
328.0
170.0
3.0
19.0
5.0
1.0
51.0
112.0
14.0
1103.0
3.0
3.0
2.0
9.0
1.0
17.0
6.0
3.0
120.0
3.0
7.0
2.0
2.0
1.0
1.0
6.0
31.0
3.0
3.0
3.0
11.0
8.0
1.0
5.0
4445.0
3.0
1.0
1.0
1198.0
1.0
4.0
1.0
1.0
802.0
2.0
1.0
127.0
9.0
4.0
4.0
7.0
1.0
16.0
87.0
14.0
46.0
1.0
239.0
5.0
1.0
11.0
199.0
1.0
1.0
1.0
1.0
19.0
1334.0
4.0
1.0
288.0
3.0
23.0
5.0
2.0
1.0
2.0
330.0
7.0
1.0
1.0
1.0
1.0
23.0
167.0
3.0
1115.0
1.0
75.0
3.0
16.0
892.0
14.0
2.0
1.0
141.0
770.0
1514.0
52.0
3.0
1.0
1.0
8.0
351.0
555.0
200.0
1.0
6.0
32.0
2.0
103.0
3.0
38.0
3.0
390.0
3.0
75.0
1.0
1.0
3.0
9.0
7.0
1.0
105.0
1.0
1.0
3.0
32.0
2.0
5.0
3.0
2.0
13.0
1442.0
1.0
19.0
1.0
19.0
1.0
1.0
4.0
19.0
1.0
1.0
119.0
1.0
17.0
4.0
3.0
8.0
3.0
1.0
1.0
16.0
3.0
5.0
1.0
17.0
2.0
1.0
3.0
1.0
1.0
348.0
19.0
2.0
9.0
57.0
1.0
832.0
8.0
48.0
3.0
1.0
3.0
1.0
9.0
90.0
697.0
1.0
1.0
3.0
137.0
1.0
66.0
2.0
19.0
1.0
60.0
4.0
5.0
2.0
13832.0
3.0
1.0
8.0
67.0
23.0
12.0
29.0
1.0
180.0
2.0
9.0
3.0
2.0
24.0
231.0
108.0
1.0
3.0
87.0
3.0
15.0
1.0
37.0
301.0
3.0
9.0
1.0
1.0
1.0
14140.0
1.0
3.0
3.0
34.0
3.0
30.0
596.0
20.0
135.0
1.0
13.0
34.0
3.0
40.0
696.0
2.0
6.0
3.0
4.0
24.0
1.0
10.0
1.0
1.0
2.0
69.0
3.0
5.0
5.0
2.0
288.0
2.0
82.0
2.0
1.0
111.0
1.0
1.0
6.0
4.0
9.0
1.0
965.0
1.0
10.0
1.0
1.0
1.0
3.0
835.0
1.0
4.0
3.0
287.0
3.0
76.0
4.0
3.0
10668.0
3.0
24.0
13.0
3.0
675.0
1.0
1111.0
1.0
125.0
8.0
1.0
615.0
1.0
876.0
232.0
959.0
25.0
719.0
4.0
93.0
1.0
3.0
519.0
1.0
461.0
984.0
1.0
1.0
1.0
125.0
3.0
19.0
24.0
21.0
3.0
1.0
6.0
5.0
37.0
11.0
238.0
2.0
3.0
1.0
12.0
1102.0
1.0
2.0
7.0
596.0
2.0
121.0
1309.0
3.0
1.0
8.0
653.0
3.0
1.0
8.0
6.0
902.0
2.0
42.0
432.0
4.0
3.0
69.0
1.0
3.0
1.0
288.0
82.0
1.0
2.0
3.0
232.0
538.0
1.0
3.0
3.0
18.0
111.0
1.0
1.0
333.0
28.0
9.0
421.0
247.0
87.0
2.0
8.0
1.0
13.0
1098.0
34.0
2.0
1.0
13.0
1.0
932.0
3.0
1.0
28.0
50.0
6.0
34.0
10.0
3.0
29.0
2.0
36.0
1.0
184.0
31.0
10.0
1.0
2.0
4.0
4.0
3.0
11.0
1.0
318.0
1102.0
1.0
16.0
1.0
5.0
406.0
1.0
8.0
27.0
1.0
1.0
61.0
895.0
335.0
1.0
505.0
7.0
11.0
132.0
1.0
1.0
3.0
92.0
35.0
5.0
347.0
1.0
1.0
33.0
7.0
1.0
5.0
35.0
2.0
1.0
2.0
19.0
2.0
500.0
2.0
16.0
3.0
101.0
1102.0
1.0
917.0
27.0
3.0
102.0
435.0
5732.0
229.0
88.0
18.0
3.0
106.0
3.0
959.0
6.0
3.0
3.0
3.0
1.0
1.0
3.0
3.0
1.0
5.0
3.0
1.0
449.0
8.0
1.0
7.0
636.0
1.0
3.0
2.0
20.0
3.0
6.0
6.0
5.0
1.0
14.0
1.0
1.0
1.0
4.0
4.0
2.0
2.0
9678.0
46.0
3.0
2.0
1.0
3.0
206.0
24.0
17.0
1.0
3.0
5.0
2.0
8.0
16.0
11.0
2.0
993.0
1.0
718.0
516.0
1.0
5.0
8.0
3.0
2.0
6.0
2.0
1.0
302.0
1.0
7.0
23.0
9.0
1.0
1.0
274.0
3.0
2.0
1.0
886.0
2.0
3.0
3.0
1.0
1.0
5.0
3.0
17.0
3.0
645.0
1.0
1.0
3.0
2.0
2.0
16.0
36.0
315.0
225.0
9.0
1.0
1113.0
1.0
9.0
3.0
1.0
4.0
3.0
4.0
3.0
5.0
3.0
12.0
1.0
9.0
2.0
67.0
4.0
9.0
1.0
1.0
2.0
90.0
3.0
26.0
6.0
2.0
68.0
444.0
944.0
2.0
2.0
48.0
821.0
3.0
234.0
1.0
1.0
865.0
25.0
7.0
46.0
9.0
1.0
20.0
1.0
1678.0
157.0
4.0
1.0
3.0
1.0
7070.0
1.0
3.0
3000.0
3.0
1.0
2.0
1.0
351.0
5.0
961.0
10.0
3.0
1.0
36.0
20.0
1299.0
338.0
40.0
3.0
9.0
3.0
3.0
1.0
1.0
1992.0
32.0
327.0
156.0
1.0
1.0
8.0
936.0
22.0
5.0
5.0
27.0
3.0
1.0
1.0
13.0
3.0
3.0
1.0
1.0
17.0
1.0
1.0
1.0
1.0
3.0
1.0
8.0
111.0
9.0
17.0
4279.0
49.0
13.0
5.0
87.0
96.0
1.0
6.0
1.0
3068.0
549.0
232.0
4.0
8669.0
3099.0
7.0
1.0
2.0
5.0
1.0
3.0
3.0
1.0
481.0
5881.0
1.0
82.0
218.0
2399.0
3.0
4.0
1.0
2.0
4.0
2616.0
15.0
3.0
5.0
5.0
1.0
49.0
24.0
5.0
3.0
3.0
1.0
27.0
2.0
1.0
4.0
6.0
1.0
184.0
3.0
1.0
1.0
24.0
1.0
7.0
1.0
7.0
73.0
14.0
1.0
1.0
3.0
1.0
1.0
1.0
1.0
1502.0
9.0
1.0
1.0
3.0
1.0
17.0
16.0
248.0
480.0
7.0
5.0
35.0
119.0
3.0
3.0
39.0
3.0
1.0
8.0
2.0
8.0
1.0
1186.0
2.0
1.0
117.0
3031.0
3.0
159.0
5.0
33.0
154.0
1.0
3.0
3.0
3.0
8.0
1.0
11.0
1.0
13.0
325.0
846.0
201.0
13.0
3.0
3.0
1.0
3.0
2.0
1.0
1.0
2.0
1.0
2.0
66.0
14.0
56.0
1.0
8.0
4.0
57983.0
1.0
3.0
102.0
2.0
1.0
1.0
7.0
1043.0
1.0
1.0
1000.0
1.0
3.0
6.0
5.0
1.0
1.0
3.0
1.0
1.0
2.0
3.0
2.0
2.0
9.0
2.0
941.0
1.0
1.0
9.0
1.0
6.0
6.0
1.0
2.0
3.0
1.0
1.0
137.0
17.0
1.0
76.0
3.0
6.0
71.0
1.0
426.0
2.0
1.0
1.0
1.0
14.0
1.0
1.0
87.0
404.0
1.0
6.0
596.0
1.0
3.0
1.0
3.0
4917.0
1.0
1.0
3.0
1.0
965.0
18.0
521.0
7.0
7.0
5.0
3.0
3.0
3.0
882.0
1.0
1.0
2.0
5.0
163.0
22.0
1.0
32.0
90.0
1.0
2.0
2.0
3.0
64.0
1.0
3.0
27.0
3.0
571.0
23.0
2.0
3.0
5.0
15.0
1133.0
2.0
2.0
55.0
4.0
1.0
3.0
1.0
44.0
3.0
18.0
3.0
535.0
1.0
3.0
1.0
8.0
1.0
1.0
28.0
1.0
3.0
2.0
1.0
10.0
268.0
1.0
8.0
33.0
7.0
18.0
1.0
210.0
4.0
12.0
25.0
75.0
24.0
82.0
13.0
1.0
1.0
10.0
62.0
11.0
29.0
1.0
2.0
34.0
1.0
1.0
1.0
3.0
1.0
6.0
8.0
10.0
1.0
1.0
3.0
329.0
2.0
188.0
10.0
3.0
24.0
1.0
4.0
1.0
3.0
161.0
9.0
9.0
3.0
66.0
24.0
1.0
1.0
2.0
2804.0
192.0
3.0
1.0
17.0
3.0
1225.0
2.0
6.0
1.0
1.0
3.0
442.0
8.0
3.0
17.0
3.0
1.0
4.0
1.0
3.0
1.0
60.0
4.0
4.0
5.0
23.0
596.0
5.0
4.0
6.0
2.0
40.0
253.0
4668.0
2.0
1.0
1.0
1.0
1.0
2.0
3.0
1.0
19.0
685.0
46.0
207.0
2.0
3.0
508.0
2.0
3.0
3.0
1.0
6.0
8.0
1.0
1.0
5.0
3.0
5.0
1.0
1117.0
571.0
65.0
64.0
5.0
1.0
1.0
3.0
2.0
2616.0
1.0
3.0
3.0
1.0
9.0
1635.0
351.0
45.0
1.0
2.0
80.0
2.0
5.0
400.0
136.0
168.0
1.0
2.0
26.0
1733.0
3.0
4.0
341.0
288.0
1.0
74.0
33.0
8.0
1.0
6.0
3.0
63.0
1.0
835.0
2.0
1.0
1486.0
7.0
1.0
3.0
10.0
2.0
3.0
1.0
1.0
1.0
20.0
3.0
36.0
99.0
4.0
1.0
526.0
1.0
1954.0
3.0
14.0
6.0
351.0
8.0
1.0
3.0
129.0
1.0
4410.0
36.0
1.0
6.0
19.0
1.0
2.0
2.0
2.0
4.0
4.0
5.0
3.0
75.0
2.0
24.0
2.0
65.0
293.0
2.0
1.0
1.0
13.0
1.0
13840.0
129.0
1.0
2.0
305.0
2.0
31.0
9.0
17.0
4432.0
1.0
6.0
336.0
686.0
4.0
27.0
3.0
2.0
4.0
3.0
285.0
16.0
2.0
1.0
724.0
3.0
89.0
3.0
1.0
8.0
3.0
34.0
3.0
287.0
2190.0
137.0
17.0
446.0
1.0
200.0
3.0
67.0
6.0
1.0
6.0
1.0
363.0
114.0
101.0
2.0
1.0
2.0
7.0
2.0
24.0
3.0
1.0
2.0
1.0
3.0
1.0
45.0
13.0
16.0
894.0
1.0
5.0
6.0
1.0
1.0
3.0
1.0
51.0
17.0
2.0
2040.0
2.0
1.0
2.0
5.0
407.0
18.0
1.0
1.0
18.0
1.0
14.0
7.0
1.0
21.0
17.0
3.0
4.0
3.0
1.0
2.0
1.0
1.0
50.0
390.0
3.0
1.0
2.0
1.0
1.0
5.0
25.0
1.0
1044.0
2823.0
1.0
1038.0
1042.0
1.0
14.0
10.0
86.0
4.0
1.0
59.0
410.0
67.0
3.0
1.0
60.0
5.0
19.0
1.0
24.0
51.0
4.0
11514.0
7.0
3.0
1.0
9.0
1.0
1.0
146.0
17.0
242.0
5.0
141.0
4.0
2.0
4.0
4.0
4.0
23.0
3.0
1705.0
9.0
3.0
3.0
17.0
1.0
8.0
80.0
9.0
1.0
6.0
81.0
1065.0
4.0
21.0
1.0
2.0
1.0
7.0
1.0
115.0
791.0
2.0
9.0
1.0
4.0
1.0
1.0
241.0
4.0
198.0
5.0
1.0
2.0
7.0
131.0
3.0
2.0
1.0
1.0
118.0
10.0
328.0
139.0
3.0
114.0
4.0
3.0
87.0
19.0
2.0
1.0
3.0
1.0
8.0
1.0
1.0
1.0
7.0
3.0
7008.0
37.0
14.0
1.0
2.0
32.0
1.0
13.0
4.0
34.0
3.0
4.0
3.0
1.0
1763.0
6.0
53.0
1.0
1.0
1.0
1.0
10.0
1.0
1.0
2.0
12.0
5.0
7.0
3.0
421.0
1.0
1.0
12.0
13.0
6.0
1.0
3.0
4.0
1.0
3.0
87.0
1.0
35.0
1.0
1.0
27.0
9.0
2.0
1.0
1.0
7.0
351.0
1.0
1.0
3.0
364.0
11.0
2.0
1.0
1.0
103.0
4.0
7.0
2.0
961.0
1.0
1542.0
222.0
292.0
7.0
3.0
3.0
984.0
3.0
3.0
3.0
1.0
1.0
3.0
3.0
65.0
22.0
1889.0
1075.0
1.0
66.0
3.0
11.0
3.0
6.0
371.0
5.0
1944.0
4.0
17.0
1.0
13.0
1.0
1.0
8.0
10.0
510.0
685.0
1.0
22.0
1181.0
1.0
19.0
452.0
720.0
1.0
35.0
3.0
24.0
31.0
48.0
1.0
4.0
50.0
6.0
3.0
1.0
1.0
7.0
1.0
1.0
9.0
880.0
5.0
1.0
1.0
1.0
20.0
37.0
282.0
1.0
1.0
301.0
1.0
961.0
133.0
2.0
6.0
1.0
1.0
1.0
3.0
85.0
1.0
3.0
351.0
13.0
1.0
3.0
1.0
3.0
33.0
949.0
1.0
623.0
9.0
3.0
3.0
1.0
10.0
1.0
2.0
3.0
5.0
2.0
15460.0
1.0
1.0
1.0
3.0
135.0
55.0
30.0
102.0
4.0
1.0
1.0
17.0
3.0
6.0
27.0
1.0
6.0
1.0
11.0
3.0
835.0
1.0
20.0
8.0
5.0
1.0
19.0
2.0
313.0
2.0
3.0
7.0
111.0
3.0
8.0
3.0
1.0
15.0
2.0
22.0
1.0
103.0
3.0
2.0
1.0
8.0
1.0
2.0
68.0
42.0
2.0
1.0
98.0
333.0
1.0
3333.0
3.0
4.0
172.0
17.0
867.0
3.0
4.0
4.0
261.0
1400.0
1.0
2.0
2.0
1.0
1.0
5.0
3.0
683.0
1018.0
213.0
1.0
2.0
1.0
1.0
1.0
84.0
596.0
3.0
8.0
2.0
1.0
3.0
1.0
4025.0
13.0
19.0
1.0
59.0
12.0
104.0
1.0
34.0
203.0
19.0
3.0
9.0
460.0
4.0
1757.0
4.0
4.0
29.0
3.0
3.0
1514.0
4.0
1.0
7.0
1.0
1.0
33.0
2.0
1.0
977.0
91.0
1.0
106.0
1.0
1069.0
1.0
136.0
3.0
1.0
90.0
4.0
4.0
1.0
728.0
1.0
3.0
3.0
18.0
1.0
87.0
3.0
6.0
262.0
1.0
21.0
1.0
52.0
3.0
3.0
1.0
32.0
279.0
138.0
23.0
1.0
1.0
1.0
1.0
27.0
3.0
774.0
4.0
3.0
65.0
24.0
1.0
2.0
2.0
8.0
1.0
3.0
48.0
11.0
9.0
9.0
1.0
7.0
1.0
1.0
2.0
448.0
1.0
1.0
3.0
17.0
234.0
1.0
1.0
4.0
2.0
264.0
154.0
4.0
1.0
1.0
3.0
1871.0
1.0
27.0
12.0
1.0
1.0
1.0
14.0
287.0
29.0
1.0
3.0
971.0
1.0
5.0
7.0
1.0
530.0
8.0
1.0
2.0
106.0
20.0
9.0
3.0
542.0
5.0
2.0
960.0
66.0
1.0
4.0
1.0
132.0
166.0
4.0
595.0
3.0
3.0
292.0
3.0
4.0
522.0
30.0
3.0
1.0
1.0
1.0
62.0
3.0
1.0
123.0
4.0
575.0
7.0
3.0
182.0
1.0
12.0
1273.0
67.0
1.0
1.0
1.0
2.0
1.0
131.0
8.0
70.0
3.0
1.0
37.0
1365.0
27.0
1.0
47.0
2.0
46.0
1.0
174.0
3.0
1.0
446.0
20.0
8.0
1225.0
6.0
1296.0
258.0
4.0
4.0
722.0
2.0
1.0
1.0
1.0
4.0
715.0
338.0
2.0
1.0
2.0
17.0
4.0
2.0
140.0
3.0
102.0
3.0
3.0
5.0
1.0
31.0
3.0
3.0
7.0
22.0
14.0
357.0
1.0
1.0
696.0
9.0
3.0
92.0
4.0
2.0
3.0
9.0
3.0
4.0
114.0
3.0
3.0
2.0
5205.0
2.0
54.0
393.0
1.0
1.0
3.0
1.0
1.0
542.0
3.0
3.0
1.0
10.0
11.0
1108.0
1.0
1.0
1.0
3.0
24.0
6.0
19.0
2.0
2.0
977.0
1.0
19.0
4.0
7.0
8.0
4.0
7.0
4.0
2.0
130.0
3.0
39.0
3.0
8.0
44.0
1050.0
9.0
38.0
1.0
1.0
24.0
4.0
1.0
13.0
2.0
38.0
120.0
684.0
3.0
2.0
3.0
210.0
249.0
5.0
4.0
3214.0
7.0
3.0
1064.0
1.0
16.0
4.0
407.0
12.0
32.0
1.0
44.0
1.0
59.0
1.0
3.0
3.0
7.0
1.0
89.0
3.0
142.0
1.0
2.0
1.0
94.0
3.0
1.0
2.0
1018.0
1.0
4.0
1.0
246.0
1.0
87.0
22.0
2.0
6.0
9.0
71.0
371.0
696.0
44.0
3.0
1.0
3.0
37.0
25.0
12.0
3.0
688.0
10516.0
2051.0
10.0
4.0
268.0
1714.0
4.0
2.0
1.0
3.0
1.0
5.0
1.0
11.0
1.0
178.0
8.0
1.0
21.0
44.0
5.0
1.0
51.0
6.0
3.0
1.0
104.0
1.0
4.0
254.0
2.0
2.0
74.0
1.0
1.0
1.0
1.0
3.0
176.0
3.0
3.0
1.0
17.0
1.0
9.0
102.0
15.0
1.0
1.0
20.0
3.0
1.0
2.0
351.0
646.0
1.0
1.0
19.0
278.0
2.0
1.0
4.0
361.0
5.0
370.0
1.0
25.0
821.0
7.0
242.0
19.0
1.0
1.0
2.0
16.0
3.0
3.0
6.0
4.0
135.0
1.0
11.0
239.0
6.0
6.0
3.0
17.0
2.0
1.0
3.0
2.0
3.0
1.0
7.0
292.0
393.0
1.0
1.0
4.0
1.0
11.0
1.0
3.0
7.0
2.0
1.0
12.0
3.0
1.0
2.0
6.0
2.0
1.0
23.0
1.0
3.0
1.0
2.0
108.0
16.0
3.0
1.0
2.0
67.0
1.0
17.0
2.0
1.0
5.0
1.0
1.0
1.0
1.0
1.0
3.0
131.0
3.0
272.0
4.0
1.0
3.0
100.0
3.0
9.0
2.0
10.0
18.0
73.0
66.0
7.0
8.0
160.0
16.0
5.0
2.0
3.0
24.0
1.0
1.0
3.0
1.0
1.0
8.0
2.0
104.0
2.0
1.0
1.0
2.0
66413.0
1.0
29.0
6.0
1.0
1.0
1.0
7.0
14.0
1.0
1.0
313.0
11.0
1.0
2.0
2.0
7.0
21.0
292.0
1.0
3.0
3.0
181.0
2.0
3.0
10.0
1.0
1.0
152.0
21.0
1.0
638.0
2.0
1202.0
18.0
1.0
1.0
7.0
3.0
203.0
1.0
27.0
3.0
7.0
3.0
1341.0
95.0
29.0
3.0
3.0
16.0
1.0
9.0
3.0
2.0
3100.0
3.0
282.0
5.0
1.0
1.0
1.0
1.0
1.0
5.0
2.0
250.0
19.0
1.0
3588.0
5.0
108.0
1.0
1.0
2.0
324.0
3.0
1.0
1.0
1.0
7.0
1.0
1.0
63.0
2.0
30.0
203.0
3.0
5.0
3.0
576.0
3.0
4.0
3.0
75.0
20.0
3.0
19.0
13.0
2.0
3.0
1.0
4.0
821.0
4.0
1.0
249.0
9.0
364.0
259.0
4.0
8.0
274.0
9.0
6716.0
2.0
5.0
34.0
2.0
9.0
3.0
99.0
3.0
1.0
1.0
65.0
1.0
3.0
1016.0
1.0
2.0
8.0
1.0
6.0
1.0
1.0
3.0
1.0
1.0
24.0
3.0
1.0
2768.0
147.0
9.0
7.0
3.0
6.0
3.0
4.0
4.0
1.0
1.0
10.0
5.0
6.0
1099.0
562.0
46.0
7.0
1.0
4.0
4.0
2.0
6712.0
69.0
2.0
2.0
55.0
20.0
69.0
4.0
555.0
179.0
73.0
5.0
71.0
24.0
24.0
1.0
10.0
1.0
3.0
5.0
4.0
7.0
1.0
210.0
27.0
5.0
2.0
3.0
2.0
3.0
875.0
1.0
6.0
7.0
2.0
4.0
2.0
4.0
1.0
374.0
2.0
13.0
1113.0
1.0
14.0
2.0
4.0
1.0
56.0
2.0
1.0
9.0
2.0
1.0
1.0
1231.0
1.0
1.0
5.0
1.0
3271.0
3.0
10.0
1.0
7.0
4.0
375.0
3.0
1.0
27.0
4.0
3.0
3.0
18.0
19.0
3.0
43.0
4.0
13.0
596.0
17425.0
1960.0
1.0
23.0
19.0
134.0
1669.0
14.0
2.0
2.0
2.0
2.0
1.0
9.0
1.0
2.0
1.0
1.0
292.0
1.0
1.0
1899.0
50.0
24.0
47.0
1.0
3.0
3.0
1.0
7.0
4.0
313.0
2.0
3.0
292.0
55.0
1.0
39063.0
9.0
44.0
1.0
579.0
3.0
36.0
5.0
19.0
994.0
3.0
10.0
38.0
3.0
1152.0
7.0
1.0
3.0
937.0
6.0
3.0
17.0
1.0
3.0
4.0
25.0
56.0
2.0
1.0
6.0
282.0
19.0
1.0
3.0
824.0
1.0
4.0
1398.0
1059.0
578.0
1.0
1.0
473.0
3.0
1.0
3.0
1.0
3.0
1.0
3490.0
3.0
134.0
1.0
3.0
22.0
14.0
3.0
1.0
3.0
3.0
23.0
8.0
2.0
156.0
1.0
5.0
1.0
100.0
2.0
1.0
939.0
336.0
2.0
14.0
504.0
1.0
1.0
3.0
3.0
7.0
7.0
3.0
1.0
26.0
365.0
12.0
19.0
101.0
2.0
2.0
24.0
1468.0
2.0
4.0
2746.0
1.0
1.0
10.0
27.0
7.0
2.0
1.0
1.0
1.0
171.0
3.0
83.0
1.0
1.0
3.0
2.0
1574.0
2.0
3.0
1.0
1.0
1844.0
4.0
9.0
1.0
3.0
4.0
1.0
1.0
3.0
14.0
943.0
4.0
1.0
668.0
1851.0
117.0
1931.0
499.0
77.0
4445.0
1.0
3685.0
18.0
11.0
1.0
1.0
2.0
1546.0
24.0
5.0
1.0
3.0
1083.0
1.0
6.0
2.0
66.0
123.0
7.0
5243.0
390.0
1061.0
9.0
2.0
1.0
6.0
2.0
7.0
238.0
2365.0
2337.0
221.0
1.0
8.0
6.0
3.0
2.0
1.0
1.0
7.0
1.0
107.0
2.0
11.0
1.0
4.0
15.0
5646.0
3.0
1.0
4.0
9.0
12.0
4.0
2.0
863.0
50.0
1250.0
7.0
1.0
37.0
16.0
5.0
1.0
7.0
32.0
2.0
1944.0
56.0
3.0
35.0
1.0
19.0
15.0
1.0
1.0
3.0
4.0
4.0
79.0
218.0
9.0
2.0
1.0
1.0
13.0
369.0
4.0
107.0
4.0
16.0
1.0
5.0
13.0
1.0
84.0
8.0
23.0
1.0
19.0
8.0
1.0
3.0
5.0
1.0
877.0
1264.0
136.0
71.0
16.0
8.0
569.0
17.0
1.0
13.0
2.0
2.0
32.0
549.0
444.0
4.0
1.0
15.0
3.0
107.0
7.0
13.0
20.0
3.0
7.0
31.0
20.0
2.0
2.0
52.0
2.0
3.0
1.0
1.0
577.0
24.0
36.0
25.0
3.0
2.0
1.0
1280.0
1.0
78.0
1.0
8.0
481.0
1778.0
1.0
24.0
2.0
8.0
3.0
2.0
1.0
20.0
5.0
4.0
3.0
1225.0
3.0
1.0
1.0
3.0
2.0
575.0
14.0
24.0
1.0
1018.0
11.0
1.0
50.0
19.0
1.0
2.0
1.0
1.0
778.0
14.0
1.0
1.0
335.0
1.0
29.0
4.0
167.0
9.0
1.0
16.0
2.0
5.0
288.0
92.0
3.0
3.0
1.0
10.0
11.0
3.0
78.0
2.0
3.0
276.0
1.0
1706.0
3.0
19.0
932.0
313.0
164.0
1.0
7.0
1.0
1.0
1.0
3.0
11.0
36.0
833.0
24.0
466.0
1.0
3.0
1.0
1.0
11.0
13.0
2.0
3.0
23.0
2.0
2.0
5.0
1.0
1.0
1.0
2.0
108.0
3.0
5.0
4.0
2.0
19.0
2.0
13.0
23.0
2.0
1.0
8.0
3.0
5.0
132.0
1.0
8.0
5.0
1.0
4.0
5.0
992.0
3.0
24.0
3.0
1.0
2.0
23.0
1.0
1365.0
7.0
12.0
2.0
25.0
3.0
14385.0
1487.0
1.0
3.0
11.0
40.0
85.0
38.0
2.0
3.0
1.0
4.0
756.0
6.0
9.0
1.0
2.0
1.0
1.0
13.0
1.0
61.0
1.0
962.0
9.0
8.0
23.0
13.0
3.0
1.0
1.0
2.0
5.0
4.0
516.0
24.0
3.0
611.0
313.0
339.0
2017.0
74.0
23.0
142.0
39.0
46.0
2.0
34.0
4.0
3.0
1.0
660.0
30.0
7.0
366.0
1.0
1.0
3.0
1.0
25.0
2895.0
15.0
1.0
20.0
2.0
5.0
1.0
76.0
59.0
1.0
2.0
1.0
487.0
20.0
1.0
2.0
2.0
1.0
3.0
1.0
3.0
124.0
3.0
3.0
3.0
2.0
1.0
1.0
5.0
1.0
1.0
1.0
13.0
1.0
1.0
177.0
33.0
10.0
103.0
2002.0
1.0
1.0
3.0
3.0
4.0
1.0
4.0
4.0
2.0
1088.0
1.0
9.0
1.0
8.0
14.0
544.0
39.0
1.0
1.0
1.0
1.0
1.0
338.0
3.0
2.0
2.0
114.0
8.0
1.0
278.0
1.0
3.0
2.0
99.0
2.0
3.0
3.0
1.0
2.0
2.0
1.0
3.0
1.0
2.0
5.0
60.0
25.0
4.0
5.0
3.0
10.0
1.0
27.0
14.0
1.0
4407.0
3.0
1.0
961.0
7877.0
1.0
1.0
1.0
9.0
1.0
425.0
1.0
38.0
86.0
335.0
4.0
1.0
1.0
8.0
4.0
3.0
590.0
1485.0
8.0
664.0
4.0
183.0
9.0
8.0
2.0
4.0
3.0
1.0
9.0
84.0
1.0
1.0
3.0
2.0
1.0
3.0
277.0
472.0
1.0
3.0
1.0
1.0
1.0
3.0
242.0
1.0
3.0
2.0
1.0
11.0
4.0
278.0
5.0
3.0
1309.0
1.0
4.0
2.0
1.0
32.0
1.0
52.0
529.0
7.0
137.0
3.0
1.0
1.0
1.0
18.0
3.0
2.0
4.0
15.0
1.0
1.0
3.0
1.0
1.0
28.0
2.0
9.0
3.0
88.0
1575.0
18.0
1.0
619.0
14354.0
6.0
1.0
137.0
3.0
3.0
5.0
152.0
2.0
8.0
1.0
3.0
3.0
3.0
12.0
3.0
1.0
2.0
203.0
1.0
10.0
5.0
3.0
7075.0
3.0
282.0
15.0
1.0
5.0
3.0
1.0
1.0
3.0
1.0
2.0
20.0
3.0
778.0
1.0
361.0
1.0
48.0
707.0
61.0
232.0
1355.0
31.0
1.0
1275.0
637.0
2.0
4.0
3.0
2.0
1.0
1.0
91.0
20.0
105.0
765.0
2.0
1.0
3.0
1.0
3.0
1.0
1.0
2.0
74.0
2.0
3.0
3541.0
1.0
5.0
2.0
3.0
41.0
1.0
5.0
2.0
15.0
4.0
6.0
316.0
1.0
12.0
2.0
4.0
1.0
1.0
1.0
3.0
2.0
3.0
10.0
5.0
1.0
19.0
1.0
3.0
2.0
1.0
2.0
1062.0
1.0
1.0
1.0
3.0
313.0
1.0
11.0
1117.0
1.0
367.0
9.0
1.0
1.0
1.0
699.0
1.0
3.0
3.0
313.0
1.0
1.0
1.0
1.0
65.0
2.0
5.0
129.0
8.0
2.0
772.0
6.0
1.0
1.0
2.0
1.0
3.0
238.0
5.0
521.0
1.0
1.0
4.0
1.0
2.0
339.0
1.0
1.0
44.0
5.0
786.0
1.0
1.0
5.0
1.0
1.0
12.0
7.0
3.0
3.0
3.0
13.0
2.0
8.0
1.0
3.0
32.0
1.0
1.0
1.0
4.0
3.0
273.0
7.0
1.0
17.0
1.0
5.0
1.0
3.0
3.0
3.0
3.0
3.0
2.0
8687.0
2.0
2.0
1.0
960.0
3.0
3.0
202.0
1.0
1.0
1.0
2.0
3.0
184910.0
11.0
1.0
512.0
9.0
3.0
1.0
1.0
3.0
2.0
2084.0
2.0
7.0
1.0
102.0
3.0
3815.0
17.0
20.0
8.0
3.0
5.0
1.0
55.0
3.0
1.0
3.0
1.0
40.0
618.0
6.0
9.0
152.0
576.0
1018.0
143.0
4.0
24.0
3.0
101.0
3.0
1592.0
49.0
9.0
3.0
780.0
4.0
1.0
6.0
441.0
137.0
10.0
80.0
1.0
2.0
3.0
1786.0
3.0
4.0
15.0
101.0
584.0
55.0
23.0
2.0
11.0
54.0
609.0
1.0
2.0
4.0
1.0
58.0
2.0
42.0
1088.0
69.0
2886.0
342.0
1.0
3.0
1.0
3.0
2.0
1.0
2.0
7.0
3.0
6.0
15.0
1.0
5.0
2030.0
9.0
1.0
2.0
3.0
1.0
5.0
10.0
1143.0
1.0
1.0
3.0
2.0
1.0
24.0
214.0
6.0
788.0
532.0
3.0
1.0
26.0
79.0
244.0
19.0
3.0
3.0
2.0
1.0
1.0
23.0
147.0
66.0
1.0
5.0
6.0
3.0
224.0
3.0
410.0
3.0
1.0
18.0
1.0
10.0
3.0
13.0
9.0
1.0
18952.0
1.0
5758.0
23.0
11.0
1.0
40.0
52.0
4.0
1073.0
2551.0
4051.0
1871.0
4.0
1.0
97.0
1.0
2.0
82.0
16.0
176.0
3.0
1.0
8.0
134.0
2.0
1327.0
1.0
21.0
8.0
3.0
1635.0
17.0
29.0
67.0
1.0
112.0
1.0
1.0
11.0
1593.0
1.0
2.0
5.0
9.0
4.0
1.0
6.0
1887.0
7.0
2.0
2.0
2.0
1178.0
10.0
16.0
213.0
9.0
4334.0
8.0
3.0
3.0
21.0
7.0
4.0
1.0
1.0
3.0
3.0
10.0
4.0
3.0
4.0
157.0
27.0
755.0
1.0
1.0
3.0
8.0
3.0
25.0
3.0
1.0
15.0
3.0
1.0
3.0
1.0
16.0
3.0
2.0
1096.0
85.0
298.0
3.0
11392.0
3.0
1.0
4.0
649.0
351.0
3.0
2.0
10.0
1.0
8.0
2.0
1.0
3.0
9.0
3.0
1046.0
39.0
3.0
2.0
4.0
1.0
29.0
18.0
15.0
143.0
2.0
1.0
24.0
3.0
3.0
8.0
1.0
1.0
471.0
3.0
4.0
1.0
5.0
16.0
3.0
12.0
2.0
1.0
1.0
6.0
441.0
2.0
338.0
8.0
207.0
2.0
63.0
1.0
1.0
19.0
3.0
21.0
3.0
1.0
1.0
1.0
595.0
3.0
292.0
2.0
20.0
13.0
1.0
3.0
1.0
3.0
1.0
1.0
55.0
1.0
5.0
1.0
24.0
1.0
12.0
4.0
3.0
61.0
433.0
81.0
20.0
2.0
3.0
2.0
2.0
4427.0
3.0
588.0
1.0
1.0
48.0
218.0
307.0
1526.0
5.0
1.0
1.0
692.0
4.0
5.0
1.0
1.0
8.0
1.0
17.0
3.0
124.0
33.0
2.0
149.0
1.0
3.0
1.0
171.0
417.0
1.0
11.0
1963.0
1.0
44.0
4.0
1.0
56.0
3.0
1577.0
1.0
8.0
10.0
1.0
2.0
2224.0
2.0
1.0
8.0
40.0
36.0
122.0
1.0
2.0
53.0
1.0
1.0
790.0
1.0
4.0
1.0
9.0
23.0
1.0
313.0
2.0
1.0
4.0
2.0
1.0
24.0
9.0
1.0
1.0
20.0
2.0
3.0
2.0
4.0
19.0
1.0
1.0
8.0
3.0
1.0
146.0
3.0
6.0
101.0
8.0
592.0
1.0
3.0
1.0
2.0
1.0
1.0
4.0
596.0
3.0
596.0
1.0
1.0
9.0
1.0
1128.0
1.0
19.0
102.0
4.0
2.0
22.0
1.0
1.0
1.0
2.0
5.0
24.0
237.0
27.0
1.0
5.0
1.0
346.0
4.0
8.0
3.0
1.0
1265.0
71.0
1.0
31.0
10.0
772.0
1.0
1.0
132.0
684.0
1.0
1.0
232.0
3.0
157.0
39.0
23.0
50.0
1.0
46.0
2.0
1.0
2.0
2.0
172.0
16.0
24.0
2.0
1.0
163.0
1.0
282.0
40.0
11.0
1018.0
5.0
49.0
1.0
3.0
238.0
2.0
3.0
10.0
75.0
1.0
5.0
267.0
1.0
8.0
148.0
3.0
2.0
2.0
1.0
1371.0
1.0
3.0
1.0
2.0
2.0
1.0
42.0
3.0
1.0
2.0
66.0
11.0
1.0
370.0
3.0
1.0
10.0
1200.0
3.0
2.0
279.0
1.0
14.0
3.0
1.0
5.0
3.0
1.0
152.0
3.0
34.0
12.0
5.0
1.0
1.0
61.0
1.0
1.0
6.0
1.0
27.0
4.0
4.0
219.0
421.0
1.0
317.0
3.0
25.0
1.0
3.0
2.0
2.0
1.0
21.0
3.0
4.0
39.0
11.0
46.0
5926.0
1.0
1120.0
1.0
3.0
160.0
98.0
3.0
553.0
5.0
15.0
2.0
2.0
9.0
1.0
7.0
3.0
2.0
1.0
117.0
1.0
475.0
512.0
1.0
2.0
31.0
7.0
1.0
9.0
112.0
2362.0
7.0
2.0
61.0
13.0
5.0
101.0
165.0
4.0
1.0
4.0
6.0
10.0
1.0
1.0
1.0
3.0
4.0
31.0
1.0
1.0
253.0
3.0
3.0
3.0
72.0
3.0
1.0
7.0
1.0
343.0
18.0
17.0
15.0
2.0
1229.0
1.0
40.0
899.0
54.0
1.0
25.0
120.0
731.0
1.0
175.0
1.0
2.0
1.0
3.0
14.0
1.0
24.0
3.0
1.0
999.0
3.0
9.0
117.0
93.0
5.0
1.0
3.0
5.0
548.0
1.0
569.0
1.0
3.0
1.0
4.0
611.0
444.0
2.0
4.0
5206.0
202.0
12.0
5.0
1.0
1.0
1.0
1.0
3.0
1.0
2.0
1.0
3.0
5.0
152.0
160.0
5.0
27.0
76.0
117.0
3.0
13.0
7.0
1.0
1.0
3.0
7.0
3.0
807.0
20.0
81.0
2.0
470.0
1.0
4.0
5.0
354.0
1.0
2.0
6.0
3.0
3.0
1.0
39.0
1.0
96.0
9.0
67.0
37.0
6.0
35.0
2.0
1.0
3.0
1.0
150.0
1.0
21.0
10.0
3207.0
479.0
1.0
42.0
1.0
1.0
961.0
1.0
7.0
1.0
10.0
16.0
329.0
10.0
2.0
1536.0
15.0
1.0
855.0
4.0
1.0
3.0
2.0
1.0
2.0
86.0
1.0
4.0
29.0
3.0
1.0
66.0
3.0
4.0
3.0
3.0
2.0
68.0
10.0
1.0
1.0
1.0
135.0
1.0
10.0
3.0
81.0
1.0
1183.0
2.0
1.0
102.0
345.0
3.0
31.0
1.0
16.0
3.0
5.0
7165.0
1.0
3.0
2.0
3.0
1.0
311.0
64.0
2.0
4.0
2.0
7.0
3.0
1.0
1.0
977.0
2.0
1.0
9.0
2.0
1120.0
1.0
3.0
1.0
183.0
1.0
674.0
3.0
20.0
63.0
1.0
32.0
2.0
6.0
2.0
19.0
463.0
5.0
324.0
1.0
519.0
2.0
2.0
1.0
334.0
1.0
1.0
25.0
2.0
262.0
1.0
1.0
3.0
29.0
3.0
2.0
70.0
3.0
1.0
870.0
1.0
8.0
389.0
3.0
1.0
8.0
3.0
1.0
1.0
1.0
2.0
683.0
1.0
49.0
1.0
18.0
24.0
3.0
212.0
44.0
1.0
1.0
4897.0
1.0
3.0
456.0
7.0
3.0
39.0
1.0
61.0
1.0
1.0
1.0
67.0
4.0
2.0
1.0
20.0
9.0
666.0
4.0
4.0
1.0
252.0
1461.0
2062.0
1.0
332.0
51.0
175.0
48.0
3.0
3.0
1.0
1.0
192.0
4.0
7.0
36.0
2.0
4.0
19.0
1.0
15.0
1.0
1.0
2.0
7.0
4748.0
5.0
2.0
31.0
139.0
1.0
3.0
1.0
3.0
1.0
7.0
48.0
24.0
44.0
1.0
283.0
301.0
282.0
3.0
7871.0
88.0
158.0
9.0
1.0
62.0
6.0
9.0
55.0
16.0
3.0
267.0
4392.0
3.0
1.0
65.0
4.0
9.0
3.0
3.0
19.0
305.0
1.0
13.0
1.0
1650.0
3934.0
107.0
3.0
24.0
4.0
1.0
2.0
1.0
1.0
4.0
1.0
1369.0
69.0
1018.0
56.0
119.0
1.0
3.0
7.0
1.0
1.0
4.0
1.0
1.0
1.0
224.0
2.0
10.0
1.0
1.0
3.0
2.0
143.0
2.0
1.0
2.0
3.0
3.0
3.0
3.0
101.0
1.0
1.0
4.0
2.0
943.0
1.0
5.0
36.0
336.0
1.0
4.0
114.0
119.0
3.0
7.0
3.0
8.0
36.0
9.0
66.0
33.0
3.0
874.0
6.0
507.0
22.0
17.0
101.0
965.0
4.0
3.0
3.0
2.0
3.0
874.0
1.0
1.0
17.0
961.0
378.0
1.0
2.0
193.0
972.0
20.0
3.0
3.0
1.0
3.0
1.0
1.0
107.0
1.0
451.0
12.0
110.0
3.0
3.0
1.0
2.0
1.0
16.0
2.0
3.0
23.0
36.0
2.0
1.0
117.0
1.0
12.0
9.0
2892.0
171.0
2.0
1.0
8.0
39.0
1.0
3.0
1.0
6.0
152.0
2.0
3.0
1.0
7.0
66.0
1.0
13.0
1.0
48.0
1.0
226.0
3.0
3.0
4.0
16.0
3.0
564.0
1.0
3.0
5.0
1.0
3.0
1.0
1.0
3.0
1.0
70.0
9.0
1.0
10.0
1.0
1.0
12.0
107.0
1.0
2.0
8.0
351.0
3.0
1.0
21.0
3.0
122.0
65.0
5.0
2.0
3.0
86.0
1.0
18.0
360.0
4.0
737.0
535.0
2.0
3.0
26.0
2.0
3.0
232.0
12.0
7.0
338.0
1.0
2.0
1493.0
1.0
16528.0
34.0
1.0
1.0
17.0
7886.0
1.0
1481.0
19.0
1.0
2.0
3.0
5.0
1.0
1.0
6.0
3.0
1.0
3.0
1.0
3.0
8777.0
1.0
1.0
1.0
1.0
3.0
2.0
1.0
34.0
5.0
2.0
1.0
4.0
3.0
24.0
2.0
3.0
1.0
1.0
4.0
3.0
21.0
10.0
8.0
519.0
39.0
3.0
34.0
86.0
1.0
2.0
361.0
43.0
1.0
3.0
49.0
3.0
1.0
1.0
3.0
3.0
18.0
16.0
295.0
2.0
1.0
3.0
5379.0
2.0
41.0
74.0
2.0
1.0
1.0
1246.0
1.0
1.0
1.0
720.0
3.0
39.0
1.0
1.0
1.0
1.0
232.0
1.0
12.0
2.0
2.0
268.0
1189.0
50.0
394.0
1949.0
1.0
21.0
4351.0
1.0
2.0
1.0
232.0
6.0
5.0
3.0
548.0
1.0
1.0
1.0
24.0
6.0
67.0
1.0
1.0
4.0
1.0
3.0
10.0
3.0
1.0
10.0
1.0
2.0
4.0
2.0
1.0
1602.0
3.0
1.0
1.0
11.0
3326.0
75.0
3.0
1.0
290.0
1.0
1.0
371.0
3.0
826.0
1.0
2475.0
69.0
8.0
607.0
3.0
4.0
350.0
17.0
1280.0
57.0
65.0
3.0
1.0
3.0
1.0
3.0
205.0
219.0
4.0
41.0
93.0
4.0
59.0
2.0
30.0
158.0
1.0
1228.0
50.0
17.0
4.0
1.0
3.0
1.0
10.0
1.0
95.0
3.0
3.0
3.0
8.0
6.0
1.0
8.0
3.0
48410.0
1.0
133.0
8.0
3.0
1479.0
10.0
3.0
50.0
237.0
1.0
8.0
100.0
1.0
130.0
1.0
1.0
13.0
3.0
251.0
12.0
1.0
1.0
207.0
23.0
3.0
1.0
3.0
1.0
2.0
4.0
20.0
510.0
27.0
52.0
2.0
2.0
87.0
1.0
13.0
21.0
115.0
16.0
689.0
678.0
98.0
1.0
1.0
2.0
2.0
4.0
1.0
11.0
66.0
24.0
1.0
1.0
9.0
86.0
14.0
10.0
3.0
1.0
3.0
10.0
1.0
7.0
2.0
1.0
700.0
1.0
814.0
51.0
1.0
2.0
55.0
3.0
6655.0
17.0
1.0
78.0
2.0
80.0
1.0
2.0
40.0
2.0
1.0
128.0
189.0
1.0
335.0
1.0
1.0
3.0
3.0
20.0
1.0
3.0
14.0
1.0
64.0
1.0
1.0
19.0
30.0
28.0
4.0
2.0
1.0
1.0
16.0
638.0
26.0
1.0
6.0
1.0
2.0
2.0
5.0
1.0
7.0
102.0
3.0
2.0
4.0
32.0
1.0
277.0
246.0
4.0
55.0
1.0
1.0
2.0
45.0
2.0
100.0
2.0
4.0
3.0
1.0
16.0
1.0
1.0
168.0
2.0
692.0
15.0
296.0
1.0
3.0
1.0
9.0
1.0
31.0
1.0
1.0
2.0
3.0
77.0
3.0
4.0
1.0
2.0
3.0
5.0
3.0
1.0
3.0
51.0
9.0
1.0
4.0
6.0
1.0
1.0
19.0
4.0
2.0
3.0
18.0
1.0
1.0
10.0
3.0
3.0
1.0
1.0
351.0
22.0
3.0
617.0
1.0
4.0
5.0
60.0
3.0
2.0
1.0
1.0
10.0
1.0
897.0
351.0
3.0
4.0
1.0
1.0
10.0
2.0
1.0
1.0
23.0
281.0
2.0
1780.0
36.0
6.0
4.0
3.0
5.0
3.0
3.0
1.0
293.0
29.0
1.0
3.0
1.0
3.0
454.0
3.0
1.0
2.0
1.0
3.0
1.0
21.0
56.0
36.0
1.0
3.0
941.0
8.0
31.0
13.0
3.0
67.0
1.0
54.0
1.0
97.0
24.0
4.0
3.0
14.0
3.0
2.0
1.0
2.0
2.0
1.0
799.0
3.0
1.0
1.0
958.0
19.0
305.0
6.0
4.0
3.0
3.0
20.0
28.0
14385.0
1670.0
7839.0
346.0
30.0
1.0
2.0
1.0
3.0
2.0
1.0
2.0
66.0
2.0
1.0
21.0
1.0
23.0
1.0
7.0
9.0
26.0
18.0
3.0
338.0
35.0
1.0
1.0
338.0
5.0
3.0
7.0
3.0
3.0
1.0
3.0
3.0
5.0
6.0
2.0
107.0
382.0
3.0
9.0
2.0
76.0
3.0
2.0
74.0
1.0
9.0
47.0
4.0
292.0
8.0
1.0
1.0
777.0
2.0
3.0
1.0
1.0
1.0
3.0
23.0
7.0
1.0
9739.0
11.0
46.0
1.0
1.0
9.0
3.0
3.0
21.0
4.0
24.0
3.0
1.0
35.0
3.0
20.0
73.0
74.0
76.0
7932.0
3.0
12.0
1.0
30.0
1.0
9.0
53.0
1.0
3.0
1.0
7.0
1.0
3.0
1.0
3.0
17.0
2.0
246.0
2.0
1.0
3.0
4.0
3.0
4.0
1762.0
24.0
3.0
3.0
172.0
3.0
9.0
63.0
3.0
15.0
3.0
27.0
1032.0
1038.0
1.0
1532.0
1.0
4.0
16.0
1.0
64977.0
22.0
1.0
1789.0
1.0
1.0
260.0
15.0
253.0
8.0
3.0
16.0
101.0
1.0
1.0
152.0
1.0
7.0
2.0
576.0
48.0
34.0
2.0
1.0
1.0
3.0
1.0
1.0
168.0
2.0
723.0
11.0
1.0
1460.0
1.0
1.0
1.0
1.0
3.0
12.0
16.0
1.0
36.0
19.0
39.0
4.0
264.0
5.0
4.0
26985.0
4.0
241.0
27.0
1.0
18.0
72.0
6.0
2.0
95.0
1.0
6.0
4.0
1427.0
3.0
1.0
3.0
3.0
3.0
6.0
1.0
1059.0
2.0
1.0
19.0
4.0
3.0
1.0
2.0
6.0
1.0
114.0
1.0
125.0
11.0
1574.0
4.0
109.0
2.0
4.0
1.0
5.0
27635.0
282.0
102.0
18.0
503.0
65.0
1.0
353.0
1.0
2144.0
30.0
2.0
8.0
1765.0
124.0
17.0
8.0
267.0
203.0
64.0
2.0
696.0
2.0
4.0
3.0
66.0
5.0
3.0
3.0
2.0
1.0
2.0
7.0
2.0
28.0
3.0
1.0
2.0
1.0
1.0
24.0
2.0
2.0
9.0
3.0
1.0
3.0
5.0
1.0
3.0
3.0
946.0
1806.0
3.0
7.0
3.0
1.0
5.0
232.0
4.0
1.0
1514.0
3.0
1.0
1.0
1.0
3.0
1.0
3.0
1.0
5.0
1.0
29.0
56.0
62.0
1.0
11.0
10.0
1.0
65.0
1490.0
3.0
1.0
1.0
8.0
4.0
1220.0
1.0
1.0
16.0
8.0
4.0
3.0
1119.0
1.0
3.0
1.0
2.0
288.0
1.0
3.0
19.0
1.0
1.0
18.0
1.0
94.0
19.0
1.0
1.0
351.0
21.0
1001.0
4680.0
332.0
5.0
3.0
1.0
11.0
4.0
40.0
4.0
3.0
9.0
1.0
1.0
29.0
32.0
3.0
2.0
516.0
3.0
2.0
3.0
1.0
25.0
4.0
1.0
12.0
1.0
647.0
126.0
1.0
1.0
1.0
74.0
674.0
6.0
3.0
3.0
40.0
2.0
8.0
1.0
4.0
1.0
205.0
1.0
25.0
305.0
1.0
21.0
1.0
1.0
2.0
524.0
1.0
417.0
4.0
2.0
361.0
1.0
1707.0
1.0
3.0
2.0
2.0
3.0
3.0
620.0
12.0
6.0
4.0
1.0
6.0
1.0
47.0
65.0
3.0
4.0
135.0
1.0
161.0
1.0
458.0
3.0
29.0
4.0
8.0
2614.0
14.0
1.0
3.0
3.0
1.0
8.0
7.0
10728.0
4.0
6.0
2.0
1772.0
1.0
2.0
304.0
9.0
103.0
23.0
664.0
949.0
576.0
1.0
3.0
3.0
1.0
60.0
43.0
4.0
1.0
2.0
6.0
8.0
3.0
3.0
164.0
1.0
8.0
314.0
50.0
19.0
3.0
16.0
4.0
1.0
1.0
1.0
3.0
3.0
484.0
3.0
1185.0
1.0
4.0
2.0
212.0
29.0
1.0
3.0
13.0
1.0
1.0
15.0
4.0
1.0
2.0
1.0
840.0
5.0
2.0
1.0
2085.0
2.0
2.0
16.0
6.0
97.0
5.0
33.0
25.0
6.0
1.0
1.0
1.0
1.0
299.0
4.0
13.0
1.0
2.0
1.0
15.0
4.0
1.0
134.0
1.0
1.0
3.0
102.0
1.0
6.0
110.0
17.0
1.0
1.0
1.0
2.0
4.0
5.0
16.0
35.0
3.0
28.0
2.0
1.0
102.0
233.0
1.0
3.0
5.0
4.0
6.0
1.0
11.0
48.0
14.0
249.0
1.0
3646.0
1.0
349.0
2.0
1.0
3.0
12.0
1.0
2.0
5.0
1.0
2.0
36.0
2.0
19.0
2.0
195.0
8.0
1.0
8.0
1.0
1.0
1.0
2.0
3.0
3.0
1.0
1.0
3.0
1.0
9.0
19.0
7.0
1.0
1.0
9.0
19.0
123.0
8.0
17.0
7.0
3.0
3.0
1.0
15.0
116.0
3.0
1.0
3.0
3.0
3.0
19.0
1.0
7.0
3.0
3.0
3.0
5.0
1.0
3.0
1.0
269.0
1034.0
3.0
1.0
1.0
1.0
13.0
3.0
4.0
1.0
1406.0
1.0
1.0
7.0
4.0
37.0
697.0
1.0
1314.0
1.0
3.0
685.0
8.0
1325.0
1.0
1.0
5.0
1.0
16.0
1.0
213.0
4.0
1.0
3.0
1.0
1.0
4.0
1.0
2.0
66.0
1.0
1.0
444.0
2.0
18.0
193.0
98.0
1015.0
2602.0
397.0
6.0
1.0
3.0
3.0
1.0
210.0
2.0
2555.0
19.0
8.0
67.0
9.0
14.0
1.0
4.0
2.0
2.0
19.0
5.0
6.0
8.0
9.0
1.0
3.0
1.0
1.0
5.0
2.0
1.0
897.0
74.0
2857.0
3.0
4.0
3.0
118.0
1.0
4.0
12.0
26.0
8.0
1.0
1.0
1.0
4.0
9.0
102.0
1.0
1.0
5.0
13.0
2.0
1.0
1.0
1.0
2.0
1.0
11.0
847.0
281.0
19.0
6.0
13.0
1.0
967.0
24.0
34.0
9.0
4.0
1.0
2.0
2.0
844.0
2.0
1.0
1.0
24.0
2.0
136.0
209.0
2.0
3.0
3.0
220.0
2.0
438.0
3.0
18.0
2.0
1.0
3.0
2.0
2521.0
83.0
104.0
288.0
5.0
3.0
61.0
12.0
2.0
2.0
2.0
3.0
18.0
51.0
118.0
3.0
1.0
17.0
8.0
1.0
177.0
1.0
1745.0
2.0
772.0
123.0
10.0
1.0
1.0
18.0
2.0
3.0
17.0
9.0
122.0
1.0
3.0
6.0
1157.0
20.0
1.0
288.0
2.0
2.0
31.0
1.0
7.0
3.0
1.0
57.0
1.0
10.0
160.0
68.0
2.0
1.0
3.0
1.0
1047.0
1.0
3.0
487.0
17.0
19.0
4.0
23.0
2.0
3.0
1.0
658.0
1.0
6.0
31.0
20.0
8.0
4.0
20.0
5.0
4.0
1.0
4.0
3.0
1.0
8.0
4.0
3.0
2.0
11038.0
88.0
3.0
17.0
5461.0
839.0
1.0
7.0
2.0
1.0
12.0
3.0
3.0
3.0
1.0
8.0
1.0
13.0
891.0
75.0
1.0
1.0
3.0
159.0
2.0
2.0
3.0
19.0
85.0
1.0
46.0
2.0
23.0
4.0
1.0
1.0
1.0
630.0
1.0
3330.0
2.0
1.0
103.0
1.0
6.0
2.0
2067.0
131.0
288.0
1.0
316.0
232.0
2.0
3.0
13983.0
194.0
3.0
3.0
4.0
55.0
9.0
2.0
10.0
29.0
86.0
147.0
69.0
957.0
19.0
104.0
20.0
4.0
34.0
1.0
1.0
18.0
3.0
79.0
3.0
2.0
71.0
3.0
61.0
3.0
9.0
1.0
2.0
2.0
4.0
7.0
2.0
31.0
3200.0
3.0
1.0
1.0
32.0
3.0
14.0
1284.0
26.0
4.0
6.0
24.0
376.0
131.0
2.0
2.0
8.0
20.0
15.0
62.0
2.0
295.0
1.0
10.0
99.0
260.0
1.0
1.0
4.0
88.0
585.0
50.0
375.0
2.0
1.0
68.0
8.0
8.0
3.0
1.0
1.0
3.0
1.0
29.0
1.0
157.0
255.0
4.0
75.0
696.0
251.0
351.0
12.0
1.0
1.0
1.0
18.0
369.0
3.0
39.0
16.0
1.0
529.0
34.0
2.0
1.0
2.0
192.0
3.0
710.0
1.0
55.0
1.0
12.0
8.0
42.0
67.0
65.0
3.0
2.0
13.0
2.0
1.0
5.0
4.0
1.0
55.0
3.0
3.0
23.0
1705.0
3.0
1.0
224.0
1.0
95724.0
1.0
10.0
205.0
1.0
1.0
2.0
134.0
1.0
52.0
9.0
1.0
2.0
1.0
114.0
1.0
1.0
1.0
10.0
13.0
4.0
5.0
65.0
1.0
1.0
3.0
31.0
20.0
3.0
13.0
1.0
4.0
25.0
270.0
57.0
1.0
3.0
1.0
2.0
2.0
4.0
9.0
3118.0
1.0
7.0
7.0
2.0
3.0
2.0
3.0
19.0
1.0
470.0
2358.0
9.0
39.0
6.0
49.0
3.0
1.0
3.0
1.0
17.0
2.0
3.0
3.0
4.0
4.0
6.0
368.0
45.0
46.0
3.0
1.0
2.0
2.0
1.0
2.0
71.0
34.0
3.0
369.0
3.0
4.0
11.0
9.0
3.0
4.0
4.0
1.0
1.0
1.0
1.0
3.0
14.0
6.0
1.0
145.0
607.0
3.0
34.0
562.0
1.0
32.0
2.0
163.0
1.0
11.0
25.0
1.0
3.0
646.0
2.0
1.0
1.0
13.0
2.0
24.0
1097.0
2.0
1.0
2.0
668.0
6.0
2.0
40.0
1.0
3.0
2.0
12.0
1.0
1.0
3.0
3.0
6.0
1.0
3.0
1.0
2.0
6.0
1.0
540.0
33.0
5.0
780.0
819.0
1.0
19.0
16.0
12.0
1.0
2.0
1.0
3.0
25.0
113.0
1.0
6.0
3.0
19.0
39.0
253.0
1.0
202.0
2.0
3.0
6.0
523.0
698.0
1.0
4.0
3.0
1.0
2.0
2.0
151.0
592.0
1.0
2.0
1.0
3.0
3.0
2.0
89.0
1.0
1.0
1.0
9.0
1.0
696.0
924.0
2.0
1.0
101.0
2.0
44.0
2.0
1.0
1.0
3.0
5.0
3.0
35.0
2.0
4.0
2.0
9.0
1.0
3.0
8.0
3.0
7.0
5.0
1.0
3.0
180.0
18.0
5.0
1.0
3.0
3.0
1.0
3.0
15.0
1.0
480.0
65.0
9.0
1.0
2.0
1.0
3.0
1.0
38.0
1.0
1.0
2.0
2.0
3.0
16.0
8.0
1.0
6.0
116.0
1.0
55.0
3.0
57.0
1180.0
265.0
1.0
1074.0
272.0
466.0
5.0
15.0
2.0
1.0
1.0
9.0
2.0
1.0
288.0
1.0
672.0
6.0
3.0
3.0
488.0
1.0
3.0
3.0
2.0
1.0
1.0
2.0
5.0
4.0
3.0
3.0
19.0
1.0
4.0
7.0
1.0
1.0
1.0
4.0
105.0
2.0
215.0
3.0
4.0
3.0
3.0
58.0
5.0
20.0
2.0
2.0
1.0
1.0
15.0
90.0
69.0
1.0
1.0
3.0
75.0
2.0
444.0
47.0
1.0
3.0
292.0
19.0
38.0
574.0
8970.0
15.0
2.0
60.0
1.0
342.0
3.0
15.0
2.0
3.0
436.0
3.0
2.0
1.0
264.0
3.0
426.0
2.0
923.0
1.0
3.0
1.0
3.0
3.0
7.0
15.0
4.0
3.0
4.0
2.0
47.0
3.0
31.0
5.0
1.0
1.0
1.0
1.0
1.0
23.0
1.0
3.0
1.0
1.0
4.0
2.0
2.0
4.0
1.0
32.0
20.0
9.0
1.0
200.0
21.0
1.0
11.0
12.0
5.0
102.0
3.0
3.0
1.0
763.0
13.0
3.0
2.0
5.0
2.0
5.0
18.0
3.0
4.0
679.0
116.0
1.0
2.0
1.0
6.0
4.0
1.0
161.0
51.0
24.0
4.0
1.0
1.0
1.0
4.0
16.0
110.0
10.0
622.0
1.0
248.0
26.0
1000.0
1.0
1.0
5.0
19.0
3.0
2.0
5.0
1.0
19.0
2.0
4.0
1.0
3.0
1.0
7.0
1.0
1.0
3.0
950.0
1.0
1.0
1.0
1.0
4.0
1.0
1.0
1.0
5.0
3.0
9.0
123.0
37.0
549.0
3.0
31.0
12.0
1.0
1.0
3.0
149.0
9.0
993.0
2.0
99.0
3.0
1.0
1.0
7.0
20.0
32.0
2.0
1.0
1.0
1.0
1.0
47.0
1018.0
3.0
11.0
1.0
6422.0
1.0
1.0
3.0
18.0
290.0
129.0
3.0
3.0
17.0
31.0
3.0
3.0
25.0
1.0
1.0
10.0
2.0
1.0
1.0
750.0
4.0
9.0
1.0
1.0
7.0
2264.0
635.0
36.0
1.0
1.0
7.0
7.0
783.0
1.0
11.0
15.0
4.0
6.0
9.0
1.0
12.0
4.0
1.0
2.0
126.0
7.0
398.0
3.0
107.0
4559.0
1.0
245.0
2.0
5.0
119.0
1.0
137.0
2.0
37.0
8.0
3.0
2.0
4194.0
2.0
762.0
31.0
635.0
45.0
1.0
40.0
2.0
4.0
24.0
16.0
4.0
46.0
6.0
2.0
16.0
7.0
2.0
3.0
4.0
14.0
1.0
3.0
17.0
8.0
15.0
3.0
3.0
3.0
5.0
3.0
1.0
16.0
1.0
376.0
50.0
1.0
1.0
2.0
1.0
1.0
3.0
9.0
1.0
1.0
3.0
3.0
75.0
177.0
7.0
110.0
9.0
20.0
9.0
2.0
1.0
1.0
832.0
25.0
14385.0
16.0
1.0
4.0
8.0
3.0
77.0
512.0
50.0
1.0
3.0
4.0
247.0
401.0
9.0
282.0
1.0
1.0
2.0
1.0
16.0
377.0
2.0
2.0
9054.0
3.0
44.0
3.0
3.0
3.0
2.0
1.0
387.0
3.0
38.0
45.0
243.0
6.0
2.0
4.0
2.0
68.0
1.0
14.0
1.0
1.0
14.0
2.0
129.0
820.0
3.0
6.0
394.0
16.0
10.0
1.0
40.0
722.0
3.0
1.0
7.0
3.0
3.0
11.0
3.0
143.0
3.0
25.0
66.0
610.0
868.0
1.0
1.0
3.0
1.0
4.0
1.0
1.0
1.0
726.0
199.0
2.0
2.0
1.0
74.0
6.0
47.0
5.0
22.0
17.0
4.0
99.0
2.0
1.0
1.0
39.0
5.0
3.0
4.0
10.0
25.0
17.0
1.0
1.0
1.0
768.0
564.0
1.0
16.0
2.0
34.0
3.0
31.0
18.0
4.0
1.0
107.0
4.0
10.0
3.0
69.0
3.0
76.0
10.0
1.0
3.0
2.0
3.0
301.0
7.0
336.0
1289.0
2.0
2.0
3647.0
1209.0
102.0
3.0
885.0
407.0
811.0
3.0
43.0
3.0
3.0
2.0
15.0
1.0
10.0
3.0
2.0
14.0
2.0
3.0
690.0
11.0
1.0
4452.0
8.0
1.0
1.0
3.0
7.0
3.0
1.0
1.0
1.0
8.0
4.0
2.0
1.0
2.0
16.0
64.0
1.0
1.0
695.0
1.0
4.0
3.0
5.0
2600.0
14465.0
1.0
3.0
3.0
371.0
35.0
508.0
3.0
419.0
3.0
1.0
6.0
75.0
1.0
305.0
6.0
37.0
2.0
596.0
1.0
3.0
6.0
27.0
1.0
3.0
2.0
1.0
1.0
79.0
23.0
5.0
60.0
3.0
3.0
4352.0
1.0
1.0
23.0
10.0
486.0
1.0
685.0
24.0
2.0
16.0
11.0
70.0
1354.0
9.0
3.0
116.0
17.0
1.0
2.0
2.0
1186.0
2.0
173.0
2877.0
55.0
3.0
1.0
21.0
15.0
2.0
10.0
3.0
2810.0
4.0
1.0
2106.0
1046.0
3.0
1.0
4254.0
13.0
1.0
73.0
1.0
3.0
18.0
2.0
3.0
3.0
4.0
45.0
11.0
3.0
2.0
69.0
1.0
2.0
28.0
5.0
3.0
4.0
4.0
1.0
1024.0
114.0
338.0
8.0
6.0
2.0
26.0
11.0
4.0
3.0
39.0
3.0
1.0
7.0
3.0
3.0
1925.0
8.0
40.0
4.0
1.0
1.0
8.0
3.0
1.0
4.0
2088.0
3.0
63.0
2.0
1.0
1.0
1.0
1.0
131.0
1.0
91.0
1.0
8.0
35.0
27.0
22115.0
5.0
3.0
1.0
347.0
26.0
27.0
27.0
3.0
1486.0
681.0
4.0
3.0
1.0
453.0
1.0
2.0
24.0
1.0
1.0
3.0
4.0
3.0
4.0
3.0
1.0
1.0
1.0
2.0
5.0
2.0
1.0
240.0
1.0
30.0
8694.0
131.0
1.0
77.0
3933.0
2.0
96.0
1.0
1.0
1.0
76.0
1.0
268.0
199.0
1.0
2.0
10.0
19.0
1.0
2.0
1.0
4.0
2.0
1.0
2.0
1.0
58.0
5.0
1.0
4.0
27.0
6.0
51.0
2.0
292.0
1116.0
182.0
26.0
9.0
16.0
3.0
95.0
6.0
8.0
2.0
1.0
552.0
353.0
1230.0
6.0
4.0
3.0
1.0
1.0
114.0
8.0
3.0
1.0
2.0
1.0
16.0
1.0
1.0
2422.0
2814.0
2.0
125.0
1.0
3.0
2.0
1.0
1005.0
1.0
3.0
4.0
8.0
200.0
1.0
7.0
4.0
1.0
3.0
1.0
2.0
4.0
338.0
3603.0
2.0
554.0
1102.0
1.0
426.0
9.0
36.0
2.0
271.0
40.0
3.0
134.0
4.0
2.0
1.0
1.0
1.0
1.0
5.0
8.0
611.0
100.0
127.0
1.0
8.0
4.0
524.0
276.0
132.0
46.0
29.0
8.0
1759.0
3.0
4.0
1.0
2.0
1.0
3.0
2.0
9.0
150.0
12.0
4.0
293.0
111.0
5.0
1.0
8.0
282.0
2.0
3.0
1.0
907.0
1.0
10316.0
1.0
213.0
3.0
3.0
4.0
4.0
3.0
8.0
1.0
1.0
287.0
11.0
7964.0
7.0
201.0
863.0
1.0
3.0
2.0
12.0
21.0
1767.0
5.0
15.0
3.0
236.0
1.0
4.0
17.0
1227.0
3.0
1.0
2.0
2.0
141.0
3502.0
1.0
1.0
2.0
762.0
40.0
2.0
133.0
3.0
1.0
75.0
2.0
7.0
2064.0
1.0
3.0
138.0
22.0
1964.0
1.0
1.0
1.0
3.0
45.0
3.0
6.0
1.0
23.0
1.0
70.0
880.0
2.0
3.0
2.0
1.0
1.0
280.0
3.0
1.0
8.0
6.0
2.0
1.0
3.0
3.0
25.0
21.0
3.0
445.0
3.0
8.0
15.0
7.0
52.0
23.0
133.0
113.0
6.0
7.0
1.0
13017.0
591.0
216.0
69.0
4.0
2.0
1.0
1.0
1.0
1.0
373.0
3.0
3.0
2.0
1.0
7.0
57.0
1.0
1.0
1.0
2.0
11.0
2248.0
198.0
3.0
4.0
1.0
10.0
1.0
24.0
638.0
187.0
1.0
19.0
11.0
9.0
9.0
1.0
3.0
72.0
1.0
9.0
3.0
3.0
44.0
3.0
2.0
4.0
1.0
1.0
62.0
23.0
1.0
1142.0
1.0
4.0
3.0
840.0
6.0
26.0
1.0
3.0
116.0
7841.0
3.0
4.0
1018.0
13.0
2.0
16.0
6.0
3.0
3.0
1.0
1.0
1296.0
82.0
3.0
1.0
828.0
4.0
3.0
5.0
1.0
1.0
65.0
2.0
1.0
5.0
2.0
38.0
9.0
3.0
3.0
100.0
5.0
1.0
2.0
1015.0
11284.0
10.0
3.0
2.0
1.0
1.0
14.0
86.0
3.0
1225.0
127.0
65.0
16.0
2.0
54.0
109.0
191.0
3.0
1.0
3.0
2.0
1.0
1628.0
694.0
3.0
6.0
1.0
862.0
74.0
1.0
46.0
1429.0
2.0
17.0
3.0
980.0
3.0
29.0
1.0
1.0
9.0
3.0
33.0
1.0
3.0
3.0
1.0
1427.0
99.0
7.0
1671.0
10.0
2.0
52.0
141.0
3.0
2.0
30.0
7.0
3.0
1.0
8.0
2.0
18.0
5.0
296.0
1.0
1.0
20.0
3.0
1.0
15.0
288.0
1.0
3.0
1.0
18.0
1.0
2.0
3.0
4.0
292.0
3.0
2.0
4.0
2.0
24.0
75.0
61.0
1.0
1.0
8.0
87.0
7.0
9.0
103.0
2.0
4.0
3.0
4.0
95.0
1.0
1.0
6.0
2.0
2.0
16.0
142.0
3.0
3.0
1117.0
9.0
839.0
1.0
3.0
1.0
44.0
14.0
1.0
1.0
1.0
3.0
1.0
2.0
4.0
2.0
75.0
65.0
1.0
9.0
16.0
1047.0
293.0
5.0
29.0
3.0
2.0
19.0
70.0
13.0
544.0
24.0
65.0
638.0
2.0
87.0
2.0
313.0
1.0
226.0
278.0
357.0
674.0
4.0
12.0
3.0
562.0
1.0
1.0
1.0
3.0
1.0
76.0
44.0
31.0
3.0
4.0
3.0
1.0
2.0
1.0
42.0
2.0
3.0
1.0
8.0
8.0
18.0
3.0
1.0
354.0
2.0
21.0
1.0
119.0
50.0
2.0
2161.0
7.0
7.0
1.0
4.0
1.0
1.0
1.0
6.0
3.0
1.0
3.0
1.0
2.0
9.0
2.0
1.0
3.0
23.0
32.0
3.0
370.0
13.0
23.0
1.0
24.0
11.0
3.0
2.0
9.0
3.0
3.0
2.0
8.0
14.0
3.0
4.0
1.0
3.0
2.0
1.0
1.0
3.0
94.0
43.0
3.0
1.0
58.0
6572.0
3.0
1.0
6.0
73.0
2.0
1.0
15.0
70.0
33.0
2.0
193.0
20.0
1.0
72.0
1130.0
5034.0
30.0
40.0
427.0
1.0
16.0
1.0
4.0
74.0
1.0
1.0
25.0
161.0
1.0
1.0
1.0
1.0
4.0
3.0
13.0
3.0
6.0
3.0
482.0
2.0
4.0
186.0
313.0
360.0
18.0
2.0
1.0
6479.0
3.0
7.0
5.0
2.0
9.0
1.0
1.0
3.0
87.0
65.0
2.0
1.0
17.0
83.0
3.0
28.0
8.0
3.0
1.0
4.0
19.0
99.0
1.0
70.0
4.0
3.0
1.0
9.0
51.0
1.0
1.0
8.0
5.0
54.0
8.0
4.0
3.0
3.0
1.0
29.0
526.0
1.0
31.0
1132.0
1.0
2.0
1.0
2.0
3.0
7.0
3.0
3.0
4.0
351.0
1.0
3.0
3.0
596.0
4.0
1.0
1.0
9.0
1.0
8.0
2.0
40.0
3.0
89.0
556.0
4.0
1.0
5.0
1.0
3.0
2.0
3.0
62.0
1.0
3.0
3.0
947.0
7.0
17.0
1.0
93.0
6792.0
1.0
32.0
3.0
10.0
2.0
3.0
31.0
211.0
3.0
10.0
4.0
2.0
3.0
24896.0
69.0
44.0
2.0
10.0
6.0
1.0
3.0
1.0
5.0
1.0
1.0
3.0
1774.0
377.0
16.0
10.0
1.0
3.0
1.0
1.0
2.0
2.0
22.0
1.0
7.0
2.0
6.0
2.0
3.0
6.0
3.0
9.0
4.0
2.0
2.0
2.0
1.0
368.0
32.0
2.0
53.0
4.0
3.0
1.0
638.0
4.0
369.0
338.0
5.0
11.0
3.0
6.0
2610.0
137.0
4.0
1.0
1.0
15.0
65.0
2.0
2.0
6.0
9.0
1.0
1.0
3.0
3.0
68.0
6.0
3.0
2.0
18.0
30.0
42.0
4.0
3.0
2.0
3.0
31.0
2.0
3.0
5.0
1.0
9.0
3.0
186.0
401.0
5.0
338.0
1.0
2.0
1.0
4.0
99.0
1.0
3.0
5.0
4.0
116.0
1.0
1.0
7.0
89.0
20.0
76.0
288.0
1.0
32.0
3.0
3.0
1.0
735.0
1.0
1.0
9.0
1.0
1.0
2.0
3.0
8.0
24.0
20.0
1.0
1908.0
161.0
1.0
12.0
9.0
1.0
569.0
9.0
1.0
8.0
1.0
1.0
91.0
8.0
3.0
4.0
1.0
2.0
3.0
1932.0
3.0
6.0
17.0
2.0
24655.0
3.0
1.0
1.0
3.0
4.0
1.0
1.0
23.0
3.0
3.0
50.0
4.0
10001.0
2.0
32.0
1.0
3.0
4.0
30.0
3.0
2.0
1100.0
31.0
41925.0
1018.0
6793.0
3.0
3.0
1.0
2.0
2.0
74.0
1.0
1.0
3.0
3.0
52.0
1.0
3.0
674.0
2.0
24.0
3.0
1.0
1.0
2.0
37.0
12.0
19.0
3.0
3.0
800.0
1.0
5.0
3.0
24.0
2.0
3.0
1.0
1.0
4.0
4.0
1.0
4.0
2.0
168.0
323.0
1.0
5.0
519.0
3.0
3.0
1.0
34.0
1.0
3.0
236.0
99.0
499.0
33.0
184.0
1628.0
14385.0
338.0
18.0
327.0
8.0
3.0
2.0
56.0
1.0
56.0
3.0
3.0
22.0
1.0
152.0
1.0
2.0
481.0
1.0
1.0
4.0
3.0
3.0
19.0
4.0
928.0
1.0
1.0
1.0
1.0
3.0
217.0
3.0
2.0
13876.0
7077.0
1.0
3.0
189.0
28.0
3.0
5.0
1.0
24.0
1.0
1.0
3.0
1.0
1.0
14.0
2.0
1439.0
9.0
2.0
19.0
3.0
1.0
7.0
6.0
2.0
3.0
180.0
34.0
75.0
18.0
3.0
4.0
2746.0
1.0
1.0
93.0
11.0
615.0
3.0
1.0
7.0
2.0
19.0
1.0
1.0
8.0
2.0
6.0
1.0
529.0
2.0
68.0
5.0
1337.0
1.0
4.0
1426.0
3.0
1.0
1.0
4.0
2.0
3.0
1.0
1.0
8.0
3.0
76.0
44.0
3.0
3.0
8.0
24.0
2.0
2.0
1.0
1.0
1.0
3.0
3.0
1.0
9.0
3.0
8.0
1.0
2.0
1.0
8.0
74.0
213.0
250.0
4.0
1.0
1.0
12.0
2.0
2.0
3.0
9.0
9.0
1.0
1.0
1.0
1.0
26.0
5.0
33.0
34.0
2.0
242.0
3.0
1.0
3.0
1.0
9.0
2055.0
4079.0
2426.0
1.0
3.0
1.0
2.0
3.0
3.0
3.0
3.0
10.0
3.0
1.0
1.0
1.0
119.0
140.0
9.0
2.0
6501.0
31.0
6.0
22.0
2.0
390.0
3.0
2.0
15.0
5.0
5.0
1.0
1.0
2.0
1.0
4.0
3.0
1.0
92.0
177.0
1.0
1.0
1.0
1.0
375.0
441.0
3.0
1.0
2.0
2.0
3.0
4.0
3.0
2.0
1.0
6.0
3.0
4.0
1.0
377.0
2.0
2.0
10.0
3.0
85.0
5.0
2.0
3.0
1.0
2.0
21.0
19.0
10.0
8.0
1.0
46.0
3.0
6.0
1.0
3.0
346.0
3.0
1.0
1587.0
18.0
1.0
5.0
2.0
1942.0
12.0
16.0
20.0
2.0
2.0
24.0
2.0
2.0
81.0
4.0
1.0
1.0
2.0
2.0
3.0
19.0
10.0
119.0
9.0
1.0
3.0
6.0
335.0
1.0
4.0
14.0
351.0
2.0
22.0
6.0
3.0
4.0
1285.0
2.0
1899.0
3.0
1.0
3.0
1.0
797.0
394.0
1.0
63.0
26.0
31.0
1.0
2.0
2.0
10.0
2.0
3.0
1.0
3211.0
7.0
2.0
8.0
2.0
569.0
110.0
1.0
3.0
74.0
5.0
1.0
1170.0
11.0
421.0
1.0
1.0
3.0
4.0
1.0
21.0
565.0
3.0
4.0
32.0
224.0
19.0
9.0
3.0
2.0
179.0
13.0
1.0
2.0
9.0
282.0
9.0
8.0
3.0
1.0
106.0
4.0
2.0
2.0
506.0
19.0
2.0
338.0
8.0
1.0
3.0
3.0
1.0
146.0
1.0
4.0
2.0
3.0
10.0
32.0
6.0
1.0
17.0
1.0
4.0
3.0
1.0
1000.0
1.0
1.0
2316.0
1.0
112.0
20.0
3.0
20.0
1.0
3.0
3.0
117.0
3.0
17.0
2.0
8.0
3.0
1.0
31.0
194.0
10.0
3.0
51.0
8.0
1.0
14.0
19.0
23.0
1078.0
3.0
8.0
1902.0
2.0
303.0
74.0
5.0
1.0
19.0
1.0
6.0
12.0
3280.0
1.0
3.0
1.0
3.0
4.0
596.0
14.0
2.0
35.0
1.0
2698.0
2.0
12.0
39.0
13.0
1.0
9255.0
10.0
1.0
1.0
1.0
1.0
461.0
3.0
19.0
1.0
14.0
12.0
9.0
2.0
1.0
1.0
1.0
3.0
3.0
10.0
1088.0
1.0
3.0
1.0
4.0
1.0
6.0
5.0
1225.0
3.0
1987.0
29.0
4.0
2.0
5.0
1333.0
2.0
1.0
282.0
2.0
593.0
492.0
6.0
5.0
7.0
2.0
1.0
4.0
997.0
1.0
36.0
4.0
3.0
2173.0
3.0
7.0
1.0
1.0
16.0
640.0
2.0
327.0
3.0
28.0
2.0
3.0
8.0
1.0
28.0
1.0
1.0
3.0
6.0
24.0
5424.0
3593.0
23.0
2.0
24.0
1.0
13.0
51.0
17.0
1.0
23.0
42.0
6.0
473.0
1.0
11.0
4.0
125.0
114.0
8.0
1.0
31.0
1.0
4.0
2.0
282.0
1.0
1.0
2.0
1.0
6716.0
13116.0
1.0
2.0
2.0
66.0
3.0
23.0
2.0
10.0
11.0
343.0
4.0
2.0
66.0
1.0
1.0
330.0
1.0
2.0
3.0
1.0
2.0
1.0
1.0
1.0
50.0
3.0
44.0
1.0
890.0
44.0
1.0
65.0
3.0
43.0
2.0
7.0
4.0
1.0
3.0
111.0
8.0
1.0
544.0
3.0
2.0
2.0
440.0
629.0
2050.0
26.0
1.0
1.0
1.0
3.0
5.0
31.0
2.0
185.0
292.0
78.0
1857.0
1131.0
10.0
7.0
1.0
42.0
1.0
170.0
42.0
3.0
5.0
1.0
4.0
3.0
4.0
5.0
104.0
1.0
2.0
3.0
1.0
62.0
6.0
40.0
3.0
9.0
1.0
99.0
3501.0
5.0
1.0
1.0
5.0
24.0
2.0
502.0
3.0
2.0
3.0
5.0
11.0
9.0
69.0
9.0
2.0
4.0
359.0
2.0
9.0
23.0
3.0
26.0
2.0
1.0
59.0
83.0
565.0
1.0
2.0
3.0
34.0
696.0
1.0
76.0
6.0
2.0
1.0
351.0
102.0
2797.0
5.0
1.0
17.0
258.0
1.0
22.0
3.0
1.0
3.0
1.0
3.0
1.0
13.0
590.0
1.0
264.0
1.0
1.0
1.0
2.0
4088.0
84.0
40.0
6.0
1.0
2.0
2.0
1.0
1.0
3.0
1.0
5.0
46.0
6.0
3.0
15.0
573.0
1.0
4.0
3.0
9.0
3.0
1.0
1.0
1.0
3.0
36.0
116.0
282.0
4.0
2.0
65.0
4.0
7.0
1.0
8.0
20.0
92.0
3.0
5.0
3.0
1.0
3.0
4.0
1.0
3.0
1.0
65.0
2.0
219.0
31.0
1.0
3.0
1.0
1.0
3.0
2.0
7.0
4.0
1.0
29.0
2.0
110.0
1.0
8.0
2.0
1.0
3.0
17.0
16.0
149.0
1.0
1.0
72.0
4.0
74.0
1.0
2.0
10.0
3.0
467.0
1.0
322.0
1.0
71.0
9.0
65.0
3.0
1.0
2.0
11.0
1.0
288.0
1225.0
36.0
1.0
5772.0
265.0
13.0
1.0
2.0
2.0
1.0
1.0
17.0
281.0
22.0
2119.0
1.0
515.0
166.0
3.0
6.0
21.0
6.0
4.0
9.0
6.0
73.0
1.0
56.0
2.0
2.0
6.0
16.0
1.0
3.0
4.0
18.0
33.0
1.0
1.0
1007.0
23.0
1242.0
1.0
10.0
18081.0
55.0
25.0
1.0
3.0
2.0
46.0
157.0
3.0
5.0
9.0
1018.0
7.0
14.0
1.0
151.0
3.0
1.0
1.0
1.0
2.0
5.0
50.0
14.0
4.0
1.0
388.0
18.0
1.0
3.0
24.0
5.0
2.0
9.0
3.0
19.0
14189.0
4.0
64.0
282.0
1.0
4.0
1.0
1.0
8.0
26.0
3978.0
816.0
86.0
1.0
130.0
1.0
12.0
2759.0
1.0
172.0
3.0
2.0
170.0
129.0
1.0
1.0
3.0
3.0
1.0
29.0
4.0
3.0
70.0
57.0
1.0
6.0
2.0
814.0
345.0
1.0
1.0
24.0
1.0
4.0
75.0
2.0
611.0
1.0
8.0
1.0
6.0
7.0
1.0
10.0
1.0
3.0
1.0
131.0
4.0
21.0
3.0
6.0
1.0
1726.0
4.0
1.0
6.0
1.0
1.0
868.0
6.0
73.0
7.0
751.0
4108.0
1801.0
1327.0
4.0
4.0
3.0
1.0
1.0
107.0
21.0
4.0
178.0
3.0
2.0
3.0
2.0
47.0
4.0
18.0
3.0
12.0
3.0
106.0
612.0
24.0
9.0
1.0
90.0
19.0
2.0
3.0
4.0
1.0
1.0
107.0
9.0
1.0
821.0
7.0
3.0
1.0
3.0
1.0
1.0
1.0
405.0
4.0
1.0
8.0
2.0
6.0
2.0
8.0
2.0
1.0
17.0
373.0
2.0
1.0
15.0
3.0
51.0
4.0
7.0
4.0
2.0
1.0
1030.0
8.0
51.0
1.0
141.0
3.0
8.0
199.0
1.0
12.0
19.0
3.0
3.0
5.0
54.0
6.0
27.0
896.0
8.0
1.0
3.0
1.0
3.0
3.0
7.0
2.0
1.0
7.0
1.0
8.0
1.0
129.0
4.0
24.0
4.0
2.0
4.0
4.0
2.0
41.0
5.0
1.0
3.0
9.0
2.0
4.0
3.0
1.0
7.0
3.0
1.0
61.0
1.0
6725.0
1.0
1.0
289.0
1.0
19.0
3.0
1368.0
54.0
104.0
4.0
15.0
145.0
3.0
9.0
351.0
10.0
8.0
1.0
5.0
2.0
2.0
7586.0
3.0
5.0
1.0
1.0
4.0
28.0
4.0
3.0
58.0
8.0
4.0
1.0
4.0
1.0
3.0
1209.0
4.0
1.0
1.0
12.0
16.0
1.0
2.0
9.0
1.0
14.0
7.0
5.0
1.0
6.0
7.0
1.0
2.0
55.0
4.0
237.0
14.0
1.0
51.0
1.0
12.0
6.0
1.0
3.0
15.0
4.0
12.0
2.0
9.0
9.0
4.0
1008.0
87.0
3.0
1.0
51.0
1.0
22566.0
57.0
1.0
1.0
1.0
2.0
2.0
118.0
2.0
4.0
1.0
18.0
1.0
1987.0
73.0
38.0
4.0
8.0
351.0
1517.0
3.0
1.0
7.0
63.0
8.0
3.0
1.0
9.0
1.0
1.0
3.0
96.0
34.0
3.0
193.0
3.0
13.0
3.0
33.0
6.0
2.0
3.0
14.0
1.0
121.0
1.0
55.0
242.0
119.0
3.0
2.0
1.0
1.0
53.0
2.0
11.0
1.0
8.0
3.0
1.0
1.0
1222.0
1.0
6.0
1.0
3.0
1.0
3.0
26.0
1.0
2.0
2.0
1341.0
1.0
1.0
5.0
3.0
729.0
2.0
12.0
24.0
2.0
7.0
576.0
19.0
3.0
2.0
61.0
5.0
10.0
3.0
696.0
1.0
520.0
351.0
3.0
2.0
17.0
1.0
1.0
1.0
5.0
1.0
2.0
1.0
3.0
47.0
1454.0
1.0
1.0
89.0
3.0
10.0
22.0
76.0
2.0
3.0
1.0
622.0
24.0
1.0
3.0
4.0
3.0
1.0
1.0
31.0
2.0
1.0
199.0
3.0
47.0
33.0
220.0
287.0
13.0
1.0
24.0
1.0
3.0
11.0
1.0
302.0
1.0
1.0
1.0
37.0
115.0
3.0
518.0
5844.0
232.0
1.0
696.0
3.0
1.0
1.0
2.0
17.0
600.0
8.0
3.0
414.0
2.0
1.0
4.0
3.0
25.0
7.0
3.0
1.0
1.0
1833.0
3.0
230.0
1.0
9.0
1.0
289.0
3.0
1.0
2.0
1.0
1.0
2.0
1.0
1.0
957.0
3.0
1.0
457.0
1.0
6.0
3.0
1142.0
1.0
24.0
1.0
1.0
1.0
1.0
7.0
7.0
1.0
29.0
1.0
3.0
1.0
5.0
15.0
1768.0
1.0
8.0
3.0
3.0
8.0
12.0
4.0
1.0
2.0
1.0
4.0
1.0
4.0
2.0
381.0
2.0
13.0
717.0
1.0
2.0
9687.0
5.0
162.0
3.0
104.0
458.0
3.0
1.0
9.0
3.0
12.0
1.0
18.0
8.0
2.0
4.0
1.0
1.0
13.0
77.0
23.0
331.0
2.0
1.0
13.0
62.0
1.0
1.0
1.0
3.0
1.0
2.0
2.0
101.0
6.0
16.0
1.0
80.0
63.0
15.0
546.0
29.0
7.0
1.0
1.0
3.0
3.0
372.0
161.0
53.0
1.0
1.0
292.0
5.0
1.0
9.0
1.0
3.0
1.0
697.0
61.0
1.0
3.0
2.0
49.0
24.0
1.0
3.0
1.0
3.0
6.0
209.0
9.0
150.0
4.0
3.0
2.0
14.0
3.0
9.0
3.0
1.0
106.0
3.0
1.0
9.0
14.0
4.0
152.0
182.0
2.0
3.0
3.0
1.0
1.0
6.0
17.0
3.0
1.0
17.0
3.0
16.0
5856.0
2.0
2.0
6.0
1569.0
24.0
1.0
1.0
1.0
1.0
877.0
2.0
50.0
52.0
37.0
2.0
4.0
1.0
56.0
1.0
281.0
22.0
2.0
20.0
25.0
653.0
62.0
4.0
33.0
282.0
1280.0
1.0
2.0
20.0
1.0
183.0
68.0
2.0
9.0
3.0
25.0
9.0
176.0
2.0
357.0
46.0
1.0
368.0
19.0
23.0
2.0
13310.0
1.0
3.0
1.0
4.0
16.0
7.0
3.0
3.0
1.0
126.0
10.0
2.0
355.0
4.0
512.0
1.0
1.0
2.0
17.0
1.0
81.0
1.0
121.0
1.0
1.0
3.0
797.0
1.0
3.0
281.0
2.0
2430.0
92.0
24.0
9.0
118.0
1.0
87.0
1.0
2.0
24.0
1.0
1.0
18.0
30.0
1.0
1191.0
77.0
1595.0
298.0
1.0
35.0
17.0
36545.0
1.0
1.0
554.0
1.0
55.0
3.0
1.0
1.0
3.0
48.0
1.0
23.0
6.0
6.0
3.0
47.0
2.0
8.0
2.0
3.0
3.0
1.0
1.0
1.0
61.0
19.0
22.0
1.0
1016.0
2.0
1.0
3.0
3.0
3.0
8.0
33100.0
3.0
1.0
9.0
1.0
23.0
17.0
3.0
1699.0
3.0
13.0
10.0
14.0
1.0
5.0
2.0
1.0
1.0
1.0
1108.0
3.0
1.0
3.0
3.0
1.0
5.0
1.0
25.0
15.0
1.0
598.0
1.0
961.0
1.0
128.0
1.0
351.0
4.0
3999.0
4.0
2.0
23.0
2.0
4.0
3.0
16.0
346.0
69.0
62.0
20.0
1.0
27.0
49.0
60.0
762.0
6.0
61.0
1.0
19.0
3.0
2480.0
54.0
149.0
9089.0
120.0
2.0
3.0
1.0
8.0
2.0
31.0
2.0
7.0
7.0
1.0
1.0
46.0
3.0
334.0
8.0
3.0
3.0
24.0
5.0
3.0
156.0
7874.0
17.0
351.0
1.0
240.0
11.0
24.0
2.0
1.0
60.0
2.0
2.0
11.0
51.0
1.0
288.0
282.0
3.0
8.0
1.0
9.0
146.0
4.0
102.0
114.0
1.0
3.0
51.0
1.0
11.0
1.0
19.0
5.0
2.0
1.0
1374.0
82.0
149.0
1.0
4.0
1.0
3.0
1.0
773.0
2.0
128.0
3.0
3000.0
3.0
1.0
167.0
714.0
3.0
4.0
28.0
7.0
3.0
1832.0
2.0
5.0
1.0
3.0
6.0
1.0
3.0
3144.0
900.0
3.0
1.0
399.0
3.0
309.0
18.0
3.0
15.0
31.0
193.0
141.0
822.0
4.0
17.0
266.0
1.0
1.0
1.0
3.0
3.0
2.0
1486.0
87.0
1.0
364.0
342.0
3.0
2.0
8.0
5.0
1.0
1.0
1.0
1.0
2.0
3.0
1088.0
38.0
360.0
2.0
3.0
2.0
1.0
3.0
17.0
3.0
2.0
2.0
47.0
3.0
337.0
4.0
1.0
22.0
9.0
10.0
2.0
692.0
1.0
5.0
1.0
2.0
1.0
1.0
5.0
3.0
119.0
18.0
19.0
1.0
2.0
5.0
182.0
1651.0
1.0
3.0
1.0
11061.0
2.0
55.0
792.0
6.0
3.0
3.0
1.0
7.0
1.0
2.0
2.0
1.0
51.0
595.0
8.0
1.0
1775.0
225.0
1.0
1.0
3.0
31.0
24.0
98.0
17.0
1.0
12.0
21.0
19.0
56.0
3.0
1.0
3.0
65.0
3.0
17.0
14.0
821.0
128.0
3.0
1.0
3.0
2.0
15.0
1.0
1.0
2.0
3.0
63.0
6.0
1.0
3.0
2.0
17.0
3.0
1096.0
779.0
8.0
21.0
1.0
1.0
3.0
5.0
1064.0
16.0
4.0
7.0
1.0
452.0
1.0
74.0
8.0
4.0
102.0
14.0
110.0
2.0
1.0
731.0
1184.0
22.0
3.0
1.0
3.0
2.0
2.0
16.0
1.0
1634.0
9.0
3.0
2.0
3.0
3.0
6.0
1.0
1.0
3.0
95.0
136.0
140.0
3.0
1147.0
93.0
2.0
44.0
3.0
10.0
6.0
1.0
15.0
19.0
3.0
30.0
69597.0
1843.0
1358.0
2205.0
3.0
4.0
1.0
2.0
1.0
16.0
525.0
1.0
8.0
13.0
3.0
1.0
8.0
24.0
10.0
226.0
5.0
8.0
337.0
2.0
1.0
1.0
1.0
5.0
1314.0
3.0
13.0
1.0
1.0
4.0
102.0
1368.0
33.0
452.0
4.0
1.0
3.0
2.0
1.0
34.0
1.0
3.0
1.0
1035.0
15.0
3.0
1.0
1.0
37.0
3.0
1.0
20.0
1.0
1.0
2.0
2.0
2.0
400.0
8.0
11.0
1.0
3.0
305.0
2.0
783.0
79.0
2.0
1.0
4.0
3.0
48.0
1.0
1.0
3.0
1.0
8.0
1.0
1.0
1.0
117.0
3.0
3.0
3.0
1.0
20.0
116.0
2.0
3.0
2388.0
1.0
1.0
9.0
151.0
42.0
1.0
27.0
1.0
1.0
1.0
4.0
2.0
6.0
3.0
1.0
1145.0
110.0
3.0
313.0
3.0
14.0
1.0
2.0
3.0
86.0
10.0
103.0
1.0
2.0
55.0
5.0
1.0
247.0
2.0
1.0
11.0
59.0
55.0
3.0
3.0
618.0
23.0
1.0
1.0
3.0
1098.0
2.0
27.0
61.0
872.0
407.0
11.0
1485.0
9.0
26.0
3.0
1.0
14.0
1.0
10.0
4.0
846.0
1.0
1.0
1.0
1.0
2.0
1.0
1.0
1.0
130.0
1.0
288.0
8.0
102.0
1.0
5.0
2.0
20.0
21.0
902.0
1.0
2.0
1.0
8.0
1.0
3.0
23.0
1.0
1.0
1.0
102.0
1.0
155.0
7.0
1.0
2.0
102.0
10.0
16.0
2.0
457.0
21.0
1018.0
48.0
1.0
3.0
1161.0
4.0
46.0
1.0
3.0
23.0
2.0
2.0
19.0
1.0
1.0
1.0
2526.0
200.0
1.0
675.0
14.0
3.0
38.0
25.0
27.0
2.0
63.0
8.0
4.0
1496.0
1929.0
793.0
137.0
1.0
596.0
1.0
2.0
1.0
3.0
6.0
1.0
16.0
3.0
38.0
6.0
3.0
4796.0
1.0
1.0
3.0
8.0
4.0
16.0
4.0
1705.0
1.0
19.0
1.0
3.0
144.0
10.0
1.0
24.0
1.0
1592.0
1.0
34.0
8.0
35.0
3.0
1.0
3.0
91.0
1.0
4.0
1.0
3.0
1.0
3.0
8.0
1.0
2.0
58.0
884.0
2.0
2.0
16.0
4.0
1.0
2.0
1.0
5.0
2.0
1.0
14.0
1.0
1.0
17.0
3.0
10.0
1.0
1.0
4.0
2.0
53.0
27.0
2.0
7.0
49.0
90.0
146.0
2.0
53.0
4864.0
58.0
40.0
2.0
9.0
2.0
1388.0
2472.0
619.0
397.0
3.0
28.0
977.0
1.0
2.0
2.0
1.0
5.0
9.0
64.0
5.0
9.0
576.0
27.0
3.0
23.0
2.0
77.0
2.0
16.0
43.0
152.0
1.0
1.0
2.0
1.0
1.0
2.0
3.0
1.0
83.0
2420.0
8.0
25.0
1.0
4.0
65.0
1.0
1.0
5.0
943.0
2.0
7.0
2.0
3.0
460.0
1.0
271.0
1.0
3.0
3.0
4.0
2.0
97.0
2.0
3.0
1.0
1.0
3.0
2.0
55.0
3.0
1.0
2.0
1.0
31.0
3.0
1.0
1.0
2.0
3.0
1.0
90.0
89.0
3717.0
97.0
5.0
704.0
23.0
35.0
1.0
48.0
1.0
2083.0
1.0
103.0
2.0
220.0
5.0
3.0
415.0
8.0
1.0
125.0
2.0
26.0
127.0
3.0
1.0
1.0
5.0
3.0
12.0
1.0
3.0
123.0
200.0
56.0
4.0
3.0
2.0
7.0
60.0
4.0
1170.0
1122.0
1.0
4.0
1.0
30.0
9.0
1.0
109.0
9.0
26.0
16.0
1.0
270.0
1.0
3.0
2.0
1.0
1114.0
3.0
1.0
149.0
17.0
31.0
1.0
3.0
2.0
1.0
74.0
58.0
5.0
5.0
128.0
1.0
16.0
132.0
102.0
2999.0
581.0
2.0
1.0
205.0
3.0
1.0
1.0
76.0
4.0
2.0
11.0
2.0
4.0
1.0
5.0
3.0
1.0
396.0
109.0
1.0
5.0
14.0
1.0
1.0
38.0
5.0
3.0
73.0
1.0
362.0
4.0
3.0
5.0
26.0
1.0
3.0
911.0
326.0
3.0
119.0
1.0
1902.0
961.0
2.0
11.0
4.0
4.0
3.0
3.0
6.0
7.0
3.0
3.0
39.0
1.0
3.0
3.0
32.0
1.0
23.0
1.0
1.0
19.0
74.0
3.0
2.0
869.0
1.0
1.0
9052.0
8.0
157.0
36.0
1.0
2.0
2.0
9.0
4.0
1303.0
7.0
886.0
1.0
10.0
35.0
4.0
3.0
260.0
10.0
1.0
3.0
1.0
758.0
891.0
6.0
14.0
3.0
31.0
1480.0
16.0
6.0
1.0
71.0
277.0
3.0
2.0
29.0
4.0
3.0
3.0
7.0
4.0
7.0
19.0
1.0
4.0
6.0
2.0
25.0
1.0
102.0
2.0
57.0
1.0
756.0
3.0
11.0
153.0
1.0
71.0
9.0
1.0
23.0
2.0
1.0
1.0
5.0
2.0
1.0
1.0
6.0
32.0
1.0
1422.0
4.0
3.0
2.0
1399.0
87.0
5.0
1.0
1.0
12.0
35.0
3.0
1.0
25.0
2.0
23.0
5.0
14.0
1.0
1.0
2.0
24.0
4.0
62.0
3.0
124.0
17.0
1164.0
12.0
36.0
76.0
1.0
1063.0
700.0
465.0
28.0
3.0
2.0
4.0
730.0
2.0
1.0
14.0
1.0
317.0
1.0
250.0
3.0
21.0
1.0
705.0
3.0
2.0
11.0
1.0
1.0
3.0
3.0
5.0
1.0
3.0
73.0
46.0
288.0
1.0
1.0
63.0
4.0
16.0
62.0
11.0
29.0
90.0
7.0
5.0
64.0
2.0
3809.0
3.0
282.0
1.0
1.0
107.0
1.0
1.0
1.0
1.0
8.0
5.0
1.0
1.0
10.0
3.0
230.0
2.0
17.0
146.0
196.0
8.0
23.0
3.0
2.0
1.0
10.0
6.0
502.0
3.0
14.0
865.0
5.0
665.0
6.0
66.0
512.0
3.0
3230.0
1.0
9.0
2.0
1.0
1.0
1.0
13.0
262.0
8.0
7.0
113.0
669.0
3.0
45.0
2.0
16.0
2.0
164.0
184.0
1.0
43.0
74.0
181.0
12.0
3.0
101.0
1.0
1.0
39.0
1.0
43.0
6.0
735.0
1.0
46.0
124.0
2.0
765.0
3.0
3.0
248.0
740.0
1.0
6.0
9.0
47.0
371.0
1.0
1.0
48451.0
1.0
5.0
2.0
89.0
2.0
3.0
1.0
41.0
5.0
10.0
3.0
873.0
86.0
2.0
31.0
18.0
9.0
232.0
3.0
613.0
1009.0
6.0
1.0
22.0
32.0
2.0
702.0
560.0
9.0
6.0
1.0
1.0
3.0
6.0
2.0
6.0
2.0
3.0
218.0
2.0
57.0
252.0
3.0
81.0
1.0
1.0
1.0
1.0
4.0
23.0
3.0
1.0
2.0
3.0
1.0
1.0
1.0
14.0
1.0
3.0
11.0
1.0
1.0
1379.0
186.0
3.0
4.0
19.0
351.0
8.0
1342.0
5.0
942.0
685.0
129.0
70.0
1.0
2.0
23.0
666.0
23.0
77.0
3.0
11.0
3.0
622.0
5.0
10.0
9.0
2.0
75.0
4.0
69.0
4.0
1.0
1018.0
4.0
89.0
3.0
31.0
1.0
1.0
3.0
64.0
1.0
42.0
1.0
102.0
3.0
95.0
76.0
1.0
1.0
58.0
2.0
1.0
151.0
1.0
2.0
2.0
9.0
1.0
8.0
2.0
18.0
47.0
2.0
1.0
20.0
3.0
20.0
2.0
317.0
4.0
99.0
1.0
303.0
22.0
813.0
1.0
1.0
8.0
1.0
1.0
6.0
4.0
3.0
50.0
9.0
11.0
1.0
1206.0
1.0
2.0
13.0
6.0
3.0
4.0
61.0
178.0
1.0
1.0
1.0
3.0
3.0
2.0
3.0
2.0
1.0
1.0
1.0
150.0
1.0
3.0
3.0
2705.0
2.0
1.0
1.0
1.0
62.0
4.0
9.0
3.0
1.0
3.0
3.0
13.0
2.0
172.0
2.0
2.0
9.0
351.0
2.0
1.0
4.0
1.0
1.0
1.0
2.0
1.0
38.0
94.0
1.0
3730.0
3.0
3.0
2.0
2.0
5.0
7.0
1.0
67.0
14175.0
1.0
1378.0
314.0
75.0
6.0
3.0
1.0
1.0
9.0
16.0
2268.0
3.0
152.0
2047.0
230.0
51.0
8.0
1.0
1134.0
4.0
1275.0
1.0
1.0
14354.0
2.0
44.0
2510.0
1.0
1.0
524.0
11.0
8.0
1.0
2.0
5.0
3.0
157.0
15.0
338.0
1.0
875.0
8.0
6.0
4.0
1.0
33.0
1.0
106.0
3.0
3.0
574.0
23.0
1.0
3.0
106.0
1.0
5.0
89.0
574.0
1.0
5.0
2.0
315.0
1.0
2.0
1.0
19.0
1.0
109.0
1.0
12.0
3.0
457.0
1.0
1.0
1.0
5.0
2.0
17.0
69.0
6.0
7.0
161.0
1.0
10.0
5.0
1.0
1.0
1.0
1606.0
1098.0
1.0
25.0
2.0
1.0
2.0
1.0
195.0
47.0
4.0
3952.0
1.0
2.0
2.0
3.0
2.0
3.0
2.0
40.0
2.0
3.0
3.0
4060.0
128.0
1.0
439.0
1.0
928.0
2.0
2.0
1.0
4.0
2.0
22.0
16.0
137.0
136.0
1.0
2.0
1.0
27.0
3.0
706.0
1619.0
16.0
6210.0
8.0
350.0
282.0
3.0
827.0
81.0
2.0
1.0
1421.0
5.0
359.0
17.0
4.0
1.0
4.0
75.0
2.0
14.0
1.0
961.0
33.0
1.0
182.0
3.0
165.0
3.0
1.0
2.0
3.0
95.0
1.0
73.0
1.0
79.0
8.0
130.0
1.0
2.0
5.0
4.0
2.0
2.0
10.0
15.0
5.0
1.0
1.0
3.0
29.0
14.0
3.0
2.0
1.0
3.0
2035.0
6.0
3.0
2.0
1.0
16.0
1.0
2.0
3.0
1.0
4.0
21.0
1.0
2.0
734.0
23.0
4.0
1.0
1.0
236.0
4.0
3033.0
1.0
16.0
19.0
3.0
3.0
3.0
1.0
1.0
1.0
3.0
1.0
2.0
23.0
4.0
2.0
1.0
1.0
1.0
1.0
1781.0
3.0
1311.0
885.0
1.0
2.0
3.0
2.0
1.0
22.0
401.0
3.0
33.0
373.0
2251.0
10.0
4.0
10.0
1.0
36.0
1.0
1.0
5.0
9.0
4936.0
97.0
2.0
1.0
2.0
151.0
565.0
1.0
16.0
9.0
1.0
3.0
1.0
11.0
1405.0
1.0
1.0
57.0
1.0
1.0
338.0
1.0
1.0
2.0
5.0
2.0
3.0
3.0
512.0
1.0
7.0
3.0
4.0
2.0
3.0
1.0
4.0
8.0
2.0
5.0
4.0
3.0
10.0
1.0
1.0
2.0
6.0
67.0
1.0
6.0
1.0
1.0
1.0
448.0
954.0
2.0
10.0
1.0
1.0
1.0
13.0
3740.0
3.0
30.0
84.0
8.0
3.0
4.0
13.0
1.0
46.0
1287.0
8.0
17.0
92.0
14.0
3.0
443.0
259.0
3.0
2.0
6.0
3.0
1.0
10248.0
2.0
1.0
1.0
2.0
64.0
596.0
3.0
183.0
1.0
20000.0
4.0
3.0
3.0
2.0
2.0
230.0
313.0
6.0
33.0
8.0
15.0
1.0
4.0
3.0
1.0
4917.0
5.0
351.0
4.0
3.0
4.0
7.0
74.0
107.0
3.0
922.0
1.0
1.0
1.0
135.0
17.0
2.0
249.0
512.0
135.0
24.0
8.0
4.0
3.0
16.0
9.0
1.0
1.0
728.0
3.0
1.0
23.0
3.0
10.0
21048.0
3.0
3.0
1.0
2.0
24.0
2.0
25.0
1.0
13.0
1.0
6277.0
1.0
79.0
1.0
2.0
3.0
19.0
469.0
3.0
65.0
2.0
943.0
3.0
1.0
19.0
2.0
1.0
23.0
30.0
3.0
19.0
7.0
3.0
48.0
35.0
102.0
7.0
25.0
17.0
19.0
1.0
3.0
1.0
1231.0
3.0
141.0
576.0
1.0
110.0
111.0
65.0
1.0
1.0
2.0
73.0
260.0
1.0
74.0
1.0
5.0
2.0
19.0
101.0
1.0
1.0
3.0
7.0
18.0
3.0
1.0
5.0
101.0
48.0
3.0
3.0
1.0
1.0
2.0
1.0
375.0
314.0
8.0
113.0
2.0
6.0
9.0
2.0
3.0
8.0
3.0
23.0
1.0
11.0
5.0
2536.0
1.0
10.0
12.0
40.0
1.0
2.0
287.0
2.0
10.0
2249.0
596.0
3.0
101.0
129.0
844.0
1.0
2.0
1.0
5.0
1.0
3.0
2.0
3.0
8.0
40.0
1.0
1.0
82.0
24.0
1.0
6.0
2.0
2.0
2.0
12.0
1.0
5.0
4.0
876.0
4.0
3.0
2.0
3.0
2.0
1.0
1093.0
5.0
51.0
3.0
23.0
23.0
55.0
3.0
6.0
1.0
9.0
3.0
412.0
2992.0
3.0
30.0
2.0
2.0
2.0
8.0
4.0
3.0
1.0
7.0
7.0
8.0
23.0
3.0
26.0
56.0
1075.0
2.0
8.0
1.0
1.0
1.0
2.0
1.0
351.0
2878.0
1.0
1.0
61.0
1346.0
2.0
1.0
68.0
39.0
4.0
1.0
6.0
1.0
1.0
1.0
4443.0
59.0
23.0
5.0
1.0
3.0
3.0
14005.0
3.0
67.0
5.0
49.0
31.0
7.0
9.0
34.0
3.0
16.0
31.0
3.0
1.0
3.0
5.0
3.0
3.0
1.0
337.0
4.0
1.0
6.0
5.0
8.0
3.0
1.0
3.0
859.0
1.0
2.0
2.0
9.0
1.0
2.0
297.0
9.0
4.0
24.0
1.0
5.0
22.0
3.0
2.0
60.0
1.0
1.0
11.0
1.0
1.0
1.0
743.0
168.0
8.0
1.0
8.0
1.0
37.0
2.0
76.0
526.0
3.0
18.0
1019.0
8.0
3.0
400.0
1.0
4.0
7.0
4.0
18.0
3.0
9.0
1.0
67.0
11.0
2.0
1047.0
20.0
1.0
4.0
3.0
302.0
67.0
3.0
18.0
1323.0
3.0
12.0
32.0
4.0
20.0
496.0
40.0
2.0
4.0
7.0
16.0
3.0
7.0
3.0
1.0
298.0
2.0
3.0
23.0
3.0
6.0
116.0
1761.0
422.0
3.0
1.0
6.0
19.0
4192.0
5.0
13.0
1.0
9.0
1.0
1.0
22.0
1367.0
1.0
4022.0
1.0
3.0
2.0
3.0
113.0
1.0
1.0
1.0
40.0
1.0
282.0
157.0
3.0
1.0
3.0
1.0
4.0
1.0
17.0
1.0
2672.0
65.0
801.0
16.0
2.0
655.0
162.0
1.0
1.0
24.0
8.0
2.0
5.0
3.0
5.0
5.0
1.0
1.0
1.0
375.0
1.0
1.0
1.0
8.0
1.0
338.0
2.0
1.0
3.0
14.0
46.0
3.0
3.0
227.0
1.0
3.0
20.0
1.0
7.0
143.0
84.0
142.0
7924.0
121.0
3.0
34.0
5.0
3.0
1.0
3.0
4653.0
1.0
19.0
481.0
3.0
2.0
3.0
3.0
11.0
136.0
3.0
2.0
24.0
1.0
5.0
1.0
22.0
1.0
19.0
3.0
1.0
32.0
2.0
1.0
1.0
2.0
2.0
1.0
3.0
337.0
24.0
1.0
1.0
2.0
3.0
3.0
1.0
1.0
2.0
62.0
691.0
25.0
11.0
8.0
1.0
28.0
1.0
25.0
5050.0
2.0
1949.0
3.0
5.0
561.0
13.0
154.0
15.0
12.0
611.0
3.0
1.0
1.0
215.0
1.0
3.0
57.0
3.0
1.0
1.0
2.0
1.0
2.0
39.0
5.0
3.0
6.0
1.0
1.0
24.0
1.0
4.0
103.0
3.0
237.0
241.0
1.0
1.0
3.0
2.0
10.0
1.0
1.0
2923.0
1.0
4.0
1.0
3.0
8.0
14.0
1.0
3.0
1.0
10.0
70.0
24.0
6.0
1.0
3.0
474.0
62.0
23.0
1.0
6.0
11.0
610.0
59.0
1896.0
7.0
16.0
3.0
1.0
3.0
1.0
8.0
1.0
5.0
38.0
1.0
731.0
8.0
1.0
3.0
1.0
1.0
18.0
3.0
3.0
2111.0
69.0
104.0
1.0
129.0
1.0
3.0
1.0
223.0
2.0
1.0
6.0
574.0
3.0
1.0
164.0
14.0
6.0
1.0
1.0
32.0
21.0
2.0
806.0
4543.0
313.0
1.0
35.0
1.0
3.0
199.0
11.0
1.0
3.0
7.0
3.0
59.0
1.0
1.0
775.0
2.0
1.0
15.0
1.0
10.0
1.0
2138.0
103.0
1.0
34.0
6.0
1.0
2.0
9356.0
1.0
1.0
5.0
3.0
9.0
1.0
1396.0
1.0
737.0
1.0
3.0
7.0
138.0
1.0
1.0
3.0
9.0
27.0
1017.0
1.0
2.0
1.0
4.0
3.0
10.0
4.0
17.0
251.0
1.0
6.0
4.0
1.0
3.0
4.0
2.0
48.0
9313.0
1.0
1.0
70.0
1.0
352.0
1.0
31.0
3.0
21.0
3.0
10.0
2.0
1.0
4.0
14.0
2.0
22.0
55.0
3.0
1.0
1.0
2.0
2.0
3.0
1.0
242.0
38.0
1.0
3.0
1.0
1573.0
86.0
3.0
1.0
1.0
3.0
45.0
2.0
3.0
13.0
2.0
1.0
662.0
1.0
1.0
104.0
4.0
1.0
1.0
3175.0
1.0
99.0
8.0
9.0
3.0
310.0
5.0
1.0
11.0
2.0
23.0
1.0
387.0
9.0
9.0
12.0
201.0
3.0
3.0
3.0
157.0
1465.0
4.0
1.0
26.0
81.0
6.0
1945.0
2.0
612.0
4.0
2.0
41.0
1665.0
5.0
12.0
1.0
285.0
2.0
1.0
49.0
13.0
1.0
1.0
4.0
9.0
13.0
2.0
1.0
1.0
44.0
3.0
1042.0
2.0
1.0
2.0
174.0
72.0
22.0
1787.0
1.0
23.0
7.0
15.0
1.0
1.0
3.0
9.0
29.0
61.0
2.0
5.0
1.0
2.0
1.0
3.0
77.0
5.0
1.0
34.0
1.0
10.0
30.0
3.0
3.0
2.0
1.0
3.0
3.0
1.0
75.0
1.0
2.0
109.0
256.0
31.0
1.0
1.0
1.0
1.0
1.0
3.0
1.0
1126.0
3.0
1.0
27.0
2.0
2.0
1.0
6.0
1.0
1.0
60.0
287.0
5.0
34.0
96.0
4.0
3.0
2.0
1.0
21.0
3.0
61.0
3.0
292.0
1.0
9.0
23.0
27.0
3.0
1.0
1.0
3.0
3.0
129.0
3.0
137.0
19.0
3.0
2.0
5.0
1.0
2.0
5.0
1.0
55.0
3.0
1.0
3.0
14.0
1.0
1.0
3.0
7.0
1.0
11.0
6314.0
123.0
23.0
1.0
3.0
576.0
17.0
1.0
4.0
1.0
1.0
1.0
3.0
4.0
5.0
4.0
2.0
1.0
1.0
514.0
1.0
1421.0
2.0
2.0
2.0
449.0
1.0
9.0
114.0
1.0
3.0
1.0
2.0
2.0
1237.0
3.0
2.0
3.0
3.0
678.0
105.0
1.0
3.0
146.0
860.0
105.0
143.0
42.0
520.0
3.0
7.0
101.0
3.0
109.0
1.0
5.0
773.0
5.0
2.0
3.0
28.0
4.0
6.0
748.0
2.0
1018.0
1715.0
1.0
861.0
5.0
3.0
8.0
1.0
5.0
1047.0
1.0
7033.0
1078.0
57.0
19.0
3.0
6.0
3.0
668.0
95.0
162.0
21.0
4.0
3.0
9.0
21.0
83.0
3710.0
4.0
1.0
1.0
461.0
2.0
2.0
5.0
3.0
3.0
32.0
24.0
1.0
224.0
51.0
4.0
3.0
4.0
3.0
1.0
13.0
1.0
4.0
1.0
1.0
74.0
292.0
3.0
147.0
18.0
5.0
2.0
2.0
1.0
24.0
1.0
8.0
1.0
12.0
449.0
2.0
1.0
6.0
1.0
8.0
520.0
30.0
1.0
1.0
2.0
3.0
24.0
3.0
3.0
33.0
96.0
47.0
1.0
1.0
1.0
1.0
1159.0
3.0
1.0
101.0
2.0
424.0
7.0
4.0
30.0
15.0
319.0
1.0
63.0
1.0
2.0
5.0
5162.0
9.0
3.0
106.0
1.0
8.0
11.0
1.0
5.0
2.0
2.0
85.0
228.0
1.0
983.0
1.0
366.0
1.0
1.0
1.0
3.0
88.0
3.0
2.0
2.0
102.0
55.0
370.0
17.0
9.0
8.0
7.0
537.0
950.0
1063.0
1.0
2.0
18.0
1.0
1.0
14.0
1.0
4.0
1.0
8.0
10.0
65.0
6.0
8.0
1737.0
1.0
1.0
3.0
721.0
1.0
2.0
3.0
8.0
377.0
2.0
1.0
100.0
1.0
2.0
18.0
1.0
62.0
1107.0
15.0
6.0
16.0
1.0
1.0
152.0
8.0
3.0
10.0
16.0
5.0
2.0
17.0
3.0
5.0
4.0
1.0
2.0
36.0
35.0
2.0
1.0
152.0
16.0
1.0
1.0
19.0
97.0
4.0
4.0
4.0
3.0
1.0
3.0
1.0
1.0
1.0
1.0
1.0
1.0
3.0
1.0
1.0
10.0
1.0
743.0
15.0
3.0
2.0
7.0
2.0
12.0
5.0
2.0
3.0
3.0
2.0
166.0
1635.0
352.0
29.0
2.0
208.0
1.0
138.0
9.0
7.0
3110.0
9.0
1.0
9739.0
15.0
2.0
1.0
102.0
3.0
883.0
7640.0
3.0
24.0
19.0
8.0
2.0
382.0
389.0
2.0
27.0
1.0
5.0
2.0
2.0
1533.0
838.0
2.0
1.0
5.0
3.0
375.0
7.0
1.0
1.0
1.0
1.0
2.0
242.0
2.0
1.0
15.0
3.0
1.0
1.0
3.0
4.0
2.0
823.0
3.0
10.0
282.0
20.0
3.0
5.0
9.0
3.0
4.0
1.0
337.0
1654.0
5.0
28.0
1.0
65.0
1.0
48.0
1.0
3.0
737.0
1.0
1.0
1.0
40.0
8.0
1.0
82.0
20.0
126.0
288.0
9.0
2.0
120.0
1.0
5957.0
1.0
1.0
1.0
3.0
22.0
3.0
2.0
3.0
1.0
7.0
18.0
5.0
4.0
9.0
138.0
3.0
2.0
1.0
1.0
7.0
737.0
740.0
10.0
1.0
13.0
1.0
3.0
4.0
183.0
4.0
8.0
3.0
1018.0
13.0
2.0
18.0
5.0
3.0
2.0
1204.0
1.0
3.0
2.0
16479.0
111.0
3.0
3.0
337.0
878.0
113.0
332.0
1.0
1.0
35.0
96.0
4.0
2380.0
1.0
4.0
10.0
3.0
2.0
582.0
294.0
1.0
1.0
1.0
3.0
3.0
65.0
3.0
153.0
105.0
23.0
3.0
1314.0
33.0
8.0
1.0
1.0
3.0
1.0
3.0
165.0
1.0
8.0
1.0
1.0
1.0
108.0
7.0
1.0
75.0
13.0
4.0
3.0
562.0
105.0
20.0
3.0
34.0
1.0
1.0
1.0
5.0
1.0
43.0
2346.0
817.0
2.0
35.0
1.0
50.0
1.0
2.0
2281.0
1.0
2.0
598.0
282.0
707.0
75.0
2.0
983.0
1.0
41.0
7.0
4.0
5.0
3.0
3.0
2158.0
1.0
12.0
3.0
1.0
1.0
2.0
3.0
995.0
1.0
288.0
4.0
1.0
1.0
1.0
704.0
13.0
1048.0
2.0
1.0
31.0
11.0
21.0
713.0
19.0
3.0
1.0
370.0
6.0
19004.0
2.0
5.0
3.0
47.0
2.0
18.0
4.0
28.0
36.0
1.0
79.0
1.0
399.0
3.0
20.0
17.0
4.0
1.0
3.0
3.0
1641.0
3432.0
1260.0
278.0
3.0
43.0
1.0
5.0
55.0
360.0
292.0
3.0
1.0
2.0
3.0
1.0
3.0
1.0
10.0
2.0
2.0
5.0
4.0
132.0
3.0
2.0
696.0
1.0
1.0
73.0
866.0
7050.0
3.0
13.0
1.0
10.0
3574.0
1501.0
4.0
36.0
731.0
7.0
370.0
1.0
3.0
106.0
2002.0
3.0
1.0
1.0
288.0
27.0
3.0
1.0
9.0
77.0
3.0
44.0
27.0
594.0
3.0
2.0
1410.0
2.0
50.0
9.0
9.0
5.0
1.0
5.0
1.0
1.0
15321.0
6.0
39.0
6.0
1514.0
41.0
207.0
2.0
2.0
5.0
21.0
87.0
1185.0
5.0
221.0
42.0
2.0
5.0
1.0
7.0
16.0
17.0
1047.0
338.0
1.0
9.0
3.0
3.0
370.0
4.0
1.0
13000.0
4.0
1.0
328.0
19.0
128.0
1.0
1.0
2.0
1.0
3.0
4.0
1.0
2.0
13.0
1.0
137.0
2.0
19.0
351.0
27.0
221.0
82.0
3.0
8.0
3.0
11.0
7.0
3.0
66.0
550.0
1.0
1.0
1.0
1.0
3.0
21.0
13.0
1.0
1.0
25.0
4.0
2.0
6.0
52.0
1.0
1.0
3.0
1.0
22.0
1.0
296.0
15.0
9.0
3022.0
2.0
17.0
5.0
5.0
69.0
1.0
18.0
2.0
54.0
2.0
1397.0
4.0
1.0
213.0
8.0
3.0
152.0
1.0
49.0
53.0
374.0
1.0
5.0
1.0
3.0
3.0
7.0
10.0
1.0
2.0
1.0
2.0
2.0
3.0
18.0
10.0
286.0
65.0
1057.0
6.0
67.0
3.0
2.0
3.0
8.0
321.0
15.0
351.0
1430.0
1.0
248.0
3.0
19.0
364.0
6.0
1.0
6794.0
7.0
3.0
4.0
715.0
1.0
1.0
1.0
1.0
5.0
177.0
1.0
3.0
569.0
19.0
1.0
306.0
1.0
1.0
3.0
183.0
91.0
9.0
579.0
31.0
132.0
13.0
1.0
5.0
7.0
5.0
1.0
801.0
6.0
47.0
60.0
3.0
6.0
1.0
338.0
1559.0
96.0
292.0
1.0
1.0
299.0
3.0
3.0
2.0
1.0
826.0
5.0
7.0
1.0
1.0
13.0
3.0
1.0
33.0
3.0
1.0
24.0
3.0
24.0
1.0
1.0
18.0
1.0
282.0
14.0
1.0
4.0
2.0
51.0
3.0
2.0
18.0
2.0
21.0
3.0
1.0
1.0
1.0
1.0
1.0
3.0
1.0
10.0
2.0
5.0
10.0
1.0
1.0
1.0
1.0
6.0
1.0
1.0
4.0
1.0
3.0
25.0
1.0
1.0
2.0
2.0
3.0
70.0
1.0
5.0
4.0
1.0
3.0
458.0
8.0
1.0
1.0
2.0
58.0
42.0
27.0
1.0
5.0
2.0
2.0
3.0
1.0
1662.0
1.0
1.0
3.0
637.0
1.0
251.0
8.0
351.0
2.0
4.0
1.0
1.0
231.0
23.0
2.0
167.0
34.0
33.0
2.0
9.0
364.0
156.0
18.0
3.0
4.0
401.0
30.0
3.0
1.0
1.0
637.0
655.0
1.0
2.0
7.0
2.0
21.0
24.0
1.0
11.0
1.0
2.0
4.0
1.0
31.0
6.0
13.0
2.0
44.0
2.0
23.0
292.0
9.0
1.0
4.0
6.0
1.0
231.0
4.0
6.0
1.0
2.0
314.0
1.0
192.0
1.0
51.0
3.0
6.0
245.0
1.0
959.0
1.0
6691.0
3.0
2.0
3.0
2.0
3.0
1.0
1.0
3.0
4358.0
2.0
2.0
10.0
992.0
6.0
457.0
18.0
1.0
9.0
2.0
32.0
3.0
2.0
1.0
49.0
23.0
3.0
3.0
6.0
1.0
1.0
3.0
75.0
1.0
640.0
5.0
19.0
44.0
1.0
117.0
21.0
7.0
4.0
1.0
24.0
972.0
3.0
111.0
282.0
3.0
37.0
15.0
5.0
2.0
1.0
548.0
1.0
96.0
10.0
7.0
1.0
11.0
1493.0
1.0
2.0
1.0
128.0
9.0
2.0
338.0
1.0
74.0
1.0
4.0
1.0
1217.0
3.0
1.0
638.0
4.0
3662.0
3.0
3.0
23.0
1.0
69.0
1.0
1.0
3.0
1.0
1.0
1.0
33.0
287.0
1.0
3.0
10.0
4.0
2.0
8.0
8.0
160.0
76.0
8.0
1.0
1.0
1.0
18.0
3.0
19.0
92.0
1.0
2.0
91.0
1.0
96.0
14.0
3.0
66.0
3.0
19.0
8.0
399.0
3.0
9.0
212.0
5522.0
2.0
1713.0
12.0
3.0
3.0
1.0
2.0
86.0
3.0
6.0
18.0
7612.0
40.0
23.0
3.0
6.0
1.0
37.0
1.0
3.0
21.0
39.0
7.0
2.0
418.0
121.0
1.0
1.0
11.0
63.0
3.0
3.0
1.0
547.0
1.0
3.0
1.0
474.0
314.0
705.0
1603.0
300.0
1.0
2.0
13.0
110.0
1468.0
2.0
4.0
309.0
1.0
1.0
1.0
1.0
26.0
3.0
104.0
2.0
696.0
3.0
25.0
1.0
5.0
1.0
4.0
3.0
3.0
54.0
2.0
1.0
1.0
15.0
3.0
75.0
1.0
55.0
24.0
175.0
844.0
5.0
3.0
1.0
1.0
2.0
1.0
69.0
9.0
14.0
3.0
5.0
6.0
32.0
1.0
3.0
4.0
2.0
4.0
1.0
854.0
17.0
1.0
3.0
1220.0
3.0
34.0
168.0
1207.0
3.0
1.0
114.0
5.0
2.0
1.0
6.0
24.0
3.0
1.0
4.0
3.0
3.0
1.0
1.0
2.0
6.0
2.0
111.0
105.0
1.0
1.0
3.0
257.0
3.0
3026.0
4.0
8.0
1.0
5.0
1.0
64.0
1.0
3.0
2.0
14.0
1.0
1.0
1.0
2.0
35.0
3.0
1.0
88.0
367.0
1.0
1.0
7120.0
1.0
384.0
1.0
3.0
9.0
2.0
1.0
151.0
1.0
1.0
3.0
1.0
3.0
1.0
76.0
1.0
1.0
58.0
4.0
1.0
10.0
617.0
1.0
1.0
3.0
1.0
3.0
1.0
1.0
1.0
200.0
2.0
2.0
16.0
27.0
545.0
349.0
399.0
1.0
3.0
6016.0
977.0
105.0
4.0
1070.0
2.0
1.0
2.0
2.0
21.0
32.0
33.0
9.0
1.0
29.0
3.0
10.0
370.0
1.0
1.0
1.0
25.0
1.0
3.0
2.0
1.0
97.0
1.0
2.0
571.0
2.0
1409.0
7.0
158.0
2.0
6.0
4.0
122.0
3.0
3.0
4.0
5.0
6.0
14.0
3.0
1.0
2.0
11.0
1.0
1.0
1.0
149.0
44.0
640.0
2.0
1.0
1.0
1000.0
112.0
4.0
242.0
16.0
26996.0
1.0
1.0
1.0
18.0
1.0
1.0
9.0
70.0
1.0
7.0
3.0
3.0
1.0
17.0
2563.0
1.0
4.0
1.0
3.0
7.0
87.0
2.0
3.0
13.0
835.0
7.0
1.0
61.0
2.0
266.0
1.0
786.0
1320.0
1.0
3.0
1.0
648.0
3.0
60.0
1.0
19.0
283.0
1.0
267.0
25.0
2.0
3.0
142.0
3.0
1.0
650.0
2083.0
351.0
9.0
3.0
4.0
3.0
102.0
3.0
5.0
24.0
1.0
3.0
9.0
219.0
10.0
1.0
1.0
596.0
1.0
46.0
1.0
3.0
8.0
1066.0
723.0
75.0
1.0
2.0
1558.0
2.0
1.0
303.0
2.0
1.0
5.0
5.0
29.0
1.0
3.0
8.0
1.0
7.0
3.0
1.0
2.0
5.0
36.0
3.0
2.0
1.0
56.0
9351.0
1.0
3.0
282.0
6.0
292.0
4.0
1.0
18.0
2.0
2.0
4.0
3.0
368.0
8.0
599.0
3.0
1.0
3.0
1865.0
2.0
27.0
5.0
1.0
278.0
13.0
2.0
4.0
16.0
56.0
8.0
63.0
3.0
13.0
729.0
1.0
6.0
1.0
3.0
132.0
234.0
1.0
157.0
104.0
33.0
7.0
57.0
1.0
5.0
2.0
17.0
3.0
7.0
9.0
4732.0
4.0
6.0
3.0
2.0
14.0
3.0
46.0
21.0
5.0
37.0
3.0
2.0
1.0
13.0
30.0
4303.0
3.0
140.0
4.0
1.0
3.0
360.0
1.0
307.0
88.0
15.0
3.0
44.0
3.0
596.0
2.0
1.0
18.0
1.0
2.0
1.0
2.0
4.0
1.0
4.0
5.0
1.0
108.0
1.0
46.0
1.0
3.0
59.0
3.0
3.0
1.0
10.0
1.0
1.0
4594.0
2.0
750.0
1.0
3.0
110.0
3200.0
2.0
1.0
20.0
614.0
1.0
1.0
790.0
30.0
1.0
2.0
288.0
83.0
563.0
18.0
17.0
1.0
3.0
222.0
49.0
17.0
9.0
347.0
6.0
2.0
19.0
2.0
1.0
118.0
1.0
4.0
3.0
92.0
1.0
493.0
1.0
576.0
7.0
4.0
5.0
2.0
364.0
3.0
19.0
1.0
4.0
3.0
3.0
7.0
1.0
1.0
2.0
1310.0
82.0
1097.0
1.0
6.0
24.0
21.0
1.0
3.0
1.0
1.0
1.0
2.0
27.0
22.0
6.0
1.0
3.0
21.0
4.0
20.0
36.0
7029.0
1122.0
2396.0
25.0
1.0
1.0
100.0
12.0
17.0
4.0
3.0
20.0
1.0
2.0
1.0
2.0
3.0
420.0
5.0
816.0
3.0
9.0
10.0
2026.0
1.0
42.0
11.0
3.0
153.0
1.0
34.0
2.0
4.0
2.0
2.0
3.0
3.0
64.0
1.0
17.0
51.0
3.0
17.0
1.0
1.0
19.0
3.0
2.0
1.0
97.0
4.0
1.0
3.0
50.0
2.0
21.0
432.0
23.0
549.0
6.0
22.0
3.0
14.0
11.0
4.0
9.0
1.0
305.0
8.0
1.0
3.0
6.0
29.0
4.0
164.0
9.0
1.0
1.0
6.0
18.0
3628.0
1.0
2.0
1.0
2.0
47.0
3.0
2.0
279.0
19.0
6.0
1.0
333.0
1.0
1.0
66.0
2.0
3.0
20.0
2.0
1.0
21.0
9.0
15.0
1.0
2.0
3.0
1090.0
2.0
20.0
288.0
3.0
1.0
5.0
2.0
15.0
1252.0
3.0
1.0
443.0
102.0
3.0
3.0
3.0
4.0
3.0
15.0
2.0
665.0
4.0
1.0
3.0
6.0
65.0
87.0
1.0
3.0
5.0
4.0
510.0
3.0
19.0
63.0
1.0
278.0
3.0
3.0
3.0
6.0
1.0
162.0
9.0
5.0
112.0
3.0
46.0
1.0
1.0
2.0
5.0
2.0
13.0
128.0
3.0
3.0
3.0
9.0
1.0
288.0
8.0
3.0
11.0
26.0
2.0
3.0
2.0
26250.0
6.0
591.0
1.0
5.0
32.0
1.0
2.0
1358.0
1.0
1.0
1574.0
1.0
1.0
3.0
18.0
8.0
697.0
2.0
26.0
700.0
1.0
1.0
518.0
12.0
5.0
1.0
3.0
38.0
9.0
4.0
1.0
3.0
1.0
33.0
58124.0
1.0
1.0
1341.0
129.0
2.0
2.0
2.0
30.0
14.0
2.0
1.0
2.0
1.0
1.0
1.0
2.0
76.0
3.0
2.0
29.0
9.0
1.0
682.0
3.0
3.0
1.0
351.0
706.0
1.0
22.0
15.0
2.0
3.0
351.0
742.0
1.0
6.0
3.0
3.0
2.0
17.0
1.0
3.0
1463.0
10.0
3.0
1.0
5340.0
1.0
3.0
17.0
3.0
1.0
1.0
3.0
5.0
5.0
2.0
3.0
2.0
3.0
1.0
1.0
3.0
635.0
1.0
1.0
1.0
1.0
1.0
1.0
1.0
72.0
2.0
10.0
4.0
3.0
24.0
5.0
1.0
298.0
2.0
2.0
3.0
184.0
3.0
156.0
2.0
90.0
3.0
1.0
841.0
1.0
1.0
70.0
2.0
3.0
3.0
1.0
136.0
3.0
6.0
3.0
107.0
83.0
3.0
3.0
1.0
4.0
49.0
2.0
3.0
334.0
376.0
4.0
7.0
457.0
14385.0
7.0
357.0
1.0
1.0
1.0
8.0
4.0
1.0
1.0
56.0
2.0
9.0
2.0
4.0
3.0
2.0
1.0
2.0
12.0
1.0
1.0
1707.0
35.0
48.0
1.0
2.0
977.0
22632.0
19.0
33.0
697.0
3.0
146.0
3.0
21.0
370.0
1.0
23.0
45.0
11.0
2.0
2.0
216.0
1.0
1.0
2.0
4.0
71.0
2.0
64.0
4.0
45.0
3.0
3.0
3.0
18.0
2.0
3.0
20.0
822.0
1.0
770.0
31.0
405.0
1.0
13212.0
1137.0
4.0
19.0
26.0
3.0
63.0
1.0
1.0
149.0
1.0
272.0
7.0
3.0
254.0
806.0
1.0
3.0
34.0
2.0
3.0
4.0
296.0
1.0
1.0
3.0
2.0
4.0
21.0
24.0
17.0
2.0
1.0
284.0
14.0
3.0
3.0
835.0
185.0
867.0
9.0
1.0
74.0
3.0
1.0
4.0
1.0
1.0
45.0
1.0
20.0
9.0
37.0
1238.0
3.0
8.0
9.0
1.0
1.0
5.0
48.0
2.0
55.0
1.0
3.0
1.0
11.0
1.0
1.0
1.0
2.0
884.0
3.0
338.0
3.0
577.0
28.0
13.0
1.0
2.0
1.0
10.0
3.0
1.0
16.0
2.0
17.0
1094.0
134.0
8.0
15.0
20.0
2.0
1.0
1.0
112.0
197.0
2598.0
106.0
6.0
3.0
3786.0
983.0
24.0
29.0
6.0
11.0
1.0
1.0
1.0
1.0
2.0
59.0
3.0
43.0
2.0
3362.0
1.0
1422.0
1.0
6.0
3.0
1.0
19.0
3.0
3.0
51.0
1.0
1.0
144.0
91.0
1.0
5.0
2.0
143.0
2.0
3.0
3.0
2.0
2.0
1429.0
27.0
6.0
1.0
2.0
2.0
7.0
8.0
3.0
129.0
674.0
19.0
2.0
1.0
2.0
3.0
2.0
1.0
2.0
1.0
2.0
3.0
2.0
1.0
2.0
3.0
3.0
1.0
230.0
876.0
3.0
1.0
15.0
3.0
817.0
4.0
32.0
66.0
5.0
3.0
1.0
3.0
3.0
8.0
2.0
1.0
2.0
5.0
7.0
1225.0
23.0
1.0
1.0
326.0
18.0
3.0
87.0
28.0
4.0
772.0
2040.0
1.0
17.0
18.0
1.0
1.0
1.0
1.0
1.0
3.0
10.0
129.0
219.0
2.0
5.0
9.0
15.0
1.0
1.0
4.0
12.0
1.0
3.0
11.0
1.0
3.0
1.0
1.0
1.0
9.0
2.0
1.0
442.0
1.0
5.0
4.0
7.0
3.0
21.0
1.0
2.0
3.0
40.0
1217.0
1.0
2.0
71.0
135.0
9.0
2.0
1.0
292.0
3.0
2.0
711.0
4.0
3.0
3.0
1.0
2.0
48.0
102.0
16.0
935.0
1.0
3.0
3.0
3.0
1.0
90.0
5.0
6.0
359.0
1.0
1120.0
2.0
3.0
4.0
1.0
4.0
1.0
288.0
1.0
111.0
2025.0
1489.0
124.0
1.0
8.0
594.0
1.0
75.0
2.0
1.0
37.0
1.0
3.0
27.0
7.0
3.0
18.0
1.0
25.0
1.0
2.0
3.0
189.0
1.0
6.0
1.0
3.0
1.0
1.0
14.0
3.0
1140.0
10.0
1.0
5.0
960.0
112.0
371.0
1.0
4.0
53.0
1.0
32.0
19.0
59.0
75.0
9.0
3.0
1.0
74.0
12.0
102.0
3.0
126.0
3.0
21.0
543.0
2.0
3.0
2.0
1.0
14.0
6.0
3.0
7.0
12.0
1021.0
63.0
800.0
5.0
3.0
16.0
2.0
753.0
3.0
2.0
2.0
2.0
59.0
81.0
888.0
11.0
3.0
1.0
3.0
4.0
3.0
16.0
3.0
12.0
1.0
2.0
3.0
1.0
74.0
152.0
2.0
1.0
2.0
1.0
678.0
278.0
1.0
1.0
3.0
2.0
47.0
2.0
238.0
3.0
1.0
5.0
7059.0
9.0
1441.0
3.0
1.0
3.0
216.0
6157.0
1.0
27.0
2.0
5.0
2.0
3.0
2.0
10.0
1.0
1.0
3.0
1.0
5.0
5201.0
25.0
1.0
2.0
4.0
8.0
18.0
24.0
70.0
22.0
3.0
2.0
2.0
2.0
1.0
7.0
3.0
3.0
652.0
409.0
2.0
3.0
729.0
3.0
3.0
127.0
1.0
32.0
1.0
126.0
1.0
9.0
8.0
529.0
2.0
11.0
19.0
3.0
9.0
2391.0
3.0
249.0
2215.0
1.0
1.0
71.0
14.0
102.0
9.0
3.0
9.0
1.0
3.0
1.0
3.0
3.0
401.0
1.0
1.0
956.0
240.0
5.0
47.0
1.0
1.0
3.0
2.0
3.0
38.0
13.0
1.0
570.0
1.0
1.0
49.0
93.0
547.0
6.0
28.0
12.0
17.0
1.0
53.0
1.0
1.0
3.0
1.0
773.0
25.0
36.0
240.0
40.0
932.0
2.0
444.0
1.0
1.0
4.0
3.0
3.0
10.0
22.0
3.0
514.0
2.0
1.0
5.0
7.0
3.0
19.0
2.0
2.0
6.0
659.0
1.0
2.0
234.0
367.0
3.0
6.0
72.0
3.0
3.0
4.0
1.0
709.0
116.0
2.0
3.0
25.0
102.0
1.0
801.0
7.0
5.0
9.0
1.0
2.0
5.0
43.0
1.0
1.0
23.0
32.0
23.0
2.0
13.0
4.0
10.0
2.0
31.0
1.0
1.0
133.0
24.0
1.0
3.0
1.0
1024.0
4.0
8.0
3.0
22.0
3.0
325.0
1.0
1.0
3.0
797.0
1.0
1.0
351.0
15.0
1.0
3.0
2.0
3.0
1.0
4.0
1.0
108.0
589.0
3.0
8.0
1.0
3.0
1.0
1.0
70.0
3.0
74.0
156.0
351.0
1.0
1.0
3.0
30.0
1148.0
1.0
1645.0
2.0
38.0
3.0
1.0
54.0
1.0
3.0
76.0
5.0
4.0
3.0
2.0
11.0
1.0
151.0
1.0
2.0
3.0
2.0
274.0
1.0
8.0
3.0
24.0
29.0
2.0
11.0
1.0
3.0
1.0
3.0
4.0
1.0
2.0
3.0
5.0
3.0
11.0
3.0
2.0
1.0
2.0
370.0
1.0
638.0
4.0
226.0
241.0
3.0
6.0
50.0
2460.0
16.0
6.0
1.0
360.0
102.0
3.0
21.0
7.0
1.0
1.0
3.0
180.0
3.0
1.0
10.0
3.0
6.0
2.0
843.0
227.0
3.0
4.0
2.0
5.0
1139.0
1.0
166.0
596.0
17.0
26.0
3.0
277.0
33.0
3.0
1.0
1.0
3.0
31.0
22.0
37.0
24.0
1.0
65.0
1.0
3.0
524.0
3.0
1.0
13.0
1.0
32.0
1.0
2.0
1.0
1.0
2.0
3.0
34.0
52.0
3.0
3.0
5.0
415.0
7.0
6.0
111.0
13.0
32.0
2.0
3.0
2.0
1.0
9.0
1.0
1.0
3577.0
3.0
4.0
3.0
3.0
1.0
2.0
1.0
5.0
135.0
2.0
16.0
1.0
688.0
1.0
1.0
5.0
3.0
1.0
4.0
1.0
80.0
6.0
21.0
29.0
382.0
3.0
1.0
1.0
5.0
68.0
3.0
1.0
37.0
1.0
3.0
74.0
3.0
2.0
4.0
3.0
1.0
4.0
1064.0
288.0
31.0
4.0
2203.0
35.0
4.0
1.0
5.0
1.0
1.0
1.0
2.0
25.0
3.0
168.0
3.0
7.0
3.0
2.0
1898.0
5.0
3.0
72.0
1.0
133.0
16.0
1.0
1.0
1.0
1.0
10.0
17.0
8.0
6.0
1.0
2.0
2.0
8.0
2.0
6.0
1.0
5.0
8.0
13.0
2.0
18.0
11.0
4.0
1.0
65.0
3.0
1.0
32.0
2.0
44.0
1.0
3.0
631.0
29.0
23.0
4.0
694.0
3.0
2.0
1.0
299.0
219.0
13.0
32.0
59.0
1.0
52.0
9.0
2.0
255.0
1.0
1.0
5.0
3.0
2.0
2.0
4.0
4.0
143.0
33.0
1.0
1.0
264.0
3.0
8.0
1.0
4.0
397.0
5.0
603.0
6606.0
4.0
1.0
1.0
2.0
4.0
38.0
19.0
13.0
22.0
1929.0
1.0
3.0
30.0
110.0
3.0
1.0
1.0
1.0
5.0
3.0
77.0
1.0
1.0
27.0
2.0
121.0
103.0
16.0
1005.0
2394.0
13.0
1.0
1.0
2.0
4.0
1.0
1.0
5.0
63.0
4.0
3.0
1.0
2.0
15.0
2.0
1.0
5.0
292.0
9.0
3.0
29.0
3.0
3.0
2.0
3.0
3.0
93.0
1.0
3.0
17.0
401.0
18.0
7912.0
20.0
2.0
1.0
281.0
1.0
128.0
2.0
3.0
1.0
4.0
1.0
4.0
514.0
3.0
26.0
3.0
14.0
333.0
1.0
1.0
14.0
6.0
17.0
1.0
1.0
2.0
6.0
1.0
1.0
4.0
74.0
3.0
1.0
1.0
2.0
8.0
30.0
23.0
16.0
11.0
12.0
1.0
3.0
878.0
3.0
34.0
1424.0
5.0
65.0
2.0
104.0
98.0
944.0
3.0
1.0
57.0
2.0
1.0
60.0
4.0
3.0
3.0
1.0
1.0
95.0
18.0
2.0
3.0
16528.0
380.0
161.0
1.0
1.0
5.0
3.0
20.0
696.0
1.0
1.0
638.0
631.0
6.0
11.0
1.0
2.0
1.0
1.0
4.0
172.0
17.0
1.0
1.0
93.0
4.0
5.0
1.0
3.0
13.0
695.0
3.0
17.0
1.0
4.0
1139.0
1.0
2.0
24.0
1.0
72.0
3.0
23.0
1.0
1.0
2.0
1869.0
3.0
3.0
121.0
7.0
1.0
2.0
16.0
28.0
11.0
211.0
318.0
1.0
508.0
4.0
1.0
1.0
1.0
3.0
715.0
1.0
21.0
3.0
3.0
279.0
69.0
1.0
401.0
3.0
1.0
459.0
1.0
8.0
7.0
308.0
1.0
15.0
9.0
3.0
472.0
1.0
2.0
1.0
31.0
3.0
2.0
2.0
121.0
1.0
3.0
40.0
2.0
1.0
3.0
1.0
1.0
1.0
197.0
46.0
1.0
7.0
3.0
8.0
2.0
18.0
17.0
1.0
2.0
1.0
14.0
3.0
1.0
1.0
678.0
9.0
11.0
3.0
1002.0
3.0
6.0
1.0
152.0
4.0
313.0
1.0
3.0
1.0
3.0
3.0
152.0
1.0
3.0
4.0
774.0
18.0
1.0
3.0
2.0
596.0
2.0
1.0
3.0
3.0
492.0
17.0
3.0
1.0
8.0
8.0
457.0
1.0
1.0
3.0
2.0
1.0
3.0
1.0
1.0
1.0
1.0
1.0
103.0
9.0
1.0
130.0
1.0
86.0
1.0
24.0
6.0
1078.0
25.0
6.0
998.0
1.0
52.0
1.0
1.0
1.0
161.0
3.0
1.0
1.0
883.0
1.0
7.0
3.0
1.0
10.0
1.0
1.0
7266.0
532.0
3.0
1.0
3.0
3.0
1.0
1.0
225.0
96.0
16.0
3654.0
12.0
8.0
1.0
2.0
1.0
8.0
1.0
5.0
23.0
3.0
324.0
1.0
14.0
5.0
2.0
3.0
2.0
7.0
2337.0
3.0
4.0
2.0
9.0
7.0
3.0
3.0
1.0
1.0
1.0
3.0
1.0
9.0
2.0
19.0
3.0
88.0
1.0
1225.0
3.0
4.0
1.0
10.0
2.0
20.0
84.0
1.0
1.0
1.0
1609.0
1.0
1.0
1.0
4.0
1.0
124.0
101.0
308.0
961.0
2.0
3.0
364.0
42.0
53.0
3.0
33.0
2.0
1.0
1.0
1.0
4.0
1.0
2.0
2.0
7.0
1.0
1.0
1565.0
362.0
4.0
4.0
3.0
3.0
1.0
8.0
1.0
17.0
1.0
11.0
3.0
3.0
4.0
1.0
1.0
1781.0
16.0
92.0
8.0
4.0
1.0
2.0
2.0
5.0
223.0
2.0
656.0
6.0
1.0
426.0
1.0
527.0
2.0
2.0
4.0
21.0
9.0
1.0
1.0
1.0
1.0
9.0
88.0
1.0
186.0
15.0
1.0
6.0
32.0
1.0
2.0
638.0
1.0
3.0
1.0
7305.0
2.0
327.0
4305.0
1.0
4.0
36.0
1.0
15.0
17.0
2.0
1.0
2.0
967.0
1077.0
2.0
3.0
5.0
354.0
1.0
1.0
1.0
292.0
1.0
78.0
3.0
1682.0
8.0
1.0
11.0
14.0
22.0
33.0
1134.0
169.0
5.0
16.0
1125.0
9.0
3.0
5.0
1.0
1.0
1.0
6.0
4.0
3.0
1.0
156.0
65.0
1.0
1.0
580.0
1.0
39.0
1.0
1.0
7.0
2197.0
4.0
489.0
730.0
34.0
1.0
21.0
704.0
3.0
1.0
1.0
93.0
10.0
3.0
2262.0
3.0
2.0
1.0
1.0
1.0
11.0
1.0
30.0
1029.0
3.0
522.0
1.0
287.0
1027.0
1.0
17.0
4.0
120.0
1.0
432.0
1.0
587.0
1.0
3.0
1495.0
3.0
1.0
1.0
2.0
868.0
152.0
1230.0
3.0
7.0
2.0
3.0
2.0
2.0
1.0
1.0
2.0
2062.0
1.0
5.0
1.0
1.0
1.0
105.0
3.0
1.0
4.0
1.0
3.0
668.0
14.0
3.0
1.0
4.0
5.0
11.0
3.0
3.0
17.0
2.0
101.0
3.0
5987.0
2.0
252.0
5.0
176.0
2.0
406.0
1.0
1.0
130.0
1.0
1.0
1.0
1.0
288.0
20.0
1.0
66.0
1.0
6.0
10.0
377.0
3.0
3.0
4.0
20.0
4.0
108.0
3.0
1.0
2.0
1.0
3.0
13.0
10.0
3.0
5.0
2.0
6.0
1.0
59.0
638.0
2.0
1.0
2391.0
18.0
3.0
28.0
3.0
3.0
127.0
2.0
421.0
13.0
1.0
97.0
9.0
1.0
249.0
3.0
108.0
1930.0
16.0
13.0
425.0
59.0
19.0
1.0
352.0
8.0
1.0
2.0
3.0
1.0
70.0
76.0
12.0
1.0
129.0
3.0
3.0
2.0
2.0
3.0
1.0
1.0
5.0
4.0
24.0
9.0
11.0
3.0
3.0
2.0
19.0
4.0
1.0
1.0
47.0
1.0
1.0
27.0
218.0
1.0
3.0
2.0
50.0
1.0
2.0
16.0
373.0
3.0
1.0
1789.0
3.0
4.0
3.0
132.0
1.0
3.0
1.0
4.0
282.0
1.0
4.0
3.0
12.0
31.0
3.0
16.0
24.0
3.0
2.0
3.0
1.0
3.0
42.0
10.0
7.0
1.0
1.0
1.0
59.0
8.0
1.0
4.0
10.0
1.0
1.0
1.0
8.0
595.0
3.0
288.0
1.0
1.0
2.0
7.0
1.0
1.0
1.0
2.0
2.0
4.0
4.0
1.0
9.0
20.0
1093.0
15.0
2.0
493.0
5.0
2.0
292.0
26.0
3.0
14.0
961.0
1.0
82.0
3.0
1.0
63.0
50.0
1.0
5.0
8.0
3.0
2.0
1.0
53.0
3.0
1.0
9.0
158.0
6.0
7.0
6.0
12.0
6.0
67.0
1.0
14.0
1.0
1.0
1.0
8.0
1.0
383.0
4.0
64.0
69.0
1.0
20.0
12.0
3.0
3.0
27.0
6.0
109.0
11.0
28.0
2.0
5.0
1273.0
1.0
3.0
1.0
4.0
1.0
7.0
1.0
521.0
9.0
1.0
1.0
240.0
1.0
1.0
1.0
484.0
182.0
23.0
1.0
3.0
1.0
312.0
8.0
1.0
79.0
457.0
1.0
1.0
3.0
152.0
12.0
6.0
1.0
3.0
17.0
233.0
3.0
7.0
4.0
46.0
57.0
67.0
4.0
1.0
2.0
4.0
1.0
2.0
8.0
19.0
14.0
1.0
17.0
1001.0
1.0
15.0
3.0
2.0
196.0
2462.0
64.0
87.0
3.0
3.0
27.0
6.0
801.0
7.0
82.0
672.0
2.0
366.0
3.0
2.0
279.0
13.0
10.0
1.0
105.0
25.0
1.0
6.0
4.0
1.0
11.0
41.0
1.0
1.0
1.0
2741.0
1555.0
75.0
62.0
22.0
1.0
2.0
9.0
1246.0
3.0
11.0
191.0
3669.0
1.0
36.0
10.0
95.0
6.0
2.0
3.0
16.0
2.0
33.0
36.0
5.0
17.0
1.0
3.0
3.0
2.0
1.0
64.0
3.0
3.0
3.0
1474.0
1.0
15.0
5.0
3.0
3.0
6.0
359.0
58.0
7.0
4.0
6.0
1.0
532.0
75.0
3.0
842.0
1.0
2.0
1.0
8.0
4.0
6.0
3.0
336.0
666.0
14.0
3.0
5.0
9.0
2.0
44.0
2.0
3.0
50.0
9.0
2.0
376.0
837.0
133.0
17.0
1.0
1695.0
26.0
3.0
268.0
7.0
11.0
3.0
3.0
9.0
1.0
1.0
2.0
1.0
6.0
1.0
480.0
173.0
2.0
1.0
1.0
32.0
17.0
5.0
1.0
13354.0
3.0
2.0
11.0
17.0
269.0
2.0
1.0
46.0
25.0
3.0
16.0
45.0
3.0
1.0
8.0
3.0
3.0
9.0
1.0
32.0
1.0
4191.0
1.0
45.0
961.0
2142.0
18.0
1.0
19.0
13.0
2.0
93.0
3.0
3.0
1.0
1.0
17.0
3.0
19.0
28.0
8.0
7.0
8.0
1.0
96.0
3.0
2.0
41.0
1.0
35.0
2.0
6.0
46.0
1.0
1.0
1.0
29.0
1.0
3.0
4.0
6.0
3.0
3.0
17.0
232.0
67.0
4.0
4.0
64.0
1.0
72.0
3.0
3.0
1.0
291.0
1.0
7.0
164.0
1.0
3.0
1.0
4.0
12.0
3.0
18.0
5.0
201.0
3.0
13.0
41.0
2.0
4.0
4.0
1.0
282.0
6.0
2.0
783.0
1.0
16.0
2.0
1.0
1.0
19.0
904.0
338.0
1.0
1.0
209.0
1.0
2.0
17.0
130.0
117.0
17.0
2.0
2.0
4.0
3.0
12.0
140.0
21.0
188.0
3.0
251.0
3.0
1.0
30.0
12.0
3.0
1.0
19.0
59.0
52.0
344.0
3.0
2.0
1.0
3.0
60.0
1314.0
1.0
3.0
1.0
235.0
4.0
1.0
3.0
460.0
2.0
9.0
2.0
3495.0
2.0
65.0
26.0
8.0
23.0
16874.0
3.0
1.0
6.0
5319.0
1698.0
1.0
378.0
2.0
6.0
3.0
1.0
2.0
3.0
111.0
2.0
3.0
5.0
168.0
3.0
4.0
10.0
4.0
1.0
1.0
141.0
797.0
4.0
10.0
2.0
256.0
158.0
1.0
4.0
2.0
1.0
13.0
34.0
6.0
4.0
4.0
9.0
105.0
1.0
2.0
10.0
8.0
2.0
2.0
5.0
1.0
6.0
35.0
5.0
14.0
3.0
4.0
1.0
1.0
453.0
1.0
17.0
2219.0
1.0
2.0
9.0
3.0
1.0
1.0
2.0
3.0
1.0
1.0
24.0
7.0
183.0
13.0
1.0
29.0
3.0
7.0
6.0
1.0
1.0
2.0
1.0
37.0
2.0
11.0
2.0
605.0
3.0
4.0
65.0
2.0
16.0
24.0
1.0
1035.0
576.0
6.0
1.0
1.0
271.0
3.0
2.0
615.0
7.0
3.0
1.0
149.0
377.0
3.0
1.0
1.0
12.0
13.0
4.0
3.0
4.0
4.0
4.0
1252.0
1.0
6.0
5.0
1.0
3.0
7.0
24.0
102.0
1.0
3.0
3.0
1773.0
1.0
19.0
19.0
10.0
7.0
2.0
1124.0
48.0
1.0
1.0
3.0
950.0
2.0
15.0
3.0
65.0
2671.0
1.0
3.0
13.0
61.0
3.0
1.0
1954.0
11.0
1.0
15.0
1.0
3.0
1.0
1.0
1.0
2.0
5.0
3.0
1.0
1.0
3.0
94.0
3.0
430.0
840.0
1.0
95.0
1.0
1.0
41.0
1367.0
832.0
1.0
82.0
282.0
2.0
18.0
1.0
5.0
2.0
5.0
4.0
1.0
2.0
5303.0
13.0
3.0
22.0
804.0
20.0
605.0
25.0
2.0
103.0
121.0
9.0
6.0
145.0
3.0
1.0
5.0
2.0
2.0
4.0
1.0
1.0
1.0
1.0
4.0
1.0
1.0
1.0
727.0
14.0
2.0
1477.0
3485.0
8.0
4.0
11.0
3.0
120.0
1078.0
209.0
2.0
426.0
1.0
82.0
6592.0
1.0
2.0
1.0
37.0
5.0
3.0
1.0
2.0
4.0
369.0
1.0
8.0
11.0
2.0
1.0
3.0
1.0
696.0
1.0
113.0
1300.0
2.0
2.0
2.0
2.0
2.0
7.0
1.0
512.0
13.0
10.0
3.0
523.0
26.0
91.0
2.0
3.0
2.0
1.0
9.0
4.0
23.0
1.0
1.0
3.0
24.0
323.0
3.0
1.0
3.0
2.0
1.0
2133.0
348.0
1.0
3.0
2.0
1.0
170.0
10.0
10369.0
6.0
1110.0
1.0
2.0
28.0
5.0
3.0
3.0
1.0
7.0
1.0
3.0
714.0
1542.0
3.0
91.0
10.0
2.0
81.0
1.0
218.0
1.0
1.0
1.0
137.0
3.0
3.0
1231.0
47.0
2.0
74.0
3.0
41.0
3.0
5.0
14.0
170.0
1.0
33.0
3.0
2.0
3.0
155.0
135.0
1.0
5.0
65.0
2.0
34.0
26.0
3.0
19.0
1.0
1.0
2.0
160.0
8.0
2.0
1.0
15.0
3.0
3.0
135.0
7.0
159.0
19.0
1.0
1.0
7.0
15.0
1036.0
24.0
3.0
107.0
1.0
1.0
500.0
3.0
1.0
30.0
7.0
112.0
1.0
62.0
3.0
3.0
170.0
593.0
1.0
18.0
23.0
3.0
4.0
23.0
19.0
1.0
3.0
1.0
3.0
1.0
2022.0
1.0
512.0
1.0
1.0
7.0
2.0
5.0
1.0
1.0
169.0
3.0
31.0
5.0
34.0
1.0
2.0
5.0
4.0
1.0
50.0
3.0
1.0
3.0
3.0
3.0
1.0
4.0
3.0
5.0
1.0
2.0
10.0
5.0
1.0
1.0
1.0
3.0
1078.0
30.0
1.0
1.0
1.0
1.0
1.0
1.0
3.0
8.0
1.0
3.0
309.0
3.0
67.0
1.0
4.0
4.0
3.0
257.0
13.0
4.0
1.0
3.0
21.0
4.0
288.0
4.0
4.0
1.0
24.0
2.0
24.0
2.0
280.0
72.0
5661.0
10.0
23.0
1.0
1.0
3.0
5.0
176.0
6.0
5.0
1.0
116.0
2.0
2.0
3.0
3.0
3.0
7.0
1.0
351.0
3.0
288.0
3.0
1.0
232.0
8.0
604.0
3.0
10.0
383.0
24.0
1.0
4.0
35.0
78.0
11.0
1.0
3.0
1.0
1.0
8.0
163.0
9.0
2.0
42.0
12.0
2415.0
1.0
1.0
4.0
34.0
4.0
10.0
9.0
4.0
1.0
1.0
17.0
1.0
1.0
1.0
6.0
435.0
78.0
3.0
1.0
9.0
3.0
4.0
6.0
2.0
3.0
1323.0
2.0
72.0
3.0
2.0
9.0
3727.0
1.0
3.0
6.0
2.0
1.0
11.0
17.0
2.0
71.0
3.0
80.0
18.0
1.0
177.0
2.0
11.0
79.0
1264.0
3.0
129.0
33.0
7.0
1.0
2.0
4.0
1.0
29.0
4.0
5.0
4.0
2.0
3.0
5.0
1605.0
237.0
1.0
16.0
3.0
2.0
538.0
6.0
2.0
2209.0
3.0
1.0
3.0
44.0
1184.0
2.0
1.0
9.0
1.0
10.0
4.0
5.0
959.0
1704.0
5.0
194.0
72.0
20.0
522.0
3.0
1.0
4.0
10.0
1.0
346.0
1.0
9.0
1.0
7.0
4.0
1.0
3.0
3.0
1.0
3.0
12.0
4.0
12.0
1.0
4.0
2.0
55.0
14.0
8.0
16.0
1.0
1.0
1867.0
10.0
1.0
8046.0
1.0
2.0
639.0
8.0
2.0
1.0
6.0
15.0
1.0
2.0
16.0
2.0
1.0
9.0
3.0
9.0
1.0
45.0
1.0
1.0
3.0
4.0
5.0
1402.0
1.0
19.0
1.0
72.0
2.0
1.0
39.0
2.0
317.0
651.0
14.0
1.0
1.0
3.0
14.0
2.0
897.0
7.0
2.0
1.0
35.0
6.0
2.0
1.0
1.0
71.0
8.0
1.0
1.0
1.0
8.0
3.0
125.0
9.0
3.0
2.0
810.0
17.0
1.0
1.0
19.0
2.0
17.0
1.0
1.0
108.0
2.0
2.0
1.0
2.0
3.0
11.0
28.0
1.0
9.0
4.0
2.0
1.0
2.0
40.0
12.0
204.0
1.0
149.0
17.0
2.0
2.0
1.0
4.0
3.0
3.0
2.0
111.0
1.0
3.0
677.0
24.0
1.0
10.0
7.0
4.0
535.0
3.0
1.0
885.0
1.0
1.0
103.0
1.0
684.0
1049.0
232.0
1.0
152.0
22.0
1.0
1330.0
4.0
1.0
17.0
292.0
1.0
2.0
172.0
3.0
24.0
16.0
2.0
2.0
3.0
6314.0
26.0
57.0
16.0
1.0
22.0
492.0
72.0
11.0
13.0
3.0
1.0
44.0
3.0
1.0
2.0
1.0
7.0
3.0
1102.0
7.0
617.0
3.0
24.0
7.0
5.0
1.0
424.0
5.0
171.0
3.0
7.0
10.0
10.0
3.0
127.0
9.0
2.0
1.0
28.0
242.0
2.0
2.0
2.0
2.0
1057.0
55.0
225.0
1.0
20.0
1.0
1006.0
5.0
37.0
24.0
1.0
1.0
1.0
1088.0
92.0
3.0
2.0
1.0
12.0
3.0
1.0
515.0
1.0
3.0
1.0
3.0
9.0
1.0
1.0
1.0
377.0
2.0
22.0
14385.0
1.0
542.0
2.0
3.0
55.0
1.0
1.0
6.0
2.0
6.0
10.0
2.0
17.0
3.0
1.0
2.0
351.0
10.0
1236.0
16.0
24.0
1554.0
1.0
57.0
57.0
888.0
65.0
2.0
1620.0
938.0
3.0
3.0
1.0
1.0
65.0
16.0
7.0
2.0
6.0
1.0
1.0
25.0
3872.0
5.0
710.0
1.0
3.0
7.0
3.0
5.0
2.0
43.0
1.0
180.0
2.0
1389.0
4.0
6.0
90.0
451.0
84.0
1.0
30.0
1.0
3.0
123.0
20.0
3.0
22.0
10.0
6.0
2.0
77.0
65.0
1.0
14.0
107.0
40.0
3.0
4.0
3.0
1.0
4626.0
1.0
1.0
362.0
3.0
3.0
14.0
99.0
3.0
2.0
1.0
3.0
3.0
2.0
1.0
3.0
2.0
1.0
1.0
3.0
2.0
1327.0
10.0
1.0
421.0
1.0
1.0
2.0
899.0
3.0
11087.0
35.0
2.0
3.0
574.0
1.0
18.0
12.0
3.0
2.0
1.0
3.0
3.0
797.0
28.0
3.0
1.0
3.0
24.0
1774.0
19.0
1.0
3.0
2.0
3.0
3.0
75.0
4.0
9.0
3406.0
3.0
5.0
1.0
3.0
2.0
5.0
24.0
33.0
1.0
905.0
1.0
9.0
548.0
16.0
1318.0
17.0
1.0
142.0
3.0
164.0
2380.0
3.0
16.0
4.0
6.0
358.0
2632.0
5.0
339.0
1.0
2.0
1.0
2.0
13.0
51.0
18.0
36.0
3.0
815.0
22.0
10.0
9.0
70.0
395.0
2.0
685.0
14.0
2.0
2.0
64.0
29.0
968.0
7.0
3.0
3.0
2.0
2.0
1.0
3.0
1.0
1.0
961.0
1813.0
2.0
129.0
19.0
701.0
3.0
24.0
8.0
4.0
9.0
3.0
1.0
3.0
16.0
1982.0
1.0
16.0
1.0
478.0
5.0
82.0
176.0
2.0
56.0
33.0
2.0
1.0
1.0
9.0
3.0
4.0
32.0
3.0
1.0
1.0
2.0
6.0
11.0
1.0
313.0
1.0
1.0
1.0
6.0
420.0
46.0
166.0
210.0
8.0
1.0
114.0
86.0
69916.0
4.0
2.0
25.0
1.0
298.0
41.0
3.0
23.0
3.0
3.0
1.0
19.0
1.0
2.0
15.0
6.0
3.0
1018.0
108.0
313.0
3.0
3.0
1.0
2.0
2.0
524.0
3.0
3.0
1.0
38.0
695.0
74.0
74.0
1.0
3.0
1.0
4825.0
19.0
3.0
5.0
1.0
1.0
1.0
40.0
3.0
1.0
1.0
2.0
2.0
1.0
369.0
1.0
282.0
2.0
476.0
25.0
22.0
6.0
8.0
4.0
16.0
3.0
1.0
153.0
1.0
3.0
3.0
17.0
11.0
11.0
2.0
17.0
3.0
3.0
3.0
3.0
22.0
2.0
1.0
59.0
3.0
1.0
3.0
352.0
3.0
3.0
1.0
775.0
1.0
3.0
18.0
2.0
1.0
1.0
1.0
10.0
238.0
126.0
3.0
3.0
1.0
8.0
350.0
4.0
3.0
8.0
457.0
2.0
101.0
4.0
10.0
40.0
3.0
2.0
4.0
235.0
3.0
24.0
113.0
1.0
3.0
4.0
3.0
18.0
4.0
64.0
1.0
4.0
3.0
62.0
9.0
131.0
6.0
4.0
3.0
3.0
1019.0
2.0
2.0
3.0
14.0
7704.0
4.0
3.0
2.0
7.0
3.0
1.0
11.0
1.0
157.0
1027.0
7.0
1608.0
1.0
8.0
1.0
1.0
3.0
2.0
1.0
58.0
2.0
4.0
2.0
1.0
5.0
826.0
6.0
4.0
41.0
5.0
1.0
2.0
114.0
6.0
9.0
1.0
142.0
3.0
3.0
3.0
3.0
22.0
15.0
860.0
8957.0
11.0
1.0
10.0
1.0
1102.0
21.0
111.0
689.0
1.0
7.0
1886.0
5.0
3.0
1885.0
3.0
3.0
1.0
30.0
97.0
453.0
3.0
2.0
2.0
4.0
3.0
2.0
1.0
24.0
9.0
3.0
74.0
1.0
2.0
31.0
1.0
19.0
5.0
298.0
6.0
20.0
3.0
2.0
2.0
1123.0
199.0
638.0
4.0
4.0
3.0
97.0
1.0
6.0
1.0
491.0
5.0
1.0
1.0
3.0
1.0
1.0
1.0
66.0
555.0
1.0
1.0
4.0
1.0
18.0
55.0
9.0
282.0
13.0
26.0
1.0
5.0
1.0
3.0
1.0
4.0
3.0
2.0
4.0
12.0
4.0
19.0
8.0
1.0
2.0
8.0
9.0
119.0
1.0
2.0
151.0
1.0
4.0
1.0
3.0
2.0
1.0
5.0
1.0
1.0
1.0
3.0
338.0
3.0
1530.0
83.0
1.0
14.0
81.0
2.0
3.0
1599.0
1.0
1.0
4.0
9.0
5.0
3.0
7.0
19.0
1.0
1.0
4.0
5.0
3.0
4.0
162.0
3.0
5.0
182.0
2.0
2.0
3306.0
20.0
1.0
1.0
2.0
2.0
2.0
193.0
12.0
29.0
1.0
2.0
4.0
3.0
3.0
255.0
1.0
3.0
1394.0
1018.0
1.0
33.0
24.0
1.0
3.0
71.0
3.0
1.0
3.0
1.0
2.0
62.0
2.0
4.0
2.0
2.0
3.0
410.0
13.0
33.0
20.0
19.0
8.0
109.0
3.0
961.0
1300.0
4.0
2.0
50.0
31.0
17.0
1.0
5.0
24.0
692.0
4.0
28.0
282.0
3.0
5.0
598.0
70.0
4.0
228.0
3.0
8.0
1.0
1.0
218.0
1.0
1.0
1.0
3.0
3.0
28.0
1.0
64.0
3.0
749.0
4.0
14.0
3.0
2.0
1.0
3.0
1.0
553.0
187.0
132.0
2.0
3.0
7.0
977.0
1.0
7.0
404.0
30.0
3.0
3.0
542.0
1.0
3.0
2.0
1602.0
19.0
3.0
1019.0
2.0
1.0
1.0
4.0
2.0
913.0
65.0
3.0
1.0
2.0
63.0
3.0
1.0
25.0
3.0
149.0
9.0
142.0
2.0
1.0
2.0
3.0
14274.0
403.0
17.0
1.0
1.0
1.0
1736.0
3.0
1.0
9.0
576.0
6.0
8.0
3.0
2.0
8.0
2.0
2.0
4315.0
184.0
5.0
5.0
1.0
10.0
1.0
5.0
125.0
3.0
1.0
3.0
1.0
2.0
13.0
1.0
1.0
3.0
7.0
1.0
1.0
4.0
95.0
2.0
5.0
7.0
1.0
1.0
2712.0
4.0
64.0
1.0
3.0
3.0
10.0
3.0
2.0
22.0
4.0
236.0
1.0
2.0
2.0
1.0
15.0
2.0
1.0
17.0
3.0
3.0
3.0
9.0
1.0
22.0
596.0
1.0
25.0
7.0
685.0
3.0
7.0
6.0
345.0
3.0
2.0
3.0
2.0
3.0
2128.0
35.0
1.0
1.0
1.0
14.0
31.0
70.0
2.0
2.0
3.0
1.0
3.0
1.0
122.0
3.0
26.0
1023.0
1.0
2.0
10.0
1.0
1.0
19.0
6.0
3.0
5.0
1.0
152.0
590.0
1.0
1.0
376.0
3.0
2.0
1.0
123.0
10.0
51.0
3.0
5.0
1.0
8.0
3.0
10.0
6.0
1826.0
3.0
4.0
3.0
351.0
4.0
1284.0
1.0
3.0
8.0
1.0
1.0
2.0
8.0
50.0
1.0
1.0
66.0
3.0
1.0
3.0
1.0
6.0
3.0
2.0
20.0
1.0
1.0
1.0
1.0
246.0
149.0
4.0
2.0
1.0
47.0
2.0
6.0
3.0
3.0
8.0
1.0
233.0
1.0
850.0
43.0
1174.0
66.0
596.0
3.0
1.0
115.0
4.0
2.0
25.0
14.0
407.0
10.0
68.0
2.0
11.0
12.0
4.0
1.0
127.0
19.0
1.0
3.0
2.0
1.0
1.0
2.0
427.0
2.0
796.0
17.0
536.0
7.0
4.0
2.0
31.0
344.0
1.0
1.0
5.0
1.0
6.0
19.0
2.0
1225.0
10.0
1.0
1.0
1387.0
2.0
2.0
10.0
3661.0
15.0
27.0
58.0
1320.0
73.0
3.0
1.0
3.0
1.0
1.0
3.0
86.0
9.0
2042.0
5.0
8.0
136.0
3.0
8.0
1.0
1.0
3.0
2.0
20.0
45.0
11.0
17.0
3.0
6.0
12.0
2.0
5.0
13.0
3.0
1682.0
1.0
1.0
18.0
17.0
3.0
1.0
1.0
75.0
2.0
3.0
1.0
1.0
7.0
1.0
3.0
456.0
3.0
1.0
1.0
40.0
4.0
2.0
1354.0
14385.0
4.0
3.0
2.0
92.0
52.0
3.0
2.0
1.0
2.0
23.0
81.0
3.0
48.0
25.0
2.0
1.0
3.0
6.0
21.0
1.0
13.0
1.0
2.0
4.0
13.0
2.0
2.0
54.0
1.0
1.0
2.0
1.0
2.0
110.0
395.0
1.0
7.0
1.0
3.0
1.0
8.0
1632.0
6.0
2.0
54.0
117.0
6.0
3.0
3.0
4.0
2.0
2.0
3.0
2.0
7.0
1.0
3.0
164.0
87.0
622.0
3762.0
2.0
284.0
3.0
126.0
3.0
23.0
3958.0
1.0
15.0
218.0
3.0
1.0
5.0
3.0
32.0
118.0
3.0
17.0
1.0
110.0
3.0
2.0
340.0
1.0
6.0
1.0
5.0
108.0
3.0
3.0
1.0
942.0
7.0
3.0
218.0
1.0
2.0
2.0
3.0
449.0
3.0
3.0
1.0
3.0
1.0
3.0
3.0
1.0
8.0
9.0
3.0
25.0
1018.0
1.0
1616.0
2.0
29.0
106.0
3.0
1225.0
856.0
9.0
11.0
2.0
1.0
2.0
10.0
8.0
82.0
4.0
481.0
1562.0
1818.0
1.0
1.0
387.0
2.0
1.0
2.0
43.0
3.0
3.0
921.0
242.0
1.0
3.0
7.0
90.0
1.0
1.0
1.0
82.0
943.0
1.0
1.0
62.0
3.0
2833.0
1.0
211.0
3.0
2.0
3.0
405.0
1763.0
24.0
1.0
619.0
4.0
58.0
3.0
4.0
51.0
4.0
2.0
4.0
1.0
1.0
3.0
2.0
3.0
1.0
16.0
2.0
111.0
3.0
44.0
12.0
296.0
3.0
10680.0
2.0
19.0
3.0
1399.0
127.0
57.0
3.0
17.0
1.0
15959.0
1.0
4.0
1.0
5.0
1075.0
33.0
74.0
11.0
3.0
2.0
30.0
1.0
19.0
1.0
2.0
1.0
10.0
1.0
3.0
3.0
1013.0
397.0
1.0
12.0
1.0
2.0
2.0
1.0
526.0
338.0
1.0
5.0
131.0
1.0
6.0
1.0
23.0
1.0
25.0
60.0
2.0
3.0
15.0
3.0
29.0
29.0
8.0
2.0
2.0
1.0
117.0
1.0
3.0
1481.0
1.0
649.0
10.0
1.0
9.0
1.0
1.0
7.0
1.0
156.0
2.0
952.0
1.0
2.0
1.0
3.0
1.0
3.0
1.0
5.0
641.0
342.0
7.0
842.0
2060.0
17.0
306.0
8.0
27.0
2.0
862.0
14.0
543.0
2.0
21.0
1.0
1742.0
599.0
1.0
1500.0
42.0
1.0
399.0
10.0
274.0
3356.0
1.0
1.0
1.0
1.0
26.0
214.0
811.0
16.0
24.0
9.0
49.0
2.0
2.0
2.0
3.0
1042.0
117.0
1.0
3.0
10.0
1.0
5.0
295.0
1.0
1.0
3.0
4.0
3.0
4.0
76.0
1.0
3.0
46.0
3.0
1.0
2.0
3.0
26.0
9.0
4.0
256.0
16.0
3.0
46.0
1.0
3.0
1.0
69.0
3.0
2.0
1.0
2.0
355.0
19.0
1.0
3.0
1.0
3.0
1.0
1.0
2.0
972.0
1.0
2.0
3.0
9652.0
1.0
633.0
2.0
1.0
2.0
58.0
3.0
7900.0
84.0
3.0
19.0
1.0
12.0
3.0
469.0
3.0
26.0
231.0
3.0
1017.0
187.0
14.0
45.0
2.0
1.0
1.0
6.0
4.0
4.0
6981.0
3.0
4.0
7.0
296.0
1.0
316.0
816.0
3.0
1.0
34.0
1.0
9.0
1.0
2.0
9.0
1.0
2.0
1.0
163.0
230.0
1.0
2.0
133.0
220.0
1.0
1.0
1.0
5.0
17.0
15.0
3.0
2.0
35.0
6.0
1781.0
1.0
1.0
8.0
5.0
48.0
1.0
3.0
2.0
2.0
17.0
5.0
68.0
70.0
1.0
3.0
3.0
36.0
1.0
1.0
4456.0
3.0
136.0
1.0
588.0
1032.0
8.0
4.0
2.0
319.0
3.0
1.0
6.0
5.0
1856.0
3.0
8.0
1614.0
1.0
1.0
2.0
24.0
2.0
1.0
1.0
3.0
3.0
3.0
3.0
1.0
47.0
1018.0
39.0
1.0
117.0
3.0
338.0
2.0
1.0
3.0
2.0
1.0
2.0
2014.0
261.0
23.0
2.0
3.0
1.0
3.0
26.0
1.0
1.0
5181.0
1033.0
1.0
1019.0
2.0
2.0
1.0
104.0
4.0
50.0
3.0
3.0
1.0
5.0
491.0
1.0
6.0
22.0
3.0
1.0
176.0
2.0
58.0
6.0
87.0
2.0
3.0
3.0
2.0
30.0
1.0
1.0
3.0
20.0
1.0
262.0
1.0
1.0
7.0
351.0
6.0
1.0
3.0
948.0
9.0
1.0
3.0
232.0
1.0
49.0
19.0
19.0
12.0
6.0
8.0
9.0
13.0
4192.0
1.0
1.0
24.0
6.0
3.0
1.0
1.0
2.0
76.0
1386.0
46.0
3.0
14.0
766.0
2.0
1.0
66.0
5.0
8.0
1.0
112.0
44.0
1778.0
4.0
6.0
15.0
3.0
12.0
1.0
7.0
1.0
19.0
3.0
1.0
1.0
1.0
1.0
2.0
3.0
3.0
1.0
2.0
2.0
2.0
10.0
15.0
3083.0
3.0
116.0
2.0
7.0
785.0
122.0
1.0
525.0
1.0
22.0
324.0
1078.0
2.0
2.0
5.0
4.0
9.0
3.0
677.0
8.0
13983.0
2.0
8.0
129.0
1.0
3.0
5.0
28.0
1224.0
20.0
1.0
1.0
1671.0
10.0
1.0
9.0
6.0
10.0
3.0
10.0
3.0
30.0
1.0
34.0
1.0
1.0
8.0
1.0
1.0
1.0
14.0
7.0
87.0
1.0
1.0
1.0
6.0
1.0
1.0
912.0
112.0
3.0
11.0
313.0
4.0
3.0
28.0
1.0
3.0
282.0
3.0
1.0
1.0
3.0
1.0
1.0
4.0
1.0
2752.0
4.0
94.0
3.0
2.0
598.0
4.0
33.0
31.0
3.0
3.0
1.0
3.0
1657.0
1.0
23.0
1.0
16.0
1.0
8.0
1267.0
4.0
70.0
435.0
3.0
1.0
26.0
158.0
19.0
3.0
3.0
1.0
2.0
1.0
30.0
157.0
3.0
1.0
18.0
206.0
4.0
52.0
622.0
5.0
1.0
16.0
239.0
3.0
72.0
1.0
1.0
1.0
3.0
4.0
27.0
26.0
3.0
254.0
161.0
1018.0
3.0
1.0
18.0
1.0
83.0
19.0
46.0
1.0
1.0
2.0
2.0
5.0
1.0
1.0
152.0
1.0
3.0
3.0
3.0
3.0
2.0
1.0
1.0
1298.0
573.0
2.0
3.0
1.0
6.0
1.0
2.0
3.0
7.0
2.0
1449.0
26.0
908.0
15.0
36.0
1.0
4.0
1.0
7.0
1.0
287.0
3.0
1.0
65.0
2.0
736.0
3.0
67.0
1.0
1.0
3.0
90.0
2.0
3.0
5.0
23.0
336.0
1028.0
4.0
2.0
2651.0
1.0
18.0
1.0
3187.0
622.0
2.0
4.0
467.0
351.0
1.0
3.0
3521.0
6.0
1.0
3.0
28.0
20.0
11.0
1.0
2.0
4.0
61.0
9.0
1.0
3.0
2621.0
351.0
3.0
461.0
2.0
1.0
4.0
4.0
6.0
24.0
5.0
1.0
3.0
1.0
1.0
1.0
9.0
1.0
3.0
5.0
1.0
5.0
5.0
83.0
102.0
3.0
1696.0
3.0
1.0
11.0
60.0
2.0
3.0
3.0
1.0
1.0
1.0
4.0
282.0
1255.0
2.0
37.0
4.0
27.0
3.0
5.0
7.0
11937.0
1.0
23.0
11.0
7.0
6.0
1.0
5.0
15.0
4.0
17.0
3.0
1.0
4.0
4.0
1.0
337.0
1.0
4.0
2.0
2.0
8.0
1.0
14.0
3.0
634.0
2899.0
102.0
1.0
38.0
15.0
1.0
2.0
2.0
13.0
3.0
1.0
1.0
4.0
2.0
7.0
17.0
4.0
8.0
1.0
1.0
1.0
1.0
66.0
2.0
1.0
454.0
9.0
7.0
1.0
7.0
3.0
3.0
6.0
5.0
3.0
1.0
150.0
1.0
16.0
2.0
4.0
2.0
3.0
2.0
25.0
2.0
1.0
3.0
210.0
3.0
1.0
14.0
7.0
6.0
1.0
3.0
3.0
3.0
3.0
4.0
1.0
359.0
1.0
1422.0
466.0
955.0
1036.0
1.0
9.0
1.0
1.0
1.0
16.0
1.0
8.0
1.0
7.0
11.0
3.0
1.0
2.0
7.0
14.0
65.0
9.0
4.0
2.0
952.0
1284.0
9.0
1018.0
2.0
31.0
1.0
46.0
9.0
3.0
1.0
3.0
2.0
1.0
2.0
1.0
1.0
17.0
2.0
1.0
6.0
891.0
1.0
9.0
83.0
1.0
3.0
11.0
5.0
1.0
1.0
2.0
2.0
2617.0
355.0
413.0
1.0
4.0
3.0
1.0
678.0
14.0
2.0
24.0
2.0
36568.0
3.0
1.0
549.0
1.0
4.0
6.0
1.0
3.0
3.0
4.0
138.0
142.0
14.0
1.0
1.0
886.0
1.0
1.0
9.0
7.0
149.0
1.0
40.0
1.0
3.0
3.0
13442.0
371.0
1.0
1.0
45.0
571.0
1.0
1.0
9216.0
9.0
1.0
88.0
58.0
338.0
49.0
585.0
1.0
6.0
4.0
1.0
9.0
23.0
3.0
224.0
25.0
1.0
430.0
1249.0
1.0
5.0
1.0
1.0
3.0
1.0
2.0
1.0
1.0
2.0
1.0
9.0
8.0
1.0
36.0
978.0
3.0
1.0
2.0
3.0
5.0
1.0
641.0
8.0
3.0
3.0
237.0
7.0
2.0
2.0
8.0
8.0
4.0
943.0
1.0
70.0
16.0
1.0
8.0
3.0
1.0
1.0
74.0
12.0
1151.0
23.0
1126.0
810.0
14874.0
1.0
282.0
288.0
2.0
4.0
1.0
81.0
1.0
370.0
1682.0
35.0
3.0
3.0
40.0
4.0
1.0
400.0
1521.0
75.0
9.0
9.0
1.0
60.0
3.0
3.0
1.0
3.0
4.0
3.0
3.0
106.0
19.0
4.0
1.0
25.0
1.0
8.0
8.0
87.0
3.0
54.0
5.0
840.0
3.0
1.0
8.0
1.0
1.0
3.0
4.0
3.0
4.0
8.0
1.0
3.0
4.0
2.0
1.0
3.0
6.0
2.0
154.0
1213.0
3.0
7.0
2.0
14.0
30.0
4.0
19.0
2.0
1.0
6.0
490.0
7.0
3.0
1.0
4.0
42.0
10001.0
24.0
13.0
2.0
1.0
1.0
8.0
404.0
1179.0
3.0
3.0
338.0
1.0
17.0
26.0
1.0
2.0
1.0
8.0
31.0
3.0
3.0
173.0
1.0
3.0
2621.0
1.0
2680.0
1121.0
8.0
58.0
5.0
23.0
4.0
3.0
1.0
1.0
2475.0
3.0
5.0
13.0
1.0
3.0
6.0
69.0
1.0
1.0
2.0
47.0
178.0
2.0
1.0
3.0
1.0
3.0
7.0
1305.0
11.0
70.0
3.0
3.0
1.0
1.0
3.0
1.0
6.0
316.0
128.0
1.0
1.0
4.0
6.0
1.0
12.0
75.0
1.0
1.0
7.0
3319.0
1.0
1.0
1.0
1.0
1.0
2.0
2.0
9.0
14.0
6.0
3.0
3.0
66.0
4.0
1.0
2.0
6.0
3.0
58.0
15.0
1.0
1.0
3.0
705.0
10.0
2.0
11.0
7.0
78.0
1.0
86.0
1.0
5.0
14.0
1.0
884.0
2.0
3.0
12.0
1.0
1.0
3.0
4.0
1.0
5.0
6.0
3.0
2.0
1.0
563.0
3.0
1.0
1.0
2.0
5.0
54.0
2452.0
275.0
6.0
2.0
1.0
3.0
474.0
112.0
412.0
13.0
5.0
3.0
2.0
2.0
1.0
1.0
57.0
3.0
2.0
1.0
8.0
42.0
1.0
1.0
1000.0
2.0
35.0
2265.0
2.0
236.0
3.0
1.0
1543.0
4.0
6.0
3.0
28.0
30.0
2.0
1.0
4.0
2.0
2.0
7.0
49.0
3.0
64.0
14.0
1.0
5.0
1.0
1.0
9.0
6.0
9930.0
959.0
1.0
3.0
457.0
1.0
1177.0
1.0
8.0
39.0
5.0
1197.0
10.0
19.0
4.0
176.0
241.0
152.0
8.0
1.0
3.0
1.0
418.0
4.0
5.0
1.0
123.0
9.0
1.0
246.0
7.0
7.0
1.0
1.0
1.0
8.0
39.0
2.0
2.0
1.0
2.0
120.0
3233.0
4.0
972.0
4.0
40.0
1.0
4.0
351.0
7.0
45.0
2.0
4.0
1.0
5689.0
2.0
3.0
137.0
4.0
241.0
60.0
13.0
11.0
96.0
3.0
11.0
30.0
1.0
3.0
4.0
178.0
7.0
61.0
1.0
19.0
3.0
1.0
29.0
1.0
1.0
14175.0
376.0
179.0
1725.0
3249.0
3.0
1.0
3.0
35.0
11.0
261.0
4.0
8.0
22.0
93.0
21.0
7.0
1.0
133.0
3.0
255.0
10.0
1.0
3.0
366.0
2.0
1.0
2.0
2.0
1.0
1.0
59.0
24.0
1.0
9.0
2.0
4.0
6.0
484.0
288.0
3.0
1.0
1.0
3.0
6.0
7.0
12.0
1.0
3.0
1.0
3.0
3.0
514.0
4.0
28662.0
264.0
89.0
1.0
1.0
14.0
1.0
955.0
380.0
54.0
12.0
2.0
6.0
7.0
6.0
25.0
1.0
1.0
1.0
3.0
242.0
3.0
1.0
14.0
13.0
4.0
4.0
351.0
9.0
1.0
26.0
3.0
3.0
17.0
2.0
559.0
31.0
113.0
5.0
1130.0
21.0
1.0
19.0
25.0
19.0
598.0
1.0
6.0
2.0
8.0
1.0
7.0
14.0
3.0
2.0
4.0
3.0
2382.0
215.0
3.0
3.0
5210.0
1.0
1.0
193.0
1.0
2.0
3.0
1.0
1.0
10.0
21.0
4.0
2348.0
85.0
31.0
4.0
2.0
1.0
56.0
1.0
24.0
3.0
3.0
45.0
7.0
2.0
3.0
7.0
17.0
26.0
21.0
3.0
1.0
1.0
3025.0
1.0
3.0
105.0
51.0
1.0
24.0
1.0
17.0
1.0
2.0
101.0
1.0
1.0
104.0
4.0
1.0
1.0
4.0
4.0
585.0
1.0
4.0
5.0
32.0
1.0
1.0
138.0
1.0
7.0
475.0
7.0
76.0
199.0
2.0
2358.0
2.0
7.0
2.0
141.0
3.0
335.0
1.0
3.0
199.0
11794.0
737.0
3.0
1.0
1.0
2.0
208.0
3.0
2.0
1.0
2.0
4.0
1.0
1.0
20.0
7.0
8.0
3.0
25.0
1147.0
1.0
1.0
8.0
11.0
1.0
4.0
1.0
13.0
1.0
39.0
2.0
6.0
814.0
17.0
2.0
1.0
1.0
3.0
1.0
33.0
910.0
43.0
674.0
103.0
1.0
3.0
2.0
1.0
8.0
2.0
1.0
10.0
1.0
53.0
8.0
6.0
191.0
1.0
4.0
3.0
1.0
66.0
1193.0
3.0
9.0
436.0
251.0
2.0
3.0
1.0
2.0
4.0
7.0
76.0
1.0
50.0
1.0
614.0
3.0
2.0
2.0
1.0
1.0
4.0
1.0
421.0
2.0
3.0
1.0
8.0
2.0
2.0
1538.0
5.0
2.0
183.0
48.0
116.0
8.0
25.0
59.0
6.0
3.0
4.0
1.0
3.0
3.0
1.0
4.0
2.0
1.0
3.0
2.0
68.0
2.0
355.0
30.0
1.0
5.0
1665.0
3.0
1.0
4.0
8.0
101.0
28.0
14.0
1.0
1098.0
1.0
1.0
313.0
23.0
622.0
21.0
471.0
1.0
17.0
1.0
3.0
10.0
97.0
1.0
14.0
1.0
1.0
36.0
1.0
159.0
720.0
2.0
3.0
1.0
1.0
6.0
27.0
1.0
1.0
3.0
1.0
1183.0
5.0
1.0
3.0
3.0
1.0
1.0
2.0
3.0
91.0
1.0
4.0
11.0
18.0
3.0
1.0
1.0
615.0
2.0
1.0
5.0
1078.0
61.0
21.0
1.0
1.0
7.0
12.0
697.0
282.0
20.0
76.0
1.0
1.0
8.0
52.0
2.0
2.0
30.0
3.0
292.0
14.0
24.0
2394.0
1.0
227.0
4.0
48.0
10.0
1.0
2.0
5.0
1.0
1.0
3.0
1.0
3.0
1.0
9.0
18.0
1.0
3.0
1.0
1.0
3.0
3.0
562.0
1.0
6.0
1.0
120.0
3.0
1.0
224.0
6.0
21.0
3.0
35.0
1.0
2.0
11.0
4.0
3.0
1018.0
49.0
92.0
1.0
2980.0
89.0
4.0
3.0
1.0
2.0
946.0
1.0
2.0
3.0
142.0
6.0
1.0
1.0
3.0
4.0
1.0
21.0
1.0
1.0
1448.0
31.0
5.0
3.0
40.0
1895.0
36.0
1.0
1419.0
43.0
20.0
93.0
12.0
2.0
1.0
282.0
1.0
303.0
40.0
1.0
55.0
3.0
2.0
1.0
1.0
4.0
11.0
15.0
238.0
1.0
3.0
21.0
2355.0
97.0
86.0
1.0
2.0
2.0
12.0
3.0
28.0
5.0
1.0
1.0
3.0
4.0
3.0
107.0
3.0
1.0
156.0
614.0
65.0
59.0
1.0
3.0
1.0
3.0
3.0
1.0
3.0
1.0
3.0
1034.0
20.0
760.0
950.0
17.0
1.0
2.0
3.0
5007.0
15.0
2.0
3.0
2.0
23.0
3255.0
404.0
1.0
205.0
1.0
779.0
3.0
1.0
3.0
9.0
3.0
4.0
20.0
1018.0
172.0
1.0
2025.0
7.0
6.0
1.0
1.0
274.0
3.0
25.0
612.0
3.0
1.0
8.0
5.0
17.0
3.0
162.0
1.0
2.0
4.0
2.0
3.0
463.0
43.0
1.0
1.0
1.0
8673.0
7.0
2.0
5.0
2.0
1.0
9.0
1.0
374.0
5.0
2.0
866.0
1.0
43.0
3.0
492.0
17.0
18.0
60.0
507.0
1830.0
1.0
3.0
12.0
9.0
37.0
5.0
3.0
20.0
12.0
20.0
3.0
1094.0
516.0
3.0
1.0
9.0
1.0
33.0
3.0
2.0
1.0
1.0
6.0
1.0
1074.0
5.0
1456.0
526.0
1.0
1.0
8.0
113.0
3.0
431.0
45.0
3.0
4.0
12.0
88.0
3.0
11.0
1.0
1.0
3.0
75.0
17.0
1.0
2.0
86.0
3.0
1.0
1.0
674.0
1.0
1.0
1.0
451.0
9.0
2.0
2.0
3.0
23.0
1.0
3.0
8.0
4.0
3.0
4.0
1.0
102.0
1.0
515.0
1.0
9.0
3.0
53.0
1.0
111.0
409.0
1.0
3.0
2.0
4.0
1.0
67.0
37.0
1869.0
1.0
1691.0
8.0
697.0
60.0
2.0
2.0
2200.0
253.0
2.0
92.0
10.0
4.0
3.0
61.0
5.0
1.0
1.0
4.0
1.0
908.0
2.0
11.0
3.0
2567.0
13.0
1.0
99.0
72.0
8.0
1.0
1.0
1.0
16.0
16.0
1.0
8.0
1.0
18.0
3.0
3.0
2.0
2.0
4.0
626.0
3.0
1.0
1.0
7.0
3.0
19.0
1.0
1830.0
3.0
1.0
4.0
32.0
2.0
42.0
2.0
1.0
247.0
460.0
5.0
2.0
3.0
55.0
2.0
3.0
2.0
1883.0
1.0
3.0
87.0
8.0
1.0
1.0
1919.0
3.0
5.0
1.0
270.0
3.0
3.0
1.0
1151.0
73.0
17.0
2746.0
27.0
2.0
6.0
1.0
1.0
1.0
5.0
4.0
130.0
4.0
1.0
682.0
3.0
7.0
695.0
3.0
1.0
2.0
4.0
1.0
584.0
19.0
3.0
1.0
18.0
5.0
1.0
1.0
2.0
25.0
3.0
4.0
1923.0
55.0
3.0
1.0
3.0
286.0
5.0
6.0
3.0
3827.0
2.0
1.0
2.0
1.0
8.0
1.0
11.0
45.0
2.0
24.0
264.0
1.0
5.0
1.0
3.0
13.0
56.0
13.0
3.0
1.0
1.0
45.0
12.0
1.0
1.0
950.0
1356.0
1.0
1.0
1.0
596.0
1030.0
650.0
2.0
1.0
268.0
6.0
1.0
5.0
5.0
20.0
428.0
65.0
1.0
25.0
1.0
8.0
14.0
2.0
3.0
28.0
475.0
43.0
25.0
3.0
18.0
342.0
633.0
1.0
13.0
1.0
4.0
1.0
1.0
21.0
2.0
1.0
1.0
5.0
2.0
2.0
122.0
2.0
3.0
5.0
1.0
12.0
3.0
118.0
1.0
1018.0
2.0
9.0
8.0
4.0
3.0
138.0
1.0
3.0
1.0
59.0
2.0
3.0
3.0
1.0
2.0
3.0
9.0
12.0
3.0
5.0
183.0
147.0
1.0
1.0
570.0
270.0
5.0
4.0
225.0
3.0
207.0
19.0
31.0
5.0
1.0
3.0
1.0
41.0
1.0
3.0
219.0
1.0
2.0
7419.0
58.0
4.0
1.0
3.0
2.0
2.0
2.0
5.0
1.0
8.0
1018.0
393.0
2.0
1.0
35.0
2.0
2.0
105.0
36.0
207.0
3572.0
9.0
44557.0
44.0
2.0
1.0
1754.0
10.0
242.0
19.0
1.0
4.0
12.0
1224.0
591.0
1.0
669.0
7.0
1.0
2.0
1.0
2.0
1.0
1.0
1.0
1.0
9.0
42.0
862.0
10.0
4.0
2.0
1.0
3.0
33.0
596.0
4.0
966.0
2078.0
16.0
1.0
2.0
1.0
11.0
24.0
2.0
1.0
2.0
1.0
243.0
97.0
1.0
128.0
24.0
116.0
3.0
27.0
1139.0
453.0
1.0
3.0
3.0
4.0
1130.0
4.0
17.0
1.0
56.0
1.0
10.0
459.0
1.0
286.0
13.0
1.0
7.0
1.0
2260.0
1.0
1.0
19.0
5.0
2.0
1.0
171.0
1.0
5.0
1.0
2.0
1.0
1.0
1.0
2.0
716.0
1.0
4.0
4.0
17.0
19.0
48.0
2097.0
19.0
3.0
164.0
2.0
2.0
8.0
4.0
59.0
3.0
1.0
1.0
5.0
4.0
15.0
64.0
1.0
1.0
3.0
2.0
2620.0
2.0
17.0
338.0
1.0
1.0
20.0
1.0
105.0
50.0
39.0
47.0
518.0
26.0
44.0
3.0
55.0
1.0
1.0
1.0
614.0
1583.0
9.0
6.0
1.0
1.0
1.0
1.0
1.0
16.0
26.0
1.0
3.0
1235.0
1.0
3.0
6.0
3.0
1.0
16.0
4.0
1.0
1162.0
2.0
2.0
135.0
1.0
3.0
108.0
1.0
1.0
715.0
2.0
17.0
12.0
3.0
742.0
7.0
81.0
351.0
313.0
2.0
2.0
1.0
23.0
1.0
6.0
7.0
1.0
13.0
5.0
2.0
17.0
1.0
696.0
108.0
1904.0
28.0
28.0
14189.0
12.0
1.0
425.0
514.0
1953.0
8.0
10.0
613.0
1.0
7.0
2812.0
6.0
6.0
3.0
1.0
1.0
9.0
3.0
61.0
9.0
139.0
1.0
66.0
2.0
1.0
9.0
3.0
493.0
3.0
3.0
6.0
6.0
2.0
1457.0
471.0
784.0
1.0
3.0
19.0
10.0
5.0
8.0
1458.0
1.0
1.0
3.0
2.0
5.0
703.0
1.0
2.0
10.0
3.0
151.0
1.0
4.0
102.0
693.0
3.0
1.0
3.0
1.0
3.0
27.0
5.0
1.0
463.0
1.0
3.0
5.0
14189.0
4.0
3.0
1.0
3.0
280.0
259.0
25.0
2.0
1.0
4.0
6.0
1.0
380.0
886.0
279.0
2.0
2.0
69.0
1.0
57.0
19.0
3.0
456.0
10.0
32.0
3.0
282.0
43.0
2.0
17.0
7.0
45.0
56.0
1.0
36.0
2.0
3.0
5.0
4.0
1.0
2.0
6.0
2.0
2.0
24.0
6.0
5.0
2.0
481.0
12.0
3.0
1299.0
3.0
7.0
19.0
3.0
1.0
1085.0
2.0
805.0
1.0
3.0
3.0
5.0
388.0
1.0
3.0
3.0
1.0
238.0
9.0
3.0
3.0
2.0
3.0
14.0
351.0
54.0
47.0
2.0
5136.0
9.0
3.0
69.0
49.0
16.0
3.0
1.0
1.0
3.0
4.0
21.0
395.0
4.0
8.0
103.0
1.0
79.0
1.0
3.0
9.0
2.0
3.0
1.0
1.0
5.0
1.0
1078.0
19.0
1.0
3.0
1.0
1.0
3.0
21.0
1.0
1.0
19.0
3.0
1.0
43.0
23.0
5.0
4.0
3.0
4.0
24.0
72.0
1.0
110.0
93.0
1932.0
4.0
3.0
1.0
1.0
7.0
11.0
10.0
3.0
1.0
6.0
320.0
3.0
1.0
4.0
24.0
8.0
1.0
1.0
1.0
3.0
1.0
17.0
351.0
3.0
3.0
91.0
219.0
4.0
1.0
24.0
4010.0
4.0
3891.0
1.0
20.0
2.0
1.0
288.0
5.0
7.0
2.0
1.0
1044.0
3.0
1.0
3.0
1390.0
381.0
2.0
1.0
6.0
68.0
340.0
3.0
1.0
34.0
1.0
3.0
8.0
1.0
11.0
5.0
19.0
5.0
19.0
1.0
4.0
1.0
948.0
3.0
10.0
2.0
521.0
14.0
288.0
210.0
3.0
4.0
3.0
1.0
2325.0
3.0
3.0
3.0
3.0
2.0
65.0
1.0
22.0
6.0
2.0
2.0
3.0
99.0
2.0
1.0
1.0
351.0
1.0
114.0
297.0
1.0
5.0
2.0
6.0
9.0
3.0
48.0
3.0
7.0
3.0
2.0
24.0
4500.0
10.0
1.0
23.0
1.0
40.0
2.0
1.0
624.0
9.0
29.0
9.0
1.0
3.0
55.0
1749.0
5.0
2.0
3.0
5.0
1.0
3.0
1.0
1.0
3.0
19.0
140.0
1.0
7.0
1.0
5.0
1.0
14.0
1.0
3.0
1.0
3.0
3.0
622.0
10.0
937.0
7.0
3.0
1.0
15.0
54.0
1.0
3.0
434.0
7.0
1.0
2091.0
3.0
3.0
2.0
2.0
1.0
12.0
6.0
1766.0
1180.0
1.0
2.0
1.0
3.0
4.0
111.0
11.0
14.0
3.0
1.0
14373.0
2362.0
1.0
5290.0
1.0
95.0
405.0
159.0
8.0
7.0
204.0
11.0
1.0
2.0
271.0
1.0
118.0
282.0
1792.0
1.0
7.0
4.0
3.0
1.0
925.0
2.0
1.0
3.0
2.0
47.0
8.0
8.0
17.0
1.0
178.0
1.0
3.0
6.0
1.0
7124.0
1.0
1.0
75.0
4.0
55.0
1.0
9.0
1.0
2.0
1.0
1350.0
5.0
5.0
1.0
254.0
1.0
1.0
38.0
61.0
3.0
2878.0
1.0
1.0
8.0
2.0
2.0
2.0
1.0
22.0
1.0
1401.0
2040.0
30.0
1.0
899.0
356.0
1.0
1.0
2.0
1.0
3.0
24.0
19.0
145.0
2.0
1.0
1.0
2.0
1.0
58.0
2.0
1.0
312.0
8.0
160.0
104.0
464.0
57.0
3.0
7.0
1.0
1712.0
3.0
12.0
2.0
2.0
2.0
124.0
3.0
1.0
3.0
4.0
2.0
6.0
3.0
1.0
8.0
55.0
1429.0
1.0
2.0
36.0
3.0
1.0
3.0
10.0
3.0
95.0
49.0
4.0
3.0
7.0
2.0
1.0
2.0
4174.0
1.0
5.0
596.0
903.0
20.0
30.0
4.0
2.0
1.0
1.0
1.0
2.0
2.0
2.0
1.0
7.0
2.0
65.0
1.0
8.0
5.0
3.0
3.0
3.0
13.0
724.0
2.0
3.0
3.0
2.0
22.0
8.0
77.0
2.0
2.0
3.0
1.0
1619.0
4.0
9.0
87.0
1.0
3.0
1.0
445.0
3.0
13.0
1.0
269.0
112.0
96.0
1.0
5.0
2.0
20.0
1.0
624.0
1.0
3.0
7.0
33.0
2.0
1.0
7.0
292.0
1.0
1.0
1.0
1015.0
8.0
10.0
3.0
55.0
3.0
3.0
17.0
1.0
66.0
4.0
3.0
1.0
500.0
3.0
2552.0
33.0
454.0
1.0
1.0
3.0
3.0
3.0
3.0
2.0
16.0
9.0
351.0
1.0
1.0
10.0
26.0
2.0
3.0
3.0
93.0
1.0
1.0
1559.0
627.0
124.0
282.0
1.0
1.0
6.0
4.0
3.0
2.0
1.0
2.0
2.0
1.0
156.0
17.0
65.0
24.0
3.0
3.0
474.0
65.0
6.0
3.0
2.0
1.0
19.0
16.0
2.0
399.0
3.0
3.0
34.0
1.0
5.0
1.0
3.0
1.0
1.0
3.0
13145.0
2394.0
5.0
3.0
152.0
615.0
2.0
1.0
1.0
1.0
2.0
6.0
1.0
990.0
1.0
92.0
6.0
30.0
1.0
1.0
1139.0
1.0
2.0
574.0
4.0
2.0
42.0
18.0
9.0
70.0
10.0
35.0
2.0
1.0
3.0
3.0
1.0
4.0
1432.0
14.0
1.0
1200.0
6.0
1.0
4.0
39.0
6.0
6.0
2.0
131.0
1.0
1.0
3.0
9.0
3.0
1.0
3.0
3.0
1.0
3.0
12.0
1.0
1.0
414.0
10.0
7.0
1.0
3.0
377.0
1.0
3.0
1.0
1.0
1.0
32.0
3.0
1.0
4.0
1.0
1.0
3.0
4.0
132.0
51.0
3.0
1.0
1.0
12.0
3.0
97.0
421.0
3.0
95.0
81.0
1.0
313.0
63.0
1.0
13.0
1.0
3.0
111.0
3.0
188.0
121.0
5.0
24.0
4.0
11.0
1.0
3.0
84.0
15.0
1.0
1.0
9.0
1.0
310.0
15.0
20.0
1474.0
5.0
12.0
14.0
2.0
13.0
1.0
2.0
10.0
49.0
1.0
217.0
1.0
31.0
961.0
105.0
15.0
1.0
4.0
321.0
1.0
4.0
1.0
32.0
3.0
3.0
75.0
3.0
16.0
1.0
84.0
3.0
16.0
60.0
4.0
3.0
109.0
91.0
5.0
3.0
5.0
2.0
17.0
30.0
1.0
7.0
3.0
1.0
3.0
3.0
109.0
150.0
2.0
4.0
83.0
2199.0
1.0
11.0
1522.0
1.0
382.0
42.0
1.0
3.0
2.0
100.0
10.0
3.0
18.0
2185.0
3.0
13.0
101.0
3.0
5.0
5.0
3.0
1.0
40.0
1.0
89.0
2.0
13.0
559.0
7.0
8.0
8.0
3.0
2.0
1.0
16.0
1.0
309.0
1.0
261.0
1.0
108.0
6.0
2.0
10.0
3.0
1.0
1.0
109.0
4.0
922.0
24.0
2.0
1.0
1.0
2.0
2.0
21.0
51.0
53.0
1.0
3450.0
1.0
237.0
3.0
627.0
282.0
991.0
3.0
3.0
24.0
2.0
4.0
18.0
1.0
17.0
2.0
2.0
5.0
11.0
1.0
1.0
7.0
1.0
11.0
1.0
676.0
4.0
4.0
3.0
2.0
2.0
1.0
2.0
4.0
1.0
1.0
1.0
1.0
1.0
14.0
1.0
514.0
2.0
23.0
3.0
3.0
92.0
2.0
5.0
1.0
1.0
25.0
149.0
3.0
3.0
3.0
1.0
25.0
1.0
1.0
1.0
359.0
24.0
3.0
1.0
32.0
240.0
3.0
19.0
689.0
1.0
80.0
10.0
33.0
7.0
2.0
231.0
1.0
1.0
5.0
2.0
1.0
88.0
6.0
25.0
6.0
2080.0
1.0
4.0
2.0
1.0
1.0
763.0
2.0
68.0
3.0
1.0
3.0
3.0
18.0
398.0
2.0
2.0
4.0
1.0
3.0
42.0
17.0
3.0
4.0
611.0
1.0
1.0
5.0
19.0
1.0
1.0
1.0
1.0
13.0
2.0
1.0
24.0
7.0
27.0
3.0
19.0
1.0
67.0
1.0
3.0
35.0
3.0
59.0
2.0
1.0
11.0
46.0
3.0
1.0
1.0
102.0
116.0
1.0
3.0
1.0
8.0
4.0
332.0
1497.0
14.0
2.0
248.0
1.0
17.0
3.0
586.0
1.0
361.0
1.0
3.0
70.0
3.0
8.0
549.0
1.0
50.0
6.0
998.0
4.0
1.0
9.0
1.0
5.0
20.0
16.0
1057.0
16.0
4.0
5.0
1.0
3.0
3.0
2.0
3.0
45.0
2.0
1.0
1.0
1247.0
1018.0
59.0
3.0
1665.0
1.0
3.0
1.0
190.0
1.0
4.0
2.0
1.0
3.0
111.0
2.0
1.0
1.0
1.0
1.0
3279.0
9.0
3.0
57.0
65.0
6.0
1.0
815.0
2.0
1.0
68.0
3.0
3.0
10.0
3.0
1.0
4.0
3.0
369.0
8.0
1.0
1.0
33.0
6.0
2.0
2.0
2.0
18.0
16.0
43.0
1.0
8.0
12.0
561.0
2.0
20.0
950.0
59.0
19487.0
2.0
3.0
3.0
351.0
1.0
1.0
1.0
324.0
3.0
351.0
3.0
1238.0
2.0
1.0
3333.0
965.0
1.0
3.0
2.0
1.0
756.0
1573.0
3.0
1011.0
156.0
1.0
1.0
1.0
1.0
7.0
960.0
4.0
69.0
29.0
89.0
1.0
1.0
1.0
4.0
2.0
1.0
3.0
33.0
8.0
4.0
3.0
19.0
3.0
22.0
2.0
3.0
188.0
4248.0
1.0
2.0
3.0
5.0
553.0
1225.0
693.0
82.0
1.0
3.0
2.0
146.0
65.0
1.0
404.0
3.0
3.0
102.0
883.0
1.0
1.0
3.0
10.0
1.0
3.0
76.0
1.0
1.0
3.0
1.0
3.0
3.0
5.0
14.0
693.0
3.0
5.0
1.0
31.0
140.0
3.0
1.0
2.0
13.0
5.0
79.0
1.0
1.0
7.0
4.0
2.0
773.0
409.0
44.0
138.0
2551.0
874.0
1.0
4.0
14.0
3.0
15.0
9.0
1.0
724.0
108.0
8.0
331.0
1.0
1.0
477.0
3.0
1.0
1222.0
1.0
57.0
3.0
3.0
1.0
1.0
1153.0
7.0
4.0
152.0
2.0
280.0
4.0
5.0
33.0
2.0
1515.0
1.0
3.0
29.0
1.0
1.0
91.0
1.0
15320.0
596.0
1.0
1.0
17.0
6.0
3.0
6.0
1.0
3.0
3.0
3.0
354.0
3.0
1.0
17.0
1.0
28.0
6.0
2.0
4.0
4.0
24.0
5.0
1.0
107.0
12.0
589.0
27.0
2007.0
9.0
696.0
2269.0
2.0
3.0
1016.0
758.0
144.0
1.0
545.0
42.0
3.0
1.0
88.0
37.0
1.0
3.0
73.0
28.0
3.0
3.0
3.0
1.0
1.0
52.0
24.0
1.0
3.0
351.0
1.0
7.0
44.0
65.0
706.0
1.0
3.0
11.0
196.0
282.0
1.0
2.0
19.0
3.0
4.0
1.0
1.0
2.0
3.0
12.0
3.0
52.0
1448.0
1.0
73.0
1.0
3.0
59.0
3.0
4.0
2440.0
18.0
1.0
302.0
3.0
1.0
14544.0
1.0
14.0
2.0
5.0
44.0
4.0
284.0
8.0
32.0
1.0
1.0
324.0
1.0
1.0
27.0
886.0
28.0
45.0
171.0
7.0
205.0
83.0
5.0
5.0
1.0
2.0
1.0
1.0
1576.0
3.0
1.0
3.0
2.0
1.0
5.0
1.0
1.0
4.0
400.0
22.0
1.0
12.0
1.0
2.0
87.0
1018.0
2.0
3.0
24.0
5499.0
20.0
7.0
3.0
1.0
75.0
49.0
1.0
2.0
2.0
4.0
1.0
7.0
477.0
1.0
1.0
1.0
6.0
3.0
3.0
94.0
4.0
611.0
2.0
678.0
3.0
1828.0
14.0
7.0
19.0
695.0
3.0
7.0
2.0
4.0
1.0
3.0
1.0
123.0
1.0
3.0
3.0
23.0
23.0
1.0
17.0
1.0
709.0
3.0
18.0
1.0
2.0
40.0
2.0
1.0
1.0
25.0
166.0
3.0
1.0
1.0
1.0
3.0
1.0
9.0
858.0
4.0
17.0
2.0
3.0
1.0
1.0
4.0
1.0
91.0
2.0
1.0
55.0
1.0
16.0
2.0
406.0
171.0
1520.0
49.0
1.0
13.0
1.0
3.0
17.0
3.0
15.0
2.0
1.0
22.0
13.0
5707.0
17.0
3.0
3.0
3.0
3.0
1.0
1.0
1.0
202.0
2.0
8.0
12.0
62.0
220.0
22.0
1.0
7.0
10.0
12.0
1.0
3.0
1.0
1.0
5.0
75.0
1.0
2.0
2.0
3.0
75.0
44.0
2.0
374.0
782.0
7.0
1.0
1.0
19.0
4.0
1.0
5.0
4.0
1.0
47.0
3.0
2.0
1.0
186.0
3.0
1.0
1.0
83.0
9.0
1.0
1.0
64.0
19.0
325.0
58.0
25.0
224.0
1.0
5045.0
1.0
9.0
7.0
3.0
423.0
2.0
3.0
3.0
2.0
10.0
3687.0
3.0
3.0
1.0
3.0
2154.0
4.0
3.0
383.0
9.0
2.0
3.0
1.0
76.0
3.0
1.0
1.0
12.0
2.0
1.0
1.0
5.0
31.0
3.0
55.0
2.0
54.0
166.0
1.0
3.0
2.0
3707.0
1.0
299.0
3.0
1.0
1.0
8.0
282.0
50.0
543.0
3.0
3.0
3.0
20.0
2892.0
3.0
3.0
8.0
23.0
1.0
46.0
3.0
2080.0
3.0
5.0
3.0
1.0
1.0
268.0
1.0
3.0
39.0
989.0
5.0
10.0
1562.0
1.0
3.0
1.0
446.0
405.0
1.0
8.0
1724.0
2366.0
1.0
11.0
903.0
1.0
3.0
11.0
1.0
2.0
4.0
146.0
1.0
3.0
1.0
3.0
3.0
2310.0
624.0
1048.0
1.0
1.0
418.0
9.0
2462.0
3.0
3.0
12.0
20.0
34.0
1.0
1.0
31.0
1185.0
3.0
9.0
3.0
28.0
18.0
599.0
1.0
1.0
10.0
2.0
32.0
2.0
1.0
461.0
1.0
3.0
1.0
15.0
16.0
108.0
3.0
5.0
41.0
4.0
3.0
1.0
3.0
2.0
2.0
1.0
8.0
4.0
68.0
1.0
3.0
42.0
1469.0
12.0
1.0
1.0
1.0
1.0
454.0
4.0
1.0
6.0
233.0
6.0
154.0
4.0
14.0
1.0
4.0
3.0
6.0
1.0
1.0
1.0
8.0
2.0
2.0
117.0
387.0
2.0
111.0
1.0
13.0
19.0
3.0
3.0
2.0
19.0
14.0
8.0
3.0
3.0
1.0
30.0
2.0
41.0
16.0
2.0
3.0
13.0
9.0
22.0
6.0
1.0
1.0
7.0
1.0
1.0
491.0
323.0
3.0
1.0
9.0
2.0
4.0
1.0
15.0
1187.0
5.0
4.0
2.0
10.0
8166.0
2.0
1.0
1.0
13983.0
278.0
4.0
2.0
1.0
19.0
26.0
188.0
546.0
2.0
576.0
3.0
3.0
3.0
67996.0
2.0
16.0
7.0
2.0
1.0
1.0
1.0
14979.0
19.0
1.0
1.0
198.0
1.0
10.0
3.0
330.0
2.0
9.0
10.0
2663.0
2.0
3.0
8.0
1.0
8.0
1110.0
1.0
2.0
32.0
3.0
103.0
36.0
1.0
1.0
3.0
870.0
2.0
1.0
1.0
4.0
4.0
3.0
80.0
3.0
30.0
3.0
515.0
128.0
1.0
255.0
3.0
7.0
1.0
2722.0
2.0
2.0
7.0
1.0
1.0
154.0
1.0
260.0
37.0
65.0
2.0
3.0
1.0
4.0
51.0
3.0
331.0
1.0
1.0
4.0
1.0
3.0
5.0
1.0
1.0
38.0
386.0
121.0
10.0
1.0
11.0
1.0
1.0
259.0
3.0
3.0
2.0
2.0
1.0
31.0
197.0
8.0
4.0
26.0
839.0
1.0
7.0
71.0
1035.0
1.0
35.0
19.0
1.0
1.0
1435.0
243.0
65.0
5.0
693.0
7.0
3.0
2.0
3.0
3.0
9.0
3.0
31.0
554.0
1.0
1.0
1099.0
3.0
19.0
33.0
1.0
2.0
1.0
8.0
1482.0
3.0
1.0
3.0
1.0
1.0
8.0
2.0
67.0
14.0
6.0
2.0
3.0
6.0
24.0
19.0
25.0
1.0
3.0
1.0
2.0
119.0
2.0
8.0
512.0
18.0
3.0
1.0
1.0
3.0
1.0
1.0
170.0
1.0
6.0
1814.0
1.0
1.0
1676.0
112.0
1.0
2.0
3.0
271.0
1.0
48.0
5.0
1.0
288.0
3.0
108.0
57.0
1.0
5.0
2.0
1.0
3.0
5.0
18.0
3.0
12.0
2.0
4352.0
338.0
3.0
1.0
1.0
1.0
1.0
2.0
1.0
4.0
1.0
24.0
273.0
2.0
121.0
2.0
1.0
2.0
9.0
1.0
16.0
3.0
91.0
18.0
2.0
12.0
4.0
961.0
7.0
21.0
1.0
26.0
1.0
1.0
4.0
1229.0
4.0
18.0
22.0
1.0
2.0
55.0
16.0
11.0
1.0
16.0
49.0
6.0
1.0
3.0
1.0
1.0
3.0
1.0
4.0
3.0
1.0
1.0
7.0
1.0
146.0
38.0
55.0
368.0
1.0
27.0
1.0
19.0
20.0
3.0
1.0
1.0
2.0
3.0
3.0
58.0
57.0
1.0
16.0
1.0
3.0
459.0
15.0
86.0
1.0
1.0
1.0
8.0
25.0
3.0
3.0
3.0
81.0
2.0
62.0
3.0
1.0
23.0
42.0
164.0
23.0
11.0
1.0
4.0
61.0
1.0
652.0
3.0
2.0
1.0
2.0
2.0
1.0
85.0
619.0
5.0
1.0
1.0
4.0
36.0
3.0
3.0
3.0
1.0
2.0
1.0
3.0
3.0
1.0
9.0
1.0
3.0
100.0
408.0
2.0
9.0
19.0
1.0
1.0
6.0
13.0
1.0
40.0
2.0
56.0
3000.0
9.0
4.0
23.0
6.0
1.0
56.0
15.0
1.0
8.0
3.0
3.0
596.0
8752.0
8.0
14.0
1.0
38.0
9.0
24.0
1.0
3.0
1.0
1.0
6.0
3.0
17.0
67.0
55.0
3.0
1.0
321.0
141.0
1.0
2.0
3.0
8.0
11.0
3.0
39.0
24.0
4.0
3.0
1.0
3.0
10.0
4.0
183.0
2.0
11.0
3.0
1.0
19.0
2.0
3.0
52.0
1.0
1.0
288.0
114.0
46.0
734.0
3.0
7.0
3.0
3.0
2.0
2.0
1.0
4.0
1.0
1.0
587.0
4.0
3.0
4.0
87.0
14.0
166.0
1.0
10.0
65.0
1.0
2.0
1.0
1.0
1.0
1683.0
9.0
132.0
262.0
3.0
4.0
3.0
2.0
539.0
3.0
356.0
1.0
3.0
1284.0
116.0
313.0
1.0
1.0
3.0
1.0
1.0
2.0
278.0
2.0
18.0
3.0
1.0
1.0
22.0
4.0
3.0
236.0
4.0
3.0
5.0
69.0
2.0
13.0
14.0
2.0
12.0
132.0
2.0
26.0
10.0
1.0
388.0
10.0
15.0
8.0
35.0
424.0
110.0
171.0
1.0
1.0
3.0
1.0
8.0
1.0
3.0
3.0
1.0
456.0
3.0
2.0
2.0
1.0
5.0
11.0
1012.0
3.0
1.0
64.0
87.0
1.0
2.0
636.0
958.0
2.0
1.0
24.0
1.0
6.0
35.0
1.0
10.0
749.0
36.0
1.0
5.0
1.0
1.0
671.0
5.0
45.0
1.0
576.0
1.0
1.0
1.0
3.0
3.0
16.0
1.0
1018.0
3.0
10.0
340.0
2.0
2.0
24.0
1.0
3.0
2.0
3.0
3.0
16.0
48.0
25.0
3.0
6.0
1.0
162.0
653.0
10.0
10.0
2.0
1.0
3.0
1.0
865.0
14.0
1.0
9.0
3.0
39.0
2.0
1.0
2.0
1.0
1.0
65.0
25.0
3019.0
3.0
10.0
3.0
2.0
1.0
48.0
216.0
2.0
2.0
1.0
3.0
1.0
3988.0
17.0
2.0
7.0
8.0
4.0
3.0
1.0
216.0
2.0
22.0
13.0
1.0
6.0
16528.0
1.0
58.0
3.0
8.0
1.0
2.0
1.0
3.0
2.0
1.0
5.0
1.0
182.0
4.0
42.0
1.0
314.0
8.0
3.0
1.0
42.0
3.0
1.0
2.0
704.0
1.0
535.0
3.0
1.0
1.0
10.0
7.0
1.0
6.0
285.0
928.0
272.0
1.0
7.0
1.0
3.0
1.0
1.0
1.0
2.0
30.0
2.0
1.0
2.0
2.0
14.0
1.0
1.0
125.0
3.0
6.0
2.0
90.0
4.0
1.0
9.0
654.0
33.0
8.0
7.0
1.0
2.0
2.0
1.0
2.0
3.0
3.0
214.0
3.0
4.0
2.0
460.0
7.0
31.0
117.0
4.0
15598.0
1.0
3.0
19.0
1.0
1.0
14.0
1.0
5.0
1.0
857.0
20.0
5.0
548.0
4.0
99.0
1.0
2463.0
13.0
5.0
1.0
3.0
38.0
1.0
491.0
1704.0
1.0
2.0
2.0
1.0
5.0
3.0
3.0
4.0
444.0
2.0
27.0
37.0
1.0
3.0
4.0
1.0
1.0
1.0
2.0
47.0
7.0
147.0
1.0
9.0
1.0
1.0
13840.0
5209.0
3.0
12.0
2.0
1.0
128.0
1.0
45.0
9.0
3.0
14.0
2.0
3.0
2.0
19.0
3.0
2.0
3.0
5.0
370.0
3.0
2.0
1118.0
6.0
1.0
351.0
1.0
3.0
8.0
1.0
2.0
114.0
638.0
4.0
516.0
3.0
18.0
2.0
4.0
98.0
1.0
2.0
313.0
7.0
2.0
2.0
1037.0
3.0
615.0
1272.0
2.0
3.0
48.0
32.0
3.0
430.0
2.0
3.0
1.0
12.0
2.0
1.0
1.0
3.0
3.0
1.0
2.0
2.0
4.0
15.0
44283.0
20.0
1.0
97.0
2.0
16.0
1.0
2.0
5.0
2.0
1.0
1.0
4.0
2.0
3.0
1.0
16.0
2.0
1.0
1.0
4.0
1.0
118.0
3.0
102.0
1.0
3.0
65.0
2.0
46.0
1.0
45.0
3.0
24.0
4623.0
11900.0
3.0
6.0
3.0
3.0
13.0
1.0
3.0
3.0
1.0
316.0
1.0
2.0
1.0
3.0
4.0
1.0
4.0
3.0
3.0
2.0
1.0
6.0
4.0
9.0
1.0
171.0
232.0
25.0
13.0
1360.0
3.0
22.0
1384.0
19.0
1.0
480.0
23.0
4.0
1.0
80.0
36.0
1.0
8.0
2.0
2.0
407.0
3.0
1.0
3.0
6.0
1.0
74.0
1.0
2.0
12.0
5.0
1.0
9.0
21.0
1.0
3.0
2.0
1.0
2001.0
27759.0
63.0
41.0
1.0
8.0
34.0
1.0
1978.0
453.0
3.0
1.0
2.0
15.0
1.0
1.0
1.0
66.0
68.0
1.0
7.0
29.0
591.0
18.0
1.0
17.0
2.0
3.0
4.0
8.0
4.0
677.0
1.0
1.0
14477.0
5.0
3944.0
100.0
33.0
2.0
247.0
5.0
3.0
63.0
1.0
177.0
1111.0
3.0
3.0
1.0
3.0
1.0
45.0
1.0
1.0
213.0
3.0
8.0
4.0
1.0
31.0
4.0
1.0
11.0
3.0
3.0
1.0
40.0
1.0
45.0
44.0
11.0
694.0
3.0
1.0
2.0
15.0
937.0
6.0
55.0
1.0
225.0
1.0
1.0
2.0
3.0
3015.0
2.0
138.0
3.0
138.0
3.0
1.0
1.0
55.0
176.0
69.0
539.0
497.0
3836.0
4.0
68.0
344.0
3.0
2.0
3.0
16.0
1.0
1.0
1.0
18.0
1.0
3.0
205.0
1280.0
611.0
37.0
3.0
1.0
1101.0
68.0
3.0
3.0
1.0
1.0
3.0
1.0
1.0
7.0
8.0
9.0
3948.0
51.0
2.0
3.0
2.0
217.0
4615.0
20.0
23.0
2.0
1.0
46.0
67.0
896.0
4.0
378.0
2.0
2.0
1.0
3.0
508.0
1.0
9.0
3.0
3.0
6.0
2.0
9321.0
1.0
4.0
64.0
8.0
1.0
10.0
3.0
37.0
1.0
1.0
14.0
41.0
884.0
19.0
9.0
1.0
1.0
555.0
1.0
13.0
586.0
1.0
1.0
2.0
23.0
7.0
3.0
1.0
3.0
2.0
2.0
19.0
7.0
1.0
1.0
1390.0
19.0
11.0
34.0
3.0
3.0
1.0
8.0
3.0
1208.0
7.0
1.0
2262.0
4.0
71.0
2.0
251.0
3.0
91.0
3.0
1.0
3.0
3.0
1.0
3.0
9.0
1.0
1.0
4.0
6.0
1.0
2094.0
6.0
95.0
2.0
5.0
2.0
19.0
46.0
1.0
203.0
1.0
3.0
275.0
28.0
1.0
1.0
1.0
7.0
1.0
4.0
4.0
1.0
6.0
1.0
1.0
21.0
8.0
3.0
2.0
8.0
3421.0
1.0
4.0
1.0
2.0
21.0
5.0
266.0
14.0
1.0
40.0
2.0
72.0
423.0
561.0
1.0
17.0
1.0
3.0
1.0
3.0
15.0
122.0
1.0
728.0
1.0
1.0
1.0
2.0
4.0
1.0
2.0
3.0
3.0
6.0
321.0
52.0
2.0
856.0
19.0
2.0
1.0
280.0
1.0
576.0
1.0
146.0
88.0
8.0
784.0
61.0
2.0
6.0
3.0
14.0
2.0
1.0
31.0
110.0
6.0
37.0
69.0
806.0
1.0
1.0
3.0
3.0
3.0
1.0
1.0
1.0
2.0
1.0
2.0
19.0
10.0
34.0
49.0
1.0
1.0
6.0
10.0
1.0
10.0
3.0
54.0
1.0
6.0
6.0
1.0
124.0
1.0
4.0
152.0
1.0
16.0
1.0
22.0
8.0
5.0
6.0
4.0
8.0
1.0
3.0
1.0
1.0
2.0
8.0
3.0
1.0
67.0
140.0
2.0
3.0
1.0
1.0
576.0
3.0
2.0
2.0
3.0
113.0
9.0
966.0
1.0
115.0
2.0
13.0
15.0
3.0
52.0
3.0
47.0
193.0
36.0
1.0
3.0
1.0
14.0
1.0
640.0
3.0
1.0
1.0
1.0
232.0
55.0
2.0
1.0
3.0
51.0
28.0
1.0
2.0
1.0
2.0
1.0
640.0
8.0
1.0
24.0
6.0
11.0
32.0
3.0
56.0
1.0
3.0
2.0
3.0
2.0
1.0
658.0
3.0
4994.0
9.0
3.0
4.0
1.0
313.0
1.0
74.0
1.0
2.0
6.0
119.0
1.0
1.0
101.0
3.0
298.0
6.0
3.0
32.0
21.0
1.0
55.0
5868.0
1.0
12.0
84.0
1.0
10.0
3.0
7.0
1.0
23.0
1.0
36.0
61.0
5.0
4.0
1.0
3.0
1.0
3.0
1.0
102.0
6.0
2.0
1.0
2.0
13.0
108.0
135.0
3.0
2.0
3.0
17.0
3.0
3.0
1.0
1.0
2.0
18.0
2.0
17.0
1.0
3.0
1.0
1.0
3.0
3.0
8.0
24.0
1651.0
1.0
992.0
1.0
9.0
2.0
1.0
4.0
1.0
20.0
8.0
1.0
74.0
1.0
3.0
25.0
3.0
45.0
74.0
1347.0
1.0
2.0
596.0
9.0
1.0
254.0
2.0
105.0
1.0
3234.0
22.0
7.0
3.0
9.0
49.0
6.0
21.0
3.0
2.0
1236.0
3.0
44.0
2.0
27.0
5.0
3.0
1.0
3.0
603.0
2454.0
6.0
897.0
1.0
207.0
3.0
87.0
3.0
1319.0
3.0
1368.0
1.0
1.0
12.0
3.0
3.0
1.0
313.0
11.0
91.0
1.0
1.0
4.0
1859.0
259.0
1.0
5.0
1.0
6.0
157.0
3.0
1.0
248.0
5.0
3.0
4.0
1.0
5.0
65.0
54.0
7.0
221.0
48.0
3.0
37.0
56.0
9.0
172.0
3.0
6.0
177.0
7.0
20.0
92.0
3.0
1.0
1.0
1.0
3.0
108.0
1.0
1.0
24.0
323.0
16.0
4.0
11.0
1.0
1.0
13.0
20.0
4.0
1.0
16.0
1.0
1.0
2627.0
3.0
2.0
4051.0
1.0
732.0
4.0
73.0
11.0
1.0
32.0
23.0
288.0
3.0
6.0
3.0
512.0
1.0
10.0
1.0
139.0
1.0
2.0
381.0
1.0
8.0
1.0
4.0
2.0
3.0
2.0
3.0
1.0
2.0
10.0
72.0
22.0
3.0
3229.0
1.0
6.0
1.0
288.0
1.0
5.0
1.0
2.0
3.0
2.0
98.0
2884.0
2.0
292.0
504.0
59.0
351.0
1.0
4.0
33.0
2.0
8.0
3.0
1.0
11.0
19.0
3.0
4.0
1.0
6.0
4.0
25.0
938.0
2.0
1.0
2.0
1665.0
1.0
3.0
2.0
3.0
66.0
1.0
1.0
2.0
2.0
36.0
1.0
50.0
1.0
17.0
73.0
118.0
3.0
55.0
1.0
1.0
568.0
3.0
292.0
1.0
125.0
3.0
1.0
131.0
6.0
55.0
3.0
190.0
1.0
10.0
516.0
5892.0
4.0
3.0
3.0
1.0
2.0
8.0
3.0
14.0
1912.0
302.0
1.0
3.0
3.0
3.0
3.0
3.0
592.0
1.0
3.0
18.0
1.0
24.0
3.0
45.0
371.0
234.0
182.0
16.0
729.0
56.0
12.0
1.0
2.0
119.0
9.0
3.0
1.0
3.0
62.0
1.0
60.0
3.0
1.0
3.0
3.0
1.0
167.0
9.0
19.0
1.0
611.0
1.0
1.0
1.0
3.0
3.0
30.0
104.0
8.0
475.0
1.0
1.0
1.0
4.0
1.0
3.0
624.0
2.0
129.0
5.0
991.0
1268.0
1.0
3.0
17.0
8.0
1.0
3.0
435.0
3.0
1.0
1032.0
1.0
3.0
1.0
264.0
175.0
2.0
240.0
1136.0
3.0
3.0
420.0
1152.0
1571.0
49.0
2415.0
4.0
3.0
3.0
106.0
727.0
3.0
2.0
2.0
89.0
9.0
38.0
1167.0
19.0
3.0
2.0
3.0
737.0
4.0
5.0
62.0
8.0
3.0
1.0
564.0
1.0
1.0
330.0
4.0
3.0
1.0
18.0
7.0
1.0
1.0
1226.0
7.0
1.0
1.0
1.0
1457.0
79.0
1785.0
200.0
1.0
3.0
217.0
9.0
1.0
3.0
1.0
115.0
3.0
5.0
22.0
5.0
4.0
421.0
2.0
3.0
18.0
1.0
3.0
199.0
3.0
8.0
6.0
1.0
1.0
95.0
1.0
11.0
7.0
19.0
1.0
2.0
150.0
19.0
159.0
1.0
20.0
2.0
1.0
3.0
21.0
999.0
373.0
19.0
72.0
2.0
17.0
4.0
120.0
55.0
1.0
1.0
7.0
356.0
2.0
41560.0
8.0
65.0
3.0
377.0
3.0
1.0
400.0
83.0
3.0
1.0
351.0
1798.0
1.0
4.0
344.0
8.0
2.0
3.0
9.0
4.0
1.0
14.0
2.0
1.0
3.0
2.0
34.0
3.0
303.0
1.0
2.0
1.0
2.0
351.0
15.0
1345.0
3.0
643.0
389.0
146.0
1.0
1.0
1.0
2.0
4.0
9.0
135.0
2.0
117.0
4.0
2.0
903.0
1.0
1.0
338.0
1.0
1502.0
3.0
1.0
13.0
1.0
1986.0
1.0
961.0
16.0
84.0
1.0
50.0
138.0
1.0
3.0
14.0
1.0
8.0
119.0
3.0
5.0
1.0
2.0
1.0
4.0
15.0
388.0
1.0
11645.0
5.0
19.0
658.0
146.0
60.0
3.0
23.0
1.0
1.0
1.0
3.0
942.0
1.0
3512.0
40.0
1.0
3.0
5.0
3.0
5.0
1.0
3.0
58.0
3.0
64.0
2.0
6.0
1.0
2358.0
1.0
3.0
1.0
6.0
4406.0
3.0
1.0
122.0
5.0
12.0
523.0
2.0
1.0
1.0
4.0
15.0
1.0
3.0
13.0
89.0
1457.0
1.0
97.0
1.0
145.0
6.0
171.0
10.0
1.0
8.0
1.0
2.0
351.0
1.0
5.0
9.0
4.0
1.0
2.0
1.0
31.0
2.0
3.0
2.0
1.0
1821.0
3.0
9.0
577.0
1.0
1.0
74.0
9.0
5.0
1.0
1497.0
109.0
92.0
19.0
1.0
21.0
3.0
1.0
1.0
1.0
1.0
116.0
30.0
1.0
4.0
5.0
3.0
3.0
57.0
24.0
1.0
8.0
31.0
6.0
1.0
24.0
17973.0
31.0
21.0
1.0
1610.0
17.0
765.0
42.0
397.0
6.0
91.0
1.0
9.0
1.0
2.0
1.0
21.0
14.0
4.0
2.0
17.0
1.0
1.0
12.0
12.0
1.0
1.0
1.0
411.0
1.0
1.0
1.0
1.0
3.0
1.0
1.0
10.0
17.0
3.0
1.0
1.0
2.0
143.0
171.0
8.0
22.0
3.0
216.0
19.0
1.0
16.0
1.0
3.0
7.0
457.0
21.0
9.0
1.0
23.0
6.0
22.0
3.0
1.0
6.0
1.0
1.0
15.0
1.0
3.0
2.0
1.0
771.0
41.0
1.0
1.0
1.0
7.0
1.0
3.0
1.0
26.0
1.0
507.0
5.0
122.0
25.0
1950.0
8.0
28.0
3.0
1.0
3.0
1691.0
1158.0
34.0
2.0
1.0
10.0
1.0
2.0
389.0
103.0
52.0
4.0
3.0
1.0
4.0
1.0
2.0
578.0
1.0
4.0
21.0
8.0
3.0
3.0
1.0
116.0
725.0
1.0
22.0
2.0
288.0
42.0
538.0
24.0
8.0
764.0
1.0
298.0
1.0
15.0
1.0
2.0
4.0
1.0
1.0
2.0
43.0
149.0
6.0
75.0
1.0
9.0
9.0
1.0
6.0
38.0
1.0
5.0
15.0
45.0
18.0
3.0
4.0
14.0
1.0
24.0
2.0
259.0
1.0
8.0
15.0
4.0
1.0
2.0
1.0
887.0
2.0
3.0
1.0
11.0
1.0
50.0
3.0
99.0
3.0
129.0
5.0
195.0
21.0
6.0
1.0
3.0
5.0
47.0
27.0
3.0
22191.0
1.0
2.0
3.0
2.0
30.0
1.0
281.0
9.0
2.0
7.0
3.0
6.0
1.0
5.0
2.0
4.0
1018.0
10.0
19.0
5.0
3.0
248.0
11.0
2.0
1.0
14.0
1.0
69.0
1.0
103.0
57.0
2.0
15.0
9.0
1.0
43.0
12.0
8.0
96.0
6.0
303.0
3.0
20.0
1.0
4.0
1.0
1.0
42.0
1.0
5.0
845.0
1310.0
1.0
4.0
2.0
47.0
3.0
3.0
932.0
7.0
6.0
1.0
83.0
5.0
84.0
5.0
1.0
38.0
2.0
3.0
15.0
638.0
871.0
3.0
11.0
1.0
4.0
4.0
34.0
11.0
1.0
2.0
1.0
2.0
9.0
1.0
1.0
74.0
1.0
1.0
40.0
1.0
2.0
3.0
1.0
1.0
36.0
49.0
3.0
4.0
1.0
13.0
3.0
153.0
17.0
394.0
48.0
2.0
2.0
1.0
21.0
2.0
3.0
108.0
19.0
7.0
9.0
555.0
65.0
3.0
78.0
172.0
10397.0
8.0
4.0
2.0
9.0
2.0
2.0
6.0
1.0
1.0
7.0
2.0
1.0
1.0
1.0
1.0
3.0
1018.0
2.0
9.0
3.0
4.0
2805.0
14.0
372.0
4.0
3.0
65.0
1.0
1490.0
65.0
813.0
6.0
1.0
15.0
1.0
80.0
1.0
9.0
3.0
3.0
3.0
4351.0
138.0
3.0
1.0
825.0
59.0
14.0
15.0
7.0
3.0
3652.0
1.0
1.0
38.0
2.0
1.0
97.0
1.0
16.0
14.0
1.0
1371.0
415.0
17.0
67.0
32.0
3.0
1.0
13.0
10.0
1.0
1.0
3.0
207.0
1.0
1004.0
52.0
102.0
445.0
1.0
6.0
18.0
7.0
3.0
10.0
1.0
3.0
1.0
1.0
14.0
157.0
23.0
6.0
3.0
3.0
3.0
823.0
1.0
1.0
2.0
3.0
3.0
75.0
70.0
1.0
2.0
1.0
2.0
1443.0
1.0
2.0
1.0
1.0
22.0
3.0
1.0
2.0
1.0
4.0
20.0
1.0
2.0
46.0
603.0
6.0
490.0
3.0
262.0
1.0
2.0
13.0
1634.0
1.0
1.0
3.0
92.0
1.0
48.0
3.0
3.0
359.0
2.0
1.0
18.0
6.0
1.0
1.0
40.0
1.0
3.0
3.0
6.0
3.0
65.0
276.0
3.0
7.0
1.0
125.0
4.0
1.0
1.0
263.0
2.0
3.0
452.0
3.0
4.0
80.0
6.0
18.0
21.0
60.0
364.0
1.0
3.0
1945.0
1.0
240.0
23.0
2.0
1.0
1028.0
102.0
97.0
13.0
16.0
10.0
3.0
142.0
4.0
9.0
3.0
3.0
85.0
100.0
1.0
1.0
4.0
3.0
7.0
2.0
1.0
2506.0
1.0
5.0
154.0
3.0
5.0
3.0
2539.0
6.0
242.0
91.0
1.0
2.0
2.0
1.0
4.0
8.0
422.0
73.0
1.0
583.0
7.0
9.0
47.0
3228.0
1.0
1.0
1.0
5.0
1.0
3.0
4.0
6.0
5.0
75.0
6.0
3.0
871.0
1.0
115.0
10.0
1.0
1.0
1.0
3.0
2.0
1.0
16.0
3.0
19.0
2.0
19.0
33.0
4.0
3.0
329.0
1.0
2.0
3.0
1.0
1.0
3.0
19.0
5.0
2.0
2.0
3.0
1.0
1.0
1.0
14.0
4.0
165.0
36.0
9.0
2.0
1.0
15.0
1.0
43.0
1.0
12.0
111.0
1.0
1.0
8.0
1.0
1.0
16.0
4.0
3.0
9.0
2429.0
2.0
4.0
6.0
3.0
10.0
3.0
3.0
176.0
2.0
33.0
1.0
79.0
1.0
3.0
3.0
1.0
8675.0
9.0
1.0
2.0
1018.0
1.0
7.0
3.0
2.0
491.0
1.0
3.0
5.0
3.0
27.0
4.0
36.0
2.0
1.0
460.0
3.0
25.0
3.0
562.0
372.0
8.0
3.0
4.0
76.0
1.0
1.0
3.0
40.0
17.0
6.0
71.0
15.0
3.0
348.0
1.0
3.0
8.0
477.0
9.0
3.0
1.0
128.0
2.0
6.0
1.0
22.0
4.0
2.0
129.0
4.0
2.0
2.0
10.0
3.0
3.0
1.0
3.0
1.0
146.0
552.0
130.0
3.0
3.0
1.0
2.0
3.0
1.0
1.0
3.0
9.0
3.0
1.0
395.0
10.0
3.0
3.0
1.0
1.0
2.0
3.0
7.0
36.0
223.0
10.0
10.0
9.0
2.0
1.0
7.0
1.0
6.0
3.0
13.0
159.0
85.0
3.0
149.0
596.0
3.0
9.0
3.0
7.0
3.0
1.0
7.0
2.0
1.0
12.0
26.0
10.0
14.0
100.0
472.0
1.0
1.0
1.0
215.0
2.0
134.0
3.0
1.0
3.0
2.0
6.0
1.0
1.0
4.0
2.0
3.0
12.0
3.0
1.0
15.0
3200.0
2.0
3.0
1.0
1.0
3.0
78.0
7.0
286.0
90.0
22.0
292.0
22.0
814.0
1.0
40.0
7.0
3440.0
2.0
2.0
33.0
1.0
1.0
3689.0
125.0
1.0
51.0
789.0
1.0
3.0
4.0
1.0
1.0
18.0
3.0
14.0
1.0
1.0
351.0
1.0
3001.0
1658.0
24.0
35.0
2.0
3.0
6.0
3.0
116.0
1.0
282.0
1.0
6.0
12.0
292.0
23.0
17.0
65.0
543.0
3.0
1.0
33.0
3.0
1.0
539.0
95.0
195.0
3.0
2.0
19.0
1.0
4.0
87.0
675.0
19.0
1.0
3454.0
38.0
49.0
1.0
1.0
1.0
4.0
3.0
3.0
8.0
3.0
2.0
6.0
26.0
11.0
4140.0
23.0
7.0
1.0
3.0
4.0
2.0
54.0
1.0
39.0
1.0
1.0
4045.0
9.0
2.0
180.0
14342.0
1.0
24.0
2.0
1.0
1.0
101.0
1.0
4.0
1.0
16.0
5.0
3.0
4.0
1.0
3.0
1.0
17.0
2.0
410.0
143.0
574.0
1.0
3.0
357.0
1.0
1.0
889.0
1.0
5.0
1.0
1.0
31.0
9.0
3.0
1.0
1.0
2321.0
3.0
507.0
286.0
3.0
1.0
19.0
10.0
1.0
2.0
38.0
1.0
32.0
12.0
63.0
34.0
3.0
1.0
1.0
4.0
2.0
2.0
5.0
35.0
9.0
1.0
1703.0
382.0
2.0
6.0
28.0
11.0
1.0
3.0
3.0
11.0
1.0
2.0
960.0
1515.0
22.0
818.0
2.0
1.0
9.0
111.0
14.0
3.0
1.0
3.0
4.0
6.0
2.0
2.0
2.0
3.0
4.0
5.0
1.0
37.0
3.0
100.0
7.0
1.0
8.0
3.0
1.0
292.0
3.0
2041.0
3.0
1.0
23.0
6.0
1.0
330.0
1.0
1.0
3.0
1.0
3.0
990.0
57.0
24.0
13.0
10834.0
6.0
1.0
9.0
22.0
1.0
1.0
4.0
42.0
1140.0
30.0
763.0
380.0
1191.0
4.0
1.0
26.0
1.0
7.0
33.0
1.0
357.0
14.0
288.0
1.0
53.0
1.0
325.0
289.0
2.0
3.0
1.0
1.0
1.0
1.0
1.0
1.0
991.0
31.0
1.0
2.0
3.0
1.0
5.0
30.0
30.0
5.0
1638.0
3.0
1.0
232.0
587.0
53213.0
3527.0
2.0
1.0
6.0
11.0
60.0
45.0
292.0
3.0
309.0
1.0
1.0
1.0
3.0
3.0
1.0
16.0
288.0
19.0
1.0
114.0
8.0
1.0
22.0
1094.0
2.0
1.0
1.0
3.0
4.0
1.0
5.0
3.0
3.0
1.0
148.0
231.0
1.0
1.0
1.0
1.0
389.0
1.0
1.0
4.0
1.0
1.0
5.0
2.0
18.0
21.0
334.0
3.0
158.0
10.0
1.0
180.0
24.0
4.0
9.0
4.0
40.0
69285.0
2.0
64.0
1.0
49.0
4.0
10.0
3.0
97.0
1.0
1.0
3.0
3.0
1.0
1.0
7.0
1058.0
17.0
313.0
6.0
17.0
106.0
3.0
510.0
27.0
1.0
60.0
5.0
961.0
4.0
1.0
2.0
6.0
124.0
2.0
1.0
43.0
691.0
5.0
3.0
2.0
471.0
3.0
1.0
1.0
1.0
1.0
21.0
23.0
1.0
223.0
2.0
7.0
3.0
1.0
2.0
3.0
3.0
1.0
92.0
1.0
2.0
11.0
1.0
1.0
5.0
21.0
1.0
5.0
3.0
3.0
1.0
2.0
235.0
1.0
3.0
1.0
961.0
638.0
1.0
1.0
3.0
3.0
3.0
3.0
1.0
6.0
1.0
4.0
2.0
2.0
3.0
10.0
3.0
113.0
1.0
7.0
358.0
2.0
3.0
443.0
33.0
1.0
17.0
4.0
351.0
3.0
323.0
2.0
1.0
7.0
1.0
2.0
278.0
13.0
1.0
1.0
1.0
1.0
1.0
3.0
3.0
62.0
2.0
53.0
13.0
19.0
9.0
1.0
924.0
3.0
1.0
128.0
5.0
3.0
11.0
7.0
1.0
1432.0
1.0
24.0
28.0
2.0
1.0
4.0
8.0
53.0
2.0
140.0
111.0
14.0
2.0
409.0
3.0
1.0
3.0
19.0
9.0
1.0
1.0
2.0
293.0
1.0
4.0
1249.0
6.0
221.0
61.0
351.0
21.0
4.0
3.0
2.0
3.0
34.0
2.0
3.0
1.0
1.0
2.0
47.0
11.0
3.0
7.0
10.0
16.0
1.0
255.0
2021.0
40.0
6.0
1.0
94538.0
89.0
1.0
24.0
1.0
14189.0
1.0
29.0
3.0
99.0
18.0
20.0
12.0
1.0
7.0
11.0
2.0
1426.0
1.0
3.0
2114.0
4.0
2.0
22.0
3.0
8.0
1.0
5707.0
1.0
400.0
237.0
1.0
1.0
3.0
24.0
2.0
20.0
1.0
2.0
674.0
142.0
22.0
1.0
3.0
7.0
1018.0
166.0
2.0
22.0
19.0
1.0
1.0
1.0
1.0
1169.0
18.0
1.0
864.0
1.0
1.0
2.0
2.0
1.0
2.0
1.0
3.0
15.0
24.0
2.0
18.0
1.0
1301.0
1075.0
1.0
1.0
14385.0
1103.0
1.0
2.0
30.0
2.0
1.0
3.0
58.0
72.0
3.0
1.0
2.0
4.0
312.0
3.0
3.0
119.0
1.0
3.0
2.0
367.0
11.0
271.0
64.0
1659.0
1.0
1.0
6.0
21.0
1.0
3.0
2.0
3.0
5.0
5.0
2.0
351.0
3.0
4.0
10.0
3.0
24.0
2.0
1.0
3.0
1.0
4.0
6.0
4.0
1.0
300.0
2.0
1.0
10.0
3.0
1.0
7.0
9.0
5.0
1.0
69.0
18.0
7.0
13600.0
525.0
2824.0
8.0
1.0
2.0
76.0
46.0
3.0
9.0
55.0
8.0
9.0
59.0
2.0
1.0
1.0
14.0
3.0
1016.0
1.0
4.0
17.0
1.0
1.0
1.0
1.0
39.0
3.0
7.0
5.0
22.0
89.0
43.0
1.0
4.0
3.0
4.0
4.0
21.0
19.0
1.0
7.0
3.0
1.0
2.0
1.0
4.0
215.0
113.0
1.0
965.0
2996.0
3.0
2.0
3.0
7.0
8.0
5.0
59.0
8.0
5.0
3.0
3.0
3.0
1.0
10.0
19.0
1.0
1.0
1.0
3.0
11.0
4.0
1.0
1.0
606.0
1.0
1.0
1.0
49.0
3.0
3.0
1.0
8.0
41.0
10.0
4.0
11.0
1.0
21.0
3.0
3.0
1.0
2.0
1.0
100.0
1.0
2.0
4.0
5.0
1.0
6.0
65.0
6.0
2.0
1.0
10.0
3.0
866.0
1.0
1066.0
28.0
347.0
28.0
3.0
1.0
2.0
364.0
2.0
2.0
1.0
3.0
3.0
57.0
34.0
363.0
1.0
5.0
31.0
19.0
5.0
3.0
516.0
6.0
19.0
125.0
1.0
152.0
3.0
570.0
1.0
248.0
1001.0
11.0
2.0
81.0
1.0
1.0
3.0
1.0
3.0
2.0
3.0
404.0
2.0
3.0
52.0
8.0
36.0
9.0
2.0
3015.0
143.0
2.0
1.0
46.0
1.0
1.0
1.0
101.0
2.0
5.0
2.0
24.0
24.0
4.0
288.0
32.0
3.0
3.0
1.0
6.0
5.0
33.0
3.0
96.0
5.0
3.0
15.0
3.0
3.0
1.0
359.0
65.0
3.0
1.0
1.0
7.0
591.0
1139.0
1.0
1.0
1.0
203.0
2.0
341.0
516.0
1.0
797.0
34.0
24.0
1.0
8.0
2.0
3.0
12.0
1.0
1.0
2.0
1.0
36.0
288.0
30.0
1.0
1.0
1.0
2.0
1.0
3.0
1.0
2.0
3.0
1.0
1.0
65.0
4.0
16.0
3.0
400.0
3.0
104.0
1.0
1.0
313.0
1631.0
271.0
2.0
713.0
292.0
1.0
75.0
164.0
2.0
1.0
2.0
489.0
1.0
11.0
2.0
2.0
63.0
3.0
1.0
3.0
7.0
55.0
3.0
614.0
1.0
53.0
7.0
2.0
3.0
2.0
201.0
20.0
29.0
216.0
1.0
26.0
302.0
1.0
9.0
10.0
50.0
29.0
372.0
3.0
1.0
5.0
1.0
3.0
1496.0
3.0
67.0
33.0
4.0
1.0
160.0
1.0
10826.0
6.0
9.0
20.0
14.0
10.0
1.0
3.0
22.0
6.0
1.0
3.0
1.0
1.0
1.0
282.0
1.0
237.0
1.0
1.0
1.0
1.0
3.0
4.0
1.0
6.0
3.0
313.0
8.0
4.0
17.0
1.0
55.0
3.0
1.0
3.0
43.0
1.0
36.0
4.0
3.0
70.0
1.0
3.0
9.0
3.0
76.0
799.0
13.0
1.0
183.0
1.0
70.0
47.0
5.0
1755.0
2.0
2.0
23.0
24.0
1.0
695.0
1.0
3366.0
1.0
21.0
23.0
1.0
10.0
14.0
6.0
1.0
17.0
131.0
12.0
47.0
7.0
1.0
1.0
1.0
4.0
65.0
4741.0
78.0
3.0
7.0
40.0
3.0
24.0
1.0
354.0
5620.0
3.0
3.0
873.0
3.0
3.0
4.0
95.0
565.0
85.0
1.0
1.0
1292.0
8.0
1.0
4.0
31.0
2.0
1.0
3.0
168.0
3.0
288.0
27.0
5493.0
2.0
4.0
3.0
1073.0
13.0
32.0
4.0
20.0
3.0
1.0
4.0
2564.0
1.0
5.0
25.0
1.0
94.0
1.0
1.0
81296.0
3.0
3.0
6.0
2.0
1.0
1.0
7.0
26.0
9.0
1.0
107.0
3.0
12.0
1.0
611.0
72.0
17.0
19.0
3.0
24.0
106.0
1.0
3.0
1.0
731.0
79.0
6.0
4788.0
1.0
1.0
2.0
9.0
9.0
73.0
59.0
3.0
1.0
1158.0
697.0
1.0
1.0
19.0
3.0
2.0
3.0
1061.0
3.0
1.0
3.0
3.0
1.0
3.0
3.0
3.0
675.0
5.0
3.0
4.0
1.0
2.0
177.0
1.0
8.0
2.0
5946.0
2.0
3.0
21.0
1.0
24.0
1.0
13.0
86.0
7.0
28.0
71.0
213.0
4.0
1.0
3.0
3.0
16.0
3.0
3.0
42.0
3.0
1.0
6.0
2.0
1.0
109.0
2.0
5.0
472.0
3.0
103.0
19.0
2.0
6.0
3.0
19.0
43.0
3.0
866.0
165.0
1.0
933.0
9.0
28.0
9.0
3872.0
4.0
4.0
1.0
1.0
7.0
110.0
1.0
1.0
4.0
5.0
1.0
8.0
3.0
1.0
11.0
14.0
4.0
4.0
1.0
1.0
451.0
2.0
3.0
71.0
60.0
1.0
1.0
1.0
13.0
5.0
1.0
177.0
15.0
84.0
13.0
3.0
4.0
1225.0
1.0
193.0
928.0
46.0
441.0
1.0
2.0
288.0
4.0
1.0
364.0
3.0
25.0
1.0
65.0
4.0
5.0
282.0
1.0
3.0
20.0
3.0
282.0
1.0
4.0
2.0
3.0
1.0
17.0
5.0
1.0
4.0
3.0
1.0
7358.0
1.0
1.0
1010.0
85.0
8.0
46.0
24.0
24.0
6.0
2482.0
1.0
3.0
3.0
3.0
2.0
3.0
17.0
3.0
1116.0
26.0
92.0
40.0
96.0
23.0
3.0
1306.0
1.0
681.0
3.0
1.0
2.0
1.0
6.0
3.0
1.0
260.0
7.0
3.0
2186.0
7.0
540.0
2.0
3.0
2.0
9.0
2.0
3.0
2.0
17.0
2.0
4.0
434.0
7.0
3.0
14.0
1.0
83.0
1.0
1.0
41.0
1.0
2.0
5.0
44.0
2.0
1.0
20.0
3205.0
716.0
4.0
6.0
19.0
3.0
3.0
3.0
3.0
3.0
1.0
287.0
1.0
1.0
1.0
1.0
2.0
2.0
257.0
113.0
11612.0
3.0
1.0
845.0
17.0
26.0
2.0
5.0
1.0
555.0
2.0
89.0
1.0
256.0
1.0
1.0
134.0
22.0
1.0
1.0
7.0
7.0
1.0
1.0
21.0
77.0
3.0
4.0
930.0
1.0
1.0
6.0
12.0
38.0
2.0
1.0
1.0
1401.0
1.0
1.0
1.0
444.0
1.0
26.0
1.0
326.0
1002.0
1152.0
249.0
1.0
11.0
66.0
1.0
10.0
4.0
20.0
32.0
1.0
15.0
1.0
1.0
1.0
12.0
1.0
4.0
12.0
1.0
1.0
6.0
1.0
12.0
790.0
2465.0
2.0
24.0
1.0
3.0
3.0
530.0
1.0
1.0
1.0
1.0
596.0
33.0
3.0
5573.0
2.0
3.0
1.0
8.0
299.0
12.0
431.0
1.0
1.0
3.0
120.0
1.0
2.0
3.0
1.0
282.0
4215.0
4.0
5.0
172.0
2.0
677.0
19076.0
4.0
22.0
9367.0
3.0
117.0
2.0
3416.0
1.0
3.0
2.0
3.0
1.0
519.0
1.0
25.0
3.0
1.0
3.0
22.0
11.0
2.0
1.0
2.0
3.0
36.0
771.0
1.0
2.0
1.0
1.0
365.0
6.0
12.0
5.0
7.0
8.0
10.0
2.0
1.0
30.0
684.0
66.0
4.0
7.0
8.0
1.0
3.0
1.0
3.0
65.0
4.0
3.0
1.0
3.0
61.0
1.0
1.0
1.0
12.0
6.0
66.0
338.0
67.0
1.0
3.0
34.0
1.0
1.0
28.0
3.0
2.0
7.0
1.0
9.0
1.0
1.0
621.0
4.0
16.0
1.0
13.0
975.0
2.0
3.0
3.0
19.0
1.0
65.0
1.0
5.0
7.0
2.0
4.0
47.0
101.0
33.0
1230.0
3.0
3.0
17.0
2.0
541.0
9.0
84.0
3.0
1.0
3.0
10.0
114.0
4.0
2.0
14189.0
384.0
22.0
17.0
42.0
3.0
9.0
3.0
22.0
19.0
105.0
1.0
457.0
22.0
2.0
3.0
8.0
3.0
829.0
3.0
3.0
31.0
16.0
3.0
8.0
129.0
5.0
2290.0
5.0
16.0
120.0
2.0
24.0
5.0
7.0
5.0
2.0
1.0
5.0
1.0
357.0
8.0
1.0
22.0
1.0
55.0
3.0
1.0
1.0
20.0
2.0
9.0
1.0
505.0
141.0
2.0
1.0
4.0
1484.0
223.0
16.0
4.0
431.0
15.0
56.0
3.0
2.0
3.0
8.0
67.0
4.0
5.0
14.0
1.0
8.0
8.0
3.0
103.0
2.0
1.0
3.0
2.0
4.0
3.0
1.0
3.0
15.0
2.0
9.0
1.0
1021.0
12.0
1.0
518.0
4.0
1.0
835.0
63.0
1.0
17.0
1.0
1.0
14.0
8.0
347.0
2.0
1.0
4.0
9.0
39.0
5.0
1.0
30.0
153.0
3.0
8.0
476.0
3.0
29.0
847.0
3306.0
1.0
39.0
11.0
1.0
3222.0
1.0
9.0
4.0
176.0
1.0
2163.0
1.0
1370.0
8.0
16.0
9.0
1.0
108.0
2.0
905.0
8.0
697.0
3.0
2.0
502.0
1.0
2.0
2.0
18.0
78.0
3.0
1997.0
1770.0
5.0
141.0
1.0
1.0
3749.0
3.0
2.0
5.0
7.0
3.0
1.0
2.0
1.0
7.0
16.0
1.0
189.0
5.0
1052.0
34.0
122.0
1.0
825.0
1.0
1.0
961.0
445.0
3.0
1.0
8.0
14.0
1.0
1.0
307.0
2.0
117.0
3.0
5.0
1.0
67.0
1.0
3.0
3.0
5.0
429.0
1.0
1.0
16.0
1147.0
1.0
2.0
2.0
5.0
863.0
1.0
96.0
1.0
132.0
67.0
1.0
2.0
1.0
1.0
1.0
1.0
2.0
1.0
1.0
848.0
8.0
3.0
3.0
30905.0
1.0
24.0
1018.0
1.0
338.0
1.0
9.0
1.0
1.0
4.0
4.0
7.0
12.0
120.0
1.0
7.0
9.0
46.0
1938.0
3.0
7.0
1.0
3.0
21.0
30.0
1.0
2.0
60.0
3.0
3.0
50.0
1.0
2.0
1.0
1.0
211.0
45.0
1.0
28.0
3.0
2.0
46.0
1.0
5.0
34.0
3.0
4.0
3.0
1.0
1.0
3.0
8.0
2870.0
1.0
102.0
22.0
2.0
3.0
2.0
36.0
52.0
274.0
404.0
8.0
1.0
10.0
61.0
1.0
9.0
2.0
18.0
11.0
2.0
2006.0
9910.0
1.0
1.0
44.0
1.0
16.0
4.0
3.0
8.0
1.0
3.0
640.0
4248.0
82.0
1.0
3.0
3.0
4.0
2.0
15.0
2.0
2.0
1.0
8.0
5.0
112.0
1.0
1.0
1.0
3.0
1.0
3.0
1.0
1354.0
9.0
2.0
3.0
3.0
3.0
39.0
4.0
3513.0
120.0
1.0
1.0
2.0
131.0
55.0
351.0
18.0
717.0
3.0
651.0
1618.0
141.0
1.0
1.0
17.0
377.0
530.0
3.0
583.0
3.0
1.0
1.0
2.0
8.0
426.0
2.0
3.0
16.0
1.0
18.0
1.0
1.0
65.0
1.0
236.0
3.0
2.0
11.0
3.0
1.0
2.0
2301.0
17.0
1.0
71.0
1.0
69.0
9.0
3367.0
1180.0
3.0
241.0
1.0
3.0
313.0
295.0
36.0
49.0
1.0
1.0
9.0
1.0
147.0
1.0
9.0
13.0
373.0
4.0
69.0
3.0
2.0
10.0
1.0
1.0
112.0
1.0
4.0
3.0
4.0
70.0
1.0
1.0
3.0
2030.0
1.0
1.0
3.0
1.0
5.0
17.0
161.0
3745.0
3.0
24.0
1.0
11.0
1.0
111.0
2.0
245.0
139.0
2.0
1.0
4.0
64.0
735.0
6.0
1.0
110.0
3.0
1229.0
24.0
45.0
1.0
1.0
128.0
1.0
1.0
18.0
299.0
3.0
17.0
3.0
596.0
1.0
3.0
11.0
554.0
991.0
1265.0
3.0
8.0
3.0
10.0
19.0
1.0
6.0
288.0
4.0
46.0
2.0
4.0
6.0
1.0
37.0
65.0
19.0
1.0
2.0
107.0
9.0
1.0
44.0
1.0
1.0
992.0
8.0
2.0
7.0
3.0
8.0
596.0
312.0
3.0
1.0
87.0
26.0
7.0
5.0
44.0
1.0
3.0
1.0
3.0
10.0
3.0
1340.0
544.0
1.0
326.0
744.0
1.0
1.0
254.0
3.0
5.0
1.0
1.0
2.0
4.0
3.0
2.0
57.0
5.0
13.0
13.0
132.0
1.0
5.0
3.0
2.0
1.0
171.0
5.0
2.0
108.0
1.0
2.0
5.0
1.0
1.0
4.0
12.0
1.0
124.0
8.0
449.0
739.0
1.0
52.0
8.0
3.0
2.0
2.0
29.0
1.0
386.0
28.0
641.0
186.0
18.0
9.0
24.0
5.0
11.0
9.0
1.0
3.0
1.0
1.0
15.0
3.0
2.0
4.0
4.0
246.0
14385.0
2.0
17.0
4.0
3.0
19.0
134.0
3.0
557.0
37.0
845.0
3.0
1.0
3.0
3.0
368.0
1.0
2.0
2.0
1.0
46.0
1.0
2.0
614.0
1.0
1.0
1.0
73.0
1.0
8.0
1.0
4.0
972.0
1.0
1.0
3.0
2.0
1.0
18.0
1.0
717.0
58.0
1.0
109.0
474.0
2.0
1.0
2.0
1.0
5.0
1.0
7.0
1.0
3.0
36.0
2.0
4.0
1.0
781.0
17.0
1.0
1.0
1.0
1.0
15.0
2.0
8.0
1.0
2.0
2006.0
3.0
2.0
3.0
308.0
3.0
1731.0
67.0
3.0
446.0
4.0
2.0
3.0
110.0
4.0
236.0
1.0
10.0
24.0
323.0
1.0
56.0
1.0
18.0
1.0
2.0
2.0
2.0
1.0
1.0
2267.0
2.0
1230.0
3.0
3.0
3.0
1.0
3.0
16.0
70.0
4.0
187.0
182.0
1.0
65.0
2.0
2.0
4.0
1.0
1.0
4.0
3.0
1.0
4.0
335.0
290.0
227.0
20.0
4.0
1.0
65.0
19.0
2.0
18.0
3.0
37.0
4.0
1379.0
19.0
64.0
291.0
17.0
1.0
193.0
3.0
3.0
1.0
3.0
5.0
6143.0
4.0
4.0
14385.0
2.0
55.0
2.0
8.0
2.0
9.0
1.0
46.0
4.0
2.0
2.0
1.0
1.0
9.0
3.0
8.0
1.0
58.0
4.0
3.0
4.0
3.0
8.0
11.0
50.0
13.0
870.0
4.0
643.0
541.0
4.0
101.0
46.0
1.0
2.0
3.0
217.0
3.0
6.0
1.0
2.0
1108.0
15.0
1.0
10.0
1.0
1.0
9.0
373.0
707.0
86.0
3.0
80.0
3.0
23.0
54.0
1.0
2.0
3229.0
3131.0
3.0
2.0
8.0
1340.0
3.0
11.0
697.0
2.0
1.0
5.0
151.0
155.0
3.0
3.0
1.0
55.0
2.0
1.0
4.0
1.0
51.0
770.0
10.0
1.0
1.0
3122.0
6.0
2.0
4.0
1.0
1.0
127.0
2.0
1.0
10.0
4.0
3.0
115.0
1.0
3.0
612.0
29.0
343.0
43.0
1.0
1.0
3.0
2.0
3.0
102.0
208.0
900.0
1.0
3.0
181.0
14.0
304.0
1.0
16480.0
3.0
1.0
1.0
1.0
1.0
9.0
15.0
1536.0
1.0
2.0
1.0
47.0
5.0
1.0
685.0
11.0
3.0
1.0
1.0
1.0
13.0
477.0
2.0
3.0
17.0
8.0
18.0
14385.0
3.0
17.0
4.0
2.0
3.0
3.0
277.0
4.0
3.0
4.0
1.0
3.0
1.0
2.0
254.0
16.0
1.0
4.0
75.0
1.0
1.0
351.0
3.0
4.0
1.0
1.0
14.0
183.0
1.0
8.0
1.0
1490.0
1.0
1.0
1.0
20.0
222.0
3.0
3.0
10.0
3.0
9.0
1.0
219.0
8.0
1.0
3.0
1052.0
1.0
879.0
3.0
3.0
17189.0
122.0
4.0
3.0
10.0
8.0
1.0
12.0
6.0
4.0
3.0
3.0
218.0
7.0
1094.0
1.0
860.0
36.0
3.0
2.0
101.0
7.0
11.0
7.0
1.0
18.0
5.0
5.0
6.0
106.0
1.0
477.0
4.0
1.0
4067.0
1.0
119.0
540.0
4.0
296.0
8.0
1018.0
3.0
1.0
3.0
3.0
1.0
6.0
1.0
975.0
19.0
4.0
4.0
12.0
47.0
3.0
2.0
3.0
3.0
351.0
3.0
1.0
79.0
1.0
2.0
1.0
2.0
9.0
3.0
6.0
590.0
2.0
96.0
1.0
1.0
1.0
3.0
14.0
1.0
57.0
10.0
2.0
18.0
2.0
631.0
22.0
1.0
4.0
328.0
5.0
16.0
9.0
3.0
1.0
1.0
5.0
1929.0
109.0
73.0
8.0
3.0
2.0
4.0
476.0
2.0
6.0
533.0
10.0
4.0
1.0
1.0
3.0
20.0
2.0
1.0
3.0
54.0
1.0
8.0
112.0
7.0
1.0
2.0
119.0
3.0
2.0
1.0
1.0
3.0
1.0
517.0
3.0
4.0
119.0
68.0
90.0
3.0
492.0
8.0
11.0
31.0
6.0
3.0
2.0
3.0
2.0
10.0
19.0
1.0
3.0
282.0
82.0
3.0
1.0
52.0
1.0
14.0
1.0
2.0
2.0
4.0
1.0
3.0
1.0
674.0
1.0
2040.0
1.0
1.0
1.0
1.0
81.0
2.0
46.0
1.0
2.0
119.0
1.0
3531.0
3.0
1.0
12.0
32.0
6.0
54.0
1.0
1.0
2.0
10.0
24.0
1.0
3.0
10.0
2.0
15.0
3.0
3.0
23.0
6.0
10.0
292.0
1.0
4.0
144.0
51.0
4.0
5.0
181.0
171.0
1.0
6.0
70.0
24.0
1.0
9.0
37.0
19.0
406.0
1.0
86.0
2.0
1191.0
109.0
1.0
1.0
213.0
28.0
109.0
5.0
3.0
846.0
3.0
8.0
14385.0
1042.0
2.0
2.0
3.0
1.0
1.0
5.0
153.0
1.0
2.0
7.0
1900.0
1.0
11.0
19.0
584.0
1.0
6746.0
5.0
1.0
12.0
3.0
1.0
3.0
20.0
9.0
394.0
2.0
1.0
2.0
1.0
1.0
1.0
8.0
1.0
8.0
2.0
4.0
4.0
2.0
1.0
1.0
1.0
1.0
7.0
14.0
193.0
1.0
3.0
2.0
60.0
4.0
1.0
3.0
10.0
3.0
2.0
8.0
1.0
2.0
8.0
18.0
3.0
4153.0
1.0
2.0
296.0
3.0
1.0
1.0
4920.0
4.0
3.0
2.0
262.0
2.0
74.0
2.0
9.0
2.0
3.0
2.0
1.0
1.0
1040.0
1.0
1.0
1.0
19.0
10.0
10.0
14.0
1.0
1129.0
214.0
313.0
7.0
8.0
2.0
3.0
3.0
3.0
1.0
2.0
1.0
4.0
2.0
24.0
1.0
711.0
1.0
1.0
1.0
3.0
1.0
1.0
62.0
795.0
1.0
519.0
11.0
2.0
2.0
12.0
7.0
5.0
1.0
6.0
1.0
1.0
2.0
4.0
2.0
4.0
1848.0
1.0
1.0
1.0
1.0
14.0
4.0
4.0
1.0
1.0
9.0
1.0
3.0
1.0
3.0
232.0
1.0
24.0
2.0
3.0
2.0
880.0
960.0
3.0
1.0
2.0
24.0
4.0
10.0
17.0
2.0
1.0
3.0
33.0
3587.0
29.0
2.0
2.0
55.0
58.0
1.0
3.0
516.0
1.0
313.0
82.0
8.0
3.0
9.0
2.0
145.0
1.0
1.0
61.0
7.0
714.0
4.0
3.0
2.0
2.0
1.0
574.0
4.0
1.0
993.0
11.0
13.0
4.0
53963.0
1.0
21.0
1.0
7.0
3.0
3.0
1225.0
3.0
3.0
507.0
2.0
5.0
15.0
34.0
4.0
1.0
2.0
11.0
1.0
17.0
1.0
202.0
1.0
3.0
1.0
6.0
145.0
48.0
570.0
10.0
29.0
1.0
3.0
1.0
2.0
5.0
6.0
24.0
102.0
20.0
3.0
2.0
1.0
2.0
3.0
1.0
330.0
1.0
10.0
1.0
53.0
1.0
3.0
2.0
117.0
4.0
1.0
2.0
8680.0
3.0
5.0
57.0
6.0
1.0
26.0
17.0
13.0
4.0
99.0
64.0
13.0
1.0
1712.0
1.0
23.0
9.0
50.0
99.0
17.0
2.0
4.0
4.0
1.0
3.0
3.0
18.0
1.0
2.0
2.0
10.0
1.0
1.0
235.0
1.0
1.0
1.0
104.0
574.0
12.0
155.0
18.0
1.0
1.0
1.0
3.0
1.0
3.0
1.0
3.0
1416.0
1.0
1.0
1.0
2038.0
1950.0
21.0
4.0
1.0
20.0
212.0
2.0
19.0
1.0
9.0
305.0
15.0
1085.0
1.0
11.0
268.0
4.0
1.0
1.0
10.0
13343.0
7.0
98.0
91.0
3.0
4.0
1412.0
3.0
429.0
355.0
296.0
9.0
2.0
4.0
2.0
69.0
3.0
2.0
3.0
15.0
6.0
57.0
3137.0
35.0
39.0
3.0
1.0
1.0
1.0
1.0
9.0
202.0
1.0
1.0
14.0
1.0
1.0
5.0
1703.0
1075.0
1.0
1.0
1.0
2.0
1.0
1184.0
3.0
1.0
3.0
1.0
4878.0
2.0
17.0
3.0
1.0
1.0
3.0
2.0
17.0
10.0
6.0
7.0
3.0
3.0
4.0
2.0
1.0
2.0
21.0
14.0
60.0
2.0
488.0
6.0
8.0
2.0
3.0
3.0
2.0
3.0
29.0
1472.0
4.0
1.0
1.0
6.0
7.0
3.0
143.0
17.0
16.0
2.0
2.0
20.0
4.0
17.0
554.0
3.0
6.0
7.0
101.0
1.0
2.0
30.0
14.0
132.0
1.0
1.0
3.0
4.0
5.0
3.0
104.0
5.0
4.0
29.0
3.0
242.0
1.0
1.0
1.0
3.0
188.0
24.0
7.0
3.0
44.0
181.0
1.0
1.0
14.0
6.0
835.0
3.0
5.0
34.0
2.0
25330.0
88.0
2.0
1.0
743.0
1.0
3163.0
77.0
99.0
193.0
649.0
5.0
208.0
5.0
74.0
4.0
2.0
4.0
4.0
1.0
3.0
51.0
484.0
377.0
3.0
49.0
64.0
380.0
15.0
5.0
1.0
8.0
2.0
1.0
1.0
1.0
12.0
11.0
6.0
3.0
4.0
2.0
1.0
1.0
24.0
1.0
2.0
62.0
3.0
636.0
66.0
2.0
1.0
1.0
3.0
5.0
4.0
2.0
55.0
2.0
3.0
286.0
1228.0
160.0
182.0
1403.0
2.0
2.0
1.0
4.0
983.0
1840.0
59.0
3.0
1.0
3.0
4.0
4.0
10.0
3.0
2.0
1.0
29.0
3099.0
6.0
2.0
292.0
31.0
5.0
4.0
490.0
13.0
1.0
55.0
3.0
1.0
3.0
2.0
432.0
149.0
10.0
3.0
1.0
8693.0
3.0
3.0
1.0
2.0
3.0
63.0
3.0
2.0
137.0
3.0
340.0
800.0
13.0
67.0
50.0
15.0
3.0
3.0
14.0
65.0
4.0
4.0
2.0
1027.0
118.0
8.0
1.0
2.0
3.0
1.0
40.0
4.0
1.0
24.0
160.0
1.0
4.0
9.0
1.0
3.0
3.0
1.0
1.0
3424.0
1612.0
240.0
3.0
1.0
14.0
2.0
9.0
29.0
17.0
1.0
40.0
338.0
5.0
1.0
2.0
1.0
1.0
62.0
1.0
1.0
2067.0
1.0
3.0
1018.0
4.0
9.0
3.0
1451.0
1.0
4.0
1248.0
1.0
1.0
1.0
867.0
1.0
162.0
1.0
1.0
3.0
4.0
2.0
4.0
2.0
57.0
3.0
3.0
5.0
2.0
1527.0
8.0
2.0
1.0
3.0
2.0
2.0
2.0
18.0
10.0
16.0
1.0
17.0
1.0
674.0
9.0
14.0
1.0
4.0
1.0
6.0
1095.0
1.0
7.0
3.0
1.0
3.0
5.0
17.0
45.0
3.0
1.0
218.0
45.0
4.0
1.0
2.0
1.0
1.0
1030.0
1723.0
2.0
3.0
21.0
47.0
1.0
1.0
1.0
1.0
1.0
470.0
73.0
321.0
181.0
12.0
1.0
4.0
1.0
5.0
5.0
1.0
2.0
4.0
2.0
47.0
11.0
2.0
341.0
84.0
211.0
51.0
16.0
164.0
5.0
9.0
1798.0
1.0
823.0
7.0
1.0
2.0
14.0
218.0
1083.0
265.0
1.0
91.0
7.0
1.0
1.0
160.0
3.0
2.0
18.0
1036.0
3.0
2.0
1.0
1759.0
9.0
3.0
1.0
9.0
1.0
2.0
6.0
3.0
85.0
3.0
6.0
515.0
3.0
2.0
1.0
78.0
2.0
6.0
1.0
119.0
2.0
3.0
46.0
3.0
2.0
3.0
4.0
12.0
1.0
3.0
4.0
1083.0
3.0
2.0
250.0
389.0
5.0
9.0
1.0
3.0
6.0
11.0
3.0
8.0
1.0
1.0
2.0
13.0
3.0
22.0
2.0
3.0
2.0
1536.0
3.0
5.0
104.0
1.0
1.0
8.0
1.0
675.0
10.0
902.0
883.0
801.0
1.0
1.0
4.0
3.0
4.0
1.0
1561.0
11.0
2.0
3.0
1.0
2.0
1319.0
2.0
5.0
12.0
48.0
51.0
7.0
3.0
3.0
3.0
46.0
535.0
2.0
9.0
30.0
2.0
2.0
35.0
1018.0
2457.0
1.0
3.0
44.0
1.0
6.0
4.0
1.0
30.0
1.0
1.0
1.0
3.0
207.0
1.0
2.0
3.0
20.0
2.0
1.0
2.0
2.0
1.0
1.0
60.0
21.0
2087.0
7.0
452.0
4.0
3.0
15.0
1.0
1.0
52.0
10.0
1.0
1.0
6.0
46.0
17.0
34.0
1.0
1.0
3.0
259.0
1.0
2.0
1.0
5.0
6.0
1.0
167.0
3.0
1.0
7.0
3.0
596.0
12.0
2.0
4.0
20.0
30.0
24.0
1.0
84.0
65.0
596.0
313.0
1.0
55.0
2.0
3.0
3.0
74.0
3.0
411.0
351.0
3.0
1.0
1.0
12.0
65.0
230.0
2.0
110.0
177.0
128.0
1.0
1.0
773.0
1.0
2.0
8.0
986.0
1791.0
95.0
2.0
1.0
59.0
5.0
3.0
647.0
198.0
7.0
288.0
18.0
15.0
282.0
2.0
41.0
3.0
82.0
4.0
1.0
11.0
4.0
3.0
7.0
1.0
3.0
1.0
5.0
3.0
26.0
1.0
1.0
1.0
2.0
3.0
3.0
2.0
24.0
24.0
3.0
4.0
1.0
1.0
1.0
6.0
1.0
377.0
2.0
3.0
1.0
3.0
3.0
401.0
7.0
1.0
1.0
1.0
429.0
3.0
3.0
1.0
1.0
1.0
3.0
1.0
1.0
46.0
3.0
1.0
1.0
1.0
5.0
2.0
2.0
1.0
3.0
2.0
3.0
7.0
97.0
1018.0
1.0
2.0
1.0
695.0
1.0
3.0
2.0
1.0
5.0
712.0
3.0
1.0
1.0
1.0
6.0
20.0
3.0
328.0
3.0
3.0
2.0
85.0
1.0
3.0
1.0
3.0
232.0
13.0
3.0
977.0
3.0
4.0
1.0
1.0
2.0
1.0
66.0
4.0
2.0
5.0
1.0
1.0
1.0
152.0
1.0
2.0
166.0
98.0
63.0
77.0
469.0
60.0
3.0
46.0
2.0
1.0
2.0
1.0
1.0
95.0
12.0
1.0
3.0
1.0
103.0
10.0
78.0
3.0
6.0
1638.0
6.0
17.0
492.0
1.0
60.0
9.0
3.0
2.0
895.0
1.0
3.0
2.0
4.0
1.0
31.0
1.0
2452.0
8.0
24.0
246.0
63.0
288.0
1.0
1.0
1.0
19.0
3.0
1.0
25.0
1.0
6.0
1.0
7.0
3.0
3.0
633.0
3.0
2.0
1.0
179.0
4.0
3.0
658.0
596.0
1.0
11.0
46.0
1.0
1.0
516.0
3.0
7.0
70.0
10.0
4.0
5.0
3.0
107.0
8.0
11.0
516.0
1.0
13.0
3.0
1.0
1.0
3.0
3.0
6.0
3.0
9.0
10.0
2.0
69.0
2.0
9.0
4769.0
4.0
255.0
1.0
2162.0
66.0
1.0
186.0
155.0
3.0
11.0
4.0
118.0
11.0
1.0
18.0
3.0
209.0
2950.0
41.0
4.0
1.0
7.0
2.0
21.0
4.0
1.0
1.0
1.0
1.0
3.0
3089.0
37.0
2.0
5.0
15.0
1097.0
3.0
1.0
199.0
2.0
955.0
7.0
2.0
17.0
25.0
1.0
35.0
2391.0
3.0
497.0
14.0
58.0
6.0
3.0
7.0
3.0
2.0
3.0
1.0
10.0
23.0
3.0
307.0
1.0
2.0
3.0
3.0
10.0
1.0
3.0
99.0
26.0
98.0
19.0
2.0
4.0
3.0
835.0
1.0
2001.0
1.0
16.0
3.0
29.0
1.0
2.0
15.0
4.0
66.0
1.0
3.0
3.0
171.0
4.0
1.0
27.0
1.0
3.0
1.0
104.0
3.0
1.0
40.0
4.0
1.0
10.0
3.0
3.0
1.0
46.0
11.0
2.0
1.0
1395.0
1.0
11.0
3.0
2.0
1382.0
1.0
4.0
70.0
1.0
134.0
93.0
1.0
352.0
1181.0
1.0
1122.0
3.0
106.0
2.0
38.0
1.0
3.0
1734.0
29.0
1.0
16.0
2.0
1.0
7620.0
1.0
3.0
303.0
56.0
8.0
1.0
1.0
3.0
40.0
1.0
2.0
4.0
13.0
1.0
7.0
1041.0
1.0
7.0
4.0
2.0
3.0
5.0
4.0
4.0
3.0
3.0
144.0
3.0
4.0
171.0
63.0
1.0
3.0
1.0
3.0
529.0
1.0
1.0
1.0
1.0
2.0
170.0
2.0
60.0
31.0
13.0
2.0
7.0
2.0
256.0
100.0
15.0
24.0
1.0
43.0
1.0
8.0
1.0
3.0
14.0
6.0
19.0
1.0
7.0
2.0
3.0
1.0
1.0
3.0
2.0
417.0
2.0
4.0
2218.0
2.0
1.0
1.0
1.0
5.0
112.0
1.0
42.0
45.0
1.0
17.0
16480.0
3.0
5.0
3.0
1013.0
1.0
4.0
3.0
2.0
64977.0
365.0
3.0
1.0
6.0
421.0
15.0
15.0
4264.0
264.0
3.0
282.0
949.0
3.0
1.0
727.0
11.0
1.0
1.0
5.0
779.0
17.0
3.0
4.0
1.0
1.0
9.0
3.0
6648.0
1.0
19.0
3.0
1.0
2.0
3.0
282.0
1.0
3.0
3.0
11645.0
3.0
2.0
2.0
3.0
1.0
1.0
1.0
1.0
647.0
230.0
296.0
928.0
1.0
623.0
361.0
58.0
1.0
3.0
3.0
249.0
31.0
265.0
1.0
108.0
116.0
26.0
15.0
3.0
103.0
106.0
1.0
2.0
65.0
2.0
3.0
34.0
3.0
1.0
1.0
10.0
1.0
11.0
2.0
2.0
11.0
4.0
13840.0
10.0
196.0
19.0
1.0
26.0
11.0
11.0
584.0
436.0
2.0
2.0
21.0
2.0
241.0
296.0
1.0
404.0
2500.0
6.0
10.0
2.0
1.0
6.0
1.0
16.0
3.0
9.0
65.0
2.0
146.0
8.0
1.0
1.0
41.0
15.0
464.0
1.0
50.0
172.0
6276.0
228.0
3.0
9.0
23.0
696.0
1.0
472.0
3.0
3.0
1.0
1.0
16.0
1.0
20.0
1.0
10.0
6.0
3.0
99.0
2139.0
1.0
133.0
95.0
2.0
1.0
428.0
6.0
9.0
3.0
1.0
1.0
3.0
288.0
19.0
5.0
65.0
105.0
3.0
3.0
1.0
1.0
1.0
424.0
5210.0
3.0
69.0
2.0
48.0
235.0
351.0
19.0
1.0
407.0
302.0
20.0
1.0
69285.0
3.0
4.0
504.0
29.0
11.0
1.0
56.0
2.0
5.0
961.0
1.0
182.0
11.0
3.0
6.0
17.0
1.0
812.0
13.0
2.0
1765.0
461.0
2.0
2.0
1.0
16.0
1.0
3.0
3.0
73.0
1.0
1.0
1.0
4.0
6.0
2.0
20.0
370.0
1.0
2.0
1.0
1.0
32.0
97.0
1.0
1309.0
9.0
3.0
5.0
3.0
8.0
12.0
1.0
109.0
1091.0
3.0
1.0
2.0
19.0
337.0
1.0
4019.0
27.0
62.0
593.0
7.0
8.0
241.0
16.0
1.0
71.0
23.0
405.0
6.0
67.0
965.0
1.0
556.0
3.0
1.0
1606.0
23.0
1.0
521.0
1.0
4.0
5.0
72.0
1.0
2.0
3.0
1.0
3.0
3.0
1.0
9.0
1.0
516.0
9.0
2.0
102.0
1.0
10.0
98.0
2.0
2.0
3.0
3.0
8.0
2.0
3.0
230.0
1.0
295.0
5.0
143.0
9.0
1.0
28.0
3.0
2.0
3.0
1.0
2.0
18.0
2299.0
1.0
1.0
9.0
10.0
840.0
8.0
10.0
4.0
9.0
1.0
2.0
66.0
1734.0
421.0
1.0
1.0
1.0
4.0
7.0
4.0
3.0
3.0
1.0
1.0
2.0
265.0
71.0
9.0
2.0
1.0
7.0
1.0
2.0
4.0
1046.0
2.0
10.0
16.0
3.0
2.0
3.0
4739.0
24.0
126.0
1.0
1.0
781.0
1.0
1.0
135.0
3.0
507.0
1.0
146.0
5.0
4.0
1.0
1.0
58.0
3.0
45.0
4.0
91.0
2.0
4.0
27.0
1.0
1.0
2996.0
27.0
2.0
279.0
17.0
411.0
1.0
3.0
3528.0
10.0
621.0
1.0
2.0
48.0
100.0
3.0
69.0
74.0
19.0
4.0
17.0
2.0
5.0
2.0
1.0
6.0
2.0
13.0
3.0
16.0
1.0
37.0
2.0
3.0
119.0
1.0
288.0
2.0
1.0
116.0
1.0
2.0
3.0
2.0
3.0
2.0
1.0
1.0
1.0
6.0
26.0
3.0
62.0
6.0
1.0
3.0
79.0
1.0
1.0
3.0
1.0
63.0
2.0
1.0
4.0
1.0
8.0
1.0
16643.0
1.0
8.0
3.0
157.0
167.0
282.0
691.0
12.0
16.0
9159.0
32.0
1.0
104.0
3.0
3.0
1.0
314.0
8.0
3.0
5.0
129.0
43.0
154.0
904.0
1.0
1.0
2.0
15.0
2.0
6.0
3.0
1.0
3.0
21.0
18.0
9.0
1.0
53.0
2.0
1.0
951.0
3.0
89.0
10.0
3.0
1.0
16.0
1.0
10.0
1.0
19.0
3.0
3.0
16.0
4.0
1.0
3.0
1.0
3.0
1.0
1.0
9.0
1.0
2.0
2.0
12422.0
1.0
1.0
3.0
3.0
1.0
391.0
48.0
55.0
1.0
2.0
9.0
90.0
3.0
1.0
6.0
1074.0
1.0
9.0
77.0
129.0
2.0
98.0
3.0
3.0
2.0
118.0
1.0
1.0
3.0
1.0
27.0
4.0
94.0
37.0
42.0
4.0
188.0
4.0
1.0
8.0
45.0
1.0
3.0
86.0
3.0
2.0
31.0
64.0
27.0
59.0
5.0
1.0
8.0
5.0
1.0
2.0
5.0
2.0
119.0
2.0
2.0
1.0
1.0
1.0
2.0
7.0
2.0
1.0
1.0
257.0
6.0
11.0
8.0
2.0
1.0
3.0
9.0
6.0
1.0
3.0
936.0
669.0
37.0
3.0
6.0
10.0
2.0
75.0
213.0
32.0
1018.0
2.0
17.0
3.0
779.0
37.0
17.0
8.0
1.0
64.0
5.0
129.0
11.0
5.0
5.0
60.0
5.0
1.0
1.0
3.0
117.0
2.0
3.0
119.0
256.0
1.0
348.0
8.0
66.0
43.0
1642.0
21.0
177.0
3.0
1.0
16.0
3.0
3.0
2.0
4.0
1.0
30.0
1.0
1.0
1.0
10.0
484.0
1.0
3.0
3.0
10.0
115.0
3.0
13.0
1.0
3.0
1.0
2.0
1.0
49.0
1.0
1.0
1.0
1.0
3.0
3.0
3.0
7.0
1.0
5.0
1.0
1.0
1.0
1.0
1.0
742.0
2.0
6.0
2.0
21.0
5.0
28.0
26.0
3.0
351.0
3.0
1091.0
1.0
3.0
1303.0
406.0
2.0
2.0
3.0
3.0
278.0
5.0
1.0
3.0
3.0
1.0
1.0
3.0
54.0
1.0
3.0
82.0
1.0
1.0
10.0
3.0
68.0
1.0
552.0
1.0
857.0
1.0
3.0
13.0
69.0
288.0
2.0
9.0
1.0
1.0
16.0
4.0
65.0
1.0
288.0
6.0
15.0
1.0
21.0
33.0
2.0
4.0
1.0
19.0
3.0
148.0
3.0
9.0
14.0
42.0
34.0
9.0
50.0
18.0
3.0
453.0
7.0
2.0
3.0
76.0
3.0
16.0
2.0
3.0
115.0
5.0
5.0
13.0
6.0
36.0
63.0
1.0
139.0
106.0
141.0
119.0
21971.0
1.0
4.0
3.0
3.0
1.0
2.0
6.0
3.0
1.0
74.0
181.0
1.0
175.0
20.0
37.0
2.0
3.0
11.0
1.0
1.0
2.0
144.0
2.0
1.0
1.0
2.0
251.0
1.0
1986.0
1.0
20.0
1.0
1.0
2.0
3.0
1.0
3.0
37.0
218.0
1.0
19.0
4.0
5.0
2.0
8.0
1.0
2.0
3.0
3.0
3.0
353.0
22.0
4.0
132.0
44.0
1.0
3.0
12.0
4.0
4.0
87.0
2.0
109.0
1.0
1.0
57.0
1.0
2.0
4.0
1.0
264.0
412.0
2.0
3.0
3.0
1.0
2616.0
2.0
3.0
5.0
15.0
1.0
6.0
10.0
1.0
3.0
519.0
5.0
4.0
4.0
4.0
2.0
565.0
27.0
781.0
35.0
10.0
4.0
2.0
4.0
1.0
3.0
526.0
1.0
1.0
14.0
1.0
2329.0
1.0
7.0
1.0
7.0
1299.0
1494.0
1.0
3.0
3354.0
14385.0
19.0
1.0
2.0
3.0
15.0
1.0
19.0
16.0
6.0
6.0
4.0
1.0
3.0
576.0
87.0
7.0
2.0
1.0
3.0
1.0
84.0
338.0
1903.0
5.0
230.0
313.0
4.0
30.0
6.0
1.0
325.0
1.0
7.0
1.0
6.0
1.0
7.0
1.0
351.0
1053.0
1.0
48.0
4.0
3.0
8.0
1.0
1.0
1.0
3.0
3.0
2639.0
7.0
4.0
14.0
1.0
8.0
2.0
6.0
1.0
1.0
232.0
14.0
59.0
87.0
4.0
3.0
1.0
45.0
3.0
2.0
2.0
4.0
3001.0
1.0
27.0
1.0
2.0
12.0
27.0
1.0
7.0
2.0
1.0
75.0
2.0
117.0
3.0
2.0
3.0
58.0
2.0
2.0
5.0
7.0
4.0
1.0
1.0
165.0
2.0
2.0
4.0
248.0
3.0
7.0
16.0
3.0
1347.0
15.0
1.0
596.0
34.0
6.0
3.0
1.0
1.0
1.0
4.0
3599.0
8.0
1.0
8.0
1.0
72.0
1.0
25.0
24.0
3.0
37.0
436.0
3.0
2.0
11.0
13.0
6.0
10.0
263.0
1.0
1.0
313.0
127.0
18.0
535.0
6.0
21.0
415.0
3.0
33.0
1.0
1.0
2.0
6.0
3.0
1.0
3.0
3.0
10.0
164.0
3.0
3.0
596.0
2.0
354.0
67.0
56.0
1.0
614.0
1.0
64.0
3.0
7.0
3.0
3.0
11.0
1.0
2.0
2.0
1.0
1.0
37.0
1.0
1.0
1941.0
3.0
1.0
1.0
2.0
1.0
932.0
9.0
3.0
759.0
2.0
3.0
2.0
714.0
1.0
3.0
697.0
538.0
1.0
3.0
3.0
2.0
89.0
2.0
88.0
68.0
1.0
2.0
3.0
7.0
1.0
1.0
1.0
542.0
282.0
156.0
1.0
3.0
13567.0
23.0
17.0
20.0
15.0
3.0
110.0
7.0
1.0
3.0
2223.0
6.0
60.0
3.0
3.0
3.0
66.0
9.0
2.0
3.0
8.0
306.0
53.0
3.0
2.0
7.0
1.0
1.0
14.0
4.0
2.0
1.0
93.0
1.0
1.0
8.0
7.0
14.0
2.0
28.0
534.0
1.0
1.0
5287.0
3.0
3.0
3.0
5414.0
20.0
32.0
3.0
1.0
160.0
7.0
1.0
3.0
3.0
1.0
19.0
4.0
1.0
31.0
183.0
18.0
4.0
33.0
1.0
4.0
26.0
3.0
56.0
1.0
1.0
1.0
6.0
1.0
1.0
1.0
275.0
1.0
19.0
3.0
42.0
58.0
16.0
54.0
1.0
1.0
335.0
1305.0
3.0
2077.0
807.0
45.0
2.0
1.0
667.0
2.0
18.0
1.0
11.0
97.0
11.0
3.0
14.0
4.0
1529.0
1.0
101.0
1.0
1.0
160.0
4.0
943.0
18.0
18.0
1.0
23.0
3.0
12.0
2.0
3.0
1523.0
2.0
3.0
3.0
1.0
3.0
58.0
2.0
1.0
1.0
55.0
28.0
784.0
3.0
1.0
3.0
6.0
56.0
10.0
3.0
1.0
1.0
2.0
30.0
1.0
8.0
815.0
2.0
9.0
366.0
48.0
4.0
4.0
56.0
800.0
3.0
1.0
1.0
146.0
400.0
17.0
2.0
2.0
12.0
1.0
1.0
10.0
3.0
4.0
20.0
3.0
1.0
4.0
5.0
3.0
1.0
139.0
3.0
1267.0
218.0
1.0
15.0
5.0
1.0
584.0
1.0
3.0
3.0
10.0
4.0
1.0
2.0
1.0
1.0
1.0
13933.0
1.0
14.0
3.0
1852.0
13709.0
932.0
3.0
1229.0
1.0
3403.0
3.0
113.0
156.0
196.0
2599.0
3.0
1.0
618.0
1.0
3.0
1.0
3.0
1.0
1.0
335.0
1.0
46.0
253.0
4.0
3.0
58.0
127.0
5.0
1.0
1.0
1.0
288.0
2.0
1.0
1623.0
39.0
32.0
8.0
202.0
859.0
1.0
3.0
179.0
66.0
51.0
1.0
1.0
1.0
1.0
1.0
3.0
4.0
308.0
3.0
20.0
1262.0
1.0
1.0
12.0
293.0
2.0
2.0
5.0
31.0
13.0
1.0
55.0
3.0
1.0
170.0
24.0
4.0
4.0
1.0
101.0
5.0
24.0
3.0
105.0
3.0
5.0
1.0
10.0
4391.0
3.0
39.0
2.0
1.0
1.0
1.0
3326.0
878.0
11.0
17.0
9.0
1.0
8.0
1.0
1.0
71.0
120.0
8.0
6.0
9.0
3.0
1.0
233.0
43.0
1.0
2.0
286.0
6.0
7.0
2.0
17.0
1.0
1.0
1.0
199.0
24.0
1.0
3.0
11.0
3.0
2.0
8.0
1.0
1.0
5.0
24.0
1.0
1.0
4.0
2.0
1.0
3.0
2.0
2.0
24.0
25.0
4.0
1.0
1044.0
2.0
1.0
6.0
46.0
256.0
7.0
2.0
1.0
4.0
9.0
4.0
1.0
2.0
6.0
1247.0
5849.0
1.0
1246.0
4.0
6.0
5.0
2.0
4491.0
39.0
9.0
6.0
2.0
2.0
17.0
512.0
1.0
4.0
4.0
313.0
2.0
5050.0
1.0
1.0
720.0
67.0
14.0
1171.0
737.0
4.0
3826.0
14.0
3.0
3.0
1.0
3.0
105.0
2.0
3.0
1.0
1.0
4.0
1027.0
10.0
9.0
3.0
1.0
219.0
2.0
4.0
29.0
25.0
76.0
5.0
11.0
24.0
1.0
2.0
1.0
2.0
2.0
26.0
1.0
1027.0
1.0
235.0
9.0
150.0
1.0
17.0
7.0
1.0
1.0
2.0
10.0
12.0
809.0
1606.0
91.0
3.0
486.0
293.0
2.0
1.0
129.0
1.0
6.0
3.0
1.0
96.0
1018.0
3.0
3.0
1.0
1.0
6.0
28.0
4.0
3.0
1.0
42.0
1.0
3.0
2293.0
3.0
19.0
19.0
1.0
1.0
13.0
1.0
29.0
1.0
6.0
3.0
1.0
65.0
32.0
1.0
1.0
3.0
3.0
1.0
20.0
1.0
149.0
4.0
215.0
165.0
2040.0
1.0
7.0
326.0
3.0
1.0
165.0
11.0
3.0
3.0
6.0
1.0
137.0
157.0
1.0
1.0
887.0
278.0
4.0
57.0
1.0
3.0
3843.0
1.0
14.0
13.0
30.0
154.0
3.0
596.0
28.0
79.0
20.0
10.0
18.0
4.0
707.0
2.0
14.0
2.0
622.0
1.0
1.0
2.0
4.0
2.0
10695.0
20.0
2.0
1.0
1619.0
1.0
30.0
29.0
13.0
3.0
492.0
1.0
5.0
282.0
44.0
167.0
6.0
4.0
116.0
1.0
3.0
3.0
19.0
11.0
1.0
3.0
1.0
4.0
1.0
1.0
3.0
7932.0
3.0
1536.0
1.0
6.0
1.0
32.0
1.0
2.0
1.0
292.0
7.0
1158.0
24.0
17.0
2.0
5.0
2.0
1.0
2.0
50.0
10.0
2.0
5.0
4.0
3.0
348.0
30.0
22.0
8.0
62.0
2.0
3.0
4544.0
1.0
2.0
1.0
1.0
1.0
1.0
1.0
2.0
1.0
289.0
5.0
1.0
9.0
19.0
301.0
2.0
1.0
1.0
1.0
9.0
3.0
1.0
98.0
106.0
4.0
3.0
1.0
17.0
41.0
6.0
3.0
1.0
4.0
462.0
9.0
1.0
625.0
1.0
438.0
138.0
1.0
46.0
1.0
72.0
3.0
7.0
3.0
9.0
3.0
1.0
1.0
15.0
1.0
4.0
21.0
3.0
30.0
24.0
5.0
27.0
1.0
1.0
3.0
1.0
1.0
19.0
2.0
1225.0
1720.0
29.0
3.0
2.0
3.0
1318.0
5.0
1485.0
4.0
3.0
444.0
4.0
1200.0
1.0
5.0
2.0
1.0
1.0
1.0
18.0
2.0
1.0
3.0
1.0
1.0
2.0
15.0
2.0
15.0
8.0
1.0
3.0
1.0
3.0
1.0
2.0
1.0
138.0
1.0
3.0
2.0
6.0
569.0
13.0
1.0
1.0
1.0
83.0
527.0
2.0
17.0
62.0
17.0
9.0
2.0
1.0
3.0
3.0
4.0
1.0
3.0
3.0
62.0
17.0
1.0
156.0
1.0
13.0
2.0
4.0
1.0
266.0
220.0
4899.0
3.0
2.0
158.0
3.0
76.0
89.0
3.0
19.0
264.0
33.0
301.0
1.0
3.0
3.0
519.0
9.0
8.0
2.0
1.0
1.0
1.0
1.0
1.0
263.0
1.0
113.0
23.0
4.0
2.0
1.0
27.0
2.0
65.0
23.0
6.0
42.0
1.0
1.0
290.0
1012.0
10.0
3.0
3.0
3.0
3.0
1.0
3.0
65.0
2.0
696.0
2.0
19.0
2.0
24.0
2116.0
7.0
3.0
22.0
3.0
17.0
2.0
1.0
2163.0
1.0
10.0
2.0
108.0
3.0
3.0
90.0
1.0
705.0
7.0
21.0
3.0
1.0
58.0
3.0
14.0
18.0
3.0
638.0
1.0
1.0
281.0
282.0
54.0
5.0
1.0
2.0
3.0
3.0
2.0
19.0
3.0
4.0
813.0
9.0
1.0
1.0
406.0
10.0
2.0
1.0
1.0
105.0
3.0
1.0
3.0
3.0
24.0
441.0
2.0
1.0
17.0
856.0
1.0
46.0
1.0
1.0
282.0
3.0
1498.0
1.0
2.0
4.0
3.0
157.0
20.0
6.0
70.0
82.0
7.0
20.0
642.0
4.0
201.0
1.0
3.0
3.0
1.0
77.0
76.0
9.0
24.0
18.0
1.0
19.0
6.0
249.0
1.0
3.0
3.0
2.0
10.0
60.0
5.0
940.0
3.0
96.0
2.0
115.0
1.0
5.0
2.0
4.0
3.0
5.0
5.0
21485.0
3.0
1.0
3.0
3.0
459.0
660.0
241.0
1.0
1.0
3.0
1.0
21.0
43.0
3.0
748.0
2.0
1.0
1.0
6.0
8.0
1.0
349.0
30.0
2844.0
2.0
181.0
1.0
1.0
37.0
1.0
331.0
5.0
1.0
7.0
2.0
10.0
1.0
3.0
3.0
2.0
41.0
3.0
1.0
1.0
1.0
2.0
178.0
613.0
3.0
1.0
15.0
1.0
25.0
1.0
10.0
4.0
1457.0
20.0
2.0
4.0
7.0
3.0
3.0
1.0
1.0
3.0
4.0
828.0
13.0
2.0
1.0
1.0
1.0
5.0
3.0
8.0
3.0
1.0
560.0
672.0
8.0
3.0
153.0
1.0
2.0
3.0
2.0
88.0
142.0
3.0
697.0
12.0
8.0
2.0
474.0
4.0
1.0
3.0
1.0
3.0
3.0
1.0
14.0
4.0
1.0
3.0
668.0
1.0
24.0
1.0
492.0
3.0
2.0
11.0
3.0
19.0
6.0
236.0
3.0
1.0
4.0
1.0
3.0
3.0
7.0
96.0
38.0
10.0
22.0
26.0
3.0
4.0
3.0
11059.0
1.0
4.0
1.0
1663.0
3.0
86.0
213.0
1.0
2.0
9.0
1.0
4.0
1.0
473.0
101.0
3.0
16.0
2.0
1.0
1.0
1.0
5.0
180.0
1920.0
1.0
75.0
3.0
5.0
158.0
783.0
1.0
3.0
1.0
39.0
1.0
9.0
13.0
1.0
10.0
22.0
2.0
9.0
93.0
3.0
1.0
69.0
9.0
10.0
3.0
102.0
3.0
6351.0
8.0
110.0
2.0
1.0
4.0
1088.0
25.0
2.0
1.0
19.0
3.0
90.0
136.0
4.0
3476.0
3.0
1.0
1.0
1.0
4.0
1.0
201.0
1.0
656.0
10.0
3.0
19.0
3.0
1.0
1.0
2451.0
16.0
14.0
1297.0
1.0
3.0
1.0
3.0
1.0
3.0
39.0
4.0
752.0
16451.0
1.0
38.0
1.0
1.0
1.0
4.0
1.0
1.0
282.0
2.0
3.0
5.0
1.0
14.0
1.0
18.0
4.0
1.0
6.0
5.0
436.0
16.0
1612.0
1.0
1.0
5.0
1.0
1.0
1.0
102.0
2.0
19.0
1.0
24.0
3.0
271.0
200.0
1.0
120.0
253.0
2.0
3.0
1.0
1.0
1.0
2.0
24.0
3.0
259.0
3.0
3.0
172.0
508.0
97.0
2.0
628.0
5.0
14385.0
1.0
4.0
1.0
14.0
4.0
2.0
810.0
1.0
3.0
2.0
3.0
283.0
3.0
576.0
2.0
4.0
15.0
1.0
358.0
638.0
3.0
3.0
21.0
176.0
3.0
3.0
2392.0
55.0
4.0
9.0
3.0
1.0
44.0
2.0
705.0
1.0
1.0
3.0
13840.0
132.0
3.0
4.0
1.0
1.0
9.0
1.0
2.0
105.0
4.0
1.0
3.0
1.0
1.0
79.0
70.0
2.0
181.0
54.0
6.0
4.0
1.0
1.0
83.0
2.0
1.0
4.0
338.0
3.0
18.0
3.0
37.0
1.0
43.0
927.0
2.0
1.0
85.0
282.0
26.0
1.0
469.0
1.0
12.0
3.0
1.0
3.0
9.0
1.0
130.0
1.0
1.0
96.0
1.0
3.0
3.0
1.0
7.0
10.0
2.0
1.0
38.0
3.0
288.0
1.0
13116.0
24.0
4.0
373.0
2.0
2.0
3.0
1438.0
187.0
74.0
3.0
14.0
475.0
1.0
1806.0
3.0
2.0
3.0
6.0
18.0
2857.0
2396.0
1.0
3.0
4.0
3.0
91.0
39.0
3.0
3.0
20.0
261.0
1.0
66.0
15.0
8.0
1.0
9.0
6.0
11.0
32.0
8.0
44.0
1.0
9.0
1.0
2.0
5127.0
8.0
202.0
54.0
1.0
2.0
1440.0
44.0
2.0
1.0
1.0
1.0
23.0
172.0
25.0
1.0
8.0
4.0
3.0
604.0
2.0
5.0
34.0
149.0
20.0
352.0
1.0
261.0
23.0
3.0
8.0
10.0
1934.0
32.0
1.0
116.0
3.0
3.0
1.0
164.0
10.0
19.0
1.0
1.0
2.0
37.0
1.0
3.0
122.0
3.0
8.0
3067.0
6.0
3888.0
11.0
21.0
5.0
1.0
3.0
98.0
2111.0
19.0
3.0
3.0
388.0
1.0
419.0
5.0
2.0
3.0
1.0
34.0
1.0
10.0
2.0
9.0
1.0
1.0
59.0
3.0
1.0
1.0
1.0
1.0
1.0
1527.0
3.0
3.0
1.0
9.0
596.0
837.0
2.0
1656.0
5.0
239.0
2.0
1.0
29.0
310.0
1.0
81.0
1.0
1586.0
4.0
41.0
3.0
3.0
2.0
1496.0
158.0
40.0
1.0
16.0
23.0
207.0
18.0
3.0
15.0
1.0
12.0
30.0
5.0
4.0
65.0
4.0
4.0
128.0
14.0
1.0
44.0
616.0
1.0
24.0
1.0
3.0
1610.0
1803.0
1.0
3.0
3.0
12.0
183.0
2.0
1.0
8.0
3.0
3.0
3.0
50.0
72.0
14.0
2.0
2.0
55.0
2.0
1.0
12.0
576.0
39.0
1.0
1.0
3.0
2.0
6.0
1.0
2890.0
12.0
512.0
3.0
10.0
2.0
7.0
10.0
1.0
358.0
7.0
39.0
24.0
3.0
1.0
16479.0
2.0
3.0
16.0
1961.0
4.0
19.0
3.0
1.0
1.0
5.0
1.0
2.0
1.0
3.0
4.0
3.0
2440.0
2.0
1.0
8.0
3.0
33.0
46.0
513.0
1.0
3.0
2.0
6.0
145.0
8.0
3.0
80.0
1.0
249.0
6.0
1.0
157.0
3.0
7.0
9.0
1.0
28.0
60.0
28.0
1.0
99.0
2.0
28.0
6.0
1.0
4.0
1.0
1.0
1.0
8.0
2.0
3.0
2.0
6.0
45.0
1.0
1.0
5.0
3.0
38.0
863.0
3.0
19.0
2.0
6.0
1231.0
106.0
2.0
2.0
1.0
127.0
1.0
30.0
12.0
3.0
9.0
8.0
1198.0
242.0
4.0
3.0
34.0
5.0
2.0
4.0
21.0
24.0
2.0
1.0
89.0
8.0
5.0
10.0
4.0
4.0
251.0
210.0
925.0
32.0
1.0
87.0
21.0
14.0
3.0
1.0
8.0
48.0
2.0
71.0
2.0
4.0
104.0
3.0
9.0
34.0
44.0
602.0
86.0
344.0
3.0
2.0
2.0
1.0
5.0
1.0
34.0
5.0
5.0
3.0
1.0
4.0
3.0
2.0
5.0
19.0
1.0
1.0
2.0
2.0
1.0
1.0
2.0
16.0
779.0
3.0
1.0
1382.0
4.0
3.0
58.0
309.0
1.0
99.0
62.0
1.0
3247.0
1.0
45.0
3.0
1.0
9.0
267.0
1.0
10.0
29.0
3.0
1.0
200.0
6.0
2.0
1.0
1.0
3.0
35.0
1.0
282.0
7.0
1.0
4.0
2.0
5.0
1018.0
15.0
10.0
3.0
3.0
5.0
24.0
2.0
76.0
3068.0
35.0
9.0
3.0
3.0
65.0
1.0
3.0
11.0
3.0
8.0
4.0
263.0
2.0
596.0
6.0
64.0
65.0
1.0
14.0
282.0
10.0
8.0
2942.0
6.0
1.0
2.0
19.0
1.0
2.0
14.0
75.0
5.0
2.0
3.0
41.0
5.0
1.0
764.0
18.0
3.0
12.0
11.0
1458.0
1.0
8.0
978.0
6.0
313.0
445.0
129.0
587.0
23.0
9995.0
937.0
121.0
3.0
1.0
761.0
3.0
333.0
4.0
3.0
3.0
1.0
3.0
1.0
6.0
11.0
2.0
64.0
866.0
3.0
2.0
18.0
288.0
1.0
10.0
123.0
5.0
2.0
396.0
1.0
1.0
40.0
3.0
574.0
2.0
3.0
55.0
1.0
10.0
3.0
564.0
4.0
10.0
15.0
2.0
293.0
1.0
1.0
3.0
990.0
11.0
1.0
1.0
65.0
3.0
1.0
1.0
5.0
6.0
4.0
1.0
1.0
1.0
17.0
1.0
1439.0
4.0
581.0
1.0
374.0
9.0
18.0
1.0
75.0
5.0
1.0
1.0
13.0
8.0
50.0
6.0
236.0
1.0
3.0
23.0
961.0
221.0
2.0
853.0
4612.0
3.0
1075.0
827.0
1.0
3.0
1.0
24.0
1.0
4.0
351.0
1.0
116.0
1.0
2.0
1.0
77.0
8.0
116.0
2.0
3.0
1.0
1083.0
6.0
1.0
1.0
28.0
5.0
3.0
1.0
52.0
9.0
2.0
38.0
2.0
4.0
4.0
22.0
6.0
495.0
2.0
6.0
909.0
8.0
1.0
737.0
3.0
127.0
1.0
1.0
35.0
2.0
2.0
3.0
228.0
18.0
638.0
4.0
1.0
4.0
31.0
1.0
21.0
3.0
84938.0
1.0
3.0
3.0
5.0
978.0
2.0
107.0
2.0
1.0
5.0
1.0
3.0
1.0
65.0
1.0
18.0
1.0
33.0
351.0
3.0
86.0
3.0
1.0
12.0
174.0
1.0
649.0
8.0
2.0
1.0
3.0
17.0
8.0
33.0
220.0
1.0
2.0
3.0
3.0
1.0
1.0
1.0
3.0
3.0
4.0
107.0
444.0
16.0
2.0
30.0
3.0
878.0
1.0
697.0
16.0
2.0
1.0
1.0
3.0
1.0
1482.0
3.0
109.0
2.0
1.0
3.0
9.0
1.0
3.0
4.0
3.0
1.0
3.0
1.0
1.0
99.0
1.0
984.0
77.0
398.0
2.0
1.0
8.0
2.0
4.0
331.0
1.0
7.0
1.0
717.0
59.0
75.0
58.0
5.0
19.0
1.0
42.0
1.0
5.0
15.0
2.0
1.0
3.0
3.0
8.0
26.0
3.0
9.0
279.0
14.0
53.0
3.0
75.0
3.0
194.0
3.0
9.0
3.0
97.0
19.0
61.0
24.0
1.0
9.0
1.0
110.0
40.0
2.0
2.0
3.0
9.0
1.0
31.0
36.0
5.0
6.0
284.0
102.0
34.0
4.0
1.0
677.0
3.0
3.0
4.0
3.0
7.0
77.0
1.0
1.0
24.0
52.0
6.0
1650.0
15.0
6.0
52.0
1778.0
1.0
3.0
448.0
253.0
1.0
1.0
6.0
10.0
2.0
1.0
201.0
902.0
145.0
2.0
167.0
607.0
1.0
3.0
50.0
46.0
1.0
24.0
70.0
8.0
3.0
40.0
405.0
67.0
1.0
2.0
1.0
174.0
6.0
3.0
53.0
1.0
1.0
1134.0
1.0
63.0
1.0
2.0
3.0
9.0
686.0
1.0
1.0
14.0
2.0
1.0
46.0
2.0
12.0
1.0
8.0
1.0
1.0
3.0
1.0
4.0
38.0
3.0
1.0
111.0
2.0
3.0
1086.0
17.0
32.0
236.0
16528.0
2.0
1.0
24.0
1.0
77.0
1.0
5.0
291.0
103.0
1.0
2.0
11.0
3.0
25.0
12.0
6.0
3.0
8.0
27.0
959.0
8.0
196.0
1.0
1.0
92.0
41.0
1.0
2.0
3.0
6.0
110.0
9.0
9.0
7.0
1.0
107.0
23.0
1.0
3.0
1.0
130.0
295.0
1.0
959.0
1117.0
1.0
8.0
1413.0
1.0
1.0
1496.0
2.0
12.0
1069.0
23.0
1.0
27.0
2.0
3.0
1.0
212.0
1.0
1.0
518.0
3.0
5.0
10305.0
553.0
19.0
15.0
1.0
2.0
5.0
2.0
3.0
1529.0
51.0
648.0
1.0
2.0
1.0
1.0
3.0
1.0
1.0
125.0
495.0
5163.0
953.0
3.0
1.0
4.0
302.0
45.0
10.0
172.0
248.0
1.0
1.0
7.0
19.0
1.0
4.0
4.0
4373.0
1.0
1.0
22.0
2.0
8.0
670.0
1.0
13.0
1.0
1.0
1440.0
3.0
1123.0
1.0
3.0
1.0
4.0
2173.0
8.0
3844.0
28.0
1.0
1.0
1.0
1.0
19.0
1.0
29.0
3.0
6.0
1.0
3.0
3.0
87.0
8.0
3.0
241.0
6.0
3.0
3.0
11.0
1.0
4.0
1172.0
2.0
685.0
24.0
1513.0
3916.0
66.0
3.0
1.0
20.0
21.0
1549.0
3.0
232.0
1.0
37.0
4.0
24.0
7.0
8.0
164.0
5657.0
41.0
1.0
7.0
2.0
3.0
5.0
3.0
39.0
23.0
4.0
3.0
1.0
1.0
129.0
14.0
229.0
369.0
17.0
24.0
65.0
65.0
1.0
2.0
3.0
7.0
4.0
17.0
47.0
7.0
2291.0
9.0
79.0
6.0
1.0
187.0
5273.0
18.0
3.0
26.0
2.0
6.0
1.0
10.0
1.0
2.0
1.0
1.0
16.0
1372.0
9.0
3.0
1.0
424.0
1.0
157.0
1344.0
1.0
2.0
5.0
27.0
3.0
1.0
1.0
66.0
62.0
6.0
15.0
404.0
89.0
8.0
2.0
3.0
1.0
1.0
351.0
3.0
338.0
1.0
1.0
130.0
1.0
2.0
1.0
3.0
4.0
14.0
4.0
1.0
1.0
36.0
1.0
739.0
69.0
2.0
1.0
4.0
1.0
2.0
2.0
3.0
276.0
27.0
1.0
164.0
2.0
3.0
17.0
1.0
1.0
351.0
5.0
458.0
1.0
121.0
1.0
355.0
3.0
1.0
86.0
204.0
77.0
1110.0
2.0
31.0
4.0
2.0
1.0
2.0
294.0
1.0
1.0
15.0
2.0
989.0
24.0
1.0
2.0
942.0
1.0
10.0
8.0
10.0
1.0
1.0
120.0
1.0
8.0
1.0
3.0
52.0
926.0
2.0
340.0
7.0
4.0
4.0
5.0
847.0
51.0
856.0
22.0
1.0
2.0
3.0
19.0
10.0
2.0
214.0
7.0
2.0
1.0
7.0
3.0
10.0
27.0
2988.0
2.0
27.0
141.0
119.0
2.0
38.0
3.0
1.0
16.0
129.0
7.0
3.0
1034.0
3.0
1.0
11.0
1.0
189.0
2.0
1.0
201.0
1.0
6.0
2299.0
20.0
8.0
1.0
1.0
23.0
3.0
1.0
4.0
1.0
35.0
5.0
25.0
8.0
25.0
3.0
2.0
2988.0
24.0
1.0
42.0
1.0
2.0
87.0
1.0
9.0
72.0
9.0
261.0
140.0
1.0
9.0
1.0
2.0
1.0
3.0
1.0
215.0
39.0
1.0
13.0
3.0
31.0
4.0
6.0
96.0
1.0
3.0
24.0
3.0
1.0
6.0
2.0
5.0
1.0
6.0
3.0
24.0
1.0
3891.0
1.0
1.0
414.0
1.0
4.0
7.0
124.0
1.0
2.0
4.0
3.0
1.0
14.0
3.0
1.0
5.0
2.0
3.0
4.0
2.0
1.0
48.0
1.0
3.0
23.0
2.0
2.0
65.0
359.0
1.0
4.0
1.0
2.0
1.0
1.0
1.0
1013.0
1.0
112.0
2.0
2.0
2.0
1.0
58.0
10.0
107.0
3.0
1.0
31.0
193.0
3.0
1.0
1.0
5.0
4.0
1.0
82.0
1.0
172.0
1.0
2.0
8.0
1.0
2.0
7.0
3.0
117.0
3.0
4.0
48.0
1.0
1.0
4.0
1.0
68.0
2.0
2.0
1.0
33.0
2.0
1.0
1.0
1.0
292.0
3.0
4.0
1.0
1.0
19.0
1.0
200.0
1.0
240.0
3.0
1.0
1.0
1.0
197.0
2.0
1.0
1.0
2.0
3.0
253.0
228.0
12.0
280.0
278.0
1.0
1.0
6.0
8.0
7.0
17.0
29.0
8.0
19.0
1.0
3.0
2.0
2.0
1.0
1.0
3.0
1.0
369.0
1.0
12.0
7.0
1.0
1.0
23.0
4.0
13.0
83.0
29.0
4.0
3.0
4.0
3.0
11.0
1.0
3.0
401.0
886.0
1.0
1852.0
2.0
3.0
4.0
2.0
3.0
24.0
1.0
2.0
7.0
19.0
1.0
270.0
257.0
1.0
3.0
244.0
122.0
1.0
51.0
82.0
1.0
1.0
3.0
53.0
1.0
40.0
1.0
145.0
3.0
134.0
3.0
3.0
2.0
1.0
3.0
131.0
2.0
3.0
8.0
85.0
41.0
3.0
1.0
157.0
328.0
2.0
1.0
3.0
6740.0
13.0
1.0
1.0
1.0
101.0
10.0
7.0
3.0
3.0
1.0
114.0
3.0
19.0
1.0
3.0
3.0
1.0
224.0
1.0
2.0
1.0
1.0
1.0
35.0
1.0
29.0
100.0
53.0
1785.0
848.0
14.0
119.0
1.0
2.0
1.0
81.0
16.0
4.0
181.0
1340.0
1.0
1.0
2.0
1.0
3.0
3.0
1018.0
53.0
1.0
1.0
1.0
7.0
4.0
205.0
28.0
6.0
1.0
60.0
3.0
3.0
74.0
3.0
10.0
2.0
1.0
327.0
1.0
30.0
2.0
3.0
7.0
2.0
3.0
1.0
1.0
1.0
1.0
3.0
1.0
24.0
9.0
32.0
3.0
1.0
4.0
6.0
25.0
33.0
6.0
4.0
1.0
3.0
67.0
1.0
1.0
4.0
12.0
321.0
1.0
1039.0
1.0
6.0
572.0
2.0
72.0
161.0
1.0
562.0
1.0
4.0
535.0
4.0
1.0
334.0
1.0
3.0
1.0
3.0
3.0
902.0
2.0
22.0
3.0
3.0
615.0
3.0
1.0
596.0
823.0
4.0
1.0
1.0
56.0
1.0
5.0
5.0
1.0
3842.0
2.0
86.0
800.0
13.0
3.0
3.0
12.0
11.0
1.0
1.0
5.0
6.0
1.0
1927.0
22.0
2.0
6.0
2.0
4.0
7.0
2.0
3.0
8.0
729.0
423.0
1599.0
60.0
1.0
6.0
4.0
1077.0
444.0
1.0
28.0
2.0
3.0
10.0
23.0
512.0
8.0
14385.0
1.0
1.0
5.0
1389.0
7.0
75.0
10.0
5.0
4.0
9.0
3.0
2837.0
24.0
3.0
24.0
2.0
3990.0
3.0
2.0
1.0
1.0
41.0
3839.0
2.0
1.0
2.0
1357.0
1.0
524.0
5665.0
4.0
4.0
2.0
1.0
3.0
1.0
1.0
7.0
9.0
2.0
4.0
1.0
2.0
1.0
1.0
1.0
7.0
1.0
8.0
1.0
4.0
17.0
101.0
15.0
9621.0
720.0
11.0
8.0
1.0
121.0
1.0
2.0
12.0
3.0
3.0
6.0
830.0
3.0
8.0
3.0
871.0
1.0
5.0
2.0
59.0
33.0
15.0
1.0
1.0
41.0
1.0
3.0
229.0
1054.0
66.0
3.0
1.0
3.0
741.0
2.0
10.0
1.0
52.0
421.0
1.0
1.0
8.0
1.0
1.0
3.0
1.0
78.0
3.0
5.0
1.0
333.0
2.0
3.0
4.0
1.0
1.0
2.0
20.0
11.0
3.0
1.0
7.0
351.0
1.0
3.0
461.0
585.0
367.0
2.0
102.0
697.0
3.0
6.0
1579.0
3.0
671.0
1.0
204.0
12.0
6.0
9.0
4.0
108.0
1.0
1025.0
1.0
4.0
110.0
61.0
1.0
1.0
8.0
3.0
5.0
10.0
1.0
4.0
3.0
3.0
46.0
1117.0
6.0
1.0
4.0
1.0
1.0
110.0
3.0
14.0
1.0
507.0
3.0
1.0
2.0
1.0
3.0
2.0
785.0
53.0
1.0
1.0
3.0
81.0
1.0
5.0
1.0
117.0
5.0
65.0
1.0
24.0
3.0
16.0
595.0
375.0
90.0
4.0
1.0
1.0
2.0
4.0
1.0
1.0
2.0
652.0
6.0
2.0
1.0
4122.0
2.0
66.0
1.0
7.0
1.0
2065.0
1.0
1.0
4.0
6.0
8.0
3.0
13.0
288.0
2.0
28.0
1.0
1.0
24.0
1.0
3.0
1.0
2032.0
3.0
338.0
4.0
3.0
1.0
611.0
4.0
18.0
638.0
1.0
3.0
19.0
6.0
666.0
1.0
929.0
3.0
3.0
1.0
47.0
2.0
105.0
2.0
7.0
2.0
12.0
8.0
1.0
3.0
14385.0
629.0
391.0
1.0
10.0
6.0
1.0
3.0
7.0
1.0
3.0
3.0
5.0
3.0
1.0
2.0
1.0
3.0
3240.0
1.0
1.0
230.0
1.0
596.0
4.0
69.0
1.0
17.0
1.0
3.0
754.0
756.0
1.0
1.0
3.0
42.0
26.0
47.0
1.0
1.0
6.0
27.0
18.0
66.0
66.0
22.0
422.0
4.0
9.0
2.0
1.0
1.0
282.0
12.0
2.0
3.0
13.0
705.0
15.0
1.0
8.0
1.0
8.0
22.0
1.0
9.0
1.0
12397.0
1.0
14385.0
846.0
253.0
1.0
2.0
1.0
245.0
4.0
19.0
3.0
1.0
2.0
3.0
492.0
154.0
244.0
12.0
1.0
2.0
1.0
242.0
3.0
3.0
3.0
4.0
2.0
10.0
1.0
282.0
1.0
5.0
3.0
1.0
1.0
2.0
81.0
1.0
637.0
32.0
8.0
576.0
2.0
1520.0
4.0
55.0
3776.0
1.0
3.0
11.0
4.0
2801.0
11.0
1.0
21.0
1.0
19.0
5.0
179.0
8.0
2.0
13.0
13.0
15.0
12.0
42.0
1.0
1.0
164.0
31.0
398.0
3.0
5.0
9.0
2.0
4.0
46.0
5.0
58.0
459.0
12.0
10.0
2.0
5.0
4.0
7.0
3.0
69.0
3.0
9.0
3.0
524.0
38.0
2226.0
14.0
3.0
3.0
5319.0
3.0
20.0
49.0
3.0
1.0
584.0
1.0
1.0
2.0
1.0
3.0
3.0
796.0
9.0
24.0
1.0
207.0
3.0
136.0
3.0
1130.0
2.0
79.0
1.0
2.0
21.0
1001.0
15.0
4.0
1.0
1.0
8.0
1.0
1.0
1.0
1.0
4.0
171.0
3.0
1.0
674.0
1.0
1.0
3.0
6.0
301.0
19.0
1.0
10.0
1.0
1.0
22.0
24.0
6600.0
26.0
235.0
3.0
22.0
15.0
3.0
1.0
4.0
1.0
714.0
9.0
1.0
10.0
9.0
58.0
556.0
6.0
1.0
2.0
1.0
2.0
21.0
1.0
11.0
4.0
2.0
1.0
1.0
7.0
3.0
1.0
1.0
5.0
24.0
42.0
3.0
9.0
2.0
3.0
9.0
12.0
10.0
637.0
1.0
1.0
2.0
11.0
2.0
1.0
1.0
1.0
6.0
2.0
21.0
1.0
3.0
2521.0
1.0
1.0
2.0
1.0
5.0
3.0
3.0
233.0
3.0
2.0
13.0
9.0
3.0
5.0
16.0
1.0
3.0
3.0
1.0
14.0
870.0
938.0
3.0
1.0
799.0
1.0
119.0
1018.0
3.0
1.0
763.0
4.0
1.0
1.0
92.0
3.0
3.0
1140.0
2.0
2.0
3.0
4.0
5.0
16.0
4.0
3.0
1.0
3.0
37.0
52.0
13.0
3.0
3.0
3.0
53.0
2.0
253.0
441.0
26.0
1.0
2.0
14.0
728.0
235.0
59.0
1.0
3046.0
1.0
9.0
15.0
3.0
2.0
30.0
6.0
8.0
27.0
128.0
292.0
3.0
2.0
11.0
351.0
5.0
36.0
27.0
58.0
174.0
8.0
3.0
18.0
17.0
1.0
3.0
1.0
25.0
516.0
2.0
58.0
258.0
1.0
668.0
1.0
1037.0
1.0
164.0
1.0
2.0
40.0
2.0
3.0
1.0
56.0
190.0
2.0
3.0
1.0
1.0
1.0
453.0
459.0
118.0
409.0
1.0
1.0
5.0
1.0
14.0
3.0
1.0
1491.0
8.0
3.0
9.0
1.0
4.0
9.0
10.0
25.0
662.0
1.0
8.0
22.0
11.0
315.0
1.0
1296.0
9.0
26.0
14.0
3.0
1.0
249.0
6.0
8.0
6.0
1.0
1.0
106.0
4.0
14.0
88.0
17.0
4.0
1.0
1.0
1.0
4.0
35.0
3.0
6.0
1.0
7.0
16.0
30.0
3.0
11.0
3.0
634.0
1.0
16.0
7.0
3.0
44.0
18.0
24.0
1.0
7.0
499.0
1.0
186.0
17.0
4.0
1.0
1.0
3.0
23.0
3.0
3.0
90.0
3.0
1.0
1.0
3.0
1.0
1.0
17.0
1.0
1018.0
3.0
3.0
6.0
13.0
143.0
2.0
1155.0
2.0
696.0
358.0
2.0
55.0
18.0
2.0
7.0
12.0
3.0
5.0
1.0
33.0
466.0
1.0
1007.0
3.0
101.0
1.0
38.0
1.0
361.0
34.0
3.0
9867.0
2.0
399.0
3.0
1.0
5.0
1.0
2.0
3.0
3.0
4.0
4.0
16.0
4.0
90.0
1.0
1.0
24.0
6.0
2.0
20.0
19.0
2.0
8.0
1.0
1.0
4.0
3.0
3.0
162.0
3.0
8.0
17.0
9.0
1.0
3.0
45.0
755.0
1.0
199.0
2.0
1.0
3.0
6.0
313.0
2.0
3.0
1.0
3.0
2.0
3.0
10.0
5.0
3.0
5.0
1.0
542.0
156.0
986.0
26.0
3.0
36.0
2.0
8678.0
2.0
1.0
3.0
1.0
1.0
56.0
7.0
3.0
221.0
40.0
11.0
85.0
1.0
649.0
14.0
4.0
15.0
1.0
7.0
1.0
337.0
1.0
1.0
3.0
65.0
239.0
8.0
1.0
2.0
3.0
5.0
1.0
1.0
4.0
5.0
8.0
3.0
1.0
691.0
9.0
358.0
2.0
282.0
3.0
3.0
1.0
1.0
3.0
17.0
1517.0
313.0
2.0
8.0
3.0
1.0
1.0
2.0
1227.0
4.0
4.0
2.0
1.0
1.0
1.0
4.0
595.0
4.0
1.0
1.0
2.0
1.0
142.0
4.0
20.0
67.0
102.0
2.0
1.0
1578.0
5.0
1.0
582.0
2.0
10.0
1.0
2.0
21.0
3152.0
135.0
664.0
18.0
3.0
1.0
3.0
3.0
3.0
1.0
115.0
5.0
45.0
2.0
86.0
1.0
3.0
28.0
17.0
1.0
22.0
24.0
1.0
2.0
2.0
3.0
1.0
3.0
3.0
5.0
2.0
23.0
37.0
4.0
2.0
1.0
115.0
19.0
1.0
6.0
3.0
17285.0
1.0
4.0
13.0
3.0
5.0
6.0
16.0
1.0
421.0
400.0
351.0
1.0
8.0
1.0
1.0
4.0
604.0
2.0
3.0
4.0
3.0
39.0
5.0
79.0
3.0
1.0
2.0
2.0
328.0
3.0
2341.0
1.0
1.0
3.0
11.0
6.0
1.0
1.0
1.0
1.0
1.0
2.0
7796.0
119.0
1.0
3.0
1.0
1.0
103.0
3.0
4.0
3.0
1.0
22.0
1.0
3.0
39.0
95.0
6.0
3.0
1.0
1.0
3.0
3.0
3.0
103.0
3.0
60.0
40.0
70.0
1.0
1.0
1.0
2658.0
1.0
1.0
7.0
12.0
2.0
1.0
642.0
1.0
1.0
351.0
3.0
1.0
17.0
1480.0
215.0
5.0
3.0
7.0
2.0
1.0
3.0
4.0
4542.0
1.0
2481.0
7.0
3.0
1.0
8.0
177.0
2.0
9.0
315.0
3.0
1.0
961.0
2.0
587.0
2.0
1.0
25.0
2.0
1.0
1641.0
236.0
3.0
1.0
133.0
2.0
3.0
1.0
3.0
1.0
1.0
7.0
1.0
349.0
46.0
2.0
1.0
1.0
5.0
3.0
1.0
58.0
3.0
3.0
1.0
29.0
1474.0
3.0
1.0
6.0
9.0
1.0
1903.0
292.0
2.0
64.0
17.0
16.0
1.0
3.0
2.0
2.0
46.0
55.0
1.0
3.0
2.0
4.0
416.0
24.0
1.0
4.0
3.0
2.0
8.0
1.0
1.0
3.0
2.0
3.0
1.0
30.0
7.0
52.0
72.0
1.0
3.0
20.0
74.0
3.0
488.0
3.0
1830.0
1.0
9.0
1.0
3.0
6.0
1.0
4557.0
58.0
95.0
1.0
1.0
14.0
298.0
346.0
11.0
369.0
1.0
3.0
24.0
3.0
19.0
51.0
1.0
3.0
351.0
1.0
166.0
1.0
3.0
244.0
886.0
11.0
567.0
3.0
8.0
1.0
38.0
1.0
1.0
1.0
2.0
7.0
282.0
3.0
972.0
2.0
569.0
31.0
1.0
12.0
1.0
4.0
2.0
554.0
218.0
1.0
6.0
4.0
167.0
2.0
1.0
1.0
4.0
5.0
33.0
8.0
1115.0
1.0
12.0
8.0
367.0
3986.0
9.0
1.0
64.0
23.0
22.0
44.0
1.0
1.0
2.0
1.0
1.0
16.0
1.0
5.0
2.0
53.0
3.0
1519.0
1.0
320.0
1.0
288.0
59.0
53.0
2.0
2.0
1.0
2318.0
4.0
74.0
1.0
84.0
1.0
7.0
29.0
3.0
30.0
2.0
32.0
96.0
1.0
1.0
3.0
1.0
132.0
342.0
525.0
302.0
1.0
1.0
14.0
2.0
8.0
1246.0
76.0
61.0
1.0
3.0
338.0
3.0
1.0
1.0
1018.0
3.0
108.0
7.0
1.0
4.0
2.0
3.0
10.0
796.0
2.0
358.0
2.0
33.0
5.0
8.0
351.0
1.0
3.0
2.0
268.0
3.0
1.0
457.0
19.0
4.0
1.0
179.0
1.0
1.0
3.0
3033.0
1.0
1631.0
3.0
3.0
492.0
3.0
17.0
3.0
6.0
54025.0
346.0
1.0
109.0
8.0
72.0
3.0
215.0
1.0
2.0
273.0
2.0
61.0
3.0
30.0
3.0
2.0
17.0
18.0
1.0
282.0
3.0
424.0
670.0
3.0
3.0
2.0
1.0
5.0
2.0
23.0
75.0
3.0
3.0
9.0
3448.0
3.0
272.0
1.0
7.0
1.0
5.0
351.0
1.0
100.0
16.0
31.0
62.0
121.0
6.0
1.0
138.0
4.0
3080.0
1.0
121.0
1.0
3.0
238.0
7.0
30.0
2.0
103.0
8.0
5.0
7.0
15.0
5.0
13.0
45.0
1.0
3.0
2.0
1.0
1.0
1.0
3.0
19.0
1.0
83.0
1.0
3.0
1.0
3.0
1202.0
4.0
2.0
3.0
9.0
489.0
13.0
31.0
2.0
6.0
2.0
1.0
2.0
615.0
1.0
2.0
6.0
3.0
10.0
66.0
16.0
55.0
69.0
3.0
52.0
11.0
5.0
2.0
4.0
1.0
4.0
1.0
63.0
2.0
1.0
4.0
52.0
2.0
3.0
1.0
3.0
210.0
34.0
3.0
1.0
4.0
1245.0
24.0
1.0
1224.0
3.0
1.0
865.0
1.0
21.0
1.0
9.0
10.0
1.0
2264.0
1.0
25.0
3.0
3.0
4.0
243.0
56.0
7554.0
5869.0
4.0
44.0
2.0
1.0
704.0
2.0
3.0
23.0
622.0
1.0
1.0
8.0
6511.0
5.0
1.0
3.0
3.0
48.0
1570.0
3884.0
7.0
12.0
16.0
24.0
2.0
1.0
1.0
17.0
723.0
1078.0
1.0
17.0
2.0
116.0
1.0
284.0
27.0
3.0
1.0
13.0
4.0
1.0
105.0
3.0
97.0
3.0
691.0
1.0
1.0
1.0
69.0
2.0
1.0
3.0
7.0
515.0
1.0
1.0
18.0
115.0
3.0
3.0
1.0
1.0
25.0
4.0
2.0
1.0
1.0
3.0
33.0
1.0
14.0
85.0
1.0
18.0
24.0
5.0
1.0
1.0
3.0
1.0
3.0
66.0
23.0
2.0
1.0
11.0
14.0
1.0
1.0
6.0
1.0
7.0
1.0
102.0
124.0
2.0
1.0
3.0
1.0
2.0
3.0
1.0
1.0
2.0
52.0
3.0
4.0
1.0
3.0
231.0
55.0
3.0
10.0
7.0
1473.0
6.0
4.0
800.0
3.0
1.0
311.0
9.0
1.0
4.0
1.0
1.0
1.0
3.0
105.0
2.0
961.0
2.0
6.0
3.0
62.0
5.0
33.0
1.0
1078.0
1244.0
6.0
13.0
2.0
1642.0
3.0
3.0
12.0
7.0
248.0
4.0
1.0
1.0
1.0
2.0
3.0
1.0
3.0
438.0
1.0
3.0
43.0
23.0
3.0
3.0
972.0
1.0
3.0
17.0
223.0
3.0
642.0
3.0
3.0
10.0
169.0
1.0
16.0
6.0
1.0
1.0
19.0
19.0
3.0
2.0
2.0
130.0
3.0
1.0
1.0
990.0
5.0
7.0
7.0
8.0
1.0
18.0
2.0
1.0
95.0
12.0
2.0
1.0
2251.0
3.0
237.0
139.0
5.0
9.0
1.0
2.0
5.0
2.0
4955.0
195.0
3.0
3.0
1.0
162.0
5.0
1.0
1.0
5.0
6.0
4.0
1.0
2990.0
1.0
1.0
70.0
3.0
1.0
2.0
8.0
4452.0
43.0
13.0
1.0
2.0
36.0
3.0
1.0
8.0
4.0
2.0
2.0
9.0
23.0
3.0
2.0
1.0
3.0
33.0
48.0
12027.0
1.0
22.0
22.0
3.0
6.0
218.0
205.0
342.0
3.0
4.0
3.0
3.0
2767.0
11.0
1.0
1.0
4.0
7.0
1.0
2.0
3.0
3.0
3.0
182.0
1.0
1.0
3.0
3.0
1.0
3.0
3.0
87.0
4.0
3.0
1.0
1048.0
1.0
21.0
49.0
1.0
2477.0
1.0
89.0
1.0
87.0
176.0
1.0
3.0
1080.0
1.0
3.0
1.0
22.0
25.0
1.0
2.0
1.0
3.0
1.0
4.0
961.0
67.0
1.0
1.0
125.0
1.0
2.0
302.0
209.0
2.0
232.0
6.0
3.0
15.0
5.0
4.0
1.0
1.0
2.0
1.0
76.0
6.0
1.0
87.0
1.0
1.0
67.0
3.0
25.0
1.0
42.0
1.0
29.0
4.0
83.0
13.0
4.0
66.0
19.0
35.0
1.0
666.0
51.0
21.0
8.0
239.0
1.0
8.0
1.0
2.0
19.0
8.0
923.0
9870.0
157.0
78.0
1.0
19.0
34.0
69.0
5.0
2.0
7.0
10.0
2.0
4.0
638.0
59.0
98.0
1.0
10.0
18.0
627.0
81.0
332.0
1.0
1.0
3506.0
2.0
116.0
1.0
6.0
1.0
3.0
110.0
11.0
1.0
1.0
51.0
2.0
19.0
1.0
70.0
159.0
1.0
1465.0
1.0
2.0
943.0
4.0
30.0
13.0
2.0
161.0
79.0
758.0
3.0
1.0
6.0
6.0
4.0
1.0
16.0
1.0
7.0
3.0
90.0
3.0
9.0
2.0
289.0
3.0
10.0
1656.0
3.0
1.0
7.0
4.0
7.0
6.0
4.0
2.0
377.0
87.0
24.0
1.0
91.0
2.0
684.0
1.0
23.0
3.0
1.0
89.0
32.0
12.0
96.0
3.0
3.0
2.0
7.0
1.0
5.0
50.0
347.0
1289.0
19.0
1.0
5.0
4.0
3.0
190.0
3.0
4.0
2.0
380.0
2.0
309.0
1693.0
1.0
1.0
65.0
1.0
3.0
1.0
11.0
7.0
1.0
21.0
1.0
225.0
46.0
1.0
92.0
6.0
1.0
19.0
2.0
3.0
3.0
1.0
4.0
1.0
65.0
3.0
207.0
1.0
1.0
60.0
2.0
106.0
1.0
1.0
6.0
2.0
19.0
49.0
3263.0
338.0
2.0
3.0
69.0
2.0
3.0
48.0
2.0
57.0
1.0
3.0
6.0
729.0
1.0
3.0
4.0
36.0
3.0
7.0
3.0
1.0
3.0
1.0
3.0
1.0
4.0
1.0
3.0
2.0
36.0
48.0
1.0
7.0
1.0
1.0
3.0
3.0
2.0
6.0
1.0
149.0
11.0
284.0
1.0
4.0
1.0
154.0
3.0
1229.0
1.0
174.0
1095.0
3.0
2.0
3.0
15.0
1.0
4.0
6.0
469.0
1.0
1.0
3.0
1.0
14.0
1.0
93.0
454.0
74.0
20.0
3.0
31.0
8.0
52.0
2.0
3.0
31.0
6.0
10.0
1.0
282.0
16.0
1.0
3.0
3.0
1.0
1.0
2.0
640.0
1.0
29.0
1.0
1.0
17.0
1.0
3.0
350.0
3.0
1.0
5.0
21.0
1.0
8.0
4.0
18.0
1.0
3.0
42.0
54.0
6.0
10.0
1.0
292.0
3.0
1.0
2.0
2.0
1.0
5.0
1122.0
23.0
1.0
1.0
9.0
2.0
3.0
3.0
2.0
3.0
4.0
4.0
1.0
1.0
86.0
1.0
11.0
3.0
1.0
77.0
74.0
1307.0
1.0
249.0
38.0
1.0
1.0
3.0
3.0
63.0
3.0
1.0
1.0
1.0
1.0
5.0
24.0
3.0
2.0
83.0
905.0
116.0
3.0
1.0
14.0
34.0
3.0
1.0
1.0
3.0
885.0
1.0
1.0
3.0
3.0
1.0
3.0
1.0
4.0
125.0
1.0
1.0
3.0
1.0
7.0
181.0
2.0
364.0
4.0
2.0
5.0
40.0
2.0
3.0
53.0
23.0
2679.0
102.0
6.0
1.0
2.0
4.0
1.0
6.0
783.0
7.0
1.0
26.0
1.0
3.0
1.0
1.0
3.0
9.0
19.0
1.0
24.0
1.0
41.0
9.0
31.0
1.0
3.0
1.0
57.0
213.0
2.0
3.0
11.0
3.0
227.0
2.0
3.0
1048.0
1.0
1.0
3.0
2.0
8.0
1.0
1.0
3.0
10.0
116.0
451.0
3.0
5.0
3.0
12.0
1.0
3.0
139.0
2.0
2071.0
31.0
1.0
7.0
1.0
2.0
1.0
1.0
1.0
2.0
34.0
5.0
1.0
17.0
3.0
3.0
64.0
34.0
1.0
4.0
3.0
18.0
25.0
18.0
2.0
66.0
14.0
1.0
96.0
3614.0
5.0
19.0
584.0
2.0
2.0
186.0
612.0
1.0
34.0
20.0
14.0
6.0
3.0
1.0
19.0
14.0
1.0
2.0
19.0
3.0
20.0
3.0
1.0
2.0
1.0
3.0
7.0
5.0
5.0
5.0
873.0
1.0
32.0
631.0
1.0
3.0
6.0
1.0
3.0
3.0
1.0
1.0
3.0
84.0
21.0
1.0
4.0
1.0
4.0
1.0
1.0
19.0
7.0
17.0
8.0
1.0
1.0
4.0
3.0
2.0
1.0
102.0
1.0
3.0
3.0
904.0
4.0
41.0
1.0
1943.0
1.0
3.0
3.0
2.0
659.0
3.0
2.0
1.0
89.0
93.0
1.0
55.0
18.0
69.0
3.0
3.0
1.0
9.0
1.0
3.0
424.0
3.0
1.0
1.0
1.0
1.0
2.0
4.0
6.0
1.0
1.0
2.0
10.0
4.0
3.0
1.0
10.0
629.0
3.0
1105.0
1.0
3.0
78.0
2.0
569.0
63.0
1.0
4.0
3.0
4.0
422.0
238.0
1.0
49.0
81.0
3817.0
3.0
21.0
23.0
9.0
40.0
1.0
9.0
28.0
34.0
2.0
2001.0
10.0
3.0
11.0
8.0
1.0
126.0
4.0
2.0
1.0
1.0
1.0
1.0
1.0
1.0
26.0
8.0
19.0
2.0
1027.0
1.0
1.0
1.0
1.0
1.0
9.0
31.0
378.0
91.0
5.0
1954.0
1.0
10.0
3.0
4.0
32.0
14.0
2.0
59.0
1.0
3.0
2.0
126.0
4.0
36.0
82.0
2.0
1.0
31.0
28.0
1.0
2.0
186.0
5.0
1.0
32.0
1.0
3.0
1.0
3.0
7.0
1.0
9.0
978.0
23.0
659.0
4.0
182.0
1.0
7.0
2.0
2.0
1.0
1.0
1.0
4.0
6.0
4.0
1.0
3.0
7.0
1.0
2.0
2.0
1.0
2.0
600.0
81.0
6.0
1.0
1.0
12.0
3.0
1.0
1.0
1.0
412.0
1.0
28.0
177.0
1.0
9.0
7.0
1.0
4.0
22.0
1.0
1.0
44.0
1.0
835.0
1522.0
3.0
1.0
158.0
1.0
1.0
19.0
367.0
2.0
7.0
1.0
8.0
9.0
1.0
1634.0
49.0
73.0
46.0
8.0
67.0
43.0
15.0
9.0
3.0
1181.0
1.0
23.0
3.0
1.0
1.0
87.0
13.0
2.0
1.0
2.0
488.0
3.0
9.0
94.0
3.0
1.0
94.0
2.0
42.0
31.0
4.0
4.0
4.0
3.0
1.0
8.0
70.0
110.0
1075.0
262.0
110.0
3.0
3.0
10.0
1391.0
7.0
39.0
3.0
35.0
9.0
573.0
1.0
23.0
3.0
199.0
3.0
1518.0
1259.0
5.0
1.0
6.0
5.0
1.0
3.0
3.0
1.0
3.0
7.0
1.0
23.0
4.0
891.0
1.0
32.0
3.0
35.0
54.0
1.0
2010.0
4.0
40.0
1.0
265.0
6.0
1241.0
2.0
53.0
873.0
720.0
19.0
18.0
30.0
126.0
38.0
2.0
8.0
3.0
3.0
1.0
616.0
12.0
1.0
3230.0
880.0
940.0
3.0
2.0
3.0
218.0
699.0
365.0
2.0
1.0
2.0
21.0
3.0
1.0
1.0
185.0
6.0
2.0
1596.0
339.0
9.0
8.0
18.0
39.0
7.0
512.0
1.0
3.0
3.0
39.0
3.0
3.0
2.0
61.0
5.0
13139.0
2.0
14.0
2.0
3.0
3.0
3.0
35.0
3.0
90.0
5.0
5.0
3.0
3.0
3.0
1.0
2.0
8.0
3.0
7.0
9.0
1.0
1.0
1.0
5.0
58.0
6.0
1.0
1.0
8.0
102.0
53.0
61.0
4.0
4.0
1.0
2.0
3.0
5.0
1.0
149.0
3.0
1.0
2.0
4.0
3.0
3.0
123.0
1096.0
15.0
3.0
1.0
17.0
4.0
2.0
37.0
1.0
1.0
3.0
4.0
1.0
2.0
32.0
59.0
1701.0
5.0
3.0
3.0
3.0
174.0
22.0
7.0
3.0
5.0
3.0
7.0
1.0
3.0
2.0
14.0
1.0
14.0
10.0
4.0
11.0
1.0
4.0
24.0
3.0
29.0
8.0
159.0
2.0
2.0
26.0
351.0
1.0
1.0
50.0
26.0
1251.0
3.0
1.0
1.0
29.0
1.0
1.0
956.0
351.0
7.0
1.0
2565.0
2.0
338.0
2.0
17.0
1.0
2821.0
476.0
1.0
3.0
1.0
1.0
2.0
45.0
107.0
10.0
144.0
170.0
3.0
10.0
3.0
2.0
3.0
3.0
53.0
1522.0
5.0
455.0
1.0
1.0
1024.0
1.0
25.0
3.0
9.0
4.0
9.0
3.0
21.0
2.0
3.0
27.0
1.0
393.0
2.0
2.0
1.0
1.0
197.0
99.0
1.0
1.0
33.0
2.0
346.0
48.0
92.0
3.0
2.0
1.0
2.0
3587.0
1.0
92.0
2.0
2.0
1.0
1.0
13.0
4.0
1098.0
84.0
2.0
3.0
6.0
26.0
1.0
3.0
63.0
2.0
15.0
1.0
1.0
5655.0
442.0
1.0
1695.0
156.0
6.0
11.0
22.0
10.0
16.0
977.0
2.0
4.0
43.0
3.0
18.0
1.0
41.0
1.0
3.0
596.0
481.0
30.0
1.0
217.0
450.0
2.0
34.0
1.0
218.0
115.0
9.0
2.0
25.0
2.0
5.0
1.0
1.0
3.0
1.0
168.0
3.0
3.0
13840.0
19.0
8.0
703.0
36.0
87.0
1.0
1.0
596.0
112.0
24.0
63.0
1.0
4.0
20.0
1.0
19.0
2.0
13.0
1.0
100.0
870.0
3.0
2.0
13.0
4.0
37.0
10.0
4.0
168.0
5.0
97.0
40.0
1.0
9.0
30.0
3.0
14.0
98.0
33.0
2.0
3.0
24.0
320.0
1.0
31.0
20.0
4.0
1.0
62.0
105.0
41.0
104.0
1.0
1.0
104.0
54.0
59.0
1.0
1.0
656.0
6088.0
3.0
28.0
4.0
2.0
1.0
6.0
1.0
9.0
3.0
278.0
5.0
32.0
17.0
44.0
1.0
3.0
18.0
1.0
1.0
4.0
23.0
797.0
1.0
2.0
3.0
10.0
1.0
8.0
3.0
3.0
117.0
1.0
661.0
12.0
1.0
8.0
3.0
1.0
7.0
1.0
18.0
3.0
660.0
21.0
4.0
3.0
1.0
28.0
151.0
3.0
1.0
3.0
3.0
1.0
1.0
157.0
53.0
1.0
4.0
1.0
3.0
1.0
3.0
10.0
6.0
3.0
3750.0
4.0
28.0
2.0
1.0
16.0
3.0
288.0
2.0
1.0
9.0
3.0
1.0
3.0
1.0
1.0
638.0
5.0
1.0
1.0
2.0
67.0
61.0
3.0
9.0
3.0
9.0
2.0
3.0
3.0
16.0
410.0
9.0
1.0
15.0
28.0
1.0
47.0
2.0
11.0
3.0
1.0
3.0
47.0
3.0
3.0
1089.0
3.0
95.0
1.0
1.0
254.0
19.0
12.0
6.0
41.0
3.0
5.0
3.0
10.0
2.0
4.0
1.0
9.0
1.0
65.0
180.0
24.0
1.0
136.0
37.0
42.0
1739.0
1.0
119.0
1.0
18.0
3.0
3.0
3.0
4.0
15.0
23.0
3.0
6.0
1.0
4.0
2.0
12.0
3.0
963.0
279.0
4.0
1.0
1.0
2591.0
3.0
3.0
3.0
5.0
515.0
2.0
31.0
2050.0
454.0
33.0
1.0
1.0
1.0
3.0
2.0
1.0
1.0
1.0
6.0
1.0
1.0
8.0
17.0
22.0
116.0
3.0
565.0
1.0
1.0
8.0
185.0
2.0
3.0
40.0
1.0
4.0
19.0
3.0
1.0
1.0
97.0
9.0
116.0
1.0
12.0
37.0
234.0
1.0
87.0
17.0
7.0
278.0
4.0
18.0
5.0
3.0
1.0
2.0
1.0
1.0
3.0
1.0
2.0
3.0
97.0
242.0
370.0
44.0
5.0
65.0
4.0
376.0
3.0
3.0
1.0
1.0
258.0
19.0
1.0
1.0
3.0
19.0
1.0
22.0
1.0
231.0
1.0
1.0
117.0
1.0
1.0
3.0
12.0
3.0
1.0
9.0
3.0
2.0
3.0
410.0
274.0
1.0
3.0
1.0
1.0
1.0
3.0
455.0
121.0
469.0
4.0
10.0
1.0
244.0
150.0
3.0
492.0
111.0
1.0
3.0
13.0
2.0
40.0
4.0
38.0
3.0
5.0
300.0
3.0
13.0
27.0
50.0
681.0
3.0
1.0
9.0
13.0
3973.0
6.0
112.0
2.0
596.0
9.0
5.0
3.0
3.0
1.0
1.0
104.0
8.0
32.0
384.0
153.0
20.0
6.0
1.0
16.0
5.0
19.0
3.0
26.0
55.0
45.0
3.0
8.0
2943.0
2391.0
6.0
13.0
1.0
3.0
2.0
351.0
1.0
14.0
214.0
3.0
21.0
9.0
100.0
1.0
11.0
1.0
1.0
15.0
3.0
1.0
45.0
3.0
2.0
3.0
7.0
3.0
1606.0
1893.0
4.0
94.0
25.0
3.0
916.0
1.0
3.0
1.0
3.0
1.0
27.0
1.0
2.0
1090.0
1.0
3.0
359.0
1.0
200.0
27.0
4.0
806.0
4.0
3.0
1.0
2.0
9.0
3.0
3.0
3.0
1018.0
2.0
65.0
4.0
3.0
562.0
1.0
1482.0
14.0
1.0
22.0
131.0
117.0
247.0
7.0
2.0
1.0
37.0
3.0
9946.0
3.0
3.0
2.0
1763.0
13.0
2.0
1.0
31.0
1.0
1.0
3.0
133.0
7.0
570.0
397.0
1.0
3.0
14.0
277.0
20.0
1.0
3.0
3.0
1.0
779.0
66.0
3.0
3.0
109.0
3.0
200.0
137.0
2.0
1.0
4.0
5.0
1.0
1.0
1.0
26.0
14.0
4.0
55.0
8.0
1.0
26.0
4.0
1148.0
3.0
735.0
1.0
1.0
1.0
13.0
110.0
1.0
2.0
3.0
1.0
1036.0
9.0
32.0
1.0
4.0
1.0
3.0
1.0
9.0
40.0
3.0
279.0
1.0
6.0
697.0
1.0
1.0
52.0
6.0
17.0
118.0
4.0
3.0
2.0
5.0
3.0
1.0
1.0
2.0
7.0
36.0
3.0
3.0
1056.0
2.0
3.0
3.0
19.0
25.0
1.0
4.0
132.0
4297.0
1.0
1.0
5.0
1.0
1.0
5.0
5.0
14.0
1.0
5.0
8.0
1.0
4.0
3.0
76.0
2.0
1.0
1.0
7.0
3.0
1.0
10.0
3.0
7.0
1.0
3.0
2.0
1.0
1.0
2.0
318.0
1.0
77.0
6.0
1074.0
978.0
4.0
1771.0
10.0
11.0
4.0
4.0
1.0
10.0
10.0
796.0
3.0
8.0
30.0
89.0
3.0
69.0
1.0
3.0
2.0
1.0
51.0
3.0
265.0
1.0
1.0
1.0
436.0
456.0
2.0
23.0
3.0
596.0
15.0
1894.0
1.0
46.0
19.0
272.0
18.0
1.0
1.0
409.0
16.0
21.0
20.0
14385.0
2.0
8.0
1.0
1.0
9.0
1.0
8.0
7.0
3.0
25.0
200.0
793.0
327.0
3.0
5.0
1.0
1.0
4.0
67.0
9.0
7887.0
3.0
1054.0
1.0
1.0
119.0
292.0
3.0
2.0
1.0
1.0
18.0
3.0
3.0
38.0
1.0
1.0
101.0
1.0
6.0
2.0
54.0
25.0
63.0
6848.0
10.0
2.0
2.0
18.0
1.0
3.0
2.0
21.0
3.0
1.0
1.0
1.0
11.0
1.0
4.0
10308.0
1.0
1.0
239.0
1855.0
1.0
2.0
1.0
1.0
1.0
2.0
2.0
1.0
5.0
2.0
1018.0
4.0
14.0
3.0
3.0
1.0
183.0
4.0
7.0
2.0
1.0
3.0
2.0
2.0
1.0
1.0
117.0
1.0
1.0
4.0
9.0
15.0
790.0
626.0
10.0
1.0
8.0
1.0
2.0
1.0
28.0
1.0
1.0
2.0
7.0
7.0
1827.0
77.0
6.0
27.0
1.0
48.0
362.0
22.0
5.0
2.0
1.0
3.0
3.0
2.0
1.0
1.0
22.0
3.0
3236.0
7.0
7.0
140.0
1.0
9.0
1.0
13.0
1.0
3.0
38.0
696.0
2.0
2.0
2.0
3.0
2.0
1.0
469.0
8.0
406.0
13.0
1.0
2.0
2.0
21.0
1627.0
383.0
12.0
3.0
2.0
1.0
2.0
4.0
2.0
137.0
601.0
234.0
1.0
1.0
1.0
12.0
1189.0
2.0
2.0
12.0
2.0
1.0
948.0
127.0
1.0
67.0
77.0
19.0
8.0
251.0
32.0
2.0
1.0
14.0
1.0
1001.0
3.0
149.0
1.0
627.0
961.0
2.0
1.0
2.0
23.0
43.0
75.0
1.0
21.0
1.0
59.0
3.0
3.0
1.0
2.0
1.0
600.0
416.0
3.0
127.0
491.0
2.0
45.0
1.0
3.0
1.0
1.0
19.0
65.0
7.0
9.0
5.0
6.0
1130.0
97.0
79.0
4.0
444.0
3.0
11.0
1.0
1.0
823.0
1.0
1.0
13.0
160.0
1.0
1.0
6.0
545.0
13818.0
264.0
573.0
2.0
1.0
1.0
1.0
1.0
2.0
233.0
3.0
1.0
1.0
1699.0
1.0
1.0
1.0
1251.0
36.0
1.0
359.0
846.0
1.0
44.0
1.0
6.0
823.0
2.0
630.0
4.0
68.0
8.0
6.0
36.0
28.0
696.0
339.0
1.0
8.0
10.0
1.0
1223.0
17.0
3.0
3.0
1.0
2.0
1908.0
3.0
110.0
2.0
318.0
2.0
51.0
2.0
4.0
1.0
3.0
3.0
13.0
418.0
80.0
2.0
1.0
1.0
5.0
2.0
1.0
1.0
1.0
2.0
1200.0
214.0
1.0
1.0
1.0
1.0
1.0
1.0
1.0
83.0
18.0
8.0
19.0
11.0
2.0
1004.0
3.0
4.0
19.0
102.0
1.0
1.0
115.0
2.0
2305.0
3.0
18.0
3.0
1.0
1763.0
2.0
2.0
37.0
1.0
3.0
1931.0
2.0
7.0
3.0
3.0
7.0
1.0
3.0
4.0
3.0
29.0
1.0
2.0
5.0
13.0
978.0
33.0
8.0
3.0
1388.0
1.0
2.0
22.0
3.0
37.0
1.0
2.0
8.0
16053.0
33.0
1.0
61.0
7.0
1.0
1.0
1966.0
7.0
3.0
3.0
696.0
3.0
1.0
5305.0
1018.0
3.0
97.0
161.0
90.0
46.0
2.0
1.0
25.0
3.0
6.0
4.0
56.0
1.0
6.0
23.0
9.0
2.0
4.0
1.0
338.0
14.0
28.0
3.0
73.0
6.0
351.0
1.0
9.0
9.0
2310.0
1.0
1211.0
2.0
3.0
9.0
3.0
3.0
14385.0
7354.0
3891.0
62.0
1.0
97.0
3.0
25.0
3.0
3.0
33.0
407.0
69.0
1.0
364.0
3.0
19.0
1031.0
3.0
1.0
1112.0
261.0
2.0
1.0
508.0
3.0
3.0
3.0
116.0
44.0
1.0
5.0
1.0
77.0
1.0
11.0
31.0
3.0
8.0
1.0
1.0
7.0
11.0
1.0
18.0
3.0
7.0
3.0
1.0
3.0
1.0
3.0
56.0
959.0
3.0
1.0
1.0
2.0
3.0
13.0
2.0
1.0
19.0
340.0
3.0
12.0
1.0
69.0
3.0
1.0
2.0
6.0
1.0
168.0
2.0
5.0
2.0
2000.0
3.0
6.0
1.0
6.0
107.0
89.0
447.0
3.0
3.0
185.0
3.0
2.0
16.0
5.0
2.0
22.0
30.0
1.0
3.0
6.0
16.0
1.0
640.0
2.0
6.0
8.0
492.0
3.0
63.0
56.0
2.0
54.0
1.0
14.0
2.0
28.0
1.0
580.0
1843.0
462.0
8.0
1.0
284.0
19.0
3.0
2.0
2.0
1.0
1.0
1.0
5.0
8.0
1.0
13.0
13.0
1.0
2.0
67.0
941.0
4.0
140.0
1.0
288.0
3.0
1.0
1.0
7.0
2.0
4.0
1.0
48.0
110.0
648.0
210.0
1.0
5.0
28.0
9.0
307.0
24.0
20.0
102.0
3.0
4.0
1.0
6.0
24.0
3.0
22.0
74.0
20.0
1.0
2396.0
23.0
48.0
2.0
3.0
6324.0
2.0
3.0
1.0
58.0
24.0
13978.0
4.0
1.0
1177.0
2.0
4504.0
1.0
3.0
3.0
16.0
1.0
1.0
4.0
1.0
3.0
2.0
2601.0
337.0
142.0
4.0
17.0
64.0
55.0
2.0
50.0
13.0
3.0
14.0
1.0
3475.0
42.0
1.0
337.0
1.0
1.0
1.0
3.0
1.0
2.0
1.0
1.0
5044.0
1.0
1.0
29.0
87.0
75.0
9.0
1.0
1.0
137.0
3.0
3330.0
39.0
8.0
1.0
3.0
181.0
575.0
36.0
336.0
4.0
35.0
11.0
216.0
2.0
1.0
29.0
2.0
3.0
2.0
107.0
16528.0
1.0
1.0
1.0
2.0
1.0
148.0
1.0
3.0
56.0
9.0
840.0
1.0
124.0
1.0
274.0
60.0
1.0
6.0
3.0
888.0
3.0
43.0
12.0
4.0
2.0
1.0
103.0
1.0
2.0
9.0
2.0
10012.0
25.0
86.0
23.0
2796.0
1.0
4688.0
1.0
1.0
7.0
143.0
1.0
1.0
8.0
1.0
15.0
106.0
5.0
1.0
1.0
3.0
1.0
1.0
612.0
175.0
3.0
1.0
3.0
3.0
696.0
1.0
1068.0
17.0
1.0
3.0
1067.0
2.0
8.0
1.0
786.0
27.0
674.0
62.0
11.0
839.0
61.0
3.0
24.0
246.0
12.0
1.0
1.0
2.0
7.0
3.0
715.0
42.0
1033.0
40700.0
3.0
2.0
3.0
698.0
1.0
2.0
2.0
1.0
1.0
3.0
3.0
6.0
512.0
1.0
93.0
11.0
1.0
7.0
5.0
1.0
16.0
3.0
3.0
1.0
3.0
12.0
3.0
3.0
3.0
1.0
3.0
1.0
5.0
14.0
1.0
291.0
1.0
1.0
5.0
3.0
1.0
247.0
9.0
74.0
1.0
16.0
10.0
1.0
26.0
1.0
1230.0
2.0
1.0
1.0
1.0
3.0
4618.0
3.0
6.0
1.0
3.0
1317.0
1.0
1.0
86.0
513.0
1.0
5964.0
426.0
2263.0
3.0
59.0
3.0
14.0
4445.0
1.0
56.0
18.0
22.0
3.0
1.0
11.0
2.0
24.0
549.0
19.0
1.0
1.0
1.0
2.0
1.0
9.0
2.0
92.0
9.0
1.0
3.0
13.0
2.0
3.0
1.0
11.0
8.0
1.0
1.0
9.0
389.0
5.0
1.0
12.0
2.0
146.0
1574.0
1003.0
10.0
6.0
3.0
25.0
1.0
1.0
288.0
1.0
1.0
3.0
453.0
11.0
5.0
932.0
10.0
1.0
36.0
3.0
1.0
3.0
286.0
7.0
1.0
246.0
1.0
21.0
1.0
2.0
91.0
42.0
19.0
15516.0
22.0
1042.0
56.0
4.0
7.0
4.0
7.0
6.0
24.0
5.0
1.0
3.0
44.0
168.0
3.0
5.0
6.0
9.0
134.0
33.0
437.0
3.0
8.0
261.0
3.0
1.0
3.0
1.0
166.0
6613.0
1.0
3.0
9.0
451.0
3.0
241.0
2.0
3.0
1482.0
33.0
1.0
1.0
50.0
8.0
323.0
25.0
4.0
1.0
2.0
1.0
17.0
83.0
3.0
62.0
79.0
3.0
1.0
3.0
1.0
459.0
1.0
158.0
1.0
2.0
710.0
2.0
1.0
2201.0
17.0
1.0
1.0
10.0
9.0
4.0
45.0
1.0
1.0
10.0
14.0
3.0
1.0
13.0
1.0
5.0
7.0
1.0
485.0
9.0
14.0
1.0
1.0
11.0
3.0
8.0
24299.0
1.0
1.0
3.0
3.0
47.0
2.0
2.0
3.0
196.0
2.0
8.0
5.0
278.0
1.0
1.0
3.0
4.0
10.0
4.0
96.0
933.0
7.0
40.0
27.0
1.0
1.0
67.0
74.0
411.0
4.0
1.0
1.0
2.0
37.0
3.0
31.0
3.0
2.0
7.0
3.0
2.0
1.0
2.0
1.0
1.0
546.0
602.0
546.0
1046.0
1.0
164.0
1.0
3.0
4.0
23.0
60.0
1.0
1.0
4.0
56.0
1.0
2.0
184.0
9.0
10.0
3.0
16.0
1.0
957.0
3.0
1.0
1.0
126.0
1.0
3.0
1.0
2.0
3.0
13.0
2.0
76.0
3.0
1.0
25.0
3.0
2.0
9.0
4.0
3.0
2.0
4.0
3.0
1.0
2.0
111.0
2.0
123.0
14.0
1.0
1.0
3814.0
111.0
19.0
3.0
3.0
92.0
1.0
9.0
1773.0
8.0
3.0
1.0
1.0
232.0
1.0
3.0
2.0
3.0
3.0
12.0
27.0
5381.0
1.0
2.0
10.0
2.0
3.0
9.0
2.0
503.0
6.0
3.0
1.0
284.0
118.0
10.0
73.0
3.0
107.0
1.0
3.0
2.0
1.0
2.0
417.0
36.0
201.0
1.0
745.0
10.0
5.0
7.0
465.0
1.0
3.0
3.0
4.0
9.0
2107.0
193.0
3.0
38.0
256.0
33.0
1.0
1.0
7.0
6.0
2.0
557.0
5648.0
8.0
4.0
40.0
1.0
3.0
2.0
55.0
18.0
4.0
5.0
3.0
38.0
3.0
1.0
2.0
1.0
1.0
561.0
2.0
1.0
1.0
4.0
2.0
232.0
2.0
4.0
3.0
2.0
3.0
1.0
5.0
1.0
1.0
8.0
4.0
3.0
1.0
5.0
264.0
5.0
33.0
40.0
7.0
12.0
1.0
3.0
6.0
4.0
12.0
1.0
4.0
2300.0
7.0
14.0
223.0
2.0
596.0
2.0
3.0
5.0
3.0
844.0
2016.0
1.0
1194.0
3.0
1.0
73.0
91.0
48.0
3.0
1.0
1.0
1.0
5.0
547.0
355.0
1049.0
1.0
69.0
208.0
317.0
2.0
75.0
3.0
1.0
92.0
1147.0
6.0
3.0
1.0
274.0
3.0
9.0
4.0
1.0
470.0
1037.0
8.0
85.0
38.0
1.0
1.0
949.0
3.0
3.0
338.0
3.0
1.0
3.0
69.0
1.0
17.0
3.0
3.0
11.0
22.0
3.0
248.0
1.0
3.0
1.0
2.0
10.0
3.0
50.0
76.0
3.0
1205.0
83.0
2.0
1.0
288.0
5.0
1.0
1922.0
1.0
1.0
1.0
6.0
16.0
8.0
1.0
3.0
1.0
39.0
1.0
1.0
2.0
10.0
2.0
124.0
65.0
7.0
1.0
9.0
2.0
1.0
2.0
1.0
131.0
4.0
50.0
2.0
2.0
3.0
1.0
12.0
14.0
4.0
1.0
137.0
5.0
9.0
1.0
4.0
21.0
6.0
60.0
238.0
11.0
1.0
19.0
2.0
7.0
3.0
1.0
1.0
961.0
83.0
2.0
2.0
8.0
1048.0
542.0
2.0
1.0
2.0
122.0
4.0
13.0
13.0
5.0
7.0
2621.0
78.0
4.0
1.0
6.0
1.0
2190.0
2.0
1.0
11.0
5.0
5.0
4.0
3.0
1.0
2.0
3.0
4.0
24.0
374.0
7.0
14.0
3.0
304.0
1.0
4.0
3.0
7.0
421.0
8.0
4.0
421.0
2.0
1.0
20.0
12.0
3.0
3.0
120.0
32.0
21.0
4.0
1.0
1.0
2.0
8.0
1.0
120.0
76.0
2.0
3.0
4038.0
112.0
3.0
36.0
15.0
2275.0
3.0
19.0
25.0
2.0
463.0
58.0
6.0
3.0
1.0
72.0
2.0
1.0
11.0
1.0
102.0
3.0
45.0
9.0
16479.0
25.0
1.0
3.0
3.0
8.0
2.0
2.0
1.0
3.0
1.0
43.0
1311.0
9.0
164.0
9.0
948.0
1.0
4.0
2219.0
2.0
1427.0
3.0
857.0
1.0
4.0
1.0
1.0
3015.0
74.0
5.0
3.0
1.0
16.0
3.0
3.0
1.0
5.0
4.0
3.0
3.0
5.0
1.0
19.0
4.0
282.0
4.0
198.0
23.0
1.0
14.0
1403.0
46.0
1.0
888.0
95.0
14.0
2.0
1.0
2.0
8.0
2.0
49.0
26.0
1.0
1.0
1.0
1.0
1.0
2.0
4.0
17.0
48.0
3.0
17.0
1018.0
82.0
9.0
1782.0
158.0
45.0
4.0
1.0
3.0
5.0
1.0
3.0
2.0
46.0
16.0
249.0
46.0
1.0
4.0
4.0
2.0
1.0
3.0
1.0
322.0
5.0
4.0
1.0
2.0
383.0
5.0
713.0
1.0
2.0
4.0
9.0
2.0
1.0
1.0
1.0
1.0
4.0
3.0
48.0
2.0
10.0
2.0
34.0
4.0
75.0
271.0
1.0
30.0
44.0
696.0
1.0
1.0
3.0
1.0
672.0
3.0
1.0
1.0
10.0
1.0
4.0
1.0
33.0
1.0
22.0
55.0
95.0
1.0
3.0
3.0
25.0
1.0
2.0
3.0
10.0
4.0
1.0
26.0
3.0
9.0
5174.0
6.0
3.0
1.0
19.0
3.0
1.0
11.0
1146.0
46950.0
32.0
14.0
189.0
1.0
1.0
97.0
19.0
9.0
3.0
3.0
3.0
9.0
1.0
22.0
1706.0
4.0
1.0
1.0
1.0
4114.0
44.0
6.0
37.0
9.0
1.0
2.0
3.0
13.0
122.0
23.0
371.0
30.0
2604.0
18.0
12.0
365.0
3.0
21.0
15.0
1.0
1.0
58.0
24.0
3.0
13.0
3.0
1.0
2.0
3.0
5.0
1.0
6.0
2.0
1.0
3.0
3.0
658.0
538.0
1.0
3.0
674.0
2.0
21.0
650.0
10.0
6.0
3.0
3.0
331.0
1.0
1.0
5.0
3.0
75.0
14.0
95.0
2.0
5.0
282.0
1.0
1.0
102.0
3.0
3.0
3.0
3.0
1.0
3.0
88.0
961.0
1.0
241.0
3.0
1311.0
1.0
498.0
1.0
1.0
3.0
1.0
1.0
484.0
2.0
1.0
379.0
1.0
20.0
1.0
7.0
107.0
3.0
26.0
14.0
1.0
1.0
1.0
19.0
4.0
2.0
2.0
649.0
5260.0
1.0
4747.0
2083.0
1.0
2.0
729.0
2.0
1167.0
4.0
11.0
1.0
1.0
1027.0
1.0
3.0
2.0
2.0
5.0
8.0
2.0
1.0
4.0
22.0
241.0
3.0
3.0
1.0
992.0
3.0
1.0
51.0
1.0
1.0
13.0
26.0
52.0
4.0
1.0
3.0
2.0
119.0
8.0
1.0
447.0
1.0
1.0
3.0
4.0
1.0
27.0
721.0
4.0
4.0
159.0
7.0
1440.0
2.0
3.0
62.0
29.0
28.0
3.0
131.0
3.0
59.0
3.0
3.0
3.0
4.0
3.0
1.0
47.0
2.0
1.0
1.0
1.0
1.0
1.0
1.0
37.0
3.0
5.0
1.0
21.0
12.0
1.0
1.0
5.0
3.0
3.0
46.0
4.0
3.0
9.0
3.0
1.0
2.0
2.0
5.0
7.0
1.0
4.0
2.0
55.0
21.0
1.0
451.0
65.0
3.0
1.0
2.0
145.0
50.0
1.0
112.0
93.0
2.0
17.0
152.0
5.0
9.0
3.0
3.0
3.0
4.0
1.0
18.0
2.0
8.0
40.0
3.0
50.0
42.0
1.0
762.0
1.0
1.0
260.0
25.0
1.0
166.0
2.0
9.0
1.0
166.0
65.0
3.0
303.0
232.0
1.0
14.0
3762.0
4.0
1748.0
2.0
5.0
14.0
5.0
1.0
3.0
361.0
1157.0
9.0
1.0
9.0
1.0
573.0
1.0
321.0
65.0
1.0
1.0
57.0
1.0
1.0
3.0
1.0
7.0
57.0
13.0
1.0
3.0
2848.0
1.0
55.0
1.0
1.0
1.0
1.0
2.0
5.0
12.0
3.0
2.0
5.0
339.0
6.0
1.0
351.0
30.0
503.0
11.0
1.0
35.0
9.0
1.0
1.0
3.0
33.0
363.0
14.0
1.0
16.0
3.0
24.0
4.0
7.0
32.0
1.0
292.0
2181.0
1.0
7.0
1252.0
288.0
102.0
9.0
66.0
2.0
1.0
1.0
992.0
2.0
1.0
496.0
4.0
9.0
2.0
1348.0
26.0
1.0
2.0
1.0
21.0
4.0
71.0
327.0
4.0
65.0
4.0
2.0
10.0
1.0
3.0
4.0
14.0
31.0
41.0
1.0
21.0
2.0
3.0
1.0
9.0
4682.0
6.0
12.0
3.0
1.0
3270.0
620.0
16.0
1.0
447.0
5.0
5.0
2.0
3.0
2.0
1.0
6.0
242.0
4.0
4.0
69.0
1.0
86.0
357.0
12.0
1.0
1.0
1.0
1.0
9.0
3.0
75.0
14.0
1.0
1.0
10.0
1.0
2.0
1207.0
30.0
34.0
4.0
3.0
1.0
3.0
5.0
1.0
112.0
59.0
2.0
1.0
16.0
1.0
159.0
1.0
1.0
1.0
17.0
1.0
33.0
3.0
1.0
2.0
3.0
450.0
2985.0
296.0
7.0
3.0
3.0
19.0
20.0
232.0
4.0
2.0
1.0
2.0
2.0
17.0
1.0
323.0
102.0
4.0
1.0
476.0
19.0
2.0
24.0
5.0
3.0
1.0
1.0
498.0
2.0
2043.0
111.0
59.0
1.0
9.0
2.0
11.0
3.0
24.0
2.0
1225.0
3.0
1.0
1.0
4.0
3.0
2029.0
3.0
1.0
1022.0
3.0
1.0
9.0
87.0
288.0
2.0
241.0
3.0
1432.0
3.0
4.0
3.0
202.0
1.0
2.0
2.0
549.0
23.0
3.0
3.0
3.0
3.0
8.0
1.0
1.0
1.0
3.0
12.0
3.0
1.0
568.0
10.0
3.0
40.0
3.0
101.0
1.0
1.0
1.0
1.0
1.0
33.0
15.0
1.0
20.0
6.0
2.0
25.0
3.0
4872.0
2.0
12.0
3.0
51.0
4.0
1974.0
1.0
513.0
105.0
20.0
1.0
223.0
3.0
67.0
2.0
2359.0
6.0
3.0
16.0
801.0
1.0
3.0
2.0
1.0
6.0
2.0
779.0
1.0
27.0
2.0
282.0
643.0
1.0
5.0
9.0
44.0
5.0
6.0
1.0
1.0
1.0
36.0
1.0
1.0
5.0
4.0
87.0
1.0
1.0
2.0
3.0
5.0
1.0
4.0
9.0
2.0
20.0
1.0
16.0
711.0
42.0
1.0
2.0
23.0
1.0
136.0
4.0
2.0
4.0
3.0
1.0
1.0
514.0
1.0
1704.0
4.0
3.0
27.0
3.0
1.0
1.0
92.0
1.0
12.0
12.0
10.0
3.0
4.0
4.0
3.0
1.0
87.0
22.0
288.0
8.0
5.0
1833.0
3.0
32.0
117.0
5.0
13.0
3.0
4.0
1.0
2.0
23.0
2.0
1.0
9.0
7.0
52.0
2.0
1.0
1.0
1.0
61.0
16.0
26.0
4.0
16.0
1.0
308.0
3.0
1814.0
4.0
3.0
60.0
1.0
2.0
1.0
685.0
1.0
4.0
1.0
3.0
20.0
6053.0
1018.0
9.0
1.0
870.0
1.0
690.0
3.0
20.0
13.0
2.0
3.0
17.0
6.0
1.0
1.0
7.0
555.0
2.0
593.0
147.0
1.0
367.0
23.0
17.0
33.0
24.0
1.0
4.0
734.0
3.0
3.0
339.0
611.0
1.0
1.0
7.0
4067.0
5.0
79.0
2.0
1.0
70.0
1.0
2.0
3.0
2.0
2.0
9.0
2.0
434.0
1.0
1.0
3.0
3072.0
17.0
3.0
1.0
2.0
2603.0
1.0
1.0
16.0
2.0
3.0
8.0
1.0
2.0
286.0
1.0
4557.0
9.0
23.0
74.0
1.0
5.0
469.0
56.0
66.0
685.0
524.0
1.0
3.0
1.0
2.0
276.0
3.0
3.0
2.0
25.0
1.0
73.0
841.0
1.0
2.0
3.0
5.0
28.0
7.0
199.0
3.0
1.0
5.0
2.0
1.0
1.0
1.0
75.0
52.0
1.0
1407.0
2.0
878.0
24.0
1.0
129.0
15.0
4.0
230.0
1.0
2.0
817.0
1.0
7.0
6.0
68.0
1.0
3.0
40.0
4.0
1.0
3.0
502.0
488.0
4.0
5.0
1.0
2.0
696.0
3.0
3.0
3.0
1.0
2.0
1.0
1.0
20.0
1.0
14.0
3.0
2.0
395.0
1.0
4.0
1.0
12.0
1283.0
3.0
1.0
5.0
1203.0
3.0
22.0
53.0
2.0
102.0
15.0
260.0
1193.0
48.0
2.0
3.0
2.0
3.0
132.0
6.0
1.0
9.0
1.0
3.0
4.0
1946.0
10.0
2.0
3.0
1303.0
3.0
40.0
1.0
3.0
19.0
2.0
65.0
1.0
19.0
1.0
1.0
524.0
183.0
34.0
3.0
2.0
103.0
1.0
1.0
230.0
102.0
1.0
2.0
54.0
2.0
1.0
1.0
1.0
20.0
6.0
3.0
200.0
110.0
4.0
295.0
3.0
3.0
2.0
273.0
1603.0
16.0
818.0
101.0
1.0
1.0
2.0
1.0
2.0
6.0
6.0
1.0
3.0
1.0
14189.0
3.0
2.0
25.0
19.0
3.0
15.0
1.0
12.0
6.0
4.0
7.0
8.0
284.0
57.0
911.0
3.0
1.0
1.0
19.0
1.0
65.0
12.0
3.0
1.0
1.0
18.0
16.0
1089.0
2.0
3.0
1.0
1.0
97.0
2.0
1.0
3.0
8.0
1.0
70.0
11.0
2.0
122.0
24.0
3714.0
3.0
1.0
10.0
31.0
278.0
528.0
1.0
6.0
2.0
1.0
4.0
73.0
51.0
66.0
464.0
2.0
2.0
1.0
461.0
2.0
1.0
9.0
3.0
220.0
3.0
104.0
1.0
8.0
1.0
3.0
1.0
4.0
2.0
2.0
1.0
2.0
3.0
355.0
13875.0
24.0
1.0
7.0
13.0
2.0
20.0
9.0
2.0
66.0
6.0
27.0
6080.0
1.0
210.0
2.0
1005.0
4.0
5.0
8.0
11.0
1.0
28.0
5.0
2.0
3.0
3.0
1.0
132.0
3.0
27.0
3.0
1.0
67.0
36.0
2.0
5.0
15.0
2.0
3.0
1.0
5.0
355.0
3.0
3.0
1.0
679.0
42.0
4.0
30.0
25.0
4.0
2.0
8.0
1.0
8.0
338.0
1.0
13.0
3.0
924.0
2.0
5.0
128.0
1.0
301.0
2.0
1.0
102.0
14.0
11.0
1.0
1.0
3.0
1.0
4.0
129.0
53.0
351.0
1532.0
3.0
39.0
3.0
214.0
3.0
14.0
289.0
8.0
23.0
3710.0
3.0
2.0
6.0
1.0
45.0
236.0
3.0
1.0
2.0
5781.0
7.0
1.0
685.0
1.0
1.0
1.0
1.0
475.0
3.0
10.0
596.0
1.0
10.0
1.0
11.0
1.0
21.0
62.0
168.0
9.0
2.0
15.0
18021.0
359.0
3.0
1.0
3.0
1.0
2.0
2.0
2.0
1934.0
3.0
5.0
6.0
1.0
10490.0
1155.0
4.0
3.0
1209.0
79.0
1.0
3.0
252.0
1.0
1.0
5.0
118.0
14615.0
1.0
509.0
1.0
9.0
34.0
3.0
3.0
8.0
152.0
1585.0
14385.0
1.0
2.0
3831.0
3.0
18.0
70.0
1.0
1.0
1.0
2.0
428.0
39.0
31.0
3.0
2.0
15.0
1.0
4.0
3.0
303.0
442.0
12.0
1.0
92.0
2.0
2.0
3.0
3.0
3.0
8.0
2.0
3.0
1837.0
1366.0
3.0
1.0
88.0
41.0
3.0
3.0
3.0
472.0
19.0
39.0
3480.0
1.0
3.0
202.0
7.0
75.0
1.0
4.0
7.0
12.0
3.0
1.0
2.0
51.0
1.0
3.0
3.0
267.0
2.0
256.0
8.0
9.0
9.0
7.0
292.0
757.0
1130.0
3.0
9.0
1.0
2.0
1.0
398.0
1.0
197.0
41.0
3454.0
9.0
1.0
4.0
80.0
3.0
1.0
1.0
729.0
6.0
159.0
6.0
351.0
1.0
2.0
3.0
421.0
292.0
19831.0
3662.0
9.0
5.0
1.0
3.0
1.0
2.0
69.0
2.0
4.0
1.0
1.0
1.0
1.0
1.0
84.0
3.0
1.0
2.0
5.0
2.0
32.0
6.0
1.0
2.0
4.0
4.0
1.0
1249.0
72.0
340.0
3.0
1.0
1.0
288.0
1.0
46.0
1.0
94.0
31.0
1.0
2.0
2.0
1.0
10.0
8.0
2.0
12.0
2.0
4.0
5.0
6.0
1.0
9.0
3.0
3.0
3.0
1.0
1.0
3.0
3.0
5.0
1.0
232.0
1.0
1.0
3.0
1.0
3.0
169.0
2.0
587.0
1.0
778.0
7.0
274.0
1.0
6.0
351.0
1.0
2.0
1.0
298.0
2.0
1.0
1.0
1.0
2.0
451.0
4.0
1.0
3.0
3.0
1.0
4.0
3.0
38.0
1.0
79.0
1.0
13.0
73.0
10.0
2.0
2.0
1113.0
1.0
1.0
3.0
11.0
3.0
3.0
65.0
102.0
7.0
5.0
34.0
73.0
65.0
291.0
2.0
1.0
1.0
1969.0
16.0
10.0
1.0
428.0
1.0
3.0
46.0
2.0
2.0
3.0
9161.0
7.0
1.0
7.0
2.0
241.0
63.0
2.0
1.0
30.0
12.0
1715.0
3.0
23.0
31.0
5.0
5507.0
4.0
49.0
3.0
3.0
1.0
1225.0
38.0
1.0
1.0
13.0
50.0
1.0
1405.0
8.0
1.0
216.0
1.0
1.0
38.0
5.0
597.0
103.0
1.0
19.0
1.0
18.0
3.0
23.0
5.0
18.0
8.0
327.0
17.0
9.0
110.0
10.0
1.0
2.0
5.0
9.0
1314.0
1.0
5.0
4.0
4.0
1.0
692.0
16.0
107.0
3.0
1.0
5.0
8.0
4.0
1.0
2.0
2.0
14.0
2.0
816.0
1.0
10.0
3.0
3.0
114.0
24.0
374.0
278.0
155.0
6.0
1.0
1.0
5.0
35.0
1.0
2.0
13.0
3.0
1.0
115.0
24.0
4.0
3.0
20.0
7.0
5.0
1651.0
189.0
3474.0
8.0
35.0
1.0
3.0
1.0
1.0
6.0
3.0
3.0
7.0
645.0
1.0
21.0
895.0
61.0
1.0
4.0
48.0
3.0
1.0
56.0
1.0
3.0
3.0
211.0
7.0
1.0
1.0
4.0
8.0
12350.0
1.0
15.0
5.0
114.0
1.0
969.0
3.0
1825.0
764.0
8.0
19.0
3.0
1.0
2.0
3.0
7.0
2.0
2.0
1.0
217.0
1.0
362.0
1.0
596.0
2.0
576.0
6.0
6.0
1.0
6.0
2.0
4.0
1.0
477.0
43.0
2.0
1.0
12.0
3.0
1.0
1.0
1.0
19.0
2.0
2.0
4.0
3.0
42.0
1.0
10.0
3.0
54.0
12.0
286.0
3.0
107.0
4.0
441.0
3.0
2028.0
1.0
33.0
1.0
1.0
6.0
35.0
2.0
2.0
1.0
3.0
1.0
30.0
18.0
76.0
2.0
23.0
9.0
3.0
1.0
1.0
451.0
3.0
1.0
1.0
6.0
1.0
1.0
1.0
2.0
3.0
1.0
1.0
1.0
2.0
11.0
1436.0
146.0
5.0
3.0
6.0
4.0
1.0
9.0
1.0
15.0
184.0
2.0
22.0
1.0
1.0
3.0
3.0
25.0
1.0
699.0
40.0
1.0
4.0
5.0
3.0
2462.0
24.0
1.0
3.0
2.0
2.0
3.0
3.0
132.0
100.0
7.0
1.0
16.0
1.0
3.0
2.0
3.0
2.0
4.0
1.0
4.0
57.0
1.0
1.0
1.0
65.0
3.0
3.0
22.0
1.0
2.0
1.0
1.0
1.0
51.0
3.0
1.0
1.0
1.0
722.0
2.0
16.0
3.0
1.0
3.0
29.0
1.0
1.0
2.0
102.0
125.0
4.0
1225.0
2.0
280.0
9.0
6.0
6.0
3.0
3.0
7.0
19.0
1.0
81.0
1.0
24.0
278.0
117.0
15.0
1.0
3.0
63.0
11.0
2.0
1.0
1.0
1.0
4.0
2.0
1.0
1586.0
1.0
55.0
19.0
279.0
5.0
5.0
2.0
3.0
1.0
25.0
1292.0
3.0
2.0
682.0
21.0
3.0
288.0
1.0
1.0
4.0
158.0
1.0
20.0
952.0
1656.0
5.0
2.0
147.0
200.0
3.0
45.0
11.0
3.0
27.0
3.0
247.0
1.0
8.0
6.0
3.0
36.0
4.0
58.0
1.0
3.0
36.0
20.0
2.0
407.0
81.0
45.0
1.0
78.0
10.0
1.0
16.0
1.0
3.0
1.0
1.0
64.0
6.0
3.0
1.0
2.0
11.0
292.0
1.0
5.0
2.0
3.0
1.0
3.0
242.0
554.0
1.0
3.0
1.0
794.0
29.0
2.0
295.0
5.0
1069.0
1.0
2.0
31.0
3.0
1.0
39.0
1.0
3.0
1.0
5.0
1.0
1.0
2.0
19.0
4.0
3.0
7.0
1.0
7.0
2.0
68.0
30.0
14.0
20.0
3.0
3335.0
51.0
3.0
504.0
1.0
1.0
556.0
1.0
68.0
1.0
4.0
3.0
1929.0
2.0
1.0
4.0
1.0
9.0
7.0
1.0
1.0
3.0
10.0
2.0
1.0
4.0
130.0
50.0
295.0
303.0
2.0
215.0
1.0
66.0
9.0
11.0
3.0
6672.0
1.0
1.0
1.0
3.0
1782.0
6.0
1.0
5.0
89.0
245.0
3.0
2895.0
1.0
110.0
13.0
10.0
1.0
3.0
19.0
263.0
14.0
1338.0
909.0
50.0
1088.0
1.0
4.0
1.0
666.0
1.0
2.0
1.0
1.0
19.0
363.0
31.0
1.0
3.0
12.0
24.0
7.0
1.0
58.0
1.0
1.0
13.0
10.0
1.0
3.0
288.0
1.0
1.0
2.0
3.0
34.0
6.0
80.0
4.0
351.0
114.0
14.0
888.0
1908.0
3.0
3.0
1.0
1264.0
3.0
3.0
177.0
65.0
1.0
76.0
1.0
1314.0
1.0
18.0
1.0
1.0
63.0
5.0
231.0
1042.0
9.0
10.0
4.0
167.0
1.0
1903.0
338.0
2.0
607.0
1205.0
3511.0
12.0
1002.0
1.0
1.0
3.0
11.0
12.0
58.0
1.0
102.0
3.0
4.0
1127.0
5.0
1.0
21.0
3.0
13761.0
1.0
1.0
5.0
1.0
10.0
4.0
1.0
3.0
21.0
3351.0
1.0
10.0
3.0
733.0
3.0
10.0
26.0
3.0
5.0
2.0
7.0
370.0
5.0
1.0
924.0
3553.0
24.0
1298.0
3.0
5.0
2.0
2.0
1.0
100.0
23.0
66.0
27.0
3.0
4.0
1.0
1.0
1.0
1.0
188.0
1.0
1.0
218.0
1.0
1200.0
48.0
281.0
1.0
1.0
1.0
1.0
1.0
3.0
137.0
6218.0
1.0
136.0
17.0
44.0
1.0
1.0
1.0
4.0
1.0
4.0
166.0
3.0
55.0
1.0
3.0
1.0
7.0
91.0
1.0
56.0
1.0
519.0
8.0
19.0
19226.0
5.0
15.0
2.0
1.0
1.0
3.0
24.0
610.0
137.0
14.0
9.0
2.0
3.0
4.0
12.0
1.0
22.0
395.0
3.0
16.0
1.0
1.0
2.0
10.0
3.0
1225.0
36.0
2.0
3.0
1.0
1.0
6937.0
1.0
17.0
1.0
8.0
3.0
19.0
1.0
3.0
1.0
2.0
106.0
689.0
17.0
1.0
1.0
1.0
1.0
116.0
1.0
2.0
1050.0
2.0
3.0
16.0
1.0
17.0
3.0
4.0
14.0
1.0
1.0
14.0
1.0
62.0
1.0
73.0
33.0
1797.0
9.0
2.0
40.0
10.0
737.0
327.0
8.0
3.0
1.0
3.0
1.0
912.0
9.0
9.0
2.0
1.0
1.0
128.0
288.0
638.0
60.0
1.0
23.0
13.0
1626.0
4.0
1.0
1.0
6.0
2.0
1.0
42.0
2.0
1.0
24.0
36.0
6.0
1.0
3.0
3.0
1.0
75.0
2.0
4.0
47.0
4.0
2.0
2.0
2.0
72.0
6.0
3.0
3.0
5.0
7380.0
22.0
3.0
3.0
2472.0
2.0
4.0
2.0
8.0
71.0
1.0
2.0
2.0
2.0
278.0
2.0
1.0
596.0
30.0
8.0
1.0
36.0
13.0
3.0
2.0
3.0
1.0
503.0
38.0
2.0
3.0
1.0
1.0
6.0
49.0
3.0
666.0
1.0
23.0
1.0
1.0
4.0
4.0
659.0
3.0
11.0
30.0
49.0
14.0
1.0
1349.0
1.0
1.0
2.0
1.0
72.0
466.0
30.0
65.0
4.0
804.0
9.0
1.0
22.0
6.0
3.0
27.0
1.0
1.0
160.0
249.0
601.0
6.0
140.0
66.0
25.0
19.0
3.0
14.0
3.0
20.0
2.0
386.0
123.0
1.0
21.0
1.0
256.0
961.0
2.0
10.0
1.0
4.0
17.0
8.0
3.0
27.0
1.0
1.0
134.0
4.0
3.0
47.0
1007.0
398.0
6.0
6.0
1.0
1.0
8.0
5.0
4.0
3.0
31.0
1667.0
19.0
1.0
2.0
3.0
1.0
19.0
1.0
1.0
2.0
1.0
19.0
124.0
5.0
1.0
2.0
393.0
61.0
1668.0
506.0
1.0
1653.0
104.0
3.0
2.0
1.0
1.0
4.0
251.0
516.0
22.0
3.0
8.0
1.0
4.0
3.0
17.0
463.0
45.0
3.0
2.0
3.0
142.0
1621.0
4.0
1.0
6.0
20.0
2.0
8.0
4.0
2.0
32.0
3.0
1.0
83.0
5.0
2.0
122.0
50.0
1.0
1.0
3.0
9.0
3.0
2.0
1.0
1.0
2.0
5.0
8.0
102.0
179.0
3.0
1.0
2.0
3.0
2.0
2.0
235.0
19.0
27.0
50.0
1.0
1029.0
1.0
524.0
3.0
5.0
427.0
1.0
674.0
2.0
3.0
80.0
166.0
3.0
30.0
1.0
1.0
6.0
1.0
9.0
16.0
4.0
2892.0
67.0
1.0
3.0
9.0
3.0
7.0
3.0
1.0
3.0
3.0
3.0
3.0
2.0
89.0
4.0
4.0
132.0
2.0
1.0
28.0
2.0
5.0
2.0
13.0
2.0
2.0
2.0
41.0
4.0
1.0
3.0
1.0
4.0
3.0
1.0
6.0
1.0
65.0
1.0
1.0
368.0
2.0
4.0
3.0
3.0
112.0
1.0
1.0
3.0
4.0
381.0
9.0
1337.0
1.0
9.0
1.0
4.0
370.0
117.0
3.0
3.0
926.0
1.0
1.0
226.0
3.0
1.0
2.0
1.0
1.0
3.0
12.0
238.0
1.0
351.0
937.0
15.0
1.0
1.0
1.0
348.0
282.0
1.0
19.0
1.0
569.0
44.0
11.0
1.0
4445.0
4.0
4.0
398.0
213.0
1.0
714.0
24.0
13.0
1.0
9.0
1.0
5.0
1027.0
88.0
14.0
1.0
2.0
11.0
15.0
1.0
1.0
92.0
1.0
25.0
1.0
1.0
369.0
9.0
1.0
1.0
3.0
3.0
3.0
14385.0
1.0
20.0
50.0
3.0
180.0
6.0
33.0
9.0
33.0
3.0
1.0
37.0
1.0
3.0
1.0
31.0
1.0
1.0
1.0
2.0
149.0
3.0
1.0
1031.0
353.0
1.0
5.0
1.0
114.0
2.0
3.0
36.0
64.0
21.0
3.0
1.0
1.0
2.0
1.0
1.0
1.0
1.0
545.0
3.0
1.0
698.0
563.0
1.0
31.0
1.0
57.0
2.0
3.0
2047.0
1.0
8.0
9.0
4.0
1.0
14467.0
3.0
1.0
1.0
14.0
17.0
17.0
1.0
105.0
8.0
21.0
228.0
1.0
1.0
6.0
122.0
1.0
2.0
3.0
1.0
1.0
3.0
737.0
1.0
18.0
1.0
2.0
10.0
1.0
2.0
1.0
11.0
58.0
5.0
3.0
1.0
7.0
10.0
140.0
41.0
1.0
1.0
2.0
685.0
1.0
2.0
3.0
3.0
2.0
1.0
5.0
5.0
3.0
2.0
1.0
3.0
1.0
31.0
10.0
2.0
1.0
1858.0
44.0
3.0
3.0
1.0
1397.0
8.0
6.0
4296.0
105.0
15.0
2.0
7.0
31.0
313.0
45.0
301.0
37.0
3.0
57.0
3.0
1.0
91.0
4.0
3.0
2.0
313.0
1.0
9.0
9.0
1.0
329.0
2.0
2.0
4.0
3.0
1.0
3.0
1.0
3.0
1.0
2.0
1.0
2.0
4.0
2.0
3.0
1.0
1.0
961.0
1.0
7.0
7.0
4.0
3.0
8.0
2.0
21.0
1.0
3.0
15.0
1.0
5.0
1.0
24.0
2.0
3.0
190.0
1.0
3.0
645.0
1.0
18.0
19.0
64.0
1341.0
1.0
609.0
112.0
1.0
3.0
4.0
8.0
1.0
5.0
11.0
32.0
2.0
2.0
1.0
1.0
6.0
69.0
6.0
1.0
2.0
15.0
1.0
247.0
4.0
2.0
4.0
7.0
2.0
2.0
3.0
10.0
102.0
2.0
4352.0
1.0
11.0
1.0
48.0
11.0
8.0
2.0
2.0
49.0
8.0
351.0
351.0
135.0
46.0
2.0
1.0
1.0
3.0
1.0
2234.0
6.0
21.0
4.0
795.0
101.0
11.0
10.0
3.0
148.0
1.0
1.0
12.0
108.0
3.0
1.0
1.0
1.0
3.0
3.0
27.0
3.0
3.0
1.0
3.0
165.0
93.0
9.0
2.0
8.0
2.0
17.0
24.0
729.0
3.0
41.0
4.0
1.0
11118.0
1.0
8.0
987.0
3.0
7.0
2309.0
1.0
1.0
2.0
1.0
6.0
1.0
324.0
31.0
4.0
458.0
2.0
5.0
3.0
4.0
50.0
3.0
1.0
399.0
3.0
405.0
873.0
3.0
304.0
1.0
65.0
1.0
4.0
1.0
374.0
81.0
1.0
9.0
1.0
14.0
82.0
1.0
11.0
1.0
1709.0
7148.0
69.0
807.0
10.0
1.0
1.0
14.0
2.0
73.0
4.0
2.0
623.0
713.0
473.0
6.0
1.0
1.0
229.0
12.0
1.0
1.0
3.0
2.0
1.0
1517.0
8.0
1.0
65.0
1.0
1.0
1.0
9.0
1.0
1.0
3.0
51.0
13.0
2.0
1.0
3.0
1.0
87.0
2.0
56.0
24.0
1.0
5.0
3.0
80.0
1.0
473.0
8.0
5.0
8.0
4.0
1274.0
3.0
5.0
126.0
343.0
1.0
4640.0
9.0
18.0
14.0
4.0
806.0
10.0
2.0
7.0
3.0
1.0
2.0
1.0
1.0
2.0
1.0
61192.0
2.0
3.0
200.0
110.0
1.0
3.0
3.0
3.0
313.0
3.0
3.0
3.0
2.0
3.0
7.0
1.0
7.0
1.0
1.0
93.0
1.0
1.0
3.0
418.0
22.0
21.0
3.0
1.0
1.0
5.0
1.0
961.0
3.0
18.0
9323.0
4.0
1.0
3.0
9.0
3.0
339.0
28.0
1.0
3.0
1.0
1.0
671.0
363.0
2.0
138.0
9.0
64.0
6.0
223.0
1631.0
3.0
19.0
103.0
596.0
1.0
5.0
64.0
15.0
23.0
1.0
4.0
2.0
58.0
1.0
375.0
684.0
5.0
3.0
1159.0
1.0
2.0
189.0
20.0
36.0
1.0
1.0
1.0
697.0
21.0
239.0
1.0
15.0
39.0
62.0
3.0
1133.0
4.0
1.0
6.0
3509.0
2.0
1.0
3.0
14.0
218.0
11.0
1.0
6.0
19.0
1.0
3.0
9.0
11.0
6.0
1.0
3.0
24.0
1.0
1.0
4.0
22.0
68.0
2.0
9.0
19.0
200.0
3.0
6.0
54.0
3.0
6.0
844.0
615.0
7.0
98.0
69.0
4889.0
1.0
4.0
150.0
1.0
1.0
30.0
55.0
54.0
4.0
106.0
3.0
1.0
19.0
1.0
65.0
10.0
361.0
1.0
5.0
926.0
3.0
8.0
1.0
1.0
3.0
2.0
2.0
11.0
3.0
5.0
22.0
3.0
143.0
9.0
84.0
10.0
9.0
2.0
445.0
67.0
3.0
5.0
1.0
1.0
170.0
3.0
9.0
2.0
94.0
1.0
277.0
1232.0
19.0
1755.0
514.0
2.0
282.0
11.0
93.0
2.0
19.0
1509.0
7.0
596.0
4.0
2.0
109.0
3.0
5.0
21.0
2.0
1.0
3.0
1.0
5.0
919.0
1.0
1.0
3.0
25.0
3586.0
34.0
25.0
7.0
88.0
21.0
6.0
761.0
8.0
3.0
3.0
3.0
62.0
1.0
12.0
1904.0
37.0
4.0
2.0
9.0
22727.0
1.0
2.0
22.0
130.0
1.0
27.0
3.0
8.0
111.0
2.0
173.0
23.0
3.0
10.0
3.0
3.0
12.0
2.0
1.0
3.0
1.0
1942.0
3.0
1.0
1.0
86.0
19.0
9.0
6.0
3.0
1.0
2.0
3.0
4.0
1.0
2.0
11.0
170.0
3.0
13.0
5.0
1083.0
5.0
74.0
1.0
3.0
18.0
105.0
3.0
1.0
457.0
311.0
1.0
1.0
1.0
239.0
401.0
5.0
19.0
1.0
1044.0
2.0
3.0
1.0
2.0
12.0
2.0
3.0
4.0
5.0
1.0
3.0
9.0
4.0
36.0
3.0
3.0
3.0
263.0
3.0
36.0
3.0
9.0
3.0
57.0
515.0
23.0
1.0
18.0
153.0
288.0
4.0
113.0
266.0
1.0
194.0
2.0
71.0
1.0
2.0
3.0
2001.0
4.0
143.0
208.0
1.0
234.0
2.0
1.0
9.0
53.0
57.0
9.0
1.0
3.0
351.0
79.0
3.0
48.0
1.0
377.0
1.0
5.0
1.0
4.0
19.0
9.0
33.0
1.0
247.0
1.0
16.0
53.0
16.0
2.0
1.0
256.0
8.0
132.0
134.0
6.0
6.0
3.0
4.0
624.0
13.0
15.0
14.0
117.0
1.0
3.0
747.0
75.0
1.0
980.0
3.0
20.0
31.0
1.0
14.0
24.0
31.0
700.0
24.0
2.0
8.0
846.0
23.0
9.0
260.0
23.0
2.0
7.0
3.0
156.0
2.0
9.0
1.0
1.0
3.0
2.0
2.0
3.0
12.0
1.0
9.0
2.0
1169.0
3.0
92.0
1.0
436.0
1.0
66.0
6.0
73.0
1707.0
1239.0
107.0
118.0
2.0
591.0
34.0
4.0
47.0
3.0
6.0
49.0
1.0
4.0
1.0
8.0
1.0
23.0
1.0
1.0
1.0
1.0
50.0
1.0
3.0
26.0
59.0
1.0
6.0
9.0
2.0
255.0
3.0
154.0
19.0
6.0
3.0
24.0
1.0
2.0
1.0
3.0
196.0
9233.0
1.0
65.0
6.0
1899.0
1.0
340.0
1.0
24.0
2.0
1.0
457.0
1.0
148.0
1.0
3.0
1.0
34.0
4.0
1.0
588.0
2.0
6.0
1.0
998.0
1.0
4.0
6.0
1.0
41.0
2.0
106.0
9.0
24.0
292.0
1.0
1.0
2.0
10.0
6.0
11.0
194.0
4.0
1.0
1.0
1.0
1.0
8.0
20.0
85.0
248.0
3.0
88.0
22.0
5.0
29.0
1.0
2.0
1.0
125.0
1.0
1.0
3.0
17.0
10.0
1.0
1606.0
46.0
15.0
7.0
2.0
23.0
1.0
118.0
7.0
3.0
1.0
3.0
3.0
63.0
1.0
3.0
124.0
53.0
1763.0
288.0
29.0
2.0
1.0
45.0
1.0
66.0
1.0
3383.0
1.0
24.0
18.0
9.0
129.0
5.0
59.0
1.0
88.0
1.0
62.0
7.0
9.0
1.0
38.0
177.0
1.0
1.0
6.0
1.0
16.0
59.0
23.0
4.0
3.0
1.0
3.0
2.0
1.0
39.0
3.0
8.0
7.0
692.0
12.0
5.0
25.0
1175.0
7.0
1.0
1.0
1.0
3.0
4.0
1.0
2.0
3.0
53.0
1.0
1.0
3.0
4.0
79.0
1.0
10.0
1159.0
185.0
4.0
339.0
117.0
273.0
1.0
43.0
1944.0
2.0
1.0
366.0
77.0
3.0
33.0
2.0
3.0
1516.0
4.0
3.0
5221.0
1.0
166.0
24.0
1.0
3.0
46.0
948.0
130.0
33.0
2.0
1.0
800.0
1.0
2.0
86.0
1.0
1.0
685.0
1.0
1.0
8.0
3.0
275.0
2.0
1.0
3.0
2.0
82.0
444.0
12.0
11.0
40.0
2.0
15.0
20.0
6.0
9.0
1.0
1.0
4.0
1.0
221.0
129.0
28.0
10.0
77.0
174.0
1.0
8.0
8.0
96.0
7.0
4.0
10.0
61.0
3.0
9.0
342.0
275.0
3.0
2.0
678.0
215.0
1.0
1.0
3.0
3.0
2.0
1.0
1.0
3.0
85.0
4.0
107.0
1.0
1.0
1018.0
51.0
1309.0
11.0
1.0
100.0
4.0
75.0
8.0
174.0
1.0
1.0
1.0
104.0
3.0
1.0
36.0
1.0
2.0
2.0
2.0
3.0
1.0
3.0
5.0
549.0
24.0
134.0
47.0
96.0
21.0
1.0
9.0
1.0
2.0
15.0
407.0
14134.0
513.0
2150.0
16.0
9.0
1.0
99.0
292.0
123.0
4.0
12.0
1.0
984.0
1.0
3.0
4.0
3.0
1.0
19.0
5.0
21.0
2.0
114.0
3.0
2.0
111.0
6.0
1.0
3.0
2.0
1.0
1.0
4.0
916.0
166.0
3.0
3.0
3.0
3.0
2.0
5.0
1.0
9.0
3.0
88.0
1.0
1.0
837.0
13.0
1.0
1.0
3.0
4.0
1.0
1.0
8.0
1.0
1.0
1116.0
7.0
1.0
1.0
1.0
459.0
1.0
533.0
3.0
789.0
5.0
5.0
1264.0
19.0
3.0
2.0
3.0
1.0
10.0
1.0
1.0
23.0
1.0
571.0
36.0
1.0
3.0
18.0
1.0
1.0
1.0
1.0
46.0
400.0
10.0
33.0
4.0
7.0
274.0
4.0
1.0
2417.0
1.0
3.0
192.0
2.0
3.0
1017.0
1.0
869.0
257.0
1.0
1.0
519.0
4.0
10.0
1.0
7215.0
3.0
28.0
3.0
23.0
40.0
54.0
11.0
870.0
279.0
1.0
169.0
1.0
3.0
4.0
1.0
1639.0
1.0
3.0
1.0
336.0
3.0
1.0
108.0
3000.0
176.0
30.0
50.0
1.0
1.0
31.0
253.0
41.0
2.0
3.0
3.0
1.0
8.0
3.0
1.0
19.0
1.0
3.0
10.0
2.0
3.0
12.0
28.0
5.0
1.0
3243.0
1.0
65.0
288.0
317.0
9.0
282.0
1.0
3.0
2.0
50.0
9.0
2.0
34.0
16.0
234.0
1.0
32.0
220.0
3.0
1.0
3.0
1.0
1.0
1.0
1.0
3.0
5.0
6.0
1.0
3.0
12.0
11.0
3.0
2.0
16.0
28.0
55.0
70.0
10.0
1.0
76.0
2.0
132.0
7.0
484.0
10.0
2.0
1.0
276.0
1.0
3.0
4.0
9380.0
1.0
25.0
4.0
834.0
3.0
15.0
1.0
16.0
1.0
1.0
8.0
43.0
4.0
7.0
29.0
15.0
1.0
2.0
1.0
12.0
25.0
275.0
296.0
214.0
1.0
1190.0
17.0
14.0
1.0
1369.0
2.0
21.0
3.0
2.0
1.0
3.0
1.0
4.0
493.0
1.0
1.0
1.0
31.0
1.0
17.0
129.0
1.0
1.0
2.0
3.0
1845.0
1283.0
1.0
3.0
635.0
4.0
16.0
344.0
45.0
188.0
68.0
1.0
3.0
2.0
2.0
1.0
2.0
151.0
3.0
2.0
32.0
457.0
2.0
3.0
60.0
1.0
4.0
19.0
1.0
4.0
20.0
5.0
22330.0
25.0
2.0
5.0
7.0
3.0
420.0
3.0
1.0
1.0
1.0
4445.0
3.0
3.0
1.0
1.0
4.0
1.0
6.0
2.0
65.0
1.0
1.0
1.0
6.0
6.0
1.0
1.0
10.0
596.0
7.0
961.0
3.0
71.0
2.0
2999.0
27.0
3.0
3.0
1.0
1.0
2.0
2074.0
862.0
3.0
55.0
3.0
3817.0
1.0
1.0
147.0
4.0
2046.0
779.0
4.0
278.0
230.0
3.0
2.0
855.0
72.0
49.0
1.0
990.0
1.0
1.0
2.0
23.0
6.0
13.0
12.0
4.0
2.0
24.0
3.0
29.0
2.0
11.0
351.0
1.0
26.0
3.0
1.0
664.0
3.0
4.0
2.0
85.0
1.0
1.0
1.0
4.0
167.0
3.0
2.0
5.0
7.0
5.0
3.0
3.0
4.0
34.0
1.0
3.0
3.0
1.0
1.0
5.0
58.0
10.0
1.0
3.0
37.0
2.0
66.0
323.0
1.0
3.0
3.0
3.0
21.0
3.0
1.0
192.0
1.0
3.0
4.0
2.0
35.0
1.0
1.0
2.0
11.0
305.0
242.0
17.0
482.0
2.0
198.0
5.0
1.0
2.0
1.0
2.0
8.0
161.0
3.0
1784.0
105.0
4.0
2.0
1.0
1.0
4.0
2.0
855.0
1113.0
74.0
1.0
3.0
5.0
2565.0
3.0
3.0
62.0
8.0
3.0
438.0
3.0
1.0
5.0
1.0
659.0
25.0
7.0
2.0
3.0
5521.0
801.0
6.0
5.0
2.0
4.0
1.0
49.0
1.0
2.0
2.0
2.0
1693.0
3.0
3.0
4.0
210.0
119.0
17.0
3.0
8.0
924.0
3.0
71.0
1153.0
5.0
5.0
3.0
10.0
750.0
1.0
1.0
4565.0
20.0
270.0
1610.0
1.0
13.0
1529.0
1.0
2.0
1.0
1.0
1.0
3.0
3.0
2.0
1.0
1.0
5.0
814.0
3.0
6.0
10.0
1.0
1.0
1.0
1246.0
1.0
25.0
14.0
8.0
1.0
897.0
3.0
23.0
55.0
10.0
3.0
2.0
50.0
5.0
1.0
5.0
251.0
1.0
5.0
12.0
9.0
1.0
1.0
1176.0
1.0
1.0
1.0
1.0
8.0
5.0
333.0
17.0
1.0
1.0
1.0
3.0
6.0
2.0
3.0
19.0
1.0
1.0
1.0
1.0
151.0
3.0
7.0
124.0
1.0
19.0
1.0
2.0
1.0
2.0
1.0
1748.0
1117.0
1.0
1997.0
1.0
292.0
1.0
68.0
1301.0
3.0
104.0
1.0
1.0
45.0
689.0
3.0
1.0
3.0
11.0
2.0
4.0
3.0
97.0
1.0
1.0
1.0
9.0
28.0
966.0
24.0
1018.0
3.0
1.0
5.0
1.0
1.0
3.0
1.0
18.0
8.0
2.0
11.0
542.0
1.0
25.0
3.0
1.0
3.0
1303.0
14.0
3.0
2.0
3.0
2.0
2.0
24.0
1.0
6.0
1.0
8.0
1.0
3.0
1.0
8.0
1.0
226.0
2.0
13.0
3.0
3.0
3.0
1.0
3.0
3.0
4.0
3.0
1.0
4.0
4.0
1.0
3.0
1.0
6.0
2.0
2.0
4.0
1.0
3.0
32.0
2.0
1.0
24.0
1.0
478.0
20.0
1.0
3.0
1.0
103.0
16.0
3.0
767.0
1.0
950.0
3.0
377.0
9.0
1.0
3.0
2.0
72.0
67.0
1.0
4.0
6.0
4.0
2000.0
6.0
3.0
149.0
1.0
1.0
2.0
3.0
1.0
3.0
2.0
17.0
286.0
1.0
3.0
1.0
259.0
1.0
1.0
2.0
91.0
7.0
1.0
3.0
8.0
3.0
8.0
25.0
1.0
4.0
129.0
1.0
3.0
24.0
2.0
1556.0
3.0
3.0
71.0
3.0
120.0
3.0
512.0
1.0
8.0
31.0
3.0
1.0
1018.0
103.0
1.0
927.0
45.0
111.0
47.0
13.0
1.0
1.0
6.0
2117.0
9.0
199.0
1.0
177.0
1488.0
54.0
102.0
3.0
6.0
698.0
2.0
3.0
3.0
12.0
1.0
1185.0
214.0
6.0
39.0
52.0
65.0
1.0
15.0
3.0
17.0
19.0
441.0
5531.0
444.0
14.0
9.0
4.0
61.0
1.0
1.0
2.0
7.0
2.0
2.0
1.0
43.0
2.0
2.0
2.0
1.0
300.0
5.0
2.0
300.0
7.0
1.0
1.0
5.0
2.0
1.0
1.0
1.0
3.0
1.0
1.0
2.0
13.0
642.0
69.0
328.0
24.0
5.0
3.0
1.0
870.0
1.0
3.0
54.0
1.0
2.0
2.0
10.0
2.0
200.0
105.0
386.0
6.0
1.0
187.0
1.0
1.0
4917.0
3.0
272.0
1.0
6.0
16.0
1.0
3.0
5.0
586.0
1.0
36.0
1.0
313.0
9.0
2.0
3.0
6.0
7.0
63.0
26.0
24.0
4.0
230.0
1.0
1.0
74.0
352.0
1.0
4.0
1.0
56.0
14.0
3.0
19.0
6.0
3.0
7.0
1960.0
3.0
110.0
3.0
6452.0
6.0
1.0
5.0
3.0
2.0
2312.0
13.0
1999.0
222.0
2.0
1.0
1.0
248.0
8.0
3370.0
257.0
31.0
3.0
9.0
351.0
471.0
1.0
109.0
4.0
659.0
283.0
6.0
1.0
492.0
31.0
174.0
10.0
1.0
9.0
1.0
13.0
2.0
1.0
713.0
57.0
81.0
2.0
553.0
18.0
139.0
1.0
681.0
596.0
839.0
4.0
1.0
1.0
13.0
2.0
1265.0
1.0
3.0
30.0
1.0
447.0
1.0
7.0
117.0
1.0
1.0
3.0
664.0
3.0
2.0
11.0
48.0
2.0
3075.0
3.0
119.0
14.0
7.0
2.0
7.0
3.0
3.0
18.0
3.0
33.0
1782.0
1.0
2.0
7.0
110.0
401.0
1.0
7.0
154.0
1.0
2.0
3.0
1.0
3.0
16.0
9.0
3.0
2.0
1.0
22.0
7.0
19.0
6.0
369.0
3.0
592.0
620.0
569.0
16.0
1.0
7.0
189.0
3.0
3.0
27.0
145.0
3.0
4.0
2.0
3.0
68.0
1.0
1.0
6.0
16.0
3.0
6.0
1.0
1.0
135.0
1.0
14.0
255.0
80.0
987.0
2.0
1.0
1.0
1.0
5.0
4.0
6.0
1370.0
2.0
27.0
1.0
1.0
1.0
2.0
125.0
4.0
16.0
692.0
886.0
1.0
3.0
48.0
5.0
3.0
3.0
8.0
1002.0
11.0
960.0
5.0
2.0
7.0
1.0
3.0
1.0
70.0
2.0
1.0
2.0
19.0
1.0
2.0
2.0
17.0
20.0
1.0
1.0
476.0
3.0
116.0
16076.0
19.0
1.0
1.0
1.0
3000.0
3.0
22.0
110.0
1.0
5.0
56.0
3.0
2.0
453.0
1.0
1.0
14.0
1.0
1.0
3.0
693.0
1.0
2.0
1.0
2.0
6.0
1.0
2.0
51.0
76.0
1.0
6.0
3.0
11.0
351.0
1.0
4.0
40.0
3.0
4.0
717.0
2.0
573.0
1.0
116.0
494.0
1.0
2.0
1.0
7.0
306.0
13.0
146.0
3.0
26.0
11.0
3.0
313.0
152.0
1.0
1.0
1.0
24.0
1.0
1432.0
8.0
102.0
25.0
3.0
210.0
1.0
19.0
2.0
313.0
913.0
752.0
60.0
851.0
2.0
4.0
6.0
3.0
24.0
5.0
1.0
3.0
67.0
32.0
7.0
20556.0
11.0
1.0
3.0
2571.0
2.0
22.0
3.0
1.0
1.0
32.0
77.0
1.0
1.0
1.0
1044.0
628.0
12.0
1.0
1.0
3.0
256.0
3.0
3.0
3.0
35.0
2391.0
135.0
41.0
2.0
3.0
150.0
3.0
9.0
2.0
2.0
3.0
165.0
24.0
15.0
4309.0
1.0
4.0
3.0
1.0
13770.0
4.0
79.0
33.0
9.0
6.0
14.0
1.0
5.0
9.0
4.0
1.0
7.0
19.0
109.0
4.0
4.0
2.0
1.0
6.0
1.0
1.0
1.0
7.0
5.0
1.0
10.0
1.0
1486.0
372.0
1.0
64.0
3.0
102.0
2.0
217.0
21.0
15.0
1.0
1.0
2.0
1.0
60.0
2.0
3.0
1.0
4.0
6.0
24.0
1562.0
3.0
2.0
84.0
3.0
76.0
1.0
1.0
3.0
1.0
140.0
2.0
1.0
119.0
1.0
1.0
13.0
181.0
17.0
1.0
2500.0
2.0
2.0
1.0
3.0
5.0
1.0
374.0
1.0
1.0
4.0
59.0
3821.0
6.0
7.0
28.0
1.0
14.0
2.0
1.0
3.0
1.0
3.0
17.0
84.0
2.0
17.0
8.0
3.0
3.0
1.0
26.0
1.0
6.0
3251.0
27.0
13978.0
3.0
1.0
129.0
107.0
3.0
1.0
1.0
3.0
2.0
3.0
2.0
1.0
3.0
2.0
1.0
3.0
4.0
11.0
76.0
10.0
3.0
64.0
56.0
1.0
5.0
4.0
1.0
3.0
11.0
4.0
3.0
5.0
2.0
11.0
1.0
752.0
14.0
3.0
209.0
4.0
594.0
156.0
5.0
2.0
1.0
292.0
1.0
1.0
79.0
1.0
10.0
5.0
2.0
19.0
3.0
1.0
87.0
797.0
193.0
3.0
596.0
1.0
3.0
3055.0
11.0
1.0
37.0
1684.0
3.0
103.0
8.0
9.0
3.0
3.0
2.0
5088.0
3.0
2.0
6.0
1.0
8.0
17.0
15.0
601.0
9.0
138.0
3.0
1.0
37.0
362.0
21.0
12039.0
5.0
1.0
12.0
17.0
1.0
18.0
1.0
5.0
54.0
3.0
1.0
5.0
9.0
65.0
2.0
3.0
2.0
400.0
36.0
37.0
426.0
2.0
1.0
198.0
2.0
3.0
16.0
2.0
2.0
109.0
6.0
1.0
2.0
1.0
3.0
2.0
27.0
3.0
3.0
1.0
2.0
14.0
121.0
1.0
3186.0
3.0
2.0
9.0
1.0
174.0
19.0
1.0
2.0
80.0
1.0
3394.0
2.0
98.0
3.0
105.0
282.0
20.0
11.0
4.0
2.0
4.0
43.0
1.0
3.0
819.0
55.0
1053.0
3.0
3.0
292.0
50.0
2.0
1.0
3.0
2.0
515.0
1.0
130.0
878.0
2.0
662.0
4.0
1.0
35.0
1.0
7.0
1.0
1.0
1.0
3.0
3.0
8.0
102.0
10.0
63.0
6.0
1.0
555.0
7.0
1640.0
292.0
17.0
4.0
2.0
5.0
24.0
856.0
1.0
21.0
3.0
137.0
3827.0
3.0
233.0
1782.0
1083.0
51.0
480.0
6.0
1.0
1.0
2301.0
4.0
18.0
59.0
1.0
1.0
96.0
1466.0
282.0
15.0
1.0
25.0
1.0
1.0
3.0
9.0
3.0
1.0
1.0
842.0
1948.0
4128.0
8.0
1.0
1.0
4.0
50.0
863.0
2.0
3.0
8.0
5.0
1.0
5.0
15.0
1.0
33.0
1.0
3.0
11.0
70.0
3.0
59.0
2.0
1.0
2567.0
3.0
665.0
19.0
662.0
23.0
12.0
22.0
3.0
1.0
10.0
7.0
7.0
2.0
26.0
1.0
2461.0
63.0
16.0
1.0
1.0
1.0
1.0
1.0
20.0
3.0
1.0
15.0
3.0
692.0
15.0
14.0
3.0
4.0
178.0
19.0
1.0
9.0
3.0
4050.0
1326.0
3.0
158.0
3.0
139.0
41.0
5.0
1.0
17.0
242.0
23.0
3.0
1.0
1.0
1.0
1.0
1.0
21.0
8.0
6.0
3.0
6.0
987.0
3.0
4.0
3.0
43.0
3.0
833.0
1.0
17.0
1.0
3.0
3.0
10.0
10.0
3.0
2.0
1.0
15.0
1.0
3.0
1.0
11.0
112.0
3.0
636.0
13.0
1.0
6.0
7.0
830.0
8.0
12.0
17.0
1.0
1.0
4.0
9.0
127.0
73.0
1816.0
351.0
4.0
8.0
3.0
9.0
5.0
1.0
12.0
13.0
3.0
1603.0
14.0
1.0
224.0
2.0
24.0
35.0
1.0
15.0
5.0
5.0
58.0
423.0
5.0
1.0
3.0
3.0
3.0
78.0
45.0
409.0
182.0
3.0
1.0
2.0
3.0
1.0
3.0
1097.0
12.0
9.0
1997.0
76.0
31.0
1.0
414.0
3.0
138.0
5.0
1.0
2.0
15.0
840.0
1.0
16.0
3356.0
1.0
2.0
1.0
6.0
43.0
10.0
5.0
9.0
55.0
1.0
5.0
272.0
2.0
1765.0
1.0
2.0
27.0
2.0
1826.0
19.0
17.0
2.0
4.0
2.0
1.0
199.0
7.0
2.0
7.0
2.0
396.0
5.0
1.0
3.0
62.0
3.0
1.0
45.0
3.0
1.0
4.0
8.0
8.0
1.0
11.0
344.0
2.0
1.0
6.0
2.0
2.0
1.0
1.0
355.0
1.0
1.0
1.0
1.0
1.0
1.0
5.0
1.0
853.0
1.0
43.0
32.0
83.0
81.0
3.0
1.0
1.0
8.0
1.0
2.0
1.0
9.0
1.0
1.0
569.0
1.0
1.0
1.0
16.0
2.0
1.0
2.0
1087.0
3.0
1.0
9.0
1.0
837.0
7.0
1162.0
3.0
3.0
1182.0
1.0
1.0
1.0
4.0
1.0
1.0
1.0
3.0
1.0
22.0
1.0
1.0
1017.0
63.0
58.0
3.0
1.0
471.0
1230.0
654.0
1.0
1.0
276.0
24.0
24.0
3.0
295.0
5.0
3.0
9.0
204.0
1.0
6.0
4508.0
14.0
2.0
1.0
3.0
1.0
11.0
19.0
267.0
139.0
21.0
98.0
2.0
3.0
2.0
5.0
8.0
1.0
1.0
132.0
2.0
626.0
5.0
97.0
6.0
33.0
3.0
1.0
1.0
1.0
7.0
10.0
3.0
1.0
3.0
1.0
37.0
1948.0
1.0
1.0
889.0
72.0
9.0
1.0
1.0
4.0
596.0
3.0
17.0
50.0
1.0
3.0
282.0
1.0
739.0
4.0
2.0
5.0
9.0
1569.0
524.0
1.0
1.0
1.0
172.0
581.0
3.0
20.0
23.0
2.0
1.0
6.0
1.0
14.0
56197.0
6.0
5.0
3.0
2.0
1.0
1.0
4.0
1.0
3.0
370.0
3.0
1.0
7.0
3.0
1.0
1.0
1061.0
2.0
1.0
1.0
665.0
45.0
393.0
11.0
160.0
1.0
102.0
19.0
3.0
13.0
3.0
30.0
14.0
547.0
111.0
2517.0
62.0
1.0
2.0
1.0
2280.0
1.0
1.0
18.0
3.0
822.0
10.0
8.0
12.0
4.0
3.0
117.0
3.0
3.0
1.0
3.0
61.0
1.0
26.0
1.0
3.0
4.0
4.0
3.0
1.0
1.0
4.0
1.0
40.0
2.0
2251.0
186.0
159.0
351.0
1.0
2.0
1.0
1.0
1.0
58.0
2.0
8.0
70.0
116.0
16.0
15.0
4.0
1.0
1.0
2.0
3.0
1.0
1.0
352.0
3.0
25.0
1.0
6.0
4.0
1.0
1.0
1.0
3.0
1.0
1.0
149.0
1.0
9.0
3.0
3.0
1.0
16.0
4.0
27.0
2.0
1.0
8.0
2.0
1.0
3.0
1.0
523.0
12.0
1424.0
1.0
3.0
9.0
6.0
696.0
4.0
9.0
52.0
10.0
1.0
360.0
9.0
6.0
4.0
13214.0
7.0
338.0
2.0
2.0
2.0
1.0
43.0
6.0
3.0
1.0
198.0
4.0
177.0
22.0
1.0
2.0
2.0
1.0
5.0
1075.0
1583.0
1069.0
66.0
1183.0
620.0
1006.0
4.0
7.0
1.0
1.0
1.0
1159.0
2109.0
1.0
1.0
1.0
2.0
124.0
19.0
87262.0
14.0
1.0
1016.0
14555.0
3.0
17.0
3.0
1.0
1.0
81.0
1.0
1.0
1.0
4.0
1.0
3.0
2.0
3.0
2.0
9.0
244.0
1.0
9.0
1.0
3.0
19.0
12.0
85.0
2.0
10.0
1.0
60.0
1.0
3.0
3.0
313.0
15.0
17.0
9.0
3.0
2.0
165.0
1.0
1.0
399.0
4.0
2.0
1.0
401.0
6.0
3.0
3.0
2.0
3.0
164.0
3.0
1.0
86.0
1.0
4790.0
1.0
1.0
5.0
1.0
138.0
2.0
1.0
2567.0
1.0
163.0
3.0
3.0
27.0
11.0
3.0
1.0
2.0
1.0
11.0
1516.0
9.0
3.0
44.0
31.0
7.0
3.0
2.0
1.0
55.0
706.0
25.0
3.0
1.0
3.0
8.0
3.0
3119.0
144.0
3.0
60.0
1.0
3.0
31.0
6.0
1.0
2.0
3.0
1.0
3.0
3.0
96.0
2.0
8.0
7.0
171.0
1944.0
9.0
1.0
696.0
16.0
3.0
288.0
3.0
2.0
283.0
1418.0
7.0
1.0
2.0
2.0
1.0
157.0
29.0
47.0
1.0
17.0
1.0
1.0
2.0
1.0
3.0
17.0
9.0
10.0
1.0
1.0
1.0
27.0
228.0
47.0
132.0
2.0
1.0
3.0
36.0
1.0
100.0
2.0
1.0
131.0
43.0
1.0
375.0
996.0
9.0
3.0
11.0
1.0
3.0
323.0
1.0
42.0
3.0
3.0
1.0
1.0
4.0
1.0
36.0
1.0
3.0
5.0
728.0
43.0
253.0
8.0
4.0
1.0
1.0
7.0
105.0
1.0
3.0
3788.0
12.0
4.0
4.0
73.0
1.0
48.0
13.0
1.0
1.0
238.0
1.0
596.0
3214.0
1869.0
1.0
95.0
9.0
3.0
19.0
10.0
932.0
1.0
3.0
3.0
110.0
4.0
3.0
32.0
4.0
24.0
3.0
10.0
1.0
1.0
2.0
1029.0
1.0
3.0
3.0
109.0
2.0
3.0
5.0
6.0
4208.0
3.0
1.0
12.0
5.0
1.0
12.0
3.0
67.0
2.0
3.0
47.0
18.0
10.0
9.0
3.0
4.0
7.0
1.0
50.0
3.0
1.0
24.0
3.0
675.0
82.0
3.0
493.0
4.0
5.0
3.0
3.0
60.0
2.0
3.0
1.0
1.0
2.0
63.0
3.0
690.0
1.0
3.0
122.0
1.0
66.0
39.0
1.0
1.0
270.0
520.0
1.0
1.0
1.0
3.0
16.0
1.0
31.0
3.0
1.0
8.0
1.0
17.0
12.0
2.0
13.0
15.0
1.0
19.0
3.0
3.0
25.0
889.0
17.0
3.0
7.0
3.0
2.0
14622.0
5.0
58.0
1.0
4.0
4.0
2.0
8.0
1.0
4927.0
686.0
124.0
11.0
2.0
1.0
89.0
11.0
365.0
763.0
2.0
3.0
271.0
1301.0
282.0
3.0
1.0
7.0
15.0
1.0
15.0
90.0
73.0
1.0
906.0
33.0
9.0
10.0
16.0
84.0
10.0
3.0
2.0
20.0
1.0
4.0
28.0
5.0
295.0
3.0
1.0
2.0
1.0
4.0
301.0
1.0
4.0
777.0
79.0
2.0
720.0
1.0
1.0
11.0
6.0
3.0
14.0
1.0
9.0
1549.0
10.0
3.0
3.0
232.0
20.0
3.0
670.0
6.0
13522.0
5.0
1.0
919.0
50.0
79.0
6.0
4.0
1.0
4.0
57.0
1.0
1.0
3.0
972.0
152.0
75.0
3.0
1.0
20.0
40.0
3.0
3.0
17.0
1.0
8.0
85.0
4.0
2.0
4.0
27.0
2.0
6.0
961.0
9.0
1.0
102.0
18.0
4.0
2.0
3.0
6.0
90.0
15.0
3.0
174.0
2.0
3.0
34.0
3.0
6.0
3.0
4.0
285.0
104.0
3.0
685.0
351.0
3.0
16.0
362.0
1.0
1.0
63.0
6.0
470.0
3.0
2.0
4.0
9.0
1.0
3.0
1.0
10.0
1.0
1.0
1.0
1074.0
1225.0
1.0
6.0
9.0
13.0
1.0
2.0
1.0
300.0
1.0
1.0
596.0
3.0
4.0
3.0
1.0
51.0
1.0
1.0
1.0
102.0
56.0
1.0
1.0
1.0
626.0
46.0
3.0
1.0
619.0
9.0
8.0
2.0
5.0
1.0
1.0
3.0
58.0
300.0
4.0
3.0
2.0
3.0
1.0
3.0
2.0
504.0
47.0
1.0
2.0
3.0
370.0
3.0
9.0
9.0
1.0
27.0
23.0
126.0
5.0
2.0
50.0
8.0
9.0
3.0
3.0
5.0
4.0
1.0
14.0
264.0
3.0
2.0
3.0
17.0
563.0
37.0
15.0
12.0
69.0
359.0
214.0
1.0
2.0
99.0
354.0
7.0
12.0
2.0
13.0
2.0
1.0
12.0
1.0
5.0
3.0
14.0
2.0
599.0
2.0
5.0
308.0
5.0
6.0
2.0
9.0
3.0
3.0
3.0
1.0
1.0
2627.0
55.0
10.0
832.0
1.0
9.0
1.0
1.0
19.0
871.0
2418.0
237.0
1.0
1934.0
6.0
32.0
1.0
223.0
24.0
2.0
906.0
16479.0
16.0
3.0
3.0
2.0
5.0
2.0
1.0
4066.0
3.0
2474.0
1.0
542.0
1.0
120.0
2.0
3.0
2.0
375.0
8.0
1.0
1.0
2.0
16.0
1.0
4.0
697.0
17.0
3.0
134.0
1.0
2.0
2.0
712.0
10.0
4.0
599.0
3.0
3.0
1.0
1.0
1117.0
1.0
879.0
2.0
27.0
1.0
3.0
38.0
9452.0
1.0
2.0
2.0
4.0
71.0
3.0
29.0
12.0
52.0
1.0
338.0
6.0
3.0
472.0
3.0
4.0
3.0
15502.0
1.0
1.0
3.0
5.0
1245.0
1.0
2.0
8.0
1.0
3.0
536.0
5.0
4.0
2.0
3.0
1.0
20.0
2.0
1.0
5.0
1.0
16.0
1.0
9.0
3.0
24.0
29.0
3.0
2.0
334.0
363.0
3.0
16.0
131.0
87.0
1.0
2.0
3.0
61.0
3.0
135.0
1.0
366.0
1.0
1.0
2.0
246.0
6.0
475.0
1.0
7.0
4562.0
15.0
1.0
2.0
1.0
4.0
3.0
7.0
33.0
1328.0
1.0
3.0
431.0
2.0
1.0
3.0
942.0
666.0
5.0
2.0
6.0
3.0
367.0
1.0
3.0
30.0
88.0
1.0
7.0
2.0
2.0
1.0
2.0
1.0
20.0
1034.0
10.0
87.0
1.0
241.0
282.0
3.0
85.0
7.0
3.0
3.0
1.0
4.0
12.0
3.0
3.0
963.0
1.0
3.0
1.0
3.0
2.0
1.0
1.0
4.0
220.0
16.0
3.0
3.0
1.0
1.0
3.0
17.0
4.0
1773.0
3.0
20.0
19.0
278.0
1.0
965.0
1.0
1.0
12.0
3.0
1.0
4.0
1087.0
2020.0
27.0
158.0
1.0
3.0
8.0
2.0
2.0
5.0
1.0
398.0
2.0
1.0
1.0
3.0
1.0
2.0
1.0
3.0
1.0
4452.0
87.0
257.0
10.0
6.0
3.0
10.0
692.0
1.0
20.0
5648.0
48.0
12.0
1.0
282.0
1.0
351.0
22.0
3.0
8.0
3.0
1.0
1.0
13345.0
1.0
171.0
1.0
366.0
1.0
10.0
425.0
7.0
668.0
2.0
3.0
372.0
9.0
1.0
2.0
4.0
2.0
463.0
6.0
1.0
2.0
2.0
1334.0
18.0
1.0
1.0
4.0
10.0
791.0
4.0
1.0
5.0
1.0
4.0
1.0
3.0
2.0
2.0
1.0
3.0
20.0
3.0
1.0
3.0
2.0
7.0
285.0
3.0
1.0
218.0
1.0
626.0
1.0
9.0
265.0
20.0
6.0
2.0
3.0
1.0
17.0
218.0
3.0
1.0
2.0
3.0
2.0
2.0
1.0
18.0
222.0
8.0
3.0
5.0
7.0
55.0
1004.0
24.0
5.0
1410.0
251.0
1.0
1.0
39.0
4.0
2.0
1.0
772.0
3.0
1133.0
4.0
3.0
48.0
1078.0
4.0
36.0
7.0
1030.0
13139.0
635.0
588.0
51.0
3.0
4.0
5.0
1.0
156.0
4.0
1.0
2.0
1.0
2.0
32.0
387.0
37.0
1762.0
2.0
1.0
44.0
3.0
236.0
13.0
1.0
24.0
36.0
2418.0
4.0
3.0
3.0
2.0
102.0
34.0
13.0
10.0
3.0
1.0
1.0
149.0
25.0
136.0
3.0
2.0
1.0
1.0
1.0
2.0
1.0
1.0
310.0
3.0
68.0
6.0
1.0
3.0
112.0
415.0
1.0
8.0
297.0
3.0
3.0
1.0
1.0
1.0
1.0
3.0
241.0
3.0
1.0
24.0
37.0
300.0
85.0
1.0
2.0
4540.0
1.0
424.0
2.0
3.0
1.0
3.0
3.0
3.0
469.0
652.0
176.0
4.0
1.0
1.0
10.0
1.0
100.0
5.0
3.0
169.0
14.0
8.0
323.0
1.0
1.0
1.0
18.0
1.0
1018.0
15.0
2.0
2.0
6.0
1.0
75.0
17.0
19.0
3.0
10.0
2.0
2.0
3.0
2.0
4.0
168.0
4.0
1.0
2.0
1.0
21.0
157.0
3.0
3.0
9.0
1.0
2.0
1114.0
24.0
1.0
1.0
134.0
3.0
8.0
850.0
7.0
1.0
4.0
779.0
3.0
1.0
1.0
8.0
1.0
1.0
1.0
13.0
1.0
1.0
2.0
1.0
2.0
3.0
298.0
99.0
3.0
9.0
1.0
9.0
3.0
29.0
6.0
1.0
1.0
2.0
184.0
157.0
24.0
22.0
4.0
1.0
9.0
14.0
2.0
6.0
1.0
586.0
1.0
4.0
7.0
1.0
6.0
66488.0
2.0
370.0
3.0
8.0
1.0
2.0
798.0
3.0
1.0
4.0
3.0
3.0
1.0
101.0
3.0
17.0
7.0
2709.0
5.0
1.0
1.0
579.0
1.0
1.0
1.0
2.0
125.0
3.0
1.0
3.0
3.0
736.0
1.0
1.0
2.0
24.0
1.0
4.0
5.0
18.0
2.0
172.0
149.0
4.0
815.0
4.0
4.0
2.0
1432.0
3.0
141.0
1.0
1.0
3.0
2.0
8.0
1.0
3.0
6598.0
51.0
1.0
1.0
19.0
1.0
51.0
8.0
3.0
1.0
102.0
3.0
1.0
3.0
2793.0
1.0
1.0
3.0
33.0
86.0
5.0
1.0
25.0
4.0
1.0
11711.0
10.0
5.0
1374.0
2.0
22.0
1.0
585.0
1.0
1.0
1.0
5.0
9.0
709.0
152.0
1.0
1.0
338.0
1176.0
3.0
1.0
3.0
2.0
1.0
33.0
2.0
147.0
3.0
1.0
1.0
1.0
581.0
1.0
3.0
22.0
1183.0
11.0
25.0
2.0
1.0
309.0
1.0
1.0
84.0
69.0
2.0
11.0
114.0
1.0
248.0
739.0
1.0
3.0
4493.0
15.0
21.0
10.0
2.0
1.0
8.0
2138.0
3.0
20.0
8.0
5.0
1.0
1.0
3.0
2.0
5.0
301.0
1.0
218.0
112.0
81.0
1.0
2.0
176.0
2.0
17.0
1.0
11.0
20.0
4925.0
1.0
936.0
14.0
6.0
344.0
9.0
24.0
214.0
5.0
1117.0
2.0
1.0
8.0
1.0
2.0
1.0
12.0
419.0
135.0
1.0
3.0
1.0
469.0
1.0
5.0
5.0
8.0
1506.0
444.0
3.0
698.0
1.0
1.0
17.0
112.0
1.0
1.0
2.0
1.0
6.0
8.0
51546.0
139.0
67.0
2.0
22.0
634.0
5.0
1399.0
1.0
16479.0
7.0
2.0
1.0
32.0
3.0
8.0
1.0
3.0
3.0
4.0
2.0
4.0
130.0
2263.0
1.0
1.0
30.0
20.0
3.0
72.0
6.0
1.0
3.0
5.0
1.0
3.0
3.0
8.0
42.0
2.0
3.0
6.0
1.0
1161.0
5.0
8.0
7.0
1.0
16.0
2.0
1.0
2.0
18.0
2.0
1.0
17.0
3.0
1.0
39.0
5.0
8.0
3.0
1.0
11.0
1.0
3837.0
2.0
1092.0
2.0
5.0
1661.0
133.0
7.0
239.0
2.0
1.0
606.0
15.0
1.0
4452.0
1.0
3.0
3.0
573.0
1.0
2.0
1.0
75.0
596.0
452.0
1.0
36.0
45.0
2.0
2.0
3.0
10.0
17.0
2.0
2.0
7.0
32.0
1.0
1961.0
1.0
4.0
1.0
1.0
17.0
3.0
19.0
655.0
3.0
1483.0
1.0
1.0
84.0
1.0
1.0
46.0
3.0
1.0
266.0
6.0
57.0
2.0
1.0
1.0
6.0
1.0
3.0
1302.0
9.0
25.0
1.0
3.0
6.0
1001.0
1.0
470.0
53.0
157.0
7.0
1.0
710.0
89.0
1.0
860.0
1.0
1963.0
104.0
3.0
91.0
1.0
5.0
2.0
752.0
273.0
5.0
2.0
1.0
1.0
3.0
7.0
44.0
1.0
378.0
1.0
1.0
3.0
73.0
1.0
3.0
1.0
1.0
152.0
4794.0
717.0
1.0
2.0
9.0
4.0
2.0
282.0
40.0
4.0
1.0
8.0
1.0
19.0
1.0
789.0
101.0
1.0
17.0
1010.0
9355.0
7.0
2.0
6.0
1.0
174.0
3.0
340.0
6.0
1.0
1430.0
5.0
78.0
36.0
95.0
1.0
921.0
2.0
6.0
75.0
4.0
2.0
2.0
3.0
1.0
2.0
37.0
1.0
10.0
4.0
2.0
105.0
11.0
3.0
1.0
1.0
2.0
12.0
1101.0
8.0
3.0
51.0
1.0
543.0
21.0
232.0
1.0
3.0
1.0
3.0
2.0
17.0
1.0
10.0
57.0
3.0
1.0
1.0
1.0
2.0
6.0
1.0
3.0
1.0
73.0
3.0
34.0
16.0
4.0
199.0
3.0
4.0
3.0
251.0
3.0
92.0
171.0
72.0
3.0
3.0
2.0
1.0
1.0
8054.0
1.0
17.0
377.0
1.0
36.0
3.0
239.0
12.0
1.0
1.0
76.0
1.0
215.0
23.0
13.0
1.0
3.0
3.0
669.0
1.0
1.0
17.0
157.0
1.0
764.0
1.0
75.0
1.0
2.0
401.0
3.0
9.0
1.0
41.0
1682.0
9.0
457.0
2.0
559.0
1.0
1.0
270.0
3.0
24.0
456.0
6.0
37.0
1.0
3.0
181.0
5869.0
20.0
3.0
1.0
1.0
3.0
208.0
3.0
1198.0
3.0
1.0
573.0
1.0
3.0
3.0
105.0
2.0
3.0
1.0
3.0
17.0
2.0
7.0
16.0
1.0
3.0
3.0
33.0
1.0
1.0
4.0
47.0
70.0
49.0
29.0
50.0
469.0
261.0
1.0
2.0
861.0
783.0
1.0
367.0
10.0
1.0
1.0
5.0
214.0
1025.0
4.0
5.0
55.0
765.0
140.0
2.0
7.0
19.0
1.0
1.0
1.0
6.0
2.0
55.0
405.0
2.0
1.0
1130.0
3.0
19.0
1.0
1.0
1.0
1.0
2.0
1.0
1.0
4.0
1.0
164.0
2.0
10.0
1.0
1.0
1.0
2.0
2.0
1.0
3.0
31.0
5.0
5.0
5.0
133.0
7.0
7.0
1.0
1.0
179.0
64.0
643.0
9.0
75.0
1.0
1.0
6.0
987.0
2.0
85.0
171.0
85.0
1.0
3.0
1.0
576.0
17.0
3.0
3.0
1.0
7.0
9.0
19.0
502.0
35.0
1492.0
3.0
25.0
16.0
1.0
5.0
3.0
1603.0
10.0
10.0
14.0
5.0
7.0
1.0
1.0
1.0
1.0
24.0
1.0
115.0
1.0
1.0
1.0
11.0
73.0
3.0
1.0
39.0
3.0
1.0
9.0
108.0
28.0
5.0
1.0
3.0
4.0
2.0
7.0
1.0
37.0
2.0
1.0
1181.0
15.0
4.0
83.0
50.0
7.0
1.0
3.0
5.0
20.0
2.0
1.0
2608.0
3.0
1.0
1.0
3.0
2.0
1.0
903.0
2.0
3.0
15.0
1.0
47.0
6.0
645.0
2.0
6.0
2.0
3.0
26.0
1.0
3.0
1.0
2.0
1.0
1.0
1.0
13593.0
2.0
4.0
1.0
1.0
20.0
2.0
194.0
516.0
3711.0
562.0
4.0
14189.0
18.0
1018.0
45.0
158.0
132.0
32.0
338.0
3.0
741.0
2.0
24.0
93.0
20.0
1.0
3.0
87.0
16.0
8.0
7.0
2.0
1.0
1.0
44.0
9.0
1.0
394.0
32.0
1.0
2.0
1.0
1.0
1.0
1.0
18.0
3.0
17.0
3.0
5.0
1.0
1.0
219.0
24.0
4.0
458.0
52.0
1.0
1.0
69.0
3.0
436.0
1.0
13.0
2.0
1.0
1.0
1.0
17.0
19.0
1.0
1.0
3.0
1.0
1.0
1193.0
1.0
224.0
20.0
1.0
1.0
1.0
1.0
1.0
1.0
4.0
2.0
70.0
445.0
24.0
6.0
6.0
8.0
1625.0
10.0
1.0
1.0
2.0
2.0
351.0
3.0
3.0
11.0
1.0
2.0
26.0
1.0
2.0
23.0
1238.0
117.0
2.0
172.0
1.0
3.0
19.0
3.0
3.0
1003.0
3.0
1.0
3.0
596.0
33.0
3.0
406.0
4.0
3.0
2819.0
13818.0
2.0
10.0
2.0
1.0
110.0
1.0
1.0
8.0
791.0
542.0
3.0
4.0
52.0
208.0
311.0
26.0
19.0
19.0
1.0
2.0
2.0
1.0
2.0
8.0
8.0
1.0
9.0
2.0
25.0
3.0
1058.0
27.0
21.0
1.0
312.0
11.0
3.0
897.0
5.0
3.0
20.0
40.0
235.0
1.0
1359.0
5.0
105.0
292.0
3.0
1.0
1.0
1.0
1.0
2.0
1113.0
3.0
1.0
1.0
1.0
4.0
12.0
112.0
3.0
5.0
83.0
5.0
4.0
5.0
2.0
112.0
1.0
1.0
1.0
1.0
1.0
43.0
218.0
1.0
11.0
1.0
1151.0
461.0
253.0
2.0
2162.0
3.0
1.0
10.0
3.0
10.0
4.0
1.0
4.0
452.0
3.0
839.0
3.0
1.0
4.0
10.0
1.0
3.0
8.0
6.0
16.0
66.0
5.0
2.0
1071.0
13.0
1.0
1.0
945.0
3.0
730.0
1.0
5.0
6.0
7.0
73.0
1.0
87.0
1.0
266.0
107.0
4.0
3.0
720.0
3.0
1.0
1.0
4.0
1.0
8.0
68.0
113.0
6.0
7.0
1.0
3.0
19.0
7.0
13.0
3.0
3586.0
1.0
5.0
9.0
7.0
3.0
1.0
1.0
2.0
1.0
7909.0
16.0
3.0
62.0
5.0
3.0
1111.0
4.0
2.0
1.0
6.0
400.0
3.0
737.0
471.0
3.0
4.0
3.0
3.0
252.0
2.0
1.0
1.0
3.0
570.0
8.0
1.0
102.0
127.0
9.0
4.0
4.0
282.0
75.0
21.0
26.0
1.0
52.0
8.0
3.0
29.0
173.0
1.0
2.0
4.0
1.0
2.0
1.0
130.0
31.0
648.0
3.0
1.0
3.0
327.0
1.0
1.0
75.0
2.0
7.0
3.0
14.0
1.0
1.0
15.0
1.0
3.0
1.0
2381.0
1.0
1.0
3.0
13.0
23.0
1.0
1317.0
1.0
4.0
20.0
1.0
3.0
1.0
1.0
2.0
175.0
1.0
12.0
798.0
1.0
69.0
83.0
30.0
543.0
1.0
3.0
1.0
2.0
20.0
12.0
237.0
4.0
1.0
2.0
1.0
14385.0
10.0
1.0
28.0
5.0
1.0
1.0
1.0
1.0
232.0
1.0
4.0
54.0
2.0
1.0
1.0
33.0
28.0
249.0
1.0
7.0
1.0
1.0
1.0
78.0
475.0
4.0
4.0
121.0
3.0
1.0
2.0
1.0
1.0
6.0
18.0
213.0
2.0
2.0
34.0
3.0
3.0
2.0
1.0
1185.0
4319.0
2.0
3.0
6.0
3.0
16.0
1.0
38.0
3.0
3.0
6.0
8.0
1039.0
6.0
7.0
182.0
1.0
22.0
1.0
4.0
74.0
63.0
3.0
202.0
1.0
1.0
1387.0
3.0
3.0
1999.0
2.0
3.0
5.0
19.0
6.0
2050.0
657.0
66.0
1.0
1.0
1.0
301.0
1.0
3.0
3.0
2.0
2.0
2.0
11.0
1.0
2.0
3.0
125.0
5.0
1.0
3.0
10.0
1.0
1513.0
1.0
3.0
2.0
3.0
1.0
1.0
9.0
40.0
3.0
1.0
10.0
5.0
3.0
1.0
12.0
24.0
2.0
1.0
24.0
43.0
1.0
2.0
3.0
1.0
3.0
2.0
2.0
2.0
2.0
3.0
3.0
1855.0
3159.0
1.0
8.0
596.0
3.0
1.0
3.0
16.0
293.0
234.0
17.0
3.0
11.0
21.0
13.0
1.0
1612.0
35.0
1.0
9.0
15.0
34.0
943.0
1.0
6.0
1.0
76.0
31.0
8.0
25.0
6.0
1.0
3.0
110.0
1.0
1.0
349.0
1.0
1.0
1.0
14.0
3.0
54.0
73.0
2388.0
129.0
312.0
1519.0
1.0
659.0
33.0
1.0
5.0
1.0
35.0
2.0
395.0
1.0
3.0
495.0
664.0
244.0
3.0
122.0
14.0
69.0
1.0
108.0
1.0
306.0
1.0
3.0
3.0
3.0
8.0
2.0
10.0
7.0
2.0
9.0
1.0
2.0
2.0
113.0
120.0
13.0
28.0
1.0
39.0
3.0
82.0
3.0
9.0
19.0
63.0
6.0
2.0
3.0
2.0
25.0
5.0
1.0
1.0
3.0
1.0
24.0
81.0
3.0
65.0
288.0
3.0
5.0
606.0
61.0
1.0
1.0
13.0
6.0
2.0
708.0
226.0
1.0
5.0
1.0
2.0
17.0
2.0
12.0
1.0
14.0
7.0
31.0
3.0
52.0
1.0
1.0
45.0
1.0
1.0
370.0
12.0
3.0
2.0
3.0
59.0
238.0
1.0
1.0
118.0
2.0
14189.0
2.0
2.0
7.0
1.0
25.0
1.0
1.0
2.0
1.0
4.0
3.0
3.0
1.0
965.0
6.0
2.0
3.0
668.0
90.0
104.0
1.0
1.0
3.0
8.0
21.0
3.0
346.0
15.0
197.0
1.0
39.0
1.0
242.0
30.0
49.0
97.0
24.0
14.0
119.0
1.0
5.0
1.0
463.0
3.0
2.0
53.0
1.0
6.0
2753.0
1.0
13.0
2.0
3.0
3.0
207.0
112.0
252.0
1541.0
44.0
125.0
2.0
1.0
673.0
459.0
2254.0
6.0
3.0
3.0
3.0
3.0
1.0
10.0
8.0
8.0
117.0
3.0
101.0
2.0
3.0
152.0
7.0
3.0
5.0
1.0
45.0
17.0
1.0
2.0
2.0
30.0
21.0
8.0
17.0
1.0
590.0
6.0
3.0
1018.0
1.0
1.0
3.0
42.0
1500.0
519.0
7.0
3.0
1.0
3.0
2.0
4.0
2.0
131.0
2.0
2.0
2.0
11.0
3.0
3.0
2295.0
3.0
79.0
1.0
15.0
1.0
1.0
6.0
351.0
4.0
3.0
79.0
1.0
1.0
9.0
1.0
1.0
202.0
6.0
1.0
1.0
1.0
2.0
13.0
1.0
2.0
3988.0
3.0
806.0
3.0
6.0
2.0
24.0
67.0
202.0
22.0
1.0
157.0
20.0
1.0
2.0
1.0
12.0
1.0
1.0
1.0
1.0
2.0
362.0
1.0
163.0
18.0
233.0
1.0
120.0
1.0
275.0
1.0
2.0
2.0
1.0
2.0
1.0
18.0
24.0
25.0
7.0
3.0
611.0
2.0
202.0
15.0
286.0
5.0
3.0
51.0
3.0
1.0
3.0
696.0
11.0
28.0
1.0
1.0
971.0
1328.0
17.0
1.0
2.0
1.0
3.0
1018.0
1.0
9.0
3.0
13942.0
1.0
1345.0
5.0
3.0
1.0
3.0
2.0
266.0
345.0
1.0
59.0
961.0
2.0
1.0
3.0
7.0
78.0
3.0
1.0
10.0
3.0
3.0
2.0
102.0
10.0
137.0
1.0
10.0
2.0
3158.0
1216.0
1.0
10.0
1.0
2.0
3.0
16.0
2.0
16.0
3.0
161.0
1.0
3.0
110.0
1.0
130.0
3.0
33.0
1.0
5.0
41.0
23.0
130.0
1.0
1300.0
27.0
2.0
3.0
1.0
5.0
26.0
6.0
2.0
1.0
160.0
6.0
27.0
174.0
9.0
2.0
1.0
1.0
1.0
52.0
1.0
3.0
65.0
2.0
3.0
46.0
3.0
2.0
407.0
1.0
18.0
1.0
1034.0
1215.0
24.0
3.0
2.0
3.0
5.0
4.0
5.0
3.0
97.0
32.0
2.0
2.0
1.0
6.0
253.0
4.0
818.0
22.0
1.0
3.0
1.0
51.0
1.0
3.0
25.0
1.0
3.0
1.0
17.0
1.0
477.0
1.0
5.0
5.0
4.0
1.0
1.0
3.0
1.0
4.0
5.0
1.0
5.0
1.0
2.0
1.0
6.0
23.0
6.0
1.0
1.0
3.0
2.0
24.0
4.0
3011.0
1.0
110.0
128.0
15.0
14.0
6.0
1.0
1225.0
6.0
18.0
2.0
367.0
1.0
3.0
16.0
1.0
2.0
1.0
41.0
1.0
1.0
17.0
15.0
3.0
1.0
95.0
7.0
19.0
28.0
1.0
2.0
1.0
1.0
1.0
2.0
441.0
2.0
29.0
3.0
15.0
21.0
141.0
16.0
4.0
1817.0
15.0
24.0
4.0
2.0
1.0
33.0
109.0
16.0
1.0
6.0
3.0
1.0
2.0
1.0
5.0
3.0
437.0
282.0
3.0
98.0
3.0
1.0
1.0
1.0
2.0
1.0
21.0
48.0
191.0
60.0
13.0
12.0
773.0
977.0
1.0
34.0
4.0
8.0
1.0
22.0
12004.0
1.0
1.0
3.0
19.0
166.0
248.0
1.0
1.0
10.0
1.0
41.0
262.0
3.0
76.0
2.0
17.0
65.0
1954.0
5.0
637.0
8.0
1.0
1.0
8.0
2027.0
5.0
1.0
3.0
77.0
3.0
4.0
2.0
23.0
19.0
24.0
1.0
3.0
1.0
2.0
2.0
22.0
2.0
2006.0
16.0
20.0
3.0
589.0
81.0
152.0
3.0
428.0
2356.0
66.0
32.0
77.0
1030.0
6.0
2.0
1.0
208.0
1.0
7.0
1.0
1.0
457.0
1.0
656.0
1.0
18.0
1.0
9.0
4.0
9.0
4.0
3.0
4.0
4.0
3.0
4.0
1.0
2.0
5.0
7.0
65.0
6.0
19.0
5.0
1.0
1.0
582.0
3.0
3.0
689.0
8.0
1.0
7.0
81.0
24.0
351.0
118.0
1379.0
31.0
130.0
87194.0
2.0
28.0
3.0
8.0
36.0
2.0
1.0
1.0
6.0
6.0
17.0
1.0
1.0
1.0
2.0
3.0
2.0
2.0
704.0
3.0
1.0
1.0
144.0
1.0
401.0
3.0
4.0
8.0
4.0
3.0
4.0
1.0
297.0
509.0
2.0
569.0
3.0
2.0
115.0
4.0
1.0
338.0
4.0
2.0
1.0
3.0
2.0
4.0
75.0
3.0
1.0
8.0
3.0
9.0
4.0
1.0
519.0
138.0
12.0
2.0
17.0
8.0
2.0
22.0
1.0
65.0
2.0
1.0
105.0
2.0
2.0
3.0
6.0
1.0
21.0
358.0
1.0
8.0
1.0
43.0
1.0
2.0
3.0
2.0
22.0
3.0
1.0
129.0
1.0
72.0
4.0
11.0
10.0
9712.0
4.0
3.0
7.0
69.0
6.0
1.0
2.0
2.0
69.0
1.0
1004.0
1.0
16.0
322.0
1.0
3.0
3.0
33.0
2.0
64.0
2.0
3.0
1178.0
451.0
48.0
3.0
8.0
3.0
84.0
3.0
71.0
5.0
1.0
3.0
3.0
1.0
1.0
1.0
1.0
5.0
1.0
4.0
3.0
3.0
2.0
15.0
1.0
1.0
3.0
2.0
1.0
4.0
2.0
2.0
109.0
20.0
2.0
17.0
95367.0
993.0
1.0
944.0
3.0
3.0
1.0
3.0
3.0
4.0
340.0
3.0
17.0
361.0
3.0
2500.0
1.0
3.0
10.0
4.0
129.0
1.0
4.0
3.0
1.0
1.0
1.0
518.0
745.0
961.0
311.0
3.0
16.0
3.0
96.0
2.0
1.0
1.0
22.0
87.0
2.0
2.0
51.0
2.0
24.0
1.0
2.0
3.0
1.0
3.0
1.0
1.0
1.0
22.0
3.0
20.0
2.0
1.0
76.0
3.0
3.0
3.0
212.0
1.0
155.0
25.0
1.0
1.0
2.0
11.0
1.0
10.0
20.0
5.0
25.0
3.0
8.0
8.0
4.0
1.0
5.0
4.0
1.0
3.0
7.0
119.0
4.0
85.0
526.0
1.0
1.0
1.0
73.0
2262.0
5.0
1.0
1.0
1.0
322.0
392.0
31.0
2.0
888.0
1.0
3.0
1.0
105.0
1232.0
6.0
3.0
2.0
3.0
19.0
6.0
11840.0
19.0
1.0
3.0
2.0
26.0
1.0
1.0
1.0
119.0
19.0
130.0
2.0
1.0
4.0
2.0
11.0
7.0
337.0
9.0
2.0
28.0
26.0
6.0
705.0
2.0
2.0
7.0
59.0
10.0
538.0
1.0
3.0
3.0
14.0
3.0
752.0
79.0
1.0
2.0
1.0
78.0
1.0
1.0
37.0
1.0
3.0
1.0
1.0
68.0
2.0
3.0
2.0
2588.0
2.0
19.0
589.0
3.0
1.0
572.0
2.0
377.0
17.0
1.0
103.0
3.0
61.0
142.0
249.0
3.0
1.0
699.0
1.0
489.0
10.0
312.0
1.0
1.0
9.0
3.0
22.0
2.0
288.0
29.0
1.0
1.0
2.0
1.0
4.0
2.0
22.0
3.0
3.0
5.0
30.0
1888.0
1.0
105.0
4.0
1.0
3.0
3.0
12399.0
102.0
1.0
3.0
6.0
7.0
3.0
10.0
3.0
3.0
129.0
4.0
8.0
1.0
678.0
4.0
1.0
1650.0
3.0
2440.0
31.0
3.0
50081.0
1.0
1.0
13.0
275.0
1.0
18.0
1.0
24.0
3.0
4.0
1.0
354.0
11.0
3.0
74.0
27.0
2.0
9.0
2.0
2.0
323.0
87.0
4.0
4.0
3.0
7.0
8.0
125.0
1.0
3.0
3.0
1.0
1435.0
16.0
21.0
150.0
129.0
118.0
1.0
1.0
2.0
1.0
3.0
1.0
1.0
106.0
1.0
1.0
1.0
3.0
49.0
1.0
28.0
3.0
39.0
17.0
7.0
13.0
1.0
1.0
5.0
30.0
1.0
51.0
24.0
13.0
3.0
1.0
1.0
2.0
101.0
3.0
75.0
12.0
7186.0
3.0
1.0
51.0
1.0
3.0
1080.0
65.0
8.0
24.0
519.0
1.0
2.0
609.0
34.0
71.0
10.0
113.0
19.0
3.0
2.0
19.0
2.0
1.0
2.0
58.0
34.0
1.0
19.0
129.0
404.0
2.0
251.0
73.0
3.0
18.0
1.0
43.0
1.0
11.0
2.0
2.0
1.0
88.0
29.0
2.0
258.0
149.0
1.0
3.0
1.0
10.0
24.0
3.0
15.0
4.0
1.0
1.0
1.0
67.0
566.0
60.0
13.0
3.0
3.0
3.0
3.0
58.0
1.0
34.0
3.0
351.0
9.0
681.0
3.0
7.0
1.0
8046.0
62.0
65.0
1638.0
132.0
4807.0
10.0
4.0
6.0
557.0
2.0
8.0
2.0
2.0
6.0
36.0
506.0
691.0
2.0
89.0
9.0
1.0
270.0
23.0
10.0
5.0
20.0
1.0
7.0
1.0
3.0
175.0
3.0
6.0
9.0
1.0
3.0
2.0
10.0
3.0
10.0
16.0
1.0
2.0
101.0
1.0
24.0
8.0
3.0
20.0
708.0
19.0
3.0
18.0
3.0
3.0
1.0
2.0
5.0
6.0
24.0
58.0
1.0
1485.0
1.0
2.0
83.0
1.0
281.0
2.0
4.0
15.0
89.0
8.0
1.0
378.0
53.0
1.0
4.0
2.0
27.0
563.0
316.0
3.0
313.0
1.0
1.0
3.0
106.0
57.0
1.0
22.0
1.0
7862.0
7.0
53.0
1895.0
3.0
2.0
10.0
2.0
8.0
5.0
146.0
19.0
3.0
11.0
1.0
4.0
6.0
136.0
2.0
2.0
102.0
1.0
1.0
1.0
1.0
1216.0
148.0
157.0
3.0
2.0
5.0
1.0
1549.0
14.0
2.0
2.0
12.0
1.0
29.0
2.0
62.0
10.0
1.0
1243.0
3.0
123.0
2.0
22.0
1.0
50.0
1.0
2.0
690.0
9347.0
1.0
124.0
2.0
1.0
3.0
1.0
338.0
27.0
25.0
3.0
182.0
1.0
1.0
9.0
79.0
1.0
1.0
1.0
1.0
25.0
2.0
4.0
4.0
442.0
11.0
990.0
444.0
75.0
35.0
1.0
4094.0
10.0
3.0
4.0
1374.0
3.0
1.0
1.0
3.0
3.0
6.0
4.0
5.0
39.0
188.0
2.0
19.0
3.0
4.0
1.0
1.0
1.0
1.0
19.0
1.0
1.0
39.0
3.0
553.0
7.0
1.0
3.0
1.0
19.0
1.0
2.0
62.0
2.0
17.0
4.0
1.0
1.0
3.0
1.0
1.0
64.0
44.0
1.0
2.0
44.0
23.0
1.0
17.0
1.0
1120.0
1.0
12.0
6.0
677.0
1.0
69.0
1.0
14.0
3.0
15.0
3.0
3.0
1.0
1.0
1.0
929.0
5.0
1.0
1.0
413.0
5.0
5.0
1755.0
131.0
1.0
1.0
27.0
665.0
3.0
4.0
3.0
1.0
1.0
1729.0
1.0
7.0
1.0
47.0
3.0
24.0
32.0
8.0
853.0
1.0
1.0
344.0
118.0
21.0
6.0
3.0
36.0
1.0
22.0
948.0
1.0
37.0
1.0
1.0
288.0
1.0
7.0
133.0
63.0
2.0
9.0
1.0
3.0
1.0
3.0
13.0
14.0
19.0
10.0
2.0
1.0
3.0
3.0
65.0
2.0
1.0
2.0
198.0
4.0
8.0
15.0
1.0
6.0
37.0
5.0
1.0
7.0
33.0
439.0
50.0
74.0
1.0
7.0
4.0
1.0
3.0
1.0
1.0
22.0
2.0
3.0
127.0
16.0
3.0
1.0
2.0
1.0
2.0
86.0
124.0
2.0
58.0
3.0
19.0
3.0
2.0
3.0
1.0
1.0
156.0
5.0
1.0
3.0
43.0
1.0
243.0
8.0
4.0
2.0
3.0
2.0
3.0
102.0
1.0
55.0
22.0
246.0
13.0
3.0
74.0
1.0
6.0
3.0
2.0
1421.0
1.0
1.0
3.0
18.0
1.0
3148.0
1.0
3.0
21.0
1.0
1.0
3.0
23.0
225.0
1.0
1.0
233.0
1.0
243.0
2.0
1473.0
7.0
1.0
1.0
9.0
12.0
30.0
8.0
1.0
3.0
50.0
8.0
351.0
1035.0
56.0
12.0
10.0
421.0
1.0
1.0
95.0
1.0
39.0
2.0
166.0
1.0
1.0
8.0
44.0
1.0
939.0
261.0
143.0
78.0
3.0
3.0
49.0
16.0
1.0
148.0
1.0
240.0
14.0
1.0
8.0
2.0
2.0
477.0
868.0
4.0
10.0
34.0
3.0
1.0
1.0
1.0
3.0
1.0
3.0
3.0
1.0
2.0
9.0
386.0
1.0
3.0
15.0
3.0
4.0
3.0
14.0
952.0
3.0
1.0
3.0
4.0
3.0
3.0
3.0
10.0
273.0
2.0
279.0
8.0
3.0
4.0
22.0
1.0
8.0
1.0
121.0
2166.0
3.0
1.0
63.0
26.0
3.0
1.0
1370.0
2344.0
1.0
1.0
2.0
6.0
2545.0
3.0
77.0
27.0
8.0
2.0
1.0
15.0
2.0
14.0
1.0
559.0
3.0
11.0
6.0
22.0
1.0
164.0
4.0
1.0
1.0
1.0
3.0
6.0
2.0
2.0
1.0
17.0
3.0
334.0
1.0
23.0
1.0
12.0
4.0
3.0
13.0
14.0
60.0
1.0
3.0
14.0
124.0
65.0
1409.0
2.0
4.0
2.0
3.0
3.0
37.0
13.0
12.0
3.0
80.0
433.0
467.0
75.0
4.0
2.0
181.0
2.0
3.0
3.0
128.0
1.0
8.0
9.0
20.0
4.0
3.0
4.0
3.0
1.0
3.0
2.0
1.0
10.0
3.0
199.0
3.0
17.0
122.0
1.0
3.0
50.0
2.0
2.0
3.0
3.0
2.0
3.0
282.0
8.0
107.0
3.0
1.0
1.0
1.0
1.0
21.0
1.0
3.0
148.0
16.0
3.0
1.0
3.0
3.0
3.0
3.0
711.0
64.0
9.0
3.0
1.0
28.0
4.0
4787.0
86.0
9.0
1.0
2.0
2.0
1.0
7.0
115.0
1.0
150.0
596.0
8.0
1.0
16.0
38.0
1.0
3.0
3.0
95.0
3.0
660.0
23.0
1.0
13.0
1.0
68.0
1.0
10.0
4.0
49.0
7.0
1.0
313.0
34.0
1.0
41.0
13.0
3.0
3.0
3.0
1.0
1.0
3.0
2.0
3.0
112.0
1.0
5.0
2.0
25.0
10.0
384.0
1137.0
15.0
74.0
9.0
12.0
9.0
1.0
1.0
3.0
3.0
2.0
2.0
1.0
3.0
4.0
102.0
6.0
3.0
1.0
1.0
33.0
5.0
5.0
3.0
3.0
198.0
1.0
80.0
50.0
1.0
224.0
10.0
1.0
3.0
1.0
1.0
1.0
7.0
3.0
4.0
1.0
1.0
344.0
1.0
14.0
466.0
27.0
1.0
59.0
3.0
2.0
6.0
1.0
1.0
981.0
1.0
3.0
5.0
1.0
1.0
1.0
7.0
6.0
490.0
1.0
8.0
342.0
1.0
2.0
39.0
23.0
1.0
4.0
21.0
24.0
729.0
12.0
29.0
6.0
11.0
1.0
1.0
11.0
23.0
63.0
1.0
1.0
3.0
4.0
2.0
3.0
44.0
1.0
2653.0
12.0
25.0
1.0
1.0
4217.0
5.0
3.0
4.0
9.0
76.0
17.0
1198.0
961.0
1.0
1.0
1.0
3.0
31.0
1041.0
18.0
1.0
1522.0
19.0
4.0
4.0
2.0
1.0
9.0
65.0
1.0
21.0
1.0
1.0
1.0
3.0
4.0
3.0
3.0
1.0
1.0
1.0
1.0
3.0
9.0
4.0
1.0
1.0
4.0
1.0
3.0
3.0
19.0
3365.0
8.0
1.0
338.0
104.0
1.0
1.0
6.0
3.0
171.0
1057.0
1.0
1.0
1.0
11.0
1.0
2505.0
3.0
44.0
3.0
1.0
2512.0
1.0
1178.0
1.0
1.0
1.0
44.0
1.0
3.0
1.0
3.0
86.0
2.0
2.0
2.0
1.0
13.0
1.0
2251.0
7.0
3.0
3.0
2.0
2.0
21.0
27.0
1.0
101.0
34.0
13.0
3.0
1.0
3.0
32.0
2.0
504.0
54.0
236.0
1.0
3.0
35.0
127.0
2.0
2.0
911.0
1.0
596.0
1.0
24.0
1.0
6.0
3.0
5.0
6.0
172.0
8.0
3.0
25.0
3.0
2.0
2.0
4.0
1250.0
3.0
3.0
2.0
1.0
2.0
1.0
1160.0
528.0
39.0
1018.0
3.0
927.0
2.0
4.0
1157.0
8.0
115.0
2.0
1029.0
7.0
1.0
1.0
1954.0
1.0
3.0
2.0
1.0
4.0
1.0
76.0
3.0
3.0
67.0
1.0
1.0
27.0
65.0
103.0
3.0
3.0
6949.0
595.0
4424.0
3.0
1.0
71.0
13.0
4.0
11.0
12.0
1.0
60.0
3.0
3.0
5.0
4.0
12.0
1.0
1.0
8.0
1.0
1.0
8.0
559.0
1.0
1.0
5.0
9.0
2.0
290.0
1016.0
3.0
19.0
1.0
3.0
3.0
1.0
242.0
110.0
1.0
3.0
4.0
4.0
1.0
3.0
1.0
1225.0
1.0
4.0
22.0
6.0
2.0
1.0
70.0
1.0
5.0
1.0
5.0
110.0
10.0
116.0
172.0
4.0
244.0
21.0
2.0
4.0
28.0
60.0
1.0
3.0
1.0
152.0
2.0
695.0
2.0
1.0
421.0
4.0
4.0
1.0
1117.0
1.0
14.0
1.0
25.0
4.0
3.0
82.0
102.0
252.0
19.0
5.0
1311.0
3.0
36.0
38.0
151.0
5.0
26.0
1.0
2.0
596.0
3.0
25.0
1075.0
7.0
3.0
44.0
3.0
139.0
100.0
1.0
3.0
2.0
5.0
16.0
55.0
183.0
3.0
1.0
2.0
2.0
3.0
1.0
19.0
2.0
1.0
9.0
6.0
1.0
3.0
3.0
16.0
3.0
3.0
1602.0
1.0
1.0
1.0
11.0
3.0
417.0
65.0
28.0
1.0
49.0
1.0
3.0
19.0
146.0
75.0
1.0
3.0
3.0
3.0
61.0
4.0
1.0
25.0
3.0
71.0
1.0
668.0
1.0
791.0
2.0
1.0
5.0
1.0
4.0
2.0
74.0
729.0
11.0
614.0
43.0
97.0
1.0
1.0
683.0
1.0
84.0
4.0
2.0
1.0
991.0
15.0
1.0
2.0
3.0
12.0
23.0
1.0
7.0
25.0
2.0
2299.0
9.0
1.0
3.0
41.0
19.0
4.0
2.0
3.0
2.0
19.0
244.0
5.0
3.0
535.0
115.0
188.0
94922.0
1.0
1.0
1.0
1.0
14.0
1.0
3.0
7.0
13.0
5.0
1.0
125.0
32.0
3.0
2.0
1.0
1.0
1.0
3.0
1.0
622.0
4.0
5.0
6.0
1929.0
341.0
59.0
2.0
8.0
16.0
3.0
3.0
13.0
3.0
3.0
26.0
1.0
41.0
3.0
6.0
4.0
129.0
1.0
1.0
1.0
2.0
421.0
1.0
3.0
1.0
1.0
14.0
4.0
27.0
5.0
1.0
3.0
4.0
1755.0
8.0
2.0
4.0
3.0
1.0
1.0
2.0
773.0
729.0
5.0
25.0
292.0
128.0
4.0
6.0
16.0
24.0
1.0
4.0
214.0
30.0
127.0
598.0
29.0
88.0
3.0
3.0
3.0
726.0
1.0
2.0
2.0
351.0
2.0
2.0
1.0
16.0
1.0
1.0
2.0
1.0
1.0
1.0
2656.0
6.0
20.0
164.0
36.0
1.0
2.0
1.0
99.0
3.0
1.0
9.0
12.0
4.0
3.0
9.0
26.0
11.0
4.0
9.0
977.0
8.0
4.0
4.0
73.0
298.0
42.0
2.0
1.0
1.0
853.0
2.0
5.0
1.0
1.0
3187.0
3.0
1.0
575.0
1.0
102.0
4.0
172.0
64.0
73.0
1.0
3.0
65.0
1.0
1.0
39.0
8.0
5.0
135.0
19.0
351.0
1.0
12.0
17.0
9044.0
8.0
5.0
292.0
3.0
288.0
17.0
9.0
1.0
298.0
541.0
732.0
1.0
6828.0
17.0
3.0
1137.0
1.0
21.0
3.0
28.0
1.0
2.0
1.0
3.0
2.0
4.0
1.0
2.0
888.0
1.0
1.0
1.0
5.0
10.0
15.0
1465.0
3.0
1.0
73.0
9.0
3.0
2.0
5.0
1.0
1.0
3.0
59.0
29.0
16.0
1.0
74.0
1.0
1.0
135.0
2.0
1.0
1.0
36.0
1.0
4.0
482.0
1.0
1.0
1.0
3.0
9.0
4.0
6.0
1.0
697.0
5.0
6.0
58.0
1.0
1.0
19.0
2.0
19.0
4.0
5.0
469.0
35265.0
1.0
1.0
2.0
3.0
141.0
685.0
576.0
36.0
3.0
4.0
1.0
201.0
1.0
596.0
1.0
3.0
1.0
2.0
86.0
5.0
370.0
3.0
8.0
4.0
3.0
2.0
31.0
612.0
1.0
3.0
1.0
332.0
3.0
4.0
172.0
3.0
1.0
1.0
56.0
2.0
30.0
1.0
36.0
20.0
11.0
105.0
1.0
2.0
9.0
576.0
778.0
2.0
843.0
13.0
3.0
18.0
3.0
227.0
1.0
1.0
5.0
1.0
13.0
28.0
3.0
979.0
1.0
1113.0
4.0
1.0
62.0
2.0
3.0
3.0
17.0
1.0
63.0
1.0
1.0
1433.0
10.0
1.0
2.0
40.0
18.0
1.0
3.0
24.0
1966.0
1.0
1.0
989.0
3.0
4.0
10.0
1.0
38.0
2.0
3.0
3.0
3.0
4.0
3.0
313.0
263.0
3.0
68.0
4.0
1.0
972.0
2.0
1026.0
3.0
24.0
2.0
25.0
8.0
2.0
1.0
274.0
4.0
1.0
1.0
33.0
4.0
9.0
12.0
15.0
1.0
1.0
483.0
1.0
2.0
8.0
2.0
2.0
3.0
1.0
19473.0
1.0
4.0
1.0
30.0
4.0
10.0
36.0
4.0
3.0
1.0
61.0
3.0
29.0
224.0
2.0
2.0
1.0
19.0
286.0
3.0
3.0
3.0
3.0
1.0
1.0
701.0
1.0
21.0
2.0
5.0
232.0
3.0
2.0
4.0
1.0
6349.0
1.0
143.0
18.0
132.0
1.0
1.0
1.0
3.0
307.0
601.0
3.0
308.0
1.0
386.0
5.0
1.0
4.0
3.0
1.0
13.0
1.0
3.0
9.0
3.0
9.0
2.0
2.0
110.0
1.0
3.0
2.0
35.0
6.0
4.0
7.0
17.0
1.0
1.0
1.0
1.0
1.0
6.0
524.0
1.0
6.0
66.0
2.0
34.0
25.0
3.0
60.0
126.0
1.0
1.0
3.0
25.0
7.0
3.0
11.0
2.0
2.0
13.0
5.0
3.0
3.0
7.0
18.0
8.0
4.0
1.0
1.0
2.0
1.0
2.0
1.0
3.0
25.0
3.0
19.0
130.0
2.0
1.0
1.0
157.0
5.0
24.0
2.0
1.0
1.0
6.0
32.0
1229.0
6.0
1.0
2.0
2949.0
1.0
5.0
2.0
3.0
737.0
2.0
3.0
199.0
55.0
241.0
1.0
3.0
1.0
3.0
927.0
119.0
2.0
583.0
3.0
1.0
1.0
1.0
51.0
1.0
270.0
3.0
4.0
12.0
1.0
1.0
2.0
1.0
2.0
3.0
2.0
410.0
495.0
4.0
4.0
3.0
2.0
1.0
1.0
4593.0
607.0
3.0
21.0
4.0
33.0
4.0
277.0
1514.0
6.0
3.0
4.0
21.0
32.0
2.0
1.0
8.0
45.0
1.0
74.0
2.0
3.0
1.0
2.0
24.0
1.0
7.0
1.0
1.0
1.0
129.0
5.0
36.0
3.0
746.0
377.0
6.0
4.0
1890.0
1.0
27.0
19.0
370.0
2.0
126.0
215.0
18.0
40.0
934.0
11564.0
51.0
2.0
3.0
1.0
10.0
1.0
1.0
1.0
3.0
212.0
745.0
30.0
2.0
3.0
1.0
36.0
2.0
12.0
50.0
1.0
7.0
1363.0
9.0
19.0
948.0
1.0
114.0
1.0
7.0
1.0
3.0
3.0
181.0
1.0
1000.0
2.0
1.0
3.0
140.0
12.0
1.0
1.0
2.0
1114.0
1.0
16.0
3.0
19.0
15.0
3.0
294.0
19.0
13.0
82.0
24.0
3.0
1.0
4.0
1.0
3.0
1445.0
3.0
6.0
1.0
3.0
1.0
1.0
42.0
1.0
27.0
1525.0
6.0
2.0
582.0
257.0
6.0
6.0
1410.0
127.0
198.0
4.0
2.0
6.0
8.0
3.0
3161.0
7.0
9.0
1.0
3.0
19.0
979.0
4.0
13567.0
3.0
1.0
65.0
1.0
2403.0
1.0
1520.0
1.0
173.0
391.0
47.0
3.0
2.0
1.0
3.0
5.0
104.0
3.0
129.0
8.0
13.0
9.0
1.0
3.0
201.0
3.0
3.0
1857.0
1.0
13.0
9.0
8.0
193.0
5.0
2.0
3.0
114.0
6.0
4.0
3.0
3.0
1.0
1.0
53.0
2.0
23.0
2.0
132.0
1475.0
2.0
3.0
12.0
3.0
3.0
709.0
4.0
9.0
8.0
2.0
1.0
63.0
1.0
1.0
8.0
26.0
1.0
3.0
484.0
4.0
8.0
103.0
7.0
24.0
177.0
1.0
64.0
75.0
941.0
2.0
6.0
337.0
43.0
4.0
1.0
4.0
57.0
4.0
34.0
8.0
7.0
23.0
288.0
3.0
630.0
1.0
153.0
8.0
290.0
2.0
2.0
2.0
3.0
1.0
1.0
38.0
6.0
2.0
9.0
10.0
3.0
3.0
1.0
4.0
1.0
2.0
2.0
7.0
3.0
1.0
899.0
555.0
3.0
103.0
1.0
6.0
13.0
2.0
2.0
104.0
1.0
1.0
11.0
36.0
2.0
23.0
2.0
3.0
2.0
1.0
3.0
1.0
981.0
1.0
2.0
1.0
3.0
1.0
627.0
3.0
2.0
15.0
8.0
4.0
5.0
1.0
1.0
1.0
39.0
9.0
23492.0
1.0
1.0
3.0
20.0
1.0
1.0
3.0
8.0
294.0
1.0
1.0
3.0
3.0
1.0
81.0
18.0
1.0
1.0
3.0
2.0
1.0
1.0
1.0
2.0
2.0
83.0
3.0
2.0
15.0
63.0
8.0
2.0
69.0
3.0
11207.0
12.0
7.0
170.0
26.0
3.0
1.0
3.0
3.0
31.0
1.0
733.0
1.0
288.0
3.0
36.0
473.0
18.0
3.0
1.0
3.0
9.0
1.0
15.0
9.0
23.0
2.0
1.0
1.0
1.0
7.0
20.0
20.0
1.0
11.0
293.0
20.0
1.0
554.0
1.0
345.0
1.0
1.0
1.0
6.0
1.0
1.0
3.0
68.0
3.0
1.0
33.0
4.0
1.0
3.0
8.0
1.0
15.0
3.0
5.0
89.0
1.0
4.0
1.0
42.0
752.0
1.0
19.0
1.0
44.0
2.0
1.0
3.0
3.0
20.0
48.0
8.0
18.0
4.0
11.0
12.0
65.0
14.0
825.0
38.0
5.0
327.0
1.0
4612.0
3.0
76.0
16.0
2.0
1.0
3.0
2.0
1.0
148.0
4.0
2.0
41.0
14.0
3.0
3.0
4.0
3.0
8.0
5.0
1.0
16.0
95.0
488.0
1.0
9.0
1.0
5.0
6.0
4.0
34.0
22.0
232.0
4.0
3.0
1.0
31.0
3.0
3.0
7.0
1.0
1.0
858.0
3.0
1.0
1.0
29.0
3.0
3.0
2.0
42.0
14.0
14.0
346.0
6.0
8685.0
21.0
1118.0
6.0
3.0
4.0
2.0
3.0
59.0
1.0
3.0
3.0
1.0
414.0
1.0
8672.0
17.0
1.0
3.0
36.0
20.0
3.0
1.0
1.0
1.0
2.0
3.0
145.0
5.0
2.0
2.0
3.0
256.0
4.0
5.0
2.0
1.0
12.0
1.0
9.0
1.0
1.0
3.0
125.0
576.0
1.0
2.0
2.0
3.0
1.0
65.0
19.0
101.0
1.0
3190.0
7.0
2.0
1.0
1.0
1.0
95.0
7.0
1460.0
1.0
2.0
2.0
1313.0
2.0
3.0
907.0
39.0
1.0
3.0
1.0
156.0
453.0
3.0
378.0
3.0
14.0
1.0
2.0
1.0
4.0
1.0
34.0
6.0
1.0
2.0
959.0
3.0
1.0
4.0
40.0
188.0
74.0
3.0
1.0
1.0
65.0
1.0
342.0
5.0
5.0
3.0
4.0
3.0
5.0
160.0
184.0
118.0
2.0
4.0
10.0
126.0
9.0
2.0
3.0
78.0
1.0
1.0
1.0
2.0
1.0
279.0
1.0
1116.0
8.0
1.0
1.0
463.0
731.0
4.0
111.0
1.0
5.0
6.0
179.0
6.0
1.0
1.0
1.0
31.0
1.0
9.0
996.0
59.0
1.0
17.0
1.0
6.0
179.0
3.0
1.0
1.0
1.0
356.0
289.0
288.0
2.0
10.0
97.0
3.0
1236.0
3.0
5.0
1.0
17.0
2.0
7.0
18.0
17.0
6.0
2.0
4.0
3.0
3.0
10.0
1.0
5599.0
2.0
1.0
1.0
1.0
1.0
177.0
10.0
3.0
2.0
13.0
17.0
1.0
1.0
3.0
1.0
27.0
1.0
9.0
351.0
3.0
4.0
3.0
4.0
1.0
1.0
1.0
1.0
282.0
2602.0
2.0
638.0
465.0
1571.0
322.0
2.0
73.0
8.0
1.0
4.0
1.0
2.0
568.0
3.0
46.0
80.0
4.0
1.0
224.0
119.0
25.0
18.0
310.0
4.0
2.0
213.0
1.0
3.0
8.0
311.0
48.0
1.0
1.0
1.0
3.0
1.0
1.0
9.0
1.0
3.0
8.0
4.0
1.0
9.0
246.0
3.0
3.0
4.0
2.0
1078.0
8.0
2.0
3.0
790.0
1.0
153.0
1.0
1.0
5.0
1.0
1.0
210.0
2.0
2.0
268.0
11.0
5.0
29.0
3.0
1.0
1.0
2.0
1.0
1.0
4.0
1.0
2.0
2.0
1.0
3.0
97.0
3.0
12.0
1018.0
3.0
70.0
2.0
1.0
1432.0
3.0
1.0
596.0
7.0
9.0
3.0
1.0
7.0
339.0
22.0
1.0
8.0
438.0
1.0
3.0
1.0
3.0
1.0
3.0
3.0
11.0
1083.0
3.0
465.0
5.0
2.0
3.0
8.0
1.0
1.0
5.0
1.0
8.0
95.0
3.0
142.0
351.0
12.0
18.0
3.0
4.0
1.0
158.0
101.0
134.0
81.0
3.0
4.0
238.0
1116.0
1396.0
146.0
753.0
8.0
2.0
4.0
1.0
2093.0
5.0
4.0
50.0
4.0
1.0
2.0
23.0
74.0
1.0
1.0
2.0
11.0
22.0
39.0
3.0
7.0
9.0
3.0
1.0
105.0
2.0
2.0
8.0
308.0
590.0
83.0
144.0
4.0
1.0
4.0
1784.0
1.0
1.0
3.0
328.0
1.0
7.0
17.0
18.0
282.0
218.0
1.0
1.0
103.0
8.0
283.0
4.0
1.0
228.0
3.0
2.0
1.0
2.0
42.0
1.0
40.0
64.0
10.0
132.0
1.0
1.0
3.0
3.0
9.0
5.0
8.0
3.0
384.0
13.0
6.0
9.0
3.0
29.0
7.0
3.0
203.0
1.0
1267.0
9.0
1.0
4.0
1.0
4.0
51.0
1.0
1032.0
4.0
2.0
4.0
5.0
1.0
17.0
589.0
1.0
1.0
2.0
3.0
1.0
2.0
2.0
14.0
13.0
14.0
1.0
7.0
4.0
1.0
3.0
1.0
1.0
1.0
696.0
30.0
2.0
3.0
8.0
106.0
1.0
12.0
181.0
44.0
3.0
1.0
860.0
1.0
649.0
1.0
4.0
1.0
5.0
661.0
1.0
2.0
177.0
9.0
3.0
2.0
2.0
1.0
70.0
2.0
1.0
1.0
4.0
8.0
70.0
1.0
23.0
1.0
159.0
90.0
1.0
1.0
3.0
16.0
8.0
1.0
3.0
3.0
3.0
85.0
4.0
8.0
27.0
1.0
60.0
1.0
8.0
1.0
5.0
1.0
1.0
1.0
1.0
95.0
2.0
4.0
12.0
3.0
1.0
3.0
4.0
685.0
1.0
4.0
3.0
3.0
24.0
2.0
1.0
1.0
2.0
16.0
1.0
946.0
3.0
3.0
1.0
15.0
116.0
38.0
1.0
65.0
745.0
1.0
1.0
24.0
4.0
1.0
1.0
1.0
2.0
1103.0
3.0
281.0
3.0
16.0
2.0
14455.0
5.0
34.0
2.0
1868.0
3.0
3.0
9.0
18.0
1.0
1.0
78.0
11.0
3.0
3.0
1.0
1.0
3.0
14.0
10.0
896.0
3.0
1.0
13.0
2.0
1.0
2.0
5.0
2.0
33.0
3.0
543.0
3.0
17.0
1.0
9.0
3.0
1.0
1.0
965.0
1.0
1.0
410.0
1.0
1.0
1.0
3.0
2.0
24.0
3.0
14.0
232.0
6426.0
9.0
1.0
3.0
13.0
1.0
3.0
512.0
1.0
124.0
19.0
6600.0
12.0
3.0
7.0
3.0
2.0
3.0
4.0
2.0
1.0
2.0
1.0
30.0
5.0
27.0
2.0
8.0
8.0
67.0
6.0
6.0
1.0
30583.0
3.0
2.0
4.0
448.0
12.0
16.0
1.0
8.0
1.0
1.0
1.0
137.0
19.0
2.0
415.0
491.0
1.0
1.0
1.0
11.0
87.0
806.0
29.0
5.0
4.0
65.0
5.0
5312.0
351.0
53.0
10968.0
3.0
3.0
1.0
125.0
1.0
2.0
15.0
65.0
22.0
3.0
1096.0
1.0
27.0
3.0
1.0
9.0
1.0
2.0
4.0
3.0
1.0
15.0
8.0
1.0
3.0
84.0
12.0
2.0
3.0
3.0
1.0
1.0
201.0
13.0
4.0
3.0
2.0
3.0
1.0
9.0
2.0
86.0
3.0
19.0
1.0
4.0
19.0
1.0
3202.0
2.0
20677.0
4.0
110.0
10.0
17.0
3.0
2.0
3.0
1.0
9.0
19.0
854.0
4.0
1.0
1.0
3.0
3.0
1.0
3.0
101.0
6.0
840.0
1.0
1.0
1.0
22.0
2.0
21.0
2.0
1.0
1.0
1.0
1.0
3.0
3.0
1.0
17.0
423.0
4.0
3.0
1.0
5.0
3.0
1.0
3.0
719.0
3.0
7.0
2.0
10.0
3.0
3.0
34.0
1.0
8.0
232.0
1.0
983.0
1.0
3.0
3.0
5.0
1.0
3.0
8.0
1.0
24.0
3.0
1.0
1.0
3.0
25.0
2.0
1.0
48.0
12.0
151.0
232.0
88.0
6.0
9.0
3.0
2.0
4.0
24.0
4.0
1.0
33.0
2.0
3.0
1.0
39.0
1.0
2.0
12.0
59.0
3.0
1267.0
5.0
3.0
3.0
3.0
119.0
1.0
3.0
3.0
2.0
74.0
9.0
13.0
21.0
36.0
1.0
11.0
1.0
17.0
8.0
3.0
1.0
82.0
3.0
13.0
3.0
3.0
3.0
1.0
1.0
2.0
59.0
3.0
98.0
4.0
1.0
3.0
11.0
76.0
657.0
2.0
141.0
19.0
1645.0
406.0
11.0
2.0
16.0
191.0
39.0
1.0
12.0
8.0
3.0
4.0
457.0
6.0
65.0
1.0
1.0
3.0
5.0
1246.0
5.0
3.0
1.0
4279.0
3.0
6.0
17.0
1.0
8.0
3.0
32.0
1112.0
1.0
14.0
1.0
75.0
2.0
20.0
1129.0
281.0
2.0
453.0
42.0
3.0
46.0
1018.0
1552.0
23.0
8.0
7.0
1.0
32.0
2.0
1.0
18.0
3.0
3.0
5.0
24.0
160.0
2.0
188.0
75.0
1.0
77.0
681.0
5.0
1.0
16.0
3.0
947.0
95.0
1.0
3.0
3.0
434.0
9.0
3.0
3.0
3.0
3.0
1.0
18.0
1.0
2.0
886.0
8.0
2.0
1.0
3.0
9.0
13.0
37.0
64.0
8.0
3.0
1.0
3.0
3.0
1.0
3.0
2.0
1.0
3.0
2.0
9.0
4.0
1.0
14.0
1.0
1.0
1.0
2.0
2.0
1.0
698.0
93.0
1.0
2.0
1868.0
229.0
6.0
3.0
2.0
4.0
1.0
1.0
472.0
1.0
130.0
3.0
2.0
3.0
11.0
1.0
3.0
3.0
1.0
1.0
3.0
40.0
493.0
3.0
3.0
1.0
1.0
5.0
1.0
3.0
1.0
3.0
15.0
24.0
1.0
1.0
3.0
4377.0
6.0
1.0
10.0
77.0
2.0
3.0
1.0
3.0
1.0
3.0
12.0
102.0
351.0
78.0
1436.0
104.0
5.0
2.0
3662.0
1.0
10.0
26.0
2.0
2.0
3.0
2.0
3.0
8.0
3.0
7.0
6.0
13.0
860.0
40.0
547.0
16.0
6.0
3.0
3.0
17.0
24.0
1.0
13.0
2795.0
1.0
9.0
296.0
1.0
288.0
7.0
3.0
1.0
1.0
24.0
26.0
1.0
5.0
17.0
6351.0
341.0
339.0
4.0
625.0
1.0
2.0
1.0
5033.0
1.0
3.0
5019.0
1.0
1.0
9.0
683.0
3.0
933.0
1.0
1.0
64.0
1.0
4.0
5.0
3.0
1.0
3.0
1.0
3.0
1.0
8.0
1.0
5.0
1.0
24.0
2.0
41.0
3.0
162.0
426.0
508.0
1.0
91.0
8.0
9.0
2.0
293.0
5.0
188.0
1.0
461.0
3.0
5.0
77.0
1.0
9.0
4.0
3.0
1097.0
65.0
1.0
8.0
1.0
1.0
1.0
84.0
2.0
1.0
73.0
1.0
8.0
1.0
36.0
5.0
9.0
7.0
18.0
1.0
15.0
12.0
1.0
5.0
3.0
43.0
2.0
109.0
6.0
239.0
9.0
691.0
3540.0
17.0
13.0
9.0
292.0
3.0
2.0
1.0
5.0
24.0
161.0
38.0
3.0
3.0
153.0
1.0
11.0
1059.0
718.0
1.0
3.0
4.0
55.0
99.0
1.0
1.0
74.0
3203.0
36.0
5.0
8.0
46.0
1.0
75.0
9.0
1.0
3.0
9.0
4.0
220.0
13611.0
25.0
1.0
6.0
1752.0
2.0
3.0
1.0
2.0
871.0
10.0
3.0
100.0
17.0
61.0
2.0
81.0
9.0
1788.0
10.0
120.0
4.0
3.0
8.0
97.0
119.0
34.0
8.0
21.0
5.0
1.0
155.0
1.0
105.0
956.0
3.0
5.0
5.0
1.0
1187.0
1.0
1.0
1.0
965.0
2.0
9.0
5.0
2.0
2.0
1.0
156.0
1.0
9.0
1.0
3.0
1.0
3.0
132.0
1.0
1.0
3.0
50.0
1.0
1.0
3.0
85.0
6.0
7.0
12.0
43.0
7.0
1.0
3406.0
158.0
4.0
232.0
6.0
4.0
1.0
2.0
9.0
11.0
1.0
1.0
1.0
4.0
9.0
6.0
2.0
3.0
372.0
1.0
3.0
2.0
1.0
2.0
1.0
373.0
1.0
1.0
91.0
2.0
24.0
1.0
4.0
7.0
847.0
1.0
9.0
574.0
4.0
3.0
92.0
1.0
2.0
122.0
1.0
2.0
18.0
1.0
3.0
2.0
865.0
8.0
3.0
2.0
1.0
1.0
4.0
14.0
233.0
3.0
1.0
17.0
1.0
6.0
11.0
83.0
2.0
444.0
41.0
116.0
963.0
149.0
4444.0
1.0
1.0
1.0
39.0
1.0
2.0
3.0
1.0
162.0
1.0
3.0
16.0
14.0
3.0
3.0
4.0
661.0
2.0
21.0
2.0
1.0
3.0
4452.0
1.0
1.0
11.0
3.0
1.0
2.0
7.0
1.0
4.0
3.0
2.0
1.0
101.0
2.0
3.0
113.0
3.0
1.0
1.0
4.0
1.0
1.0
57.0
18.0
8.0
1.0
1.0
3.0
3.0
81.0
1.0
743.0
1.0
3.0
1.0
400.0
24.0
127.0
3.0
1.0
3.0
26.0
4.0
2.0
1.0
2.0
5.0
1225.0
1.0
3.0
13.0
5.0
27.0
1471.0
11.0
9.0
44.0
3.0
292.0
7.0
25.0
20.0
2.0
1.0
102.0
1.0
3.0
4.0
3.0
44.0
1.0
1.0
18.0
1.0
1.0
9.0
3.0
3.0
4.0
427.0
148.0
27.0
4.0
2.0
3.0
11.0
2.0
36.0
22.0
3.0
2.0
4.0
2.0
7.0
23.0
2.0
1.0
3.0
57.0
1.0
39.0
2.0
44.0
887.0
60.0
9.0
2.0
1897.0
961.0
1.0
3.0
250.0
3.0
34.0
41.0
2.0
4474.0
1.0
1.0
29.0
7.0
10.0
338.0
2.0
1.0
4.0
13.0
2806.0
805.0
1.0
3.0
2.0
4.0
2.0
2.0
2.0
1.0
2.0
50.0
1.0
76.0
30.0
1.0
697.0
1.0
1.0
35.0
3.0
1.0
5.0
1.0
1.0
1.0
36.0
75.0
3.0
3.0
3.0
9.0
3.0
1.0
13.0
3.0
705.0
281.0
24.0
1.0
1.0
3.0
88.0
1.0
305.0
19.0
1.0
12.0
1.0
2.0
2.0
2.0
10.0
1.0
3.0
819.0
11.0
209.0
1.0
3.0
7.0
2.0
1.0
272.0
1.0
239.0
1.0
29.0
12.0
102.0
1.0
38.0
41.0
83.0
132.0
1.0
17.0
1.0
1.0
3.0
1.0
3.0
1.0
3.0
3.0
3.0
4.0
3.0
39.0
165.0
3.0
2.0
3151.0
3.0
2.0
1.0
1.0
2186.0
175.0
1.0
2.0
1.0
1.0
266.0
1.0
1.0
1.0
2.0
5.0
1.0
3.0
3.0
1.0
1.0
1.0
11.0
10.0
351.0
64.0
166.0
44.0
1.0
3.0
1.0
3.0
14.0
952.0
35.0
4.0
5.0
3.0
3.0
3.0
1.0
1120.0
2.0
85.0
2.0
3.0
5.0
3.0
110.0
3.0
3.0
18.0
64.0
3.0
1.0
63.0
3.0
1.0
10.0
4.0
2.0
11.0
2.0
1.0
3.0
13.0
3.0
17.0
8.0
2.0
2.0
13.0
3527.0
462.0
45.0
4445.0
24.0
428.0
409.0
482.0
75.0
1.0
50.0
79.0
1.0
10.0
3.0
5.0
1.0
3.0
2.0
40.0
16.0
13.0
6.0
2.0
1.0
539.0
9.0
10.0
1096.0
212.0
2.0
1.0
3.0
25.0
171.0
3.0
9.0
1.0
1.0
339.0
9.0
26.0
6.0
2.0
20.0
1.0
22.0
18.0
3298.0
8.0
2.0
3.0
1.0
1.0
22.0
3.0
2.0
1.0
3.0
2.0
21.0
454.0
1354.0
2.0
34.0
7.0
2.0
1.0
112.0
3.0
29.0
4.0
633.0
4.0
10.0
1.0
1.0
9.0
217.0
49.0
61.0
5.0
3.0
85.0
3.0
4.0
1.0
1.0
2.0
52.0
2.0
735.0
882.0
24.0
39.0
3.0
288.0
3.0
2.0
1.0
75.0
1.0
207.0
2.0
16.0
39.0
2.0
1.0
26.0
2.0
2.0
3.0
2.0
1.0
1.0
3.0
3.0
65.0
3.0
4.0
4.0
1.0
1.0
1.0
356.0
1.0
3.0
1.0
4.0
156.0
2.0
3.0
1.0
129.0
1.0
2.0
10.0
1.0
4.0
9.0
10.0
1.0
25.0
1.0
63.0
2.0
10.0
2.0
194.0
1.0
3.0
1.0
23.0
3.0
383.0
295.0
27.0
3.0
1.0
15.0
2.0
11.0
949.0
1.0
6.0
3.0
16.0
291.0
3.0
46.0
3.0
3.0
555.0
19.0
1.0
1.0
1.0
3.0
2.0
72.0
2.0
5.0
34.0
1.0
5.0
2.0
2.0
6.0
1.0
13.0
4.0
2.0
1.0
12.0
113.0
12.0
6.0
207.0
1014.0
3.0
2.0
4.0
1.0
12.0
11.0
1.0
264.0
172.0
1.0
4.0
24.0
694.0
58.0
1676.0
36.0
1018.0
2.0
2.0
10.0
3.0
15.0
61.0
3.0
4.0
6877.0
3.0
1.0
1.0
306.0
3.0
37.0
1.0
9.0
24.0
2.0
1.0
3.0
5.0
73.0
6.0
3.0
17.0
1.0
157.0
24.0
1.0
20.0
85.0
9.0
65.0
15.0
23.0
1.0
24.0
8.0
1.0
4.0
3.0
1.0
131.0
2.0
3.0
11.0
1.0
24.0
1.0
3.0
1.0
225.0
69.0
1.0
48.0
2139.0
405.0
51.0
1.0
108.0
2.0
27.0
7.0
6.0
2.0
512.0
725.0
18.0
39.0
3.0
2.0
47.0
9.0
416.0
5.0
4.0
1.0
2.0
2.0
3.0
79.0
22.0
10.0
2.0
1.0
1.0
132.0
1.0
1.0
109.0
3.0
415.0
2.0
3.0
1.0
12.0
3.0
25.0
44.0
145.0
1.0
3.0
1.0
162.0
2.0
384.0
1.0
39.0
1.0
114.0
565.0
1.0
3.0
8.0
8.0
361.0
3.0
1.0
143.0
290.0
318.0
1.0
65.0
1.0
10.0
7.0
1.0
3026.0
3.0
3.0
7.0
16.0
3.0
1.0
44.0
494.0
1.0
9.0
106.0
2.0
52.0
6.0
512.0
319.0
17.0
1130.0
7.0
1.0
24.0
17.0
12.0
3.0
3.0
3.0
3.0
87.0
1.0
1.0
1.0
1.0
3.0
1.0
3.0
48451.0
3.0
40.0
130.0
1.0
3.0
8008.0
1.0
11.0
1.0
1.0
3.0
1.0
2.0
3.0
3.0
1.0
1.0
6.0
1.0
592.0
3.0
2.0
16.0
17.0
1.0
3.0
378.0
5.0
635.0
4.0
48.0
787.0
5.0
1.0
2.0
3.0
2.0
102.0
3.0
4.0
11.0
2.0
7.0
181.0
9.0
5449.0
1.0
3.0
7.0
17224.0
34.0
3.0
4.0
2.0
61.0
457.0
7.0
1.0
1.0
1.0
1.0
10.0
3.0
3.0
3.0
40.0
4.0
1.0
4.0
1.0
48.0
3.0
39.0
1.0
82.0
361.0
5.0
5.0
27.0
10.0
2.0
6.0
1.0
2.0
4.0
2.0
19.0
31.0
1.0
3.0
141.0
2.0
1.0
1.0
65.0
65.0
3.0
2.0
1.0
351.0
12.0
1.0
350.0
1.0
8.0
4.0
6.0
13.0
589.0
244.0
225.0
44.0
18.0
9.0
5.0
1.0
3.0
1.0
5214.0
3.0
4.0
5.0
12.0
63.0
9.0
1.0
1.0
130.0
2.0
3.0
7771.0
1.0
208.0
3.0
1.0
24.0
1.0
1642.0
1.0
1.0
3.0
2.0
1.0
2.0
24.0
3.0
3.0
1.0
1.0
5.0
2.0
171.0
128.0
1.0
12.0
100.0
2.0
23649.0
1425.0
1.0
1.0
2.0
1.0
11.0
6.0
5.0
1.0
1.0
530.0
4.0
17.0
4.0
2.0
8.0
1.0
35.0
81.0
2.0
1.0
3.0
3.0
1.0
3.0
1.0
1.0
60613.0
2.0
1.0
1.0
3.0
1.0
4.0
3.0
3.0
82.0
10.0
1.0
3.0
1432.0
1.0
1547.0
23.0
3.0
1.0
1.0
4.0
3.0
3.0
1.0
1.0
28.0
13.0
55.0
3.0
3.0
8.0
863.0
1718.0
1.0
120.0
4.0
359.0
6.0
5.0
16.0
56.0
152.0
5.0
3.0
224.0
15.0
102.0
1.0
102.0
14.0
1.0
1.0
1.0
2.0
1.0
771.0
6.0
3.0
1629.0
1.0
1.0
2.0
3.0
1.0
1.0
1.0
10.0
3.0
1.0
7125.0
1.0
3.0
26078.0
11.0
5.0
104.0
3.0
9.0
3223.0
1.0
978.0
4.0
13.0
50.0
1.0
5.0
2447.0
10.0
2694.0
1.0
15.0
1.0
15.0
1.0
133.0
2.0
240.0
109.0
21.0
1.0
3.0
3.0
36.0
3.0
62.0
776.0
13.0
277.0
1.0
3.0
1.0
148.0
3.0
193.0
1.0
31.0
10.0
1.0
570.0
4.0
3.0
3.0
1027.0
1.0
943.0
3.0
4.0
92.0
8.0
1.0
2.0
7.0
3.0
1.0
2.0
863.0
2.0
4.0
162.0
12.0
31.0
9.0
282.0
75.0
1.0
3.0
1.0
3.0
1.0
3.0
6.0
3.0
1.0
17.0
23.0
94.0
14.0
8.0
1.0
295.0
1.0
121.0
2.0
1.0
1.0
1.0
5.0
3.0
3.0
12.0
2.0
90.0
1.0
1.0
2.0
7.0
101.0
1.0
1.0
2.0
32.0
20.0
9.0
42.0
1.0
132.0
1.0
6.0
27.0
3.0
261.0
129.0
3.0
2.0
2.0
1.0
3.0
2.0
2.0
3.0
3.0
3.0
11.0
3.0
1927.0
11.0
1.0
19.0
17.0
3.0
33.0
16.0
1.0
19.0
1073.0
878.0
2.0
404.0
21.0
3.0
1.0
8.0
1888.0
4.0
2.0
595.0
20.0
1.0
3.0
380.0
1.0
19.0
18.0
129.0
11.0
1.0
21.0
357.0
51.0
852.0
2.0
66.0
1.0
4.0
1.0
311.0
319.0
193.0
1.0
670.0
2.0
9.0
10.0
1.0
3.0
1.0
1479.0
6.0
1.0
115.0
39.0
7.0
1.0
11.0
8.0
1.0
1.0
38.0
4.0
1.0
8.0
743.0
56.0
1.0
1.0
835.0
6.0
2.0
1.0
1.0
2.0
6.0
3.0
3.0
5.0
1.0
1.0
56.0
10.0
1.0
1.0
6598.0
3.0
1.0
4.0
6.0
1.0
17.0
1.0
812.0
2.0
1.0
1.0
3.0
1.0
3.0
1.0
3.0
9.0
1.0
1.0
157.0
1.0
14.0
1602.0
2028.0
1.0
11.0
3.0
199.0
2.0
685.0
4.0
1.0
22.0
23.0
286.0
123.0
26.0
4.0
7.0
3.0
1.0
3.0
3.0
3.0
3.0
12.0
2.0
1.0
1.0
4.0
4.0
1213.0
280.0
24.0
120.0
1066.0
288.0
1.0
668.0
178.0
3.0
1.0
349.0
24.0
3.0
5.0
1.0
2.0
41.0
3.0
16.0
2.0
2.0
1.0
11.0
2.0
756.0
60.0
1.0
5.0
304.0
3.0
8.0
140.0
2.0
164.0
1018.0
2.0
82.0
1.0
21.0
3.0
3.0
32.0
13.0
7.0
3675.0
1.0
3.0
2.0
3.0
13.0
1.0
2.0
46.0
1.0
21.0
1.0
4.0
1.0
3.0
242.0
1.0
1.0
1.0
1.0
1.0
6.0
6.0
4.0
1.0
13.0
1.0
5.0
1.0
844.0
2.0
1.0
6.0
123.0
607.0
19.0
10.0
2.0
2.0
6.0
1.0
2.0
6.0
1.0
187.0
1.0
21.0
356.0
45.0
9.0
3.0
5.0
7.0
17.0
385.0
1.0
1.0
1.0
2.0
2891.0
14.0
1.0
1.0
3.0
2.0
1.0
32.0
6.0
2.0
3.0
2.0
1.0
2.0
1.0
2.0
2.0
65.0
3.0
27.0
3.0
736.0
4.0
5.0
278.0
1.0
1.0
242.0
3326.0
1579.0
14.0
3.0
34.0
1.0
5.0
1.0
7.0
1.0
6.0
1.0
1.0
5.0
29.0
1018.0
111214.0
19.0
15.0
3.0
2.0
13818.0
437.0
3.0
116.0
3.0
3.0
1974.0
8936.0
1.0
8.0
3.0
58.0
1.0
2.0
43.0
3.0
22.0
7.0
46.0
7.0
3.0
1.0
3.0
7.0
2.0
1.0
19.0
4.0
14.0
1.0
3.0
1.0
70.0
2.0
2.0
4.0
68.0
12.0
1.0
1.0
1.0
66.0
1.0
28.0
2.0
1.0
5.0
24.0
60.0
66.0
3.0
1.0
181.0
11.0
4.0
419.0
3.0
174.0
3.0
33.0
5.0
437.0
1.0
2.0
19.0
22.0
59.0
18.0
9.0
264.0
20.0
835.0
6.0
4.0
1.0
56.0
36.0
8.0
102.0
138.0
172.0
1.0
4.0
1.0
3.0
2.0
964.0
33.0
1.0
1078.0
58.0
124.0
421.0
281.0
2.0
2.0
1.0
3.0
1.0
2.0
1.0
3.0
45.0
4.0
1.0
2.0
2.0
8.0
2.0
231.0
6.0
3.0
3.0
6.0
2.0
1.0
77.0
38197.0
13.0
5.0
3.0
555.0
3851.0
3.0
4.0
1.0
508.0
1.0
3.0
1.0
2.0
3.0
1.0
1741.0
7.0
1.0
3.0
18.0
1.0
337.0
3.0
16.0
1.0
1400.0
16.0
3.0
1.0
131.0
53.0
1.0
91.0
2.0
1.0
1.0
3.0
2000.0
1.0
55.0
57.0
3.0
1.0
7.0
179.0
3.0
3.0
68.0
182.0
19.0
5.0
28.0
237.0
1.0
69.0
1.0
2.0
1.0
4.0
127.0
1.0
1827.0
3.0
1.0
685.0
1.0
1.0
7.0
17.0
3.0
2.0
3.0
8.0
445.0
3.0
7.0
63.0
1.0
1.0
8.0
1448.0
29.0
1.0
2.0
3.0
401.0
3.0
6.0
3.0
1.0
19.0
48.0
1762.0
12.0
129.0
10.0
3.0
127.0
3.0
137.0
6.0
85.0
3.0
3.0
1.0
1.0
9.0
296.0
9.0
1.0
2.0
1.0
919.0
601.0
2.0
7.0
3.0
4.0
20.0
67.0
3.0
1.0
15.0
75.0
19.0
1.0
3.0
271.0
1.0
520.0
12.0
2.0
7.0
3058.0
3.0
1236.0
5.0
1.0
4.0
5.0
16.0
16.0
634.0
17.0
1.0
2.0
39.0
17.0
17.0
14.0
1.0
1.0
115.0
73.0
3.0
20.0
3.0
162.0
195.0
24.0
61.0
80.0
5.0
1.0
1.0
9.0
88.0
1.0
2.0
889.0
1.0
5.0
7.0
4.0
11.0
7.0
13.0
1.0
1.0
4.0
30.0
1.0
164.0
2.0
2820.0
1.0
15.0
7.0
3.0
31.0
4.0
1.0
111.0
1.0
6.0
6.0
3.0
2.0
102.0
2.0
10.0
9.0
52.0
17.0
5.0
11.0
3.0
4.0
14.0
236.0
250.0
1.0
2.0
1.0
24.0
12.0
26.0
1593.0
97.0
38.0
2.0
3.0
2.0
1.0
56.0
594.0
1.0
2.0
5.0
3.0
230.0
1.0
178.0
39.0
59.0
1.0
59.0
1.0
67.0
59.0
1.0
1.0
1.0
1.0
288.0
9.0
3.0
3.0
1.0
3.0
4.0
2.0
2.0
1.0
2.0
697.0
1183.0
112.0
2.0
3561.0
2.0
2.0
71.0
2.0
3.0
13.0
45.0
19.0
3.0
1.0
2.0
415.0
5.0
1.0
2.0
13824.0
1.0
55.0
2.0
1.0
6.0
3.0
3.0
74.0
1.0
10.0
149.0
3.0
3.0
19.0
2.0
1.0
3.0
3.0
136.0
1850.0
24.0
2690.0
516.0
3.0
4.0
19.0
1.0
3.0
1.0
183.0
1.0
3.0
2.0
858.0
6.0
3.0
9.0
8.0
2.0
19.0
1018.0
3.0
4.0
18.0
2.0
2.0
15.0
21.0
106.0
3.0
17.0
4.0
1.0
1604.0
2.0
3.0
3.0
1.0
16.0
16.0
1.0
3.0
7.0
112.0
1.0
1.0
10.0
74.0
6.0
17.0
185.0
3.0
1.0
537.0
2.0
19.0
1.0
1.0
33.0
3.0
8.0
24.0
1.0
3.0
1.0
7.0
2.0
1.0
11.0
2.0
6.0
1.0
9.0
1.0
123.0
43.0
2.0
194.0
20.0
13.0
61.0
60.0
1.0
1338.0
3.0
5.0
11.0
30.0
10.0
1.0
11.0
131.0
2.0
9.0
3.0
1.0
1.0
247.0
2.0
5.0
1.0
3.0
2.0
3.0
1.0
4.0
183.0
1183.0
2.0
1.0
62.0
580.0
1.0
2.0
1.0
8.0
2.0
29.0
9.0
5.0
3.0
4.0
3.0
3.0
2.0
79.0
2.0
2.0
39.0
20.0
2.0
1.0
404.0
2169.0
1.0
2.0
2.0
1.0
9.0
3.0
337.0
1690.0
3.0
4.0
3.0
1.0
1.0
1.0
794.0
1.0
5.0
66.0
36.0
1.0
1.0
2.0
1.0
1.0
152.0
16.0
116.0
1808.0
1.0
3.0
1.0
39.0
3.0
2.0
2.0
3.0
371.0
2.0
1.0
182.0
3.0
220.0
3.0
41.0
1.0
2.0
2.0
1.0
2.0
5.0
16.0
573.0
4.0
2.0
15.0
386.0
2.0
7.0
4.0
1.0
4560.0
1.0
87.0
1.0
3.0
3.0
2.0
1753.0
11.0
7.0
81.0
510.0
2.0
76.0
1.0
2.0
51.0
22.0
8.0
4.0
3.0
1.0
3.0
2.0
1.0
3.0
2.0
3.0
1.0
2.0
2.0
2.0
3.0
11.0
3.0
15.0
2.0
3.0
174.0
3.0
742.0
19.0
1.0
3.0
1.0
3.0
14.0
1.0
1.0
9.0
111.0
8.0
2.0
1.0
59.0
13.0
4.0
68.0
2.0
9.0
3.0
3.0
1.0
1.0
909.0
3.0
21.0
2.0
1.0
2158.0
1.0
7.0
3.0
2.0
1.0
6.0
1.0
24.0
3.0
19.0
1.0
1.0
3.0
102.0
24.0
2.0
1.0
24.0
3207.0
3.0
839.0
1.0
3.0
3.0
6.0
19.0
2.0
4920.0
38.0
3.0
3.0
5.0
4.0
1.0
1.0
1.0
5.0
2.0
2.0
1.0
24.0
1.0
16.0
7.0
4.0
4.0
1.0
6.0
11.0
442.0
3.0
78.0
25.0
431.0
1.0
377.0
2.0
2.0
1.0
123.0
10.0
17.0
1.0
17.0
1047.0
2.0
3.0
7877.0
1.0
34.0
2.0
1.0
2.0
1.0
19.0
18.0
22.0
8.0
28.0
374.0
4.0
2.0
313.0
1.0
1.0
1.0
3.0
2.0
24.0
2.0
814.0
3.0
1.0
1.0
1.0
2.0
1.0
3.0
17.0
125.0
10.0
2.0
2.0
1.0
1.0
827.0
5.0
3.0
152.0
2.0
5.0
1.0
3.0
6023.0
5.0
3.0
4.0
1.0
1.0
797.0
3.0
13983.0
1.0
13073.0
16.0
313.0
2.0
4.0
3.0
2.0
368.0
7.0
4.0
4.0
2.0
10.0
5.0
110.0
5.0
58.0
17.0
3.0
8.0
1782.0
1.0
43.0
4.0
2.0
1.0
1.0
2.0
1.0
433.0
4.0
2.0
908.0
8.0
52.0
1.0
3.0
10.0
1.0
7.0
5.0
1.0
42.0
9.0
3.0
15.0
2999.0
1.0
786.0
1.0
332.0
2.0
3.0
5.0
169.0
3.0
9.0
1.0
635.0
3.0
12.0
31.0
1.0
8.0
86.0
845.0
3.0
1.0
4.0
1.0
418.0
3.0
1.0
4.0
4.0
1.0
1621.0
72.0
1.0
3.0
5.0
17.0
1.0
3.0
2787.0
3.0
1.0
20.0
4.0
5.0
1.0
878.0
1.0
1.0
8.0
782.0
3.0
1.0
1.0
3.0
16.0
1.0
1.0
1.0
17.0
3.0
26.0
1.0
40.0
374.0
1.0
102.0
5.0
1.0
1.0
3.0
34.0
3.0
1.0
1.0
2.0
3.0
6.0
1.0
2.0
68.0
3.0
30.0
1.0
1490.0
3.0
20.0
4.0
1.0
1.0
639.0
1.0
2.0
3.0
58.0
3.0
5.0
1.0
1.0
38.0
3.0
21.0
135.0
24.0
37.0
46.0
1.0
12.0
3.0
1.0
34.0
750.0
24.0
33.0
145.0
1.0
2.0
1.0
4.0
15.0
512.0
1.0
60.0
52.0
4.0
2.0
2.0
288.0
6.0
1.0
1.0
1.0
11.0
143.0
1.0
3.0
48.0
3.0
4.0
193.0
7.0
3.0
292.0
1.0
8.0
17.0
3.0
1.0
1.0
611.0
2050.0
86.0
4.0
10.0
1.0
3.0
1.0
152.0
1.0
10.0
294.0
1.0
4.0
3.0
37.0
1009.0
57.0
110.0
1.0
5.0
1065.0
4.0
7.0
1514.0
2.0
308.0
7.0
49.0
12.0
15.0
696.0
73.0
10.0
3.0
57.0
4.0
5.0
73.0
20.0
1.0
30.0
45.0
638.0
5.0
1.0
19.0
89.0
2.0
3.0
5.0
24.0
4.0
4.0
2653.0
2.0
5.0
118.0
285.0
1.0
39.0
1.0
282.0
898.0
182.0
1.0
3.0
13.0
3.0
2044.0
4.0
2.0
1.0
1.0
4.0
100.0
74.0
14.0
28.0
111.0
105.0
6.0
2.0
363.0
32.0
1.0
7.0
1.0
1.0
2.0
1.0
2.0
1.0
3.0
1.0
1.0
2.0
4.0
3.0
1.0
3.0
6.0
50.0
2.0
114.0
1.0
28.0
4.0
22.0
13.0
1.0
1.0
3.0
9.0
5.0
1.0
1.0
23.0
24.0
1.0
844.0
1.0
7.0
18.0
19.0
3.0
1.0
1.0
103.0
25.0
1.0
10.0
272.0
3.0
3.0
5.0
99.0
2.0
3.0
3.0
37.0
24.0
1.0
1.0
4.0
11.0
14.0
4.0
24.0
3.0
2.0
3.0
8.0
1.0
1.0
73.0
1.0
1.0
1225.0
10.0
7.0
1807.0
388.0
1.0
63.0
3.0
3.0
2.0
3.0
1.0
1.0
14.0
3.0
9.0
1.0
24.0
2.0
3.0
1.0
8.0
63.0
666.0
966.0
3.0
2.0
1.0
2.0
345.0
313.0
3.0
3.0
3.0
16.0
767.0
2.0
1.0
3.0
1.0
14455.0
1.0
3.0
3.0
1.0
71.0
1.0
5.0
295.0
3.0
2.0
10.0
78.0
112.0
235.0
4.0
1.0
3.0
9.0
2.0
6.0
3.0
68.0
1.0
34.0
1.0
5.0
105.0
3.0
5.0
1229.0
1.0
4.0
1.0
5.0
7.0
2.0
48.0
3.0
4.0
1.0
2.0
2.0
1.0
51.0
14.0
1582.0
2.0
75.0
3.0
1.0
4.0
11.0
2.0
1.0
10.0
4.0
297.0
739.0
4.0
5.0
4.0
943.0
3.0
2.0
6.0
1.0
1.0
83.0
8.0
112.0
1.0
4.0
1.0
86.0
3.0
16.0
1.0
1.0
47.0
1.0
1.0
3.0
41.0
1.0
42.0
34.0
58.0
1000.0
23.0
1.0
3.0
27.0
783.0
1.0
3.0
1.0
4.0
2.0
24.0
16.0
62.0
2.0
3.0
1446.0
34.0
1.0
3.0
9.0
1.0
3.0
5.0
2.0
1.0
4.0
1.0
1.0
2.0
49.0
209.0
603.0
502.0
5.0
2.0
4.0
1.0
1.0
1.0
1.0
65.0
4.0
171.0
1751.0
5.0
5.0
7.0
28.0
1.0
19.0
5.0
1.0
43.0
1016.0
4.0
525.0
75.0
16.0
76.0
1.0
18.0
611.0
48.0
11.0
1.0
65.0
2.0
1.0
1.0
1.0
1.0
24.0
9.0
1296.0
1231.0
1.0
1.0
21.0
7.0
720.0
5.0
1.0
8.0
3.0
28.0
11.0
35.0
1.0
1403.0
1.0
45.0
2.0
1.0
1.0
3.0
1.0
1.0
25.0
19.0
4.0
4.0
1.0
156.0
1.0
1.0
1.0
1.0
1.0
3.0
1.0
1.0
1.0
3.0
1.0
7338.0
20.0
13.0
1.0
948.0
1.0
2.0
1.0
22.0
1.0
2.0
2.0
565.0
5.0
729.0
1.0
8.0
3.0
1.0
2.0
4446.0
1.0
1.0
2.0
16.0
1.0
77.0
19.0
71.0
1.0
3.0
3.0
52.0
36.0
15.0
1.0
10.0
415.0
11.0
1.0
10.0
3.0
1.0
73.0
1.0
92.0
8.0
10.0
42.0
31.0
2.0
19.0
1.0
44.0
351.0
250.0
3.0
4.0
59.0
2.0
2.0
1.0
116.0
1.0
2.0
1.0
22.0
4.0
5.0
484.0
1.0
19.0
509.0
3.0
5.0
2.0
8.0
1.0
606.0
84.0
1.0
569.0
3.0
282.0
3.0
1.0
2.0
1.0
4.0
9.0
1.0
4.0
3.0
17.0
1.0
255.0
189.0
1.0
9.0
1.0
2.0
1.0
119.0
44.0
3.0
19.0
2.0
123.0
2.0
3.0
12.0
5.0
1.0
1.0
275.0
13.0
778.0
66.0
4.0
3.0
45.0
5.0
216.0
3.0
2.0
1.0
3.0
282.0
445.0
2.0
2.0
38.0
576.0
7.0
489.0
3.0
23.0
208.0
4.0
8719.0
1.0
3.0
31.0
7.0
1.0
5.0
1.0
717.0
1.0
1.0
19.0
562.0
126.0
1.0
1.0
7.0
829.0
1.0
2.0
1.0
7.0
2.0
3.0
6.0
3.0
164.0
1.0
1.0
1.0
16.0
11.0
1.0
3.0
2.0
1.0
3.0
1.0
1.0
2.0
2.0
8.0
3.0
3.0
19.0
1.0
140.0
3.0
22.0
4.0
3.0
1.0
1.0
21.0
3.0
1.0
2.0
3.0
12.0
30.0
426.0
7.0
814.0
288.0
3.0
1.0
7.0
120.0
3.0
159.0
25.0
3.0
24.0
15.0
33.0
1.0
3.0
11.0
1.0
1390.0
3.0
1.0
405.0
1.0
472.0
23.0
8.0
32.0
1.0
106.0
24.0
1091.0
1.0
2.0
8.0
1.0
1.0
17.0
9.0
1.0
10244.0
4.0
49.0
11.0
2.0
1.0
439.0
3.0
1.0
3.0
51.0
8.0
197.0
9.0
31.0
4.0
1.0
1.0
6.0
3.0
1386.0
2.0
3.0
21.0
3.0
2.0
3.0
139.0
1.0
4.0
1.0
6.0
18.0
739.0
1.0
6.0
3.0
4.0
3.0
4.0
2.0
218.0
9.0
9.0
744.0
3.0
1.0
22.0
45.0
24.0
1.0
17.0
3.0
39.0
234.0
4.0
25.0
1.0
2.0
22.0
1.0
4.0
8.0
1.0
571.0
1.0
2.0
132.0
4.0
4.0
3.0
20.0
20.0
49.0
1.0
1.0
3.0
420.0
446.0
4.0
10968.0
81.0
396.0
889.0
1.0
1.0
63.0
1.0
1.0
3.0
1.0
1.0
3.0
2.0
1.0
1188.0
10.0
3.0
1.0
124.0
441.0
32.0
3.0
3.0
87.0
12.0
1.0
31.0
9.0
24.0
12.0
1.0
3.0
1.0
3.0
237.0
30.0
114.0
9.0
1.0
696.0
1.0
793.0
1.0
3.0
1.0
8.0
2.0
1.0
19.0
3.0
3.0
1.0
1.0
2.0
35.0
275.0
30.0
1084.0
763.0
5.0
7.0
5.0
1.0
13.0
54.0
295.0
8.0
5.0
18.0
1.0
2.0
16.0
1127.0
1.0
2.0
55.0
2.0
3.0
1.0
3.0
1.0
499.0
2.0
1.0
190.0
107.0
1.0
175.0
3.0
4.0
9.0
1.0
1.0
3.0
2.0
596.0
1.0
1.0
5.0
26.0
221.0
3.0
1.0
3.0
1.0
2.0
1.0
1.0
1233.0
20.0
19.0
177.0
2.0
213.0
157.0
2.0
2.0
1.0
3.0
3.0
88.0
7.0
5.0
6.0
351.0
108.0
10.0
4.0
1.0
7.0
5.0
163.0
127.0
3.0
3.0
5418.0
1.0
13.0
2.0
4.0
1.0
1.0
330.0
7.0
2.0
1.0
5.0
9.0
1.0
3.0
65.0
9.0
4.0
1.0
5.0
3.0
8.0
5.0
1.0
1.0
130.0
6.0
681.0
1.0
9.0
126.0
1.0
21.0
2.0
446.0
2.0
5.0
1.0
73.0
1.0
410.0
1.0
3.0
3.0
20.0
2.0
16.0
1152.0
33.0
4.0
28.0
1.0
1.0
1.0
1.0
1549.0
5.0
1.0
22.0
4.0
66.0
22.0
3.0
123.0
79.0
247.0
149.0
3.0
1.0
1250.0
10.0
2.0
104.0
3.0
3.0
15.0
17.0
2.0
138.0
3.0
1.0
1.0
3.0
320.0
1.0
1.0
2.0
2.0
282.0
1.0
4.0
1.0
2019.0
1.0
19.0
14.0
14.0
2.0
1655.0
400.0
783.0
1522.0
489.0
4.0
16.0
3.0
1.0
107.0
1.0
8.0
2.0
6.0
2.0
3.0
1.0
1.0
1.0
5.0
82.0
94.0
105.0
1.0
218.0
1.0
1536.0
986.0
1.0
4.0
1200.0
21.0
1.0
3.0
22.0
137.0
1.0
4.0
1.0
1.0
19.0
3.0
129.0
1.0
59.0
46.0
1.0
5.0
1.0
1.0
8.0
1.0
2526.0
3.0
2.0
1.0
3.0
9.0
16.0
3.0
3.0
1.0
961.0
2.0
1.0
2.0
3.0
30.0
1.0
17.0
1.0
3.0
1.0
405.0
171.0
1199.0
416.0
1.0
288.0
14189.0
351.0
3.0
7.0
3.0
1.0
1.0
3.0
2719.0
7.0
1.0
10.0
1.0
158.0
9.0
3.0
1.0
1.0
3.0
10.0
3.0
68.0
1.0
138.0
16.0
5.0
30.0
1.0
10.0
4.0
6.0
3.0
39.0
1.0
409.0
17.0
1.0
24.0
323.0
22.0
921.0
76.0
1.0
1.0
406.0
1.0
3.0
1.0
29.0
292.0
17.0
3.0
11.0
1.0
16410.0
3.0
3.0
3.0
23.0
1.0
1.0
16.0
188.0
1.0
4.0
22.0
1.0
2.0
3.0
1.0
2.0
1.0
3.0
665.0
1.0
6.0
2.0
1.0
602.0
67.0
50.0
3.0
2.0
199.0
1.0
4.0
3.0
987.0
1.0
4.0
124.0
4.0
8.0
3.0
1.0
1.0
1.0
1.0
130.0
735.0
4.0
23.0
3.0
1.0
9.0
2.0
3.0
2.0
23.0
3.0
3.0
1838.0
3.0
3.0
4.0
31.0
3.0
1.0
1.0
1.0
9.0
14385.0
60.0
10.0
6.0
258.0
57.0
3.0
4.0
1018.0
1.0
477.0
1.0
2.0
8.0
1.0
3.0
3.0
7.0
1814.0
21866.0
1.0
3562.0
97.0
9.0
2.0
87.0
1.0
7.0
44.0
7184.0
7.0
1.0
1.0
3.0
1.0
1.0
118.0
1.0
3.0
29.0
3.0
596.0
1.0
105.0
5884.0
1.0
212.0
2.0
3.0
4.0
3.0
100.0
293.0
3.0
11.0
77.0
7.0
1.0
11.0
1507.0
102.0
32.0
835.0
2.0
1.0
432.0
4.0
55.0
71.0
206.0
2.0
7.0
6.0
1.0
1.0
1.0
3.0
3.0
351.0
4.0
2438.0
5.0
1.0
1.0
1.0
1.0
3.0
5.0
10.0
1.0
1.0
4.0
13.0
5.0
2.0
24.0
3.0
2.0
88.0
1.0
5.0
3.0
1.0
1502.0
33.0
490.0
9.0
4.0
12.0
886.0
1.0
3.0
1.0
1.0
1.0
10.0
9.0
3.0
1.0
948.0
1.0
718.0
5.0
3.0
19.0
3.0
1.0
9.0
17.0
1.0
6.0
64.0
4.0
31.0
496.0
1.0
19.0
785.0
2.0
17.0
3.0
3.0
79.0
3.0
3383.0
25.0
1.0
30.0
4298.0
3.0
2.0
33.0
8.0
1.0
6.0
416.0
27.0
3.0
23.0
2.0
837.0
1.0
1.0
2.0
3.0
4.0
4.0
1.0
303.0
5.0
8.0
1382.0
37.0
2.0
3.0
596.0
1.0
4.0
2183.0
9.0
1.0
1661.0
1.0
1.0
2.0
1.0
9.0
678.0
664.0
1.0
31.0
1.0
2.0
2.0
19.0
2.0
4.0
53.0
15.0
1.0
3.0
7.0
2.0
300.0
5.0
6.0
4.0
1.0
2526.0
1.0
1447.0
1645.0
1.0
1.0
1.0
3.0
1183.0
10.0
3.0
5.0
2.0
3.0
1.0
1.0
12.0
1.0
4.0
3.0
285.0
97.0
1.0
50.0
363.0
3.0
1.0
1.0
3.0
9.0
1.0
4.0
7.0
1.0
25.0
2952.0
5988.0
1.0
29.0
1.0
39.0
6.0
1.0
3.0
3.0
27.0
787.0
5.0
3.0
21.0
1.0
1.0
3.0
4.0
3.0
1.0
1.0
4.0
14.0
36.0
632.0
10.0
4.0
9.0
1.0
22.0
26.0
4.0
7.0
1.0
1.0
512.0
377.0
351.0
14.0
17.0
10.0
14.0
3.0
7.0
3.0
27.0
43.0
1.0
3.0
1.0
1.0
2.0
1927.0
3.0
3.0
2.0
4.0
8288.0
232.0
9.0
4.0
2.0
6.0
3.0
1.0
30.0
519.0
5.0
4.0
21.0
4.0
2.0
9.0
2506.0
12.0
11.0
2.0
398.0
1.0
3.0
4.0
3.0
7.0
249.0
1.0
1.0
1299.0
2.0
1.0
3.0
1.0
3.0
14.0
2026.0
3.0
3.0
59.0
3.0
50.0
1.0
2.0
2336.0
817.0
7.0
4.0
30.0
3.0
8.0
1.0
2.0
87.0
3.0
288.0
3.0
1.0
2.0
3.0
16.0
3.0
23.0
1.0
17557.0
24.0
1.0
9.0
6.0
18.0
3.0
15.0
5.0
18.0
2.0
5.0
133.0
3.0
76.0
3.0
1.0
11.0
1.0
20.0
2491.0
3.0
3.0
154.0
685.0
1.0
1.0
2.0
6.0
3.0
1698.0
1.0
1.0
2.0
44.0
278.0
1.0
715.0
10.0
28.0
15.0
252.0
13.0
407.0
20761.0
3.0
157.0
22.0
726.0
537.0
2065.0
766.0
9.0
6.0
1.0
4443.0
1057.0
6211.0
5.0
19.0
65.0
3.0
1.0
1.0
37.0
2.0
1.0
2.0
1.0
209.0
1185.0
1.0
351.0
9.0
3.0
9.0
1378.0
2.0
516.0
1.0
9.0
2.0
57.0
3.0
1.0
2864.0
1.0
3.0
1.0
3.0
1459.0
265.0
29.0
3.0
3.0
2.0
19.0
1.0
22.0
1018.0
1.0
3.0
3.0
2.0
3.0
1434.0
746.0
10.0
3.0
3.0
170.0
4852.0
29.0
887.0
54.0
1357.0
1091.0
1.0
17.0
6.0
17.0
1.0
1.0
3.0
6.0
288.0
1.0
19.0
14.0
12.0
14.0
1.0
97.0
65.0
3.0
9.0
1.0
41.0
1.0
1.0
36.0
12.0
2.0
90.0
62.0
3.0
1.0
1.0
3.0
9.0
53.0
1.0
1.0
10.0
1420.0
3.0
6.0
1.0
41.0
21.0
16541.0
2.0
1.0
4.0
4.0
1.0
1.0
2.0
17.0
20.0
4.0
1.0
452.0
1.0
1.0
15.0
119.0
4446.0
2.0
2.0
43.0
17.0
50.0
30.0
1.0
270.0
856.0
3.0
3271.0
3.0
1514.0
1.0
19.0
81.0
353.0
1.0
1405.0
3.0
963.0
6.0
1.0
3.0
12.0
87.0
5.0
59.0
1.0
1.0
12.0
3.0
3.0
1.0
1.0
452.0
32.0
3.0
159.0
1.0
18.0
2.0
589.0
1.0
1.0
3.0
87.0
10.0
1.0
1897.0
397.0
2.0
9.0
3225.0
17.0
1.0
1.0
441.0
17.0
1.0
3.0
1.0
1.0
3.0
1088.0
1.0
72.0
1.0
17.0
1.0
3.0
1.0
668.0
1.0
3.0
12.0
19.0
55.0
1423.0
32.0
1.0
1.0
175.0
1.0
3.0
3.0
8.0
7.0
1.0
3.0
268.0
25.0
48.0
21.0
441.0
1.0
2481.0
3.0
1.0
4.0
9.0
243.0
1.0
6.0
1.0
20.0
77.0
10.0
1.0
1.0
4.0
656.0
1.0
8.0
2.0
1.0
2.0
1.0
1.0
3.0
4.0
1.0
14.0
23.0
20.0
531.0
3.0
17.0
5.0
26.0
8.0
148.0
3.0
7.0
1.0
251.0
1.0
3.0
1.0
446.0
1.0
4.0
2.0
1291.0
7.0
2.0
957.0
4.0
11.0
65.0
3.0
4.0
1183.0
386.0
128.0
1.0
1008.0
1.0
1.0
10.0
104.0
3.0
3.0
3.0
4.0
3.0
3.0
3.0
25.0
3.0
1762.0
1.0
2.0
3.0
2.0
2.0
111.0
3.0
1.0
1121.0
3.0
4.0
1.0
1.0
153.0
9.0
7.0
31.0
3.0
1018.0
3.0
1.0
14.0
1.0
2.0
355.0
72.0
1.0
17.0
1032.0
1.0
28.0
14.0
2.0
808.0
1.0
338.0
2.0
972.0
2.0
2.0
3.0
1995.0
1.0
1.0
4.0
708.0
2.0
6.0
1018.0
102.0
1.0
1117.0
10.0
2.0
1.0
1.0
5.0
4.0
1.0
65.0
3.0
185.0
3.0
3.0
1.0
1.0
3.0
935.0
1.0
7.0
3.0
1.0
1.0
3.0
2.0
4.0
31.0
488.0
2.0
2262.0
3.0
1.0
18.0
3.0
12.0
3.0
4.0
1.0
771.0
1.0
6.0
1.0
1.0
33.0
8.0
9.0
1.0
50.0
18.0
1.0
22.0
1.0
1.0
7.0
22.0
3.0
1.0
1.0
429.0
1.0
35.0
1.0
23.0
9.0
272.0
30.0
3.0
9.0
3.0
1.0
1.0
12.0
1.0
28.0
1869.0
351.0
3.0
81.0
115.0
3.0
3.0
3.0
3.0
1018.0
3.0
2.0
1.0
1.0
778.0
10.0
1.0
1.0
1.0
205.0
45.0
313.0
2.0
1.0
819.0
13.0
1.0
74.0
1.0
38.0
667.0
23.0
1.0
21.0
1.0
1.0
1.0
3.0
24.0
5.0
337.0
1.0
2.0
2.0
1.0
9.0
3.0
1.0
58.0
1.0
1.0
1.0
55.0
4.0
3.0
31.0
1.0
3.0
2.0
1.0
3.0
85.0
4.0
1.0
17.0
131.0
3.0
28.0
1.0
100.0
5.0
3.0
16.0
3.0
1940.0
6.0
59.0
1.0
29.0
1223.0
5.0
1.0
1.0
25.0
3.0
2.0
3.0
1.0
33.0
157.0
1.0
1.0
5.0
1.0
17.0
1.0
55.0
3.0
1.0
4.0
1.0
13.0
117.0
12.0
3.0
1.0
69.0
2.0
1.0
1.0
38.0
8.0
388.0
166.0
3.0
3.0
3.0
3.0
3.0
3.0
1.0
3.0
1.0
1.0
401.0
1.0
29.0
1201.0
36.0
17.0
462.0
44.0
1.0
19.0
1.0
2.0
3.0
1.0
1.0
1.0
3.0
1.0
519.0
2.0
1.0
3.0
1.0
3.0
3.0
66.0
3.0
2.0
1.0
1.0
7.0
1.0
1.0
9.0
5.0
13.0
8.0
660.0
5.0
1.0
29.0
5.0
3.0
554.0
1.0
3822.0
3.0
7.0
649.0
24.0
1.0
1.0
79.0
5610.0
3.0
6.0
1392.0
51.0
1.0
2.0
3.0
1.0
2.0
2.0
19.0
2.0
72.0
1.0
34.0
415.0
2.0
46.0
1.0
5.0
3.0
1.0
2050.0
3.0
1.0
74.0
2.0
5.0
1.0
23.0
3.0
129.0
5946.0
20.0
33.0
446.0
50.0
11.0
547.0
25.0
85.0
3.0
10.0
48.0
66.0
1.0
1.0
2.0
2042.0
4.0
932.0
132.0
3.0
1.0
19.0
835.0
3.0
1.0
2.0
364.0
6.0
6.0
1.0
1.0
122.0
4311.0
535.0
1.0
4.0
3.0
110.0
1.0
1.0
3.0
125.0
3.0
1999.0
86.0
5058.0
1.0
2.0
796.0
3.0
3.0
4.0
3.0
1.0
39.0
8.0
3.0
50.0
2.0
4027.0
36.0
1.0
2.0
1.0
12.0
1.0
16.0
262.0
1.0
1.0
9.0
3.0
1.0
4.0
187.0
2.0
17.0
1.0
4.0
15.0
3.0
18.0
33.0
1.0
1.0
20.0
1.0
1.0
4.0
21.0
3.0
4.0
1.0
1.0
55.0
1.0
1970.0
3.0
6.0
17.0
3.0
3.0
4.0
3.0
29.0
2.0
9.0
3.0
229.0
1.0
4.0
3.0
160.0
6.0
931.0
2.0
4.0
3.0
111.0
1.0
4.0
3.0
2.0
5.0
1123.0
4.0
3.0
1.0
3.0
1.0
1931.0
113.0
3.0
1492.0
3.0
34226.0
2.0
1.0
1.0
8.0
471.0
251.0
3.0
3.0
23.0
2.0
2.0
1.0
764.0
2.0
69.0
4.0
1.0
9.0
3.0
1.0
1.0
1.0
3.0
106.0
8.0
143.0
3.0
1.0
1.0
1437.0
247.0
4.0
2187.0
25.0
2.0
3.0
8.0
1.0
1042.0
1.0
3.0
19.0
13.0
5.0
1.0
1.0
80.0
3.0
102.0
717.0
5.0
4.0
17.0
726.0
3.0
3.0
4.0
17.0
3.0
4.0
2.0
5.0
3.0
1.0
1.0
23.0
1.0
17.0
3.0
3.0
23.0
3.0
76.0
4.0
15.0
4275.0
188.0
3.0
5.0
3.0
5.0
60.0
1.0
2.0
3.0
280.0
7.0
3.0
3.0
4.0
3.0
2.0
3.0
1626.0
3.0
3.0
1.0
2.0
2.0
2.0
104.0
111.0
2.0
3.0
1.0
1081.0
11.0
41.0
2.0
2.0
1427.0
2.0
430.0
228.0
28.0
39.0
1.0
3.0
2.0
1.0
3.0
6.0
1.0
7884.0
8.0
45.0
2.0
30.0
1.0
69.0
2.0
292.0
6.0
519.0
42.0
6.0
1.0
337.0
1.0
343.0
5.0
1.0
2.0
10.0
2.0
1.0
65.0
249.0
64.0
1.0
1.0
1.0
94.0
570.0
2.0
1.0
5.0
13.0
1.0
774.0
3.0
125.0
95.0
3.0
23.0
1.0
8681.0
29.0
5.0
8.0
1.0
1.0
1.0
7.0
60.0
5.0
1.0
4665.0
1.0
23.0
2.0
7.0
1.0
4.0
2.0
26.0
4.0
23.0
1.0
3.0
3.0
3.0
368.0
1.0
3.0
105.0
1.0
40.0
1.0
23.0
37.0
2.0
26.0
1.0
2.0
25.0
2.0
3.0
3.0
1.0
1153.0
2.0
2409.0
990.0
2.0
10.0
2.0
11.0
75.0
33.0
501.0
1.0
2.0
3.0
3.0
12.0
1313.0
1.0
3.0
160.0
58.0
9.0
344.0
2.0
1.0
3.0
2.0
972.0
689.0
9.0
3.0
1.0
3.0
1.0
1.0
636.0
2.0
3.0
4.0
32.0
19.0
1.0
2.0
1.0
328.0
8.0
6974.0
9.0
1.0
1.0
4175.0
790.0
129.0
2.0
164.0
3.0
1.0
65.0
3.0
65.0
28.0
13.0
3.0
1.0
10.0
1.0
5.0
43.0
21.0
1018.0
1.0
8.0
3.0
393.0
29.0
351.0
3.0
2455.0
65.0
10.0
28.0
1.0
3.0
7.0
104.0
5.0
2.0
2.0
86881.0
7.0
2.0
3.0
5707.0
65.0
1.0
3.0
1.0
24.0
1.0
392.0
25.0
5.0
2.0
5.0
61.0
3.0
67.0
11.0
3.0
34.0
2.0
1400.0
1.0
1.0
5.0
1.0
8.0
2.0
1.0
14.0
2.0
569.0
4.0
10.0
283.0
7.0
899.0
1.0
1.0
4.0
3.0
290.0
29.0
3.0
3.0
24.0
3987.0
113.0
2.0
237.0
5.0
1.0
3983.0
5276.0
47.0
5.0
12.0
1.0
3.0
1.0
3.0
24.0
2.0
9.0
3.0
45.0
259.0
9.0
1963.0
1.0
2.0
3.0
3.0
4.0
615.0
1.0
3.0
34.0
9.0
3.0
12.0
27.0
1.0
590.0
2.0
28.0
2.0
115.0
14.0
3.0
1.0
2.0
55.0
2.0
3.0
662.0
392.0
2.0
1.0
596.0
2.0
1.0
18.0
1.0
34.0
87.0
14.0
961.0
1.0
30.0
2123.0
225.0
2836.0
10.0
3.0
3.0
5.0
8.0
4.0
2.0
3.0
14496.0
98.0
20.0
233.0
14.0
1.0
148.0
3.0
1.0
351.0
92.0
7.0
1.0
65.0
17.0
1.0
241.0
3.0
1.0
67.0
7.0
3.0
1.0
14.0
6.0
8.0
1.0
1.0
1.0
102.0
1.0
6.0
2.0
4.0
19.0
1.0
19.0
1.0
9.0
3.0
6.0
1.0
10.0
9.0
259.0
1.0
1.0
338.0
260.0
23.0
2.0
3.0
3.0
25.0
2.0
2.0
43.0
1.0
2081.0
1.0
1.0
9.0
638.0
8.0
271.0
2.0
52.0
52.0
4.0
2.0
7.0
445.0
1.0
7.0
40.0
1.0
86.0
67.0
5.0
24.0
2391.0
1.0
1.0
3.0
4.0
2.0
10.0
1.0
842.0
5.0
298.0
32.0
3.0
1073.0
111.0
1.0
3.0
2.0
3.0
543.0
1.0
3.0
838.0
109.0
5.0
3.0
3.0
10.0
151.0
15.0
20.0
1.0
4.0
1.0
3.0
45.0
751.0
1.0
1.0
23.0
209.0
36.0
10.0
1.0
30.0
82.0
980.0
10.0
3.0
18.0
7.0
1.0
17.0
2.0
1.0
3216.0
1.0
10.0
1.0
3.0
3.0
2.0
42.0
7.0
3.0
4.0
1.0
134.0
1.0
3.0
38.0
3.0
400.0
3.0
359.0
9.0
2.0
232.0
4.0
17.0
1.0
9.0
22.0
3.0
3.0
10895.0
23.0
1128.0
678.0
3.0
23.0
369.0
1.0
65.0
4.0
2.0
972.0
71.0
1.0
1.0
5.0
1.0
1.0
1.0
1402.0
2.0
3.0
1.0
3.0
3.0
3.0
20.0
77.0
10.0
24.0
15.0
1.0
2.0
1.0
1.0
8.0
52.0
4.0
3.0
1.0
1.0
8.0
1.0
1.0
3.0
2.0
52.0
1.0
445.0
1.0
3.0
23.0
3.0
1.0
2.0
663.0
1.0
1.0
1202.0
1908.0
3.0
596.0
1.0
383.0
24.0
17.0
1.0
2.0
1.0
20.0
9.0
3.0
2.0
11.0
1.0
3.0
12.0
9.0
1.0
4.0
10.0
1.0
292.0
129.0
3.0
1.0
20.0
9.0
3.0
3.0
1.0
1251.0
1.0
1.0
1.0
2.0
1.0
3.0
127.0
1.0
1.0
1.0
1.0
1.0
9.0
2188.0
1.0
34.0
1.0
1.0
36.0
2.0
3.0
3.0
1.0
1.0
56.0
42.0
20.0
12.0
1.0
839.0
1.0
3.0
26.0
2.0
1.0
288.0
1325.0
2.0
4634.0
5.0
1.0
1.0
22.0
1.0
1.0
2.0
1.0
1.0
3.0
1517.0
4.0
1.0
1.0
1.0
3.0
16.0
1.0
743.0
3.0
88.0
3.0
4.0
360.0
650.0
3.0
1881.0
3.0
4.0
2232.0
1.0
61.0
1.0
1.0
1.0
4148.0
16.0
266.0
6.0
3.0
84.0
1.0
4597.0
1.0
34.0
2.0
1.0
3.0
3.0
3.0
2.0
1.0
3.0
289.0
923.0
1.0
19.0
1.0
16.0
1.0
1.0
4.0
919.0
3.0
347.0
25.0
2.0
899.0
1.0
1532.0
242.0
9.0
259.0
5.0
1.0
3.0
578.0
1.0
2.0
4.0
7.0
1.0
34.0
27155.0
131.0
10.0
1.0
7.0
1.0
1.0
410.0
3.0
1.0
1.0
3.0
231.0
106.0
3.0
2.0
2.0
3.0
25.0
24.0
112.0
5.0
3.0
3.0
1.0
54.0
4.0
334.0
10.0
1.0
9.0
19.0
3.0
1.0
3.0
1.0
3.0
3.0
1.0
5.0
1.0
1.0
9.0
1.0
10.0
4.0
2.0
4.0
407.0
1.0
6.0
37.0
5.0
6.0
1718.0
58.0
1.0
34.0
3.0
286.0
43.0
581.0
3.0
18.0
9.0
464.0
1.0
4.0
1.0
3.0
1.0
8.0
1.0
2.0
12.0
3.0
85.0
3.0
9.0
1.0
1.0
2.0
59.0
10.0
134.0
1438.0
18.0
2.0
3.0
95.0
1.0
1.0
4.0
3.0
55.0
1.0
3.0
3.0
245.0
266.0
24.0
3.0
1.0
9.0
1000.0
11061.0
64.0
4.0
107.0
1.0
1.0
1003.0
3.0
132.0
42.0
200.0
3.0
82.0
1493.0
1.0
1822.0
3.0
3.0
17.0
704.0
2.0
64.0
11.0
360.0
3.0
1.0
1.0
84.0
1.0
2.0
590.0
4.0
7.0
2.0
3.0
1.0
3.0
351.0
3.0
16.0
1.0
3.0
1.0
905.0
25.0
10.0
4.0
2.0
14.0
665.0
3.0
1.0
1.0
155.0
15.0
7.0
1.0
355.0
2.0
1045.0
1.0
19.0
3.0
1.0
7.0
1.0
16.0
20.0
1.0
1.0
3.0
613.0
368.0
6.0
5.0
22.0
1.0
1.0
1.0
292.0
2.0
342.0
2.0
5805.0
7.0
1.0
23.0
8.0
1.0
2.0
46.0
3.0
3.0
138.0
21.0
1.0
34.0
1.0
1.0
3.0
934.0
3.0
24.0
1.0
16.0
486.0
34.0
11.0
4.0
1066.0
44.0
1.0
3.0
1.0
5.0
67.0
1.0
19.0
1.0
265.0
3.0
1.0
1.0
1.0
117.0
208.0
2.0
3.0
784.0
904.0
16.0
1.0
3.0
152.0
8.0
1.0
3.0
66.0
1913.0
3.0
3.0
3.0
73.0
4.0
39.0
367.0
41.0
7.0
3.0
14.0
685.0
4.0
282.0
2.0
1.0
6.0
13933.0
5.0
14.0
3.0
3.0
2.0
5.0
392.0
50.0
511.0
126.0
3.0
3.0
1.0
52.0
175.0
3.0
3.0
3.0
1.0
356.0
1.0
15904.0
1.0
989.0
363.0
19.0
109.0
1.0
2.0
6.0
13.0
3.0
1.0
1.0
2.0
9.0
1.0
1.0
1.0
1.0
12.0
55.0
1.0
6.0
3.0
3.0
4.0
3.0
562.0
3.0
33.0
294.0
457.0
1.0
93.0
7.0
2.0
1.0
69.0
937.0
1.0
9.0
3.0
2.0
1.0
10001.0
1.0
1.0
59.0
3.0
1.0
1.0
3.0
4.0
1.0
6.0
31.0
5.0
3.0
2.0
6.0
3.0
3.0
395.0
945.0
5.0
3.0
371.0
1.0
292.0
2.0
65.0
197.0
3.0
1713.0
3.0
60.0
1.0
1.0
2.0
2.0
4.0
2.0
277.0
1.0
2.0
3.0
1.0
997.0
3.0
467.0
1.0
6.0
2.0
1.0
3.0
2.0
67.0
23.0
3.0
2.0
3.0
15.0
53.0
5.0
3.0
14.0
2.0
2.0
3.0
69.0
19.0
3.0
68.0
4.0
16.0
39.0
6.0
3.0
3.0
7.0
7.0
1.0
14.0
1.0
5.0
3.0
1.0
1.0
24.0
1.0
3.0
3.0
2.0
8.0
254.0
1.0
1225.0
1.0
1.0
40.0
5.0
63.0
4.0
3.0
1.0
20.0
1.0
1.0
3.0
3.0
4.0
131.0
9.0
3.0
1.0
1.0
1.0
64.0
3.0
18.0
59.0
24.0
26.0
44.0
4.0
79.0
4.0
1.0
93.0
14.0
1467.0
1.0
3704.0
273.0
3.0
87.0
2.0
20.0
26.0
1.0
1.0
1.0
2.0
14.0
916.0
1.0
1.0
3.0
2.0
1.0
1.0
3.0
44.0
2.0
4.0
3.0
1.0
2.0
1.0
1.0
244.0
24.0
3.0
2.0
5.0
1.0
14.0
1.0
3.0
260.0
1.0
1482.0
4.0
24.0
2.0
3.0
40.0
10527.0
1.0
3.0
729.0
685.0
1.0
2.0
755.0
10377.0
1759.0
1.0
215.0
42.0
22.0
2.0
10.0
55.0
30.0
3.0
2.0
3.0
686.0
1.0
3.0
63.0
1.0
3.0
2.0
1.0
831.0
2.0
6.0
5.0
779.0
20.0
16.0
4.0
24.0
20.0
50.0
2.0
3.0
4.0
27.0
3.0
3.0
4.0
1.0
6.0
2.0
31.0
2.0
117.0
234.0
24.0
11.0
1.0
1488.0
5.0
18.0
5665.0
4.0
2.0
13.0
119.0
109.0
232.0
7.0
19.0
4.0
6.0
7.0
20.0
42.0
32.0
19.0
4.0
8.0
1.0
5.0
1.0
8.0
9.0
3.0
3.0
3.0
2.0
1.0
1.0
7.0
1882.0
9.0
5.0
13.0
13149.0
1.0
3.0
1.0
2.0
546.0
1.0
2.0
434.0
5.0
10.0
14.0
3.0
3.0
416.0
5471.0
1.0
2302.0
3.0
81.0
66.0
7.0
1.0
9.0
3.0
469.0
10.0
3.0
1.0
838.0
1.0
17.0
19.0
17.0
1929.0
10.0
5707.0
4.0
2.0
76.0
1.0
157.0
11.0
94.0
105.0
1.0
3.0
1.0
3.0
1.0
4.0
7.0
3.0
327.0
1.0
7.0
87.0
5.0
1.0
2.0
1661.0
48.0
14.0
3.0
876.0
1.0
9.0
101.0
3.0
2208.0
18.0
17.0
417.0
74.0
1.0
2.0
91.0
3.0
6.0
1.0
9.0
2.0
1.0
12.0
1705.0
2.0
1.0
2.0
3.0
4022.0
7.0
8.0
28.0
1.0
1.0
1.0
3.0
338.0
407.0
9.0
1593.0
68.0
1.0
4.0
1.0
3.0
1.0
17.0
6.0
8.0
60613.0
1.0
2.0
1120.0
20.0
5.0
23.0
18.0
3.0
8.0
1.0
1.0
853.0
2.0
13.0
3.0
5.0
1353.0
1.0
242.0
1.0
3.0
5.0
25.0
2.0
5.0
1.0
1.0
2.0
1.0
5.0
1.0
1.0
90.0
1.0
1.0
1.0
1.0
1.0
1.0
1.0
3.0
10.0
1490.0
160.0
3089.0
1.0
753.0
18.0
2.0
3.0
4.0
9.0
1.0
2.0
937.0
24.0
6.0
923.0
19.0
1864.0
35.0
9.0
3.0
471.0
8011.0
3.0
2.0
12.0
397.0
4.0
3.0
10.0
3121.0
149.0
3.0
664.0
43.0
740.0
3.0
1.0
1.0
65.0
1.0
3.0
2.0
36.0
1481.0
18.0
3.0
40.0
24.0
432.0
1.0
553.0
535.0
3.0
7.0
1039.0
7.0
2.0
8.0
2.0
203.0
11.0
3183.0
1.0
4.0
1.0
20.0
1.0
4.0
4.0
3.0
3.0
54.0
1.0
208.0
11.0
18.0
37.0
3.0
8.0
6.0
42.0
1.0
24.0
1.0
4.0
1.0
2.0
3.0
3.0
4.0
2.0
228.0
7.0
1.0
1.0
2.0
1.0
6.0
11.0
3.0
1.0
20.0
1779.0
2.0
1.0
8.0
1.0
5.0
2.0
1.0
3.0
9.0
1.0
654.0
523.0
11.0
236.0
1.0
1.0
17.0
1.0
16.0
1.0
5.0
1.0
4.0
4.0
1.0
1.0
5.0
3.0
3.0
13819.0
2.0
1.0
11.0
3.0
2.0
48.0
1.0
1.0
4.0
22.0
3.0
1.0
307.0
3.0
1.0
11.0
75.0
1.0
1.0
14.0
4.0
2.0
375.0
212.0
159.0
714.0
6.0
16.0
6.0
3.0
421.0
3.0
1.0
43.0
14.0
1867.0
2.0
16.0
3.0
14.0
3.0
1.0
1.0
2.0
1.0
4.0
26.0
17255.0
3.0
1.0
3.0
1.0
1.0
1.0
2.0
33.0
1025.0
160.0
32.0
8.0
7.0
951.0
1229.0
2.0
3.0
1.0
1.0
1.0
6.0
5.0
1.0
2.0
1.0
4.0
3.0
1.0
21.0
1.0
43.0
11.0
75.0
6.0
1.0
146.0
1.0
3.0
9.0
1.0
1.0
3514.0
5.0
20.0
9.0
3.0
18.0
1.0
1.0
133.0
36.0
6.0
2.0
1.0
8.0
224.0
1286.0
3.0
9.0
1.0
3.0
2.0
3.0
4.0
2.0
22.0
23.0
4.0
36.0
13.0
1.0
3.0
707.0
299.0
2.0
11.0
65.0
58.0
597.0
32.0
23.0
2.0
29.0
1.0
3.0
1.0
9.0
6.0
2.0
1.0
1.0
2.0
4.0
9.0
47.0
10.0
1.0
3.0
1.0
5.0
1.0
1.0
1.0
19.0
13.0
2.0
14.0
1.0
1.0
2.0
139.0
3.0
3.0
3.0
3.0
236.0
93.0
30.0
255.0
457.0
7.0
2.0
6.0
1.0
9.0
2157.0
7.0
1.0
3.0
33.0
3.0
1.0
493.0
1.0
1.0
8.0
2.0
3.0
1.0
1.0
289.0
4.0
3.0
1.0
82.0
6.0
1.0
31.0
3.0
12.0
2.0
1.0
215.0
3.0
1.0
23.0
1.0
106.0
1.0
1.0
842.0
1.0
44.0
1.0
1.0
6.0
1.0
3.0
103.0
3.0
9.0
1.0
372.0
1.0
6.0
61.0
1.0
3.0
3.0
19.0
2.0
2802.0
2.0
10.0
1.0
10.0
1929.0
1.0
1.0
1.0
1.0
9.0
1.0
2.0
1.0
627.0
1.0
46.0
34.0
4.0
107.0
2.0
2.0
15.0
12.0
1.0
1.0
21.0
29.0
98.0
2.0
1.0
839.0
4.0
357.0
19.0
1.0
3.0
3.0
340.0
3.0
268.0
342.0
343.0
2.0
10.0
10.0
1.0
1.0
3.0
3.0
1.0
18.0
1.0
19.0
190.0
1017.0
2.0
9.0
3.0
28.0
125.0
6.0
4.0
2.0
2.0
18.0
1.0
44.0
1.0
4.0
2.0
1.0
2.0
1.0
14.0
1.0
18.0
2.0
32.0
8.0
118.0
83.0
29.0
1.0
20537.0
6.0
2.0
9.0
1.0
1.0
1.0
1.0
1.0
2.0
11.0
6.0
65.0
3.0
7.0
4.0
1.0
2.0
2.0
37.0
22.0
1608.0
1.0
1.0
12.0
8.0
4.0
8.0
2.0
8.0
611.0
1392.0
58.0
3.0
1.0
10.0
2.0
1411.0
48.0
1.0
60.0
4.0
4199.0
1780.0
2.0
105.0
174.0
2.0
92.0
1.0
3.0
1375.0
35.0
3.0
1.0
1.0
3.0
1.0
3.0
9.0
3.0
1646.0
1.0
3.0
88.0
65.0
3.0
772.0
4.0
2.0
3.0
8.0
34.0
18.0
4.0
3.0
1.0
9.0
3.0
1.0
1.0
3.0
2.0
1.0
3.0
16.0
2.0
1.0
1.0
1.0
1.0
14.0
3.0
2.0
1.0
1.0
5.0
1.0
267.0
535.0
1.0
1.0
67.0
4.0
7.0
3.0
12.0
1.0
11.0
3.0
21.0
20.0
19318.0
1.0
3.0
596.0
2.0
1.0
2.0
13.0
3.0
4.0
1.0
1.0
24.0
3.0
3.0
9.0
8.0
1.0
5.0
3.0
95.0
46.0
32.0
1.0
1.0
7.0
1.0
30.0
1.0
1.0
2.0
5206.0
72.0
7.0
1.0
4.0
1.0
3.0
22.0
18630.0
398.0
7.0
2.0
1.0
58.0
3.0
1.0
9.0
1.0
42.0
1902.0
1.0
1198.0
7.0
203.0
3.0
3.0
7.0
638.0
3.0
1.0
8.0
19.0
2.0
1.0
1.0
351.0
4.0
2.0
1.0
3.0
1.0
1.0
875.0
11.0
2.0
4.0
596.0
3.0
1.0
1.0
1.0
17.0
19.0
3.0
15.0
2.0
1.0
1.0
1.0
4.0
73.0
6.0
34.0
2132.0
370.0
3.0
3.0
5.0
97.0
1.0
1.0
8.0
1994.0
381.0
30.0
90.0
1.0
3.0
1.0
17.0
1.0
1.0
3.0
1.0
3.0
1.0
1.0
1.0
514.0
1.0
1.0
1469.0
339.0
2.0
142.0
3.0
1.0
1.0
1.0
941.0
4.0
3.0
116.0
22.0
3.0
1944.0
4.0
81.0
16.0
1.0
1.0
1.0
7.0
5004.0
74.0
2.0
3.0
110.0
14.0
17.0
1.0
1310.0
3.0
850.0
3.0
1.0
1336.0
1.0
5.0
3.0
3.0
16.0
9.0
25.0
20.0
1.0
125.0
2.0
1.0
48.0
4623.0
507.0
1.0
1.0
5.0
241.0
8.0
1.0
9.0
9.0
3.0
184.0
3.0
4.0
1.0
338.0
151.0
6.0
4.0
1.0
20.0
3.0
1.0
3885.0
2.0
8.0
9.0
3.0
3.0
1.0
1.0
1.0
1.0
929.0
3.0
3.0
33.0
2.0
2.0
3.0
1.0
90.0
1.0
5.0
1.0
105.0
2434.0
1.0
1.0
24.0
2.0
1.0
1.0
5.0
10.0
3.0
364.0
43.0
103.0
2.0
8.0
12.0
1.0
152.0
7.0
1.0
101.0
9.0
5.0
1.0
12714.0
1.0
3.0
2.0
665.0
1.0
3.0
1527.0
1.0
4.0
1.0
3.0
240.0
1.0
3.0
949.0
4.0
2159.0
2.0
502.0
1.0
31.0
663.0
91.0
1.0
3.0
4.0
2218.0
1.0
972.0
3.0
3.0
1.0
237.0
1.0
1.0
3.0
457.0
2.0
11.0
1.0
4.0
422.0
1.0
31.0
14.0
1471.0
14.0
1.0
1.0
351.0
2.0
3.0
2.0
2.0
59.0
972.0
15.0
5.0
313.0
90.0
1.0
89.0
1.0
1580.0
1.0
816.0
2.0
394.0
1.0
1.0
1.0
60.0
4.0
6.0
25.0
519.0
8.0
2.0
2.0
1403.0
15.0
1.0
31.0
4.0
1.0
516.0
1.0
3.0
3.0
3.0
1.0
1.0
1.0
203.0
1.0
12.0
1.0
2.0
1.0
6.0
3.0
3.0
764.0
150.0
75.0
1.0
54.0
2.0
5.0
1.0
1.0
1003.0
6.0
94.0
1.0
8.0
1.0
4.0
913.0
4.0
1.0
4.0
4.0
1.0
1.0
15.0
3.0
712.0
1.0
462.0
3.0
36.0
5692.0
226.0
1.0
7221.0
1.0
9.0
1.0
1.0
348.0
1.0
3.0
3.0
1.0
14.0
351.0
1.0
1.0
8.0
1.0
1.0
1.0
8.0
7.0
1.0
1554.0
3.0
1.0
2.0
1702.0
1.0
1.0
1.0
5.0
1.0
1.0
1.0
4.0
4978.0
23.0
1.0
1.0
2.0
4.0
886.0
1.0
6343.0
282.0
1.0
700.0
18.0
28.0
25.0
5786.0
3.0
3.0
1.0
1.0
2851.0
1.0
1.0
4.0
2.0
10.0
9.0
1.0
1.0
1.0
295.0
58.0
3.0
1137.0
2.0
1.0
3.0
9.0
4.0
7.0
2.0
81.0
1.0
183.0
1047.0
2.0
22.0
9.0
3.0
2.0
1.0
3.0
5.0
516.0
78.0
1.0
1.0
6.0
2294.0
1.0
1.0
28.0
3.0
12.0
43.0
13.0
17.0
1.0
87.0
1.0
3.0
34.0
124.0
1.0
3.0
12.0
1.0
2.0
4.0
13.0
7.0
1.0
46.0
7.0
1.0
1.0
9.0
11.0
4.0
1.0
2.0
1.0
4.0
12.0
3967.0
1.0
525.0
3.0
1.0
1.0
4.0
4.0
5.0
3.0
3.0
115.0
10.0
242.0
1.0
659.0
1.0
2.0
5.0
2.0
2.0
4.0
48.0
3.0
4.0
24.0
1.0
7.0
4.0
1.0
1656.0
2.0
1.0
1.0
15554.0
2.0
1.0
1.0
3.0
5.0
1.0
24.0
1.0
1.0
1.0
2.0
3.0
210.0
2.0
3.0
270.0
7.0
31.0
2.0
1.0
2.0
1.0
1.0
1.0
4.0
948.0
44.0
3.0
3.0
1.0
1.0
1.0
3.0
31.0
6.0
5.0
5.0
2.0
127.0
15.0
3.0
48.0
17.0
3.0
1.0
9.0
1.0
2.0
3.0
603.0
2.0
3.0
1.0
1.0
1196.0
1536.0
1.0
3.0
46.0
10.0
382.0
1.0
2.0
668.0
2.0
3.0
5.0
2.0
17.0
1.0
2.0
17.0
3.0
57.0
1.0
1.0
4.0
770.0
69.0
411.0
1.0
1.0
1.0
61.0
1.0
3.0
2.0
3.0
1200.0
22.0
6.0
1.0
3.0
242.0
15.0
3.0
6.0
3.0
3.0
1.0
416.0
82.0
1188.0
3.0
6.0
2.0
1.0
1.0
20.0
2.0
7.0
1.0
22.0
1.0
32.0
42.0
1.0
3.0
14.0
4.0
56.0
4.0
3.0
4.0
71.0
117.0
10.0
22.0
29.0
3.0
1.0
1.0
6.0
42.0
2.0
3.0
64.0
34.0
32.0
195.0
2.0
1.0
1.0
1.0
9.0
1.0
3.0
22.0
4.0
7.0
16.0
1.0
3.0
175.0
524.0
5.0
1.0
1.0
3.0
1.0
1.0
8.0
1.0
370.0
3.0
245.0
7.0
3.0
11.0
421.0
4.0
1.0
3.0
2.0
836.0
3.0
19.0
1.0
10.0
112.0
8.0
2.0
876.0
1.0
2.0
2.0
218.0
1.0
3.0
1.0
8.0
1.0
1.0
164.0
1.0
8.0
1.0
1.0
22.0
1.0
11.0
195.0
2.0
2.0
1482.0
6.0
1.0
2.0
1.0
3.0
1.0
10.0
82.0
15.0
14.0
17.0
5.0
39.0
3.0
1.0
28.0
4.0
7.0
2.0
110.0
1.0
1.0
12.0
19.0
392.0
1.0
5.0
1066.0
2.0
259.0
1.0
2.0
104.0
2.0
15.0
2145.0
3.0
3.0
8.0
9.0
1078.0
120.0
4.0
2.0
2.0
1.0
341.0
1.0
646.0
2.0
46.0
2178.0
3.0
1.0
1.0
3.0
2.0
3.0
1.0
941.0
4.0
305.0
1.0
2.0
10.0
392.0
54503.0
7.0
3.0
3.0
6.0
2840.0
1.0
4.0
5.0
3.0
5.0
29.0
39.0
729.0
4.0
34.0
1.0
1.0
32.0
3.0
3.0
3.0
1.0
1896.0
110.0
1.0
3.0
19241.0
3.0
1.0
1.0
38.0
2.0
338.0
2152.0
208.0
14189.0
1.0
4.0
11.0
3.0
4.0
4.0
1.0
20.0
39.0
4.0
10.0
2.0
1047.0
3.0
12.0
3.0
1117.0
1.0
17.0
1.0
30.0
1.0
1.0
2.0
46.0
130.0
19.0
4.0
3.0
2.0
1.0
38.0
1.0
7.0
113.0
8.0
3.0
39.0
6970.0
3.0
3.0
64.0
1.0
106.0
6.0
187.0
10.0
1622.0
1.0
2.0
4.0
1.0
1.0
1130.0
32.0
14.0
8.0
1.0
364.0
691.0
209.0
2.0
4.0
63.0
62.0
5.0
3.0
384.0
3.0
869.0
351.0
3.0
1.0
3.0
14385.0
3.0
1.0
22.0
21.0
15.0
118.0
2.0
2.0
6.0
2.0
3.0
3.0
37.0
1572.0
7.0
717.0
3.0
2.0
1.0
2.0
19.0
19.0
404.0
538.0
9.0
82.0
87.0
9.0
5.0
172.0
1090.0
236.0
1306.0
3.0
15.0
635.0
1.0
9.0
3.0
2.0
2555.0
22.0
1.0
100.0
1745.0
5.0
1.0
3.0
1.0
56.0
1.0
1.0
156.0
2.0
11.0
3.0
4.0
19.0
15.0
3.0
2.0
65.0
8.0
15.0
696.0
2.0
1.0
460.0
2.0
18104.0
1009.0
16.0
1.0
871.0
27.0
3.0
3.0
4649.0
1.0
1.0
1.0
101.0
8.0
25.0
63.0
1.0
4.0
1.0
4.0
146.0
21.0
3.0
3.0
1.0
56.0
145.0
1.0
611.0
2.0
232.0
24.0
9.0
3.0
3.0
83050.0
2.0
1568.0
2.0
2.0
24.0
2.0
674.0
10.0
3.0
2.0
35.0
1.0
2.0
717.0
74.0
4541.0
3.0
36.0
2.0
22.0
2.0
12.0
3.0
3.0
122.0
1.0
3.0
5.0
2.0
2.0
1.0
2.0
11.0
232.0
1.0
1.0
2.0
1690.0
36.0
1.0
4.0
2.0
19.0
26.0
288.0
969.0
3.0
2244.0
498.0
13.0
764.0
1.0
5.0
1.0
1.0
1.0
3.0
2.0
4.0
4.0
1.0
211.0
153.0
4.0
1.0
75.0
2765.0
1.0
1.0
74.0
635.0
17.0
3.0
81.0
1.0
8.0
9.0
1.0
1.0
3.0
1.0
3.0
105.0
9.0
14.0
8.0
2.0
7.0
2.0
2052.0
1184.0
4.0
1.0
3.0
7.0
109.0
1.0
3.0
65.0
1.0
481.0
368.0
7.0
1.0
779.0
1.0
11.0
2.0
90.0
1.0
69.0
2.0
4.0
2.0
19.0
1905.0
3.0
1070.0
11.0
12.0
184.0
442.0
1.0
52.0
19.0
2.0
1131.0
7.0
5.0
3.0
7.0
77.0
4.0
126.0
1.0
61175.0
1.0
316.0
2.0
78.0
1.0
38.0
10.0
1.0
8.0
19.0
1199.0
1.0
731.0
1.0
13.0
3.0
2.0
1.0
1.0
4.0
6.0
29.0
74.0
12.0
4.0
292.0
2.0
1.0
1.0
97.0
1.0
1.0
562.0
1.0
129.0
1.0
1.0
1.0
90.0
1.0
804.0
160.0
6.0
9.0
7.0
5.0
3.0
1.0
5492.0
3.0
25.0
122.0
2.0
3.0
2.0
1.0
2.0
144.0
9.0
3.0
24.0
3.0
1.0
870.0
2.0
87.0
45.0
10.0
87.0
23.0
4.0
2.0
3.0
1.0
39.0
1.0
2.0
1.0
3.0
3.0
3.0
1.0
12.0
2.0
1.0
1.0
1.0
2616.0
17.0
14.0
1.0
42.0
9.0
1.0
1.0
3.0
26.0
1.0
2.0
102.0
1.0
445.0
1.0
1063.0
1.0
2.0
3.0
2.0
1078.0
8.0
12.0
3.0
2.0
3.0
3.0
4.0
1154.0
2.0
5.0
1597.0
7.0
3.0
1.0
3.0
9.0
5.0
3.0
7.0
2.0
1.0
481.0
3.0
4.0
4.0
4.0
5.0
885.0
3.0
9772.0
1.0
2.0
1.0
1.0
1.0
573.0
5.0
590.0
14.0
115.0
1.0
6.0
3.0
4.0
1.0
1.0
1.0
6.0
2.0
5624.0
3.0
4.0
3.0
5.0
10.0
84.0
4.0
3.0
46.0
19.0
4.0
65.0
23.0
1.0
1.0
26.0
2.0
27.0
17.0
1.0
7.0
1.0
8.0
13.0
2.0
2.0
1.0
678.0
1.0
1.0
3.0
54.0
493.0
120.0
2.0
2.0
2628.0
1426.0
247.0
17.0
2.0
864.0
4.0
2.0
77.0
3.0
2.0
65.0
12.0
1.0
1.0
1.0
90.0
6.0
2.0
1.0
2.0
2854.0
4.0
2.0
932.0
5.0
2.0
13.0
2.0
1.0
1.0
8.0
717.0
22.0
1.0
125.0
153.0
1.0
7.0
4445.0
12.0
53.0
1.0
3.0
16.0
19.0
1.0
3.0
2.0
3.0
484.0
1.0
3.0
3.0
3.0
1.0
8.0
376.0
105.0
27.0
3.0
1.0
44.0
3.0
4.0
6.0
6.0
57.0
1.0
3.0
1.0
11.0
1271.0
12.0
1.0
1.0
1.0
149.0
1.0
3.0
10.0
3.0
3.0
31.0
1.0
2.0
81.0
1018.0
1.0
763.0
17.0
3.0
1.0
3.0
53.0
3.0
2.0
7.0
1.0
7.0
28.0
1.0
1.0
4.0
1.0
9.0
1.0
93.0
162.0
1.0
3.0
1.0
3.0
2.0
1.0
72.0
1.0
5.0
19.0
7.0
3.0
3220.0
9.0
1.0
1.0
3.0
6.0
1148.0
8.0
3.0
1.0
2.0
7.0
36.0
4.0
289.0
4.0
1.0
1638.0
1.0
1.0
329.0
55.0
3.0
18.0
6.0
12.0
23.0
3.0
23.0
9.0
3.0
2486.0
1.0
3.0
1.0
1048.0
3.0
3.0
3.0
1.0
2.0
1.0
8.0
246.0
1.0
1.0
3.0
927.0
3.0
3.0
3.0
3.0
1.0
20.0
1.0
977.0
1.0
2.0
3.0
4.0
8.0
1.0
566.0
1.0
16.0
313.0
38.0
1.0
3.0
8.0
7069.0
3.0
36.0
245.0
1.0
1.0
1.0
4.0
65.0
2.0
1228.0
4.0
217.0
1.0
3.0
3.0
737.0
718.0
1.0
2.0
491.0
3.0
1.0
3.0
1.0
9.0
3.0
147.0
2.0
2.0
6.0
2.0
1.0
17.0
1.0
3.0
40.0
2.0
4.0
1.0
8.0
779.0
11.0
2.0
3.0
3.0
1851.0
241.0
1.0
9.0
18.0
4.0
2.0
1.0
1.0
1.0
54.0
9.0
31.0
1.0
13.0
5.0
9.0
10.0
2.0
2.0
281.0
347.0
199.0
1.0
127.0
1.0
1.0
989.0
1.0
4.0
22.0
2.0
3.0
2.0
1.0
1.0
3.0
641.0
3.0
1.0
59.0
37.0
5.0
3.0
1.0
715.0
1.0
5.0
1.0
3.0
8.0
3.0
1.0
15.0
1.0
1.0
866.0
1.0
1.0
1.0
3.0
3.0
2.0
1.0
82.0
25.0
22.0
2.0
3.0
1.0
7.0
2.0
1.0
1.0
7.0
13.0
282.0
9.0
3.0
5.0
156.0
19.0
1.0
1.0
14.0
332.0
313.0
6.0
34.0
1789.0
7.0
2.0
28.0
1.0
3.0
5.0
15.0
1.0
238.0
102.0
1.0
149.0
292.0
1.0
683.0
2120.0
16.0
1.0
4.0
1.0
126.0
4.0
19.0
23.0
3.0
1.0
736.0
1.0
1701.0
21.0
32.0
3.0
2.0
2.0
2.0
34.0
9.0
6.0
6.0
1.0
3.0
1.0
3.0
946.0
1071.0
21.0
8.0
1.0
1.0
44.0
37.0
3.0
141.0
1.0
9.0
45.0
37.0
2.0
1.0
44.0
250.0
1.0
23.0
165.0
1.0
5.0
85.0
4.0
2.0
39.0
2.0
1.0
3.0
19.0
212.0
461.0
3.0
4.0
24.0
1.0
2.0
2.0
24.0
129.0
8.0
2.0
3.0
1.0
5.0
762.0
13.0
13.0
1.0
3.0
2.0
3.0
3.0
1.0
1.0
1.0
30.0
1.0
6.0
14.0
1.0
507.0
278.0
4.0
596.0
3.0
4.0
2.0
1664.0
1.0
5.0
4.0
51.0
3.0
7.0
1.0
105.0
11.0
1.0
1.0
1.0
4.0
3.0
338.0
4.0
3.0
3.0
6.0
3.0
1.0
13.0
1.0
1.0
3.0
3.0
3.0
9.0
3.0
1.0
387.0
4.0
85.0
23.0
1.0
3.0
3.0
1.0
3.0
1.0
3.0
24.0
3225.0
1.0
2.0
2.0
66.0
143.0
1.0
1.0
291.0
31.0
1.0
5.0
8.0
1.0
1.0
292.0
3.0
8.0
7.0
3.0
224.0
39.0
3.0
3.0
1.0
492.0
239.0
278.0
1.0
1.0
164.0
7.0
1.0
13.0
272.0
1.0
40.0
948.0
1.0
1.0
87.0
149.0
1.0
3.0
122.0
15.0
1.0
3.0
3.0
686.0
1.0
3.0
5.0
16.0
1.0
4.0
3.0
66.0
1.0
166.0
62.0
3.0
1.0
1.0
3.0
1.0
3.0
2.0
60.0
1.0
1.0
6.0
4.0
12.0
3.0
131.0
3.0
1.0
1.0
187.0
24.0
18.0
4.0
2.0
2.0
3.0
26.0
1.0
1.0
3.0
215.0
3.0
8.0
2702.0
308.0
1.0
19.0
1.0
2.0
1.0
46.0
1424.0
4.0
3.0
2.0
3.0
10.0
14.0
236.0
3.0
752.0
3.0
4.0
25806.0
3.0
1.0
940.0
414.0
1.0
1.0
7.0
1609.0
1.0
2.0
9.0
763.0
3.0
1.0
19.0
2.0
9.0
2.0
16127.0
23.0
1.0
35.0
10.0
3.0
27.0
1.0
3.0
7.0
588.0
50.0
1.0
24.0
2.0
3.0
4.0
381.0
41.0
3.0
1.0
2.0
1.0
4917.0
1185.0
5.0
1.0
3.0
1.0
1.0
1218.0
1.0
7.0
50.0
2.0
4.0
8.0
3.0
6401.0
102.0
5.0
199.0
202.0
2.0
1.0
1.0
25.0
1.0
3.0
1049.0
1.0
30.0
34.0
15.0
31.0
1.0
88.0
1.0
3.0
1.0
1.0
1.0
1.0
8.0
81.0
102.0
2.0
2.0
1.0
1.0
5.0
13.0
13.0
1388.0
3.0
3.0
3.0
300.0
2.0
1.0
20.0
6.0
1.0
1004.0
3.0
1.0
9.0
1.0
10.0
1.0
9.0
1.0
3.0
1.0
3.0
162.0
3.0
87.0
3.0
3.0
3.0
1.0
875.0
11.0
92.0
794.0
14913.0
10.0
44.0
899.0
31.0
2.0
5.0
117.0
2.0
1.0
217.0
3.0
21.0
6.0
9.0
5.0
4.0
82.0
8.0
10.0
112.0
2.0
539.0
3.0
3.0
13.0
15.0
8.0
2.0
188.0
1.0
4.0
6.0
602.0
1.0
5.0
4.0
1.0
3.0
50.0
5.0
2.0
8.0
5.0
2.0
2.0
2.0
64.0
1.0
118.0
4.0
113.0
1.0
4.0
1.0
69.0
142.0
144.0
2.0
4.0
30.0
3.0
1.0
55.0
1.0
3.0
23.0
4.0
10.0
1.0
86.0
9.0
1.0
161.0
113.0
14.0
6.0
3.0
9.0
1.0
554.0
2.0
1.0
9.0
2.0
179.0
2331.0
2.0
4.0
899.0
3.0
1.0
7.0
5.0
9.0
5.0
16.0
313.0
5.0
10.0
1.0
1.0
8.0
37.0
52.0
2.0
674.0
2.0
2.0
3.0
576.0
153.0
1.0
3.0
965.0
2.0
1.0
10.0
3.0
67.0
24.0
9.0
3.0
6.0
3.0
7.0
1.0
1154.0
3.0
3.0
3.0
1.0
3.0
1.0
10.0
1.0
17.0
2.0
1.0
228.0
3.0
2.0
1.0
14.0
1.0
20.0
1.0
9.0
1.0
16.0
1.0
1.0
107.0
2.0
4.0
1.0
1.0
2.0
19.0
3.0
8.0
2.0
1.0
2.0
2007.0
635.0
65.0
1738.0
2.0
7.0
3.0
3.0
696.0
5.0
620.0
7.0
33.0
2.0
2.0
2.0
1.0
2.0
1.0
8.0
3.0
1.0
288.0
5.0
3.0
1.0
2.0
162.0
389.0
699.0
8.0
3.0
130.0
201.0
595.0
1.0
467.0
2.0
2.0
14.0
2.0
19.0
12.0
3.0
19.0
66.0
2.0
2.0
1.0
447.0
1.0
33.0
2.0
4.0
1.0
1.0
71.0
1720.0
2.0
1.0
3.0
13.0
1.0
472.0
3.0
25.0
3.0
4.0
3.0
1.0
3.0
1.0
3.0
1.0
4.0
9.0
2.0
1.0
1174.0
25.0
27.0
4.0
3.0
183.0
1.0
713.0
9.0
6192.0
5.0
1.0
3.0
3237.0
70.0
4.0
7.0
3.0
1.0
3.0
5.0
437.0
1.0
1.0
1.0
1131.0
2.0
95.0
1.0
158.0
1.0
2.0
1434.0
1.0
32.0
3.0
7.0
3.0
3.0
1.0
18.0
117.0
2.0
1.0
475.0
46.0
1.0
1.0
23.0
1265.0
3.0
3.0
366.0
145.0
102.0
2.0
618.0
1.0
3.0
27.0
14385.0
3.0
1859.0
29.0
2.0
5.0
1.0
2.0
102.0
3.0
129.0
8.0
3.0
785.0
14.0
1.0
22.0
1.0
4.0
2819.0
1.0
587.0
1.0
1.0
223.0
44.0
2.0
60.0
1.0
1.0
3.0
3.0
67.0
8.0
1.0
1.0
1.0
4.0
1.0
3.0
1943.0
24.0
2.0
3.0
7.0
7.0
2115.0
1.0
47.0
9.0
1.0
3.0
2.0
5.0
1.0
1.0
149.0
9.0
1.0
1.0
36.0
3627.0
2.0
4.0
2.0
29.0
3.0
10.0
1.0
9.0
26.0
10.0
77.0
3.0
3.0
1.0
2.0
23.0
4.0
3.0
37.0
219.0
1.0
30.0
31.0
5.0
5.0
3.0
8.0
3.0
1.0
48.0
6.0
1.0
4.0
23.0
26.0
3.0
3.0
3.0
8.0
4.0
17.0
4.0
4.0
1.0
767.0
3.0
2.0
23.0
1.0
727.0
2.0
1.0
855.0
136.0
3.0
1.0
3.0
2.0
2.0
3.0
12.0
27.0
1.0
1.0
3.0
1.0
8.0
2.0
4.0
3.0
164.0
1.0
30.0
1.0
453.0
1.0
3.0
2.0
733.0
2094.0
3.0
1.0
3.0
18.0
961.0
3.0
1.0
1.0
2.0
3.0
1.0
2059.0
17.0
4.0
83.0
472.0
2.0
1410.0
2.0
3.0
338.0
1.0
697.0
3.0
55.0
1.0
17.0
2.0
3.0
24.0
596.0
3.0
1.0
31.0
6.0
24.0
1.0
3.0
8.0
1.0
596.0
1.0
106.0
1.0
2.0
2.0
368.0
2.0
1.0
3.0
1.0
1.0
2.0
1.0
3.0
109.0
2.0
1.0
2.0
620.0
5.0
1.0
2.0
1.0
11.0
961.0
1.0
19.0
9056.0
40.0
13.0
5.0
12.0
3.0
2.0
3.0
55.0
1.0
2.0
7.0
7.0
1.0
2.0
3.0
1.0
21.0
622.0
15.0
1585.0
3559.0
182.0
6.0
1.0
2201.0
3.0
1.0
3.0
1.0
12.0
3.0
1.0
1.0
559.0
3.0
1.0
3.0
3.0
11.0
3.0
55.0
3.0
111.0
1.0
2.0
3.0
3.0
1.0
11.0
4.0
2.0
2.0
1.0
3.0
3.0
1.0
323.0
41.0
3.0
4.0
1.0
3.0
2.0
29.0
23.0
3.0
3.0
56.0
1.0
69.0
386.0
2.0
1.0
99.0
18.0
13.0
1.0
2023.0
35.0
1.0
81.0
1.0
4.0
2.0
3.0
107.0
1.0
188.0
1.0
20.0
1.0
1.0
217.0
9.0
23.0
3.0
1.0
3.0
3.0
1.0
1953.0
21.0
87.0
22.0
7.0
24.0
1.0
3.0
2.0
2.0
4.0
24.0
3.0
3.0
62.0
7.0
3.0
1.0
22.0
8.0
17.0
284.0
4.0
2.0
1.0
1.0
1.0
3.0
65.0
1.0
18.0
1.0
3.0
1.0
345.0
3.0
2269.0
4.0
615.0
79.0
31.0
1.0
10.0
3.0
14385.0
3.0
66.0
33.0
1.0
2.0
3.0
2.0
286.0
200.0
3.0
1.0
23.0
7.0
1.0
46.0
1.0
1.0
3.0
1.0
1.0
3.0
292.0
3.0
6.0
2711.0
315.0
1.0
132.0
2.0
52.0
258.0
3.0
5.0
87.0
2.0
206.0
13.0
1.0
5.0
847.0
76.0
1.0
262.0
106.0
2.0
1.0
195.0
7.0
8.0
13.0
8.0
39.0
3.0
3.0
1.0
12.0
24.0
1.0
21.0
96.0
297.0
124.0
10.0
2.0
1.0
3.0
2.0
2.0
65.0
42.0
44.0
7.0
7.0
1497.0
403.0
8.0
4.0
10.0
1.0
772.0
416.0
747.0
2.0
4.0
7943.0
1.0
1159.0
2013.0
47.0
10.0
1.0
1.0
1179.0
1.0
1.0
1.0
11.0
956.0
24.0
3.0
3.0
71.0
1.0
61.0
4.0
1.0
3.0
1.0
77.0
6.0
389.0
65.0
4.0
7.0
1.0
9.0
2.0
3.0
1.0
3.0
351.0
3.0
6.0
2.0
1.0
9.0
3.0
2.0
3.0
93.0
1.0
3.0
404.0
75.0
16.0
2.0
1.0
86.0
4.0
351.0
19.0
288.0
3.0
293.0
10.0
5.0
753.0
6.0
4.0
1.0
2.0
3.0
103.0
1.0
4.0
8.0
86.0
5.0
522.0
95.0
1.0
3.0
71.0
2963.0
2.0
1.0
9.0
3.0
104.0
3.0
47.0
1.0
8.0
285.0
11.0
1.0
3.0
27.0
3.0
1.0
1.0
8.0
1.0
796.0
1.0
421.0
2.0
1.0
1.0
1.0
61.0
1.0
1.0
1.0
1.0
9.0
4.0
3.0
2.0
6.0
8.0
1.0
12.0
52.0
1.0
1020.0
3.0
3.0
1.0
1.0
252.0
2.0
1.0
1.0
70.0
116.0
1.0
3.0
11.0
470.0
33.0
2.0
99.0
156.0
8.0
9.0
344.0
72.0
2.0
5.0
543.0
4.0
3.0
115.0
286.0
2.0
86.0
1.0
13.0
8.0
2.0
7.0
4.0
3.0
31.0
23.0
719.0
17.0
2.0
2.0
15.0
6.0
4.0
101.0
3.0
38.0
33108.0
2.0
23.0
383.0
4.0
3.0
71.0
11.0
42.0
3.0
23.0
691.0
3.0
2.0
45.0
34.0
3.0
1.0
1.0
3.0
10.0
2.0
18.0
8.0
2.0
54.0
3.0
119.0
1.0
9.0
1.0
3.0
19.0
22.0
3.0
10.0
23.0
944.0
1.0
299.0
80.0
1.0
1.0
22.0
5.0
3.0
2.0
282.0
6.0
1.0
4.0
7.0
3.0
3.0
12.0
152.0
3.0
1.0
1.0
2.0
4.0
3.0
29.0
10.0
5.0
34.0
135.0
1.0
1.0
2.0
1126.0
6.0
7.0
18.0
9.0
14.0
74.0
6.0
48.0
21.0
23.0
3.0
237.0
22.0
2.0
3.0
2.0
212.0
5.0
3.0
701.0
4.0
1.0
2.0
1.0
11.0
10.0
292.0
101.0
366.0
24.0
75.0
1.0
2.0
5.0
1.0
1.0
6.0
1265.0
2.0
4.0
2.0
1.0
1.0
3.0
1.0
2.0
186.0
3.0
3.0
1.0
1.0
1.0
1.0
1.0
1.0
3826.0
6.0
16.0
1.0
3.0
81.0
1.0
9.0
3.0
420.0
22.0
346.0
568.0
596.0
3.0
2.0
5.0
3.0
7.0
5.0
2.0
8.0
19.0
1.0
57.0
1.0
8.0
3436.0
37.0
1.0
39.0
1.0
3.0
10.0
3.0
2.0
59.0
46.0
8.0
16.0
1.0
83.0
8.0
4.0
3.0
1.0
1.0
1.0
2.0
1.0
4.0
4.0
81.0
8.0
3.0
1.0
1.0
22.0
1.0
16.0
2.0
1.0
45.0
1449.0
172.0
292.0
1.0
2967.0
3.0
4.0
1.0
1.0
2.0
3.0
814.0
3.0
2.0
2.0
8.0
3.0
17.0
2.0
2.0
41.0
1.0
5.0
1.0
4.0
1.0
3.0
1.0
1.0
2.0
2.0
85.0
1.0
14.0
3.0
1093.0
2.0
4.0
4.0
5219.0
2.0
9.0
4.0
18.0
1.0
2.0
1.0
6.0
3.0
5.0
705.0
3.0
1.0
3.0
1.0
3.0
71.0
3.0
199.0
9.0
2.0
9.0
17.0
475.0
3.0
3.0
6.0
1.0
2.0
1.0
5.0
6104.0
3.0
1.0
2.0
5.0
729.0
1.0
14.0
1.0
1.0
3.0
2.0
9.0
1.0
2.0
4.0
281.0
1.0
1.0
3.0
2.0
4613.0
23.0
49.0
1.0
236.0
1.0
1.0
7.0
3.0
1.0
66.0
33.0
1118.0
1.0
1.0
5.0
4.0
2.0
5.0
3.0
1.0
453.0
158.0
263.0
724.0
67.0
23.0
531.0
1.0
1.0
1.0
1.0
39.0
3.0
5.0
3.0
29.0
6.0
1.0
1.0
4.0
3.0
1.0
3.0
1.0
11.0
5.0
125.0
23.0
4.0
1.0
1.0
34.0
3.0
5.0
1.0
1.0
28.0
31.0
2.0
1152.0
1.0
25.0
2.0
3.0
3.0
1.0
1.0
3.0
11.0
2.0
209.0
39.0
379.0
87.0
10.0
1.0
5.0
3.0
1.0
66.0
82.0
1.0
6.0
2008.0
5.0
1887.0
17.0
9739.0
2.0
43.0
5.0
6.0
1.0
1050.0
924.0
576.0
611.0
24.0
865.0
1.0
1.0
7.0
48.0
18.0
1.0
2.0
2.0
1.0
628.0
3.0
1.0
2.0
32.0
3.0
3594.0
2.0
129.0
2.0
1.0
1.0
1.0
351.0
26.0
27.0
25.0
19.0
1.0
1.0
1.0
3.0
2.0
2.0
3.0
3.0
21.0
32.0
1.0
24.0
1.0
2.0
21.0
1.0
1.0
2.0
1.0
2.0
3.0
1.0
4.0
2.0
56.0
1.0
2.0
1.0
10.0
8.0
2.0
58.0
4.0
1.0
1225.0
8.0
1.0
3.0
14980.0
3.0
41.0
2637.0
3.0
3.0
44.0
126.0
1.0
2.0
1055.0
1.0
2294.0
1.0
3.0
3.0
121.0
301.0
1.0
542.0
2.0
23.0
1.0
4.0
11.0
2.0
81.0
6.0
479.0
246.0
216.0
1.0
3.0
4.0
2.0
3.0
25.0
14.0
3.0
3.0
1.0
257.0
10.0
332.0
7.0
4.0
312.0
4745.0
1.0
835.0
185.0
9.0
3.0
8.0
3.0
3.0
19.0
3.0
1.0
1.0
1.0
1.0
4.0
6.0
1.0
3.0
1.0
2.0
6.0
31.0
3.0
3.0
3.0
426.0
148.0
2.0
2.0
1.0
3.0
1.0
65.0
37.0
1.0
1.0
3.0
1.0
824.0
3.0
2.0
132.0
152.0
31.0
28.0
1997.0
3.0
2.0
3.0
1.0
9.0
5.0
1.0
1.0
29.0
8.0
15.0
1.0
1.0
1.0
2.0
1.0
4.0
75.0
2.0
1.0
1.0
3.0
8.0
2.0
1.0
27.0
3.0
1.0
3.0
3.0
3.0
4.0
184.0
2.0
3.0
1.0
735.0
11.0
114.0
1.0
1.0
3.0
130.0
3.0
36.0
16.0
1.0
19.0
80.0
1.0
9.0
108.0
2.0
1.0
2.0
5.0
1.0
1.0
54.0
2.0
10.0
1.0
4.0
2.0
3.0
1.0
337.0
1.0
23.0
47.0
1.0
1.0
1.0
3.0
1.0
3.0
1.0
7.0
839.0
5.0
3.0
1.0
1.0
5.0
3.0
6.0
2.0
1.0
2.0
6.0
1.0
295.0
345.0
20.0
2.0
25.0
1.0
4.0
3.0
2.0
6.0
10.0
3.0
7.0
20.0
1.0
18.0
1.0
8.0
1.0
1229.0
148.0
1.0
1899.0
1.0
19.0
2.0
1.0
1.0
44.0
1.0
3.0
263.0
3.0
1.0
23.0
11.0
2.0
6.0
1.0
19.0
39.0
1.0
38.0
1.0
1.0
3.0
1.0
1.0
10.0
2.0
4.0
55.0
31.0
2987.0
3.0
3.0
5.0
9.0
4.0
3.0
219.0
7896.0
15.0
1.0
1.0
4.0
1.0
2.0
1.0
5.0
1.0
181.0
1.0
1.0
1751.0
961.0
3.0
125.0
3.0
3.0
2.0
1.0
1.0
5.0
1.0
3.0
47.0
1.0
1.0
3.0
833.0
444.0
14.0
2.0
1.0
50.0
5.0
1.0
1.0
122.0
1.0
1.0
1.0
7.0
1.0
3.0
39.0
3.0
1.0
37.0
3.0
10.0
3.0
8.0
1.0
4.0
3.0
1.0
46.0
3.0
181.0
17.0
24.0
57.0
9.0
3.0
21.0
2.0
2.0
15.0
125.0
8.0
4.0
1109.0
45.0
3.0
115.0
1.0
18.0
5.0
232.0
1.0
1.0
11.0
3.0
18.0
3.0
109.0
1.0
94.0
1.0
7.0
23.0
2.0
3.0
3.0
2.0
3.0
2.0
1.0
196.0
275.0
1.0
1.0
47.0
2.0
1.0
3.0
6.0
3.0
1.0
6.0
16.0
80.0
509.0
3.0
5.0
3.0
32.0
3.0
16.0
1.0
1.0
1.0
2.0
2.0
9.0
430.0
1.0
1.0
1.0
1.0
977.0
3.0
763.0
38.0
4.0
232.0
14.0
8.0
2284.0
1.0
4.0
595.0
1675.0
1.0
3.0
15.0
19.0
2.0
3.0
1.0
4.0
8.0
28.0
1.0
141.0
3.0
4.0
1.0
1.0
10.0
1.0
13.0
2.0
3.0
30.0
309.0
80.0
6.0
2.0
3.0
2.0
19.0
102.0
589.0
2.0
1.0
1.0
18.0
160.0
215.0
2.0
5.0
1.0
332.0
5.0
2.0
10.0
1018.0
1.0
1.0
2.0
1.0
1956.0
9.0
6.0
12.0
1.0
2.0
4.0
1.0
2.0
23.0
2.0
351.0
15.0
7.0
14.0
9.0
1.0
117.0
3.0
19.0
14.0
9.0
4.0
1.0
1.0
1.0
48.0
1010.0
596.0
9.0
2.0
3.0
16.0
1.0
2.0
2.0
3.0
3.0
3.0
29.0
3.0
5.0
3.0
2.0
2.0
1.0
1.0
1.0
6.0
74.0
1.0
251.0
7.0
3.0
1.0
3.0
2.0
59.0
2070.0
1.0
1.0
1200.0
1.0
1.0
14.0
65.0
19.0
100.0
1.0
5.0
6.0
278.0
4.0
1.0
14385.0
1.0
8.0
3.0
2.0
419.0
242.0
2.0
2.0
4.0
9.0
13.0
5.0
2.0
38.0
1.0
17.0
66.0
1.0
2.0
4.0
12.0
174.0
103.0
1229.0
1.0
4.0
3.0
4.0
38.0
3.0
87.0
6.0
1.0
3.0
1.0
3.0
3.0
9.0
3.0
1.0
15.0
2.0
9.0
1.0
1.0
2.0
20.0
8.0
24.0
33.0
4.0
3.0
1.0
372.0
1.0
12.0
17.0
48.0
2.0
1225.0
2.0
2.0
1.0
1.0
8.0
1.0
1.0
796.0
5.0
10.0
105.0
1.0
111.0
1.0
177.0
278.0
1.0
638.0
14.0
2.0
69.0
2.0
3.0
2.0
3.0
1.0
24.0
14.0
52.0
22.0
1.0
5.0
65.0
1.0
2.0
8.0
130.0
1.0
2.0
452.0
384.0
1.0
1.0
1.0
4.0
1.0
3.0
3.0
1.0
16.0
4.0
3.0
1.0
3.0
34.0
284.0
2.0
1.0
1.0
1.0
1.0
13.0
69.0
889.0
231.0
149.0
22.0
24.0
3.0
296.0
1.0
4.0
42.0
1923.0
7.0
1.0
1.0
1.0
4.0
3.0
3.0
6.0
2.0
4.0
1.0
2.0
13.0
3.0
1.0
1.0
151.0
3.0
149.0
3.0
107.0
109.0
3.0
28.0
33.0
10.0
16.0
14385.0
1.0
1.0
5.0
298.0
701.0
1061.0
773.0
1.0
1.0
2.0
3.0
1.0
3.0
1.0
10.0
10.0
26.0
14.0
76.0
834.0
1.0
1399.0
50.0
27.0
130.0
6.0
3.0
1.0
99.0
2.0
2.0
1.0
1.0
113.0
1.0
2.0
1.0
1.0
1.0
78.0
2.0
2.0
2.0
3.0
4.0
1.0
2.0
743.0
8.0
8.0
33.0
4.0
5.0
1.0
3.0
4.0
3.0
7.0
3.0
499.0
3.0
4.0
19.0
177.0
364.0
3.0
4.0
4.0
157.0
2924.0
3.0
167.0
542.0
137.0
3.0
6.0
3.0
15.0
1.0
27.0
31.0
4.0
3.0
2.0
8.0
61.0
1.0
9.0
1.0
2.0
1.0
3.0
1.0
2.0
1.0
5.0
1.0
345.0
2.0
85.0
1.0
2.0
4.0
1.0
472.0
1.0
3.0
338.0
3.0
4.0
3.0
187.0
1.0
1.0
9.0
610.0
3.0
40.0
68.0
1.0
3.0
549.0
33.0
1.0
18.0
1.0
18.0
2.0
2.0
35.0
10.0
4.0
1.0
282.0
271.0
1.0
11.0
8.0
75.0
11.0
1.0
1.0
1.0
1.0
470.0
3.0
2.0
1.0
1.0
1.0
4.0
3.0
34.0
1.0
2.0
20.0
3.0
1.0
10.0
13.0
3.0
1.0
14.0
5.0
24.0
29.0
40.0
1.0
80.0
5.0
3.0
1.0
767.0
3.0
2.0
2.0
67.0
3.0
4.0
103.0
1.0
217.0
2.0
6.0
1.0
1.0
872.0
302.0
117.0
51.0
49.0
46.0
1.0
3.0
1.0
50.0
38.0
4.0
1.0
6.0
1.0
1.0
1.0
3.0
49.0
3.0
5.0
3.0
5.0
1.0
1.0
4541.0
9.0
1.0
1.0
4.0
592.0
17.0
16.0
3.0
3.0
6.0
1790.0
3.0
12.0
3.0
1.0
159.0
1.0
134.0
1.0
7.0
4.0
129.0
104.0
20.0
6.0
156.0
2.0
44.0
1.0
3.0
1.0
3.0
7.0
1.0
7.0
26.0
3.0
4.0
5.0
1.0
63.0
1.0
51.0
122.0
4.0
34.0
1.0
54.0
349.0
1.0
1.0
1440.0
1.0
3.0
1114.0
29.0
1.0
16.0
23.0
1.0
1.0
1.0
1.0
14.0
14.0
1.0
3.0
1169.0
1.0
8.0
2.0
1.0
35.0
5.0
1.0
1.0
1.0
19.0
34.0
1075.0
1.0
19.0
2.0
4.0
33.0
4489.0
894.0
3.0
5.0
28.0
117.0
282.0
1.0
3.0
43.0
24.0
2.0
8.0
1.0
3.0
539.0
6.0
282.0
25.0
14.0
213.0
2.0
1.0
121.0
1.0
2.0
5.0
4.0
1.0
3.0
3.0
3.0
277.0
1.0
1.0
2.0
24.0
2.0
31.0
1.0
1.0
27.0
3.0
3.0
3.0
351.0
106.0
25.0
1.0
296.0
3.0
1.0
1.0
1.0
688.0
1.0
2.0
6.0
2.0
2.0
24.0
1.0
17.0
2.0
4.0
3.0
2.0
1.0
1.0
6.0
1605.0
1305.0
80.0
3.0
97.0
123.0
1.0
34.0
376.0
3.0
1.0
1.0
3.0
2.0
62.0
8.0
282.0
3.0
4.0
2.0
1.0
2.0
861.0
1.0
13.0
1.0
13245.0
17.0
25.0
20.0
1.0
26.0
928.0
1798.0
715.0
9.0
1.0
4.0
696.0
4.0
14.0
2.0
3.0
455.0
1.0
10.0
1.0
2579.0
1.0
7.0
2.0
1.0
79961.0
2.0
9.0
1.0
1350.0
8.0
1.0
3.0
2.0
337.0
9.0
3.0
1.0
12.0
519.0
1.0
3.0
457.0
46.0
3.0
78.0
615.0
2.0
3.0
12.0
15.0
3.0
1.0
1.0
3.0
3.0
12.0
1.0
186.0
98.0
2.0
351.0
78.0
1.0
1.0
1203.0
3.0
50.0
84.0
32.0
2384.0
197.0
1.0
2.0
2.0
10.0
3.0
788.0
1130.0
1.0
20.0
392.0
871.0
13.0
3.0
1.0
20.0
697.0
2.0
4.0
42.0
16528.0
16.0
1.0
9.0
17.0
8.0
2.0
3.0
1.0
33.0
66.0
2.0
246.0
4.0
3.0
1899.0
1.0
3.0
1.0
3.0
174.0
3.0
1.0
1.0
22.0
1.0
22.0
3.0
288.0
2.0
2.0
2.0
3.0
14.0
15.0
216.0
3.0
1.0
95.0
1.0
1.0
550.0
2.0
3.0
3.0
237.0
1.0
51.0
5.0
41.0
2.0
2.0
567.0
1422.0
1.0
229.0
2.0
23.0
1.0
12.0
3.0
1.0
1.0
1.0
4.0
3.0
85.0
1684.0
5.0
1.0
3.0
3.0
5.0
6.0
12.0
6.0
51.0
1.0
25.0
7.0
2.0
61.0
2.0
1.0
44.0
945.0
4.0
3.0
1.0
42.0
7.0
19.0
3.0
8.0
2.0
1.0
1.0
714.0
1.0
23.0
3.0
241.0
4.0
3.0
11.0
1.0
28.0
1.0
3.0
149.0
542.0
3.0
2.0
1.0
3.0
1.0
3.0
29.0
1899.0
338.0
1.0
299.0
13.0
1.0
4.0
3.0
13.0
2.0
3.0
5.0
1.0
70.0
1.0
351.0
1.0
2.0
1.0
1.0
218.0
77.0
2.0
10.0
3.0
15.0
2.0
1.0
4.0
83.0
1.0
9.0
10.0
761.0
8.0
224.0
5.0
174.0
1.0
1.0
3.0
145.0
23.0
20.0
1.0
1.0
1469.0
1.0
815.0
1.0
9.0
3.0
2441.0
512.0
351.0
6.0
3.0
1.0
1630.0
2.0
3.0
3.0
5.0
8.0
1.0
1.0
75.0
26.0
7.0
1.0
3.0
1.0
235.0
24.0
5.0
775.0
15.0
5.0
16.0
4.0
622.0
275.0
1.0
1.0
1.0
12.0
5.0
154.0
3.0
50.0
3.0
1.0
1219.0
3.0
3.0
1.0
10.0
3.0
1.0
1.0
2.0
2.0
1608.0
1.0
1.0
3.0
12.0
66.0
25.0
12.0
1.0
3.0
3.0
49000.0
1.0
946.0
2.0
104.0
5.0
1.0
196.0
3.0
2.0
4.0
1.0
3.0
1.0
2.0
1018.0
3.0
3.0
3.0
2.0
1.0
432.0
2.0
2.0
127.0
1.0
15.0
1.0
1061.0
1.0
1.0
39.0
6.0
1.0
2.0
644.0
4.0
2.0
1225.0
1.0
38.0
129.0
282.0
12.0
3.0
1.0
1.0
3.0
30.0
154.0
1.0
1.0
488.0
1.0
1.0
4.0
50.0
17.0
16.0
740.0
1.0
28.0
14.0
14.0
1.0
12.0
13.0
7.0
7.0
3.0
7.0
5.0
19.0
431.0
1.0
1855.0
1469.0
1122.0
1.0
6.0
1.0
283.0
1.0
3.0
12.0
3.0
3.0
87.0
3.0
18.0
3909.0
1018.0
33.0
31.0
40.0
19.0
10.0
129.0
2.0
504.0
3.0
3212.0
241.0
87.0
9.0
2.0
1.0
908.0
6.0
965.0
1.0
13.0
3.0
1.0
1.0
1.0
12.0
1.0
3.0
1.0
3.0
105.0
36.0
1.0
1.0
2.0
705.0
2.0
19.0
794.0
46.0
3.0
528.0
199.0
333.0
6.0
74.0
638.0
9.0
10.0
375.0
3.0
23.0
3.0
1.0
6.0
4.0
318.0
1.0
4.0
2.0
1.0
19.0
1.0
10.0
1122.0
2.0
1001.0
3.0
2.0
155.0
2.0
3.0
230.0
4.0
190.0
1.0
3.0
1.0
3.0
12.0
3.0
6976.0
3.0
3.0
4.0
2.0
1.0
1.0
2.0
7.0
172.0
3.0
55.0
312.0
3.0
58.0
4.0
5.0
3.0
4.0
3.0
53.0
1682.0
1.0
3033.0
3.0
1.0
3.0
4.0
17.0
20.0
1.0
4.0
1.0
4.0
1.0
29.0
3.0
1.0
348.0
2.0
1.0
7.0
28.0
4.0
1.0
16.0
687.0
1.0
26.0
55.0
8.0
1.0
13.0
24.0
17.0
5.0
3.0
1.0
16.0
772.0
1198.0
297.0
218.0
3.0
1.0
603.0
14.0
3.0
46.0
134.0
2.0
1610.0
361.0
3.0
1.0
3.0
5.0
2.0
79.0
1.0
60.0
3.0
1.0
2.0
1.0
1.0
10.0
5.0
3.0
3.0
2.0
1.0
23.0
2.0
3.0
1.0
129.0
11.0
59.0
87.0
1728.0
4.0
48.0
68.0
1.0
5.0
1.0
4.0
8.0
3.0
1.0
5.0
6.0
1.0
576.0
1.0
9.0
3.0
3.0
2.0
1.0
24.0
965.0
1.0
3.0
1.0
10.0
4.0
1.0
28760.0
65.0
1.0
4.0
46.0
48.0
3.0
10.0
2.0
1160.0
5.0
1.0
19.0
1.0
3.0
24.0
10.0
3.0
1.0
1.0
8.0
928.0
1.0
4.0
9.0
18.0
3.0
2.0
3.0
1.0
1.0
528.0
313.0
1.0
13212.0
2.0
1.0
615.0
3.0
11.0
1.0
2.0
1.0
3.0
2.0
5.0
1.0
1.0
1.0
65.0
1.0
4.0
4.0
56.0
727.0
3.0
46.0
74.0
1.0
3.0
101.0
1.0
386.0
8.0
40.0
49.0
16.0
1.0
3.0
1.0
3.0
2.0
9.0
1.0
3.0
519.0
1.0
2.0
905.0
55.0
10.0
35.0
8.0
1929.0
1.0
2.0
1.0
3671.0
1.0
238.0
1.0
5143.0
407.0
2.0
1.0
1.0
2.0
1.0
652.0
2.0
4.0
3.0
7.0
1.0
79.0
731.0
13.0
10.0
1.0
3.0
1.0
9.0
2.0
5.0
40.0
83.0
5.0
209.0
3.0
23.0
111.0
3.0
74.0
3.0
8.0
3.0
91.0
3.0
8.0
2.0
2.0
50.0
479.0
33.0
1.0
6.0
1.0
74.0
124.0
2.0
1.0
19.0
4.0
2.0
24.0
1725.0
1.0
3.0
1.0
460.0
1.0
668.0
3.0
365.0
1.0
3.0
1.0
22.0
6.0
1.0
10.0
1.0
387.0
125.0
1.0
1091.0
3.0
19.0
75.0
3.0
513.0
28.0
23.0
3.0
7.0
12.0
105.0
1.0
4.0
1.0
2.0
3.0
2.0
1.0
1.0
106.0
22.0
55.0
2.0
9.0
19.0
3.0
1.0
1.0
23.0
3.0
1.0
3.0
5.0
19.0
1.0
6.0
7.0
3.0
9.0
1.0
8.0
2.0
22.0
14.0
1.0
3.0
3.0
3.0
5.0
117.0
1.0
2.0
21.0
3.0
3.0
1.0
2.0
1.0
45.0
161.0
8.0
34.0
3.0
3.0
3.0
19.0
1009.0
1.0
2.0
2.0
12.0
2267.0
4.0
526.0
1.0
278.0
3.0
338.0
8.0
1.0
202.0
3.0
567.0
4.0
3.0
40.0
1.0
4.0
4.0
912.0
357.0
105.0
2.0
3.0
16.0
2.0
54.0
3.0
1.0
5.0
3.0
1.0
839.0
1.0
1532.0
596.0
161.0
1.0
17.0
1.0
1.0
14.0
58.0
1.0
174.0
736.0
73.0
1.0
1.0
11.0
431.0
4.0
14.0
22.0
3.0
1.0
2.0
3.0
4.0
3.0
103.0
2.0
1.0
4.0
1027.0
86.0
13.0
3.0
1.0
3.0
6.0
3.0
1.0
2835.0
25.0
1.0
4.0
1.0
120.0
1.0
1.0
1.0
218.0
3.0
7.0
7.0
4.0
1.0
7.0
2.0
3526.0
337.0
7.0
1.0
17.0
1.0
4.0
2.0
796.0
2.0
2.0
105.0
2.0
3.0
1.0
1.0
3.0
554.0
220.0
10.0
24.0
69.0
12.0
171.0
3.0
3.0
4.0
5.0
1.0
3.0
19.0
2.0
8.0
90.0
370.0
3.0
8.0
755.0
29.0
1.0
255.0
21.0
1.0
3.0
3.0
19.0
1.0
1.0
3.0
16.0
1.0
1.0
3.0
1.0
1.0
7.0
1.0
1.0
4.0
3.0
2.0
5.0
3.0
4.0
36.0
39.0
5.0
3.0
967.0
4.0
1.0
9.0
17.0
3.0
99.0
7.0
8.0
2.0
1.0
674.0
114.0
29.0
1.0
3.0
1.0
2.0
1.0
8.0
12.0
1.0
1.0
6.0
2.0
1.0
7.0
92.0
10.0
3.0
11594.0
3.0
10405.0
90.0
7503.0
651.0
3.0
67.0
3.0
46.0
4497.0
5.0
1.0
1.0
3.0
422.0
3.0
1.0
3.0
5.0
5.0
4.0
14.0
13.0
2.0
1.0
8.0
3.0
1.0
1.0
3.0
52.0
8.0
5.0
978.0
9.0
97.0
69.0
133.0
1.0
22.0
5.0
19.0
4.0
8.0
1.0
3.0
23.0
1.0
1.0
1.0
2.0
16.0
2.0
1.0
2.0
43.0
1669.0
104.0
12.0
2.0
5.0
3.0
1.0
542.0
19.0
44.0
1.0
1.0
2.0
129.0
3.0
58.0
3.0
1.0
24.0
1.0
3.0
1.0
3.0
1.0
824.0
3.0
3.0
1.0
1.0
131.0
3.0
2.0
11.0
3.0
1.0
2.0
2.0
2.0
1.0
10.0
2.0
208.0
1264.0
1.0
9.0
6.0
96174.0
1.0
3387.0
8.0
27.0
1233.0
1.0
1.0
1.0
29.0
3.0
19.0
2.0
2.0
3.0
3.0
3.0
18.0
1.0
329.0
3.0
161.0
1.0
2.0
2.0
1.0
31.0
3.0
1.0
1.0
1.0
28.0
3.0
2.0
1.0
1.0
1.0
543.0
39.0
16.0
2.0
450.0
5.0
2.0
7085.0
863.0
2.0
79.0
1.0
25.0
2.0
2.0
5.0
7.0
5.0
6.0
1.0
22.0
1.0
10.0
3.0
1.0
1.0
3.0
70.0
49858.0
4.0
11.0
7.0
1.0
1.0
25.0
4.0
1533.0
3.0
42.0
3.0
1.0
3.0
39.0
1.0
7.0
3.0
1.0
29.0
7.0
47.0
117.0
24.0
2.0
2.0
11.0
1.0
3.0
31.0
1.0
534.0
3.0
91.0
4.0
1.0
2.0
265.0
10.0
2.0
1.0
119.0
3.0
1.0
1.0
272.0
3.0
4.0
5.0
9.0
1.0
1018.0
3.0
1.0
3.0
2.0
576.0
86.0
1.0
351.0
20.0
1.0
236.0
13.0
4.0
113.0
1.0
1.0
333.0
5.0
93.0
3.0
1.0
12.0
39.0
1481.0
1454.0
1.0
3.0
3.0
648.0
337.0
201.0
372.0
1.0
3.0
28.0
231.0
2.0
60.0
8.0
9.0
1.0
4.0
3.0
76.0
4.0
2.0
1646.0
11.0
1.0
4.0
288.0
1.0
3.0
3.0
122.0
3352.0
303.0
131.0
1.0
1.0
2.0
3.0
1.0
44717.0
1.0
48.0
2.0
7.0
7.0
3.0
2.0
34.0
979.0
1.0
13.0
3.0
1041.0
17.0
4.0
3.0
2.0
1.0
5.0
1.0
3.0
1.0
509.0
1.0
4.0
2403.0
1.0
1.0
3.0
13.0
2.0
19.0
14.0
3.0
2.0
56.0
51.0
3.0
15.0
3.0
260.0
2.0
4.0
1.0
2058.0
205.0
3.0
2.0
86.0
2.0
1754.0
4993.0
28.0
4.0
1.0
2.0
3.0
1.0
412.0
7.0
2.0
8.0
1096.0
16.0
86.0
2.0
1.0
1265.0
436.0
9.0
4.0
1.0
25.0
5.0
1.0
156.0
1.0
4.0
1.0
1.0
2.0
1.0
2.0
1.0
87.0
342.0
3.0
15.0
4.0
3.0
1.0
3.0
3.0
5.0
2.0
102.0
1.0
3.0
4.0
1.0
977.0
2.0
19.0
27.0
2.0
227.0
25.0
5.0
8.0
43.0
65.0
2.0
217.0
1.0
3.0
227.0
29.0
1361.0
3.0
11.0
537.0
2.0
2.0
3.0
1.0
7.0
3.0
544.0
1.0
4.0
3.0
6.0
4.0
1.0
3.0
1.0
22.0
19.0
3.0
223.0
3.0
1458.0
2.0
3743.0
3.0
9.0
3.0
643.0
3.0
1.0
1.0
1.0
5.0
152.0
6.0
17.0
1.0
3.0
137.0
3.0
241.0
6.0
4.0
2.0
10.0
3.0
1202.0
3.0
11.0
65.0
1.0
3.0
3.0
4.0
1.0
3.0
1.0
1.0
3.0
335.0
1.0
16.0
25.0
5.0
2.0
3.0
10.0
3.0
17.0
9.0
2.0
15.0
253.0
1.0
2.0
7.0
6.0
7.0
15.0
3.0
446.0
13.0
3.0
2313.0
8.0
1.0
886.0
2.0
8.0
3.0
44.0
3.0
422.0
1.0
1.0
350.0
1018.0
1.0
2.0
1.0
1.0
573.0
187.0
1.0
1.0
4.0
7.0
752.0
1.0
18172.0
1.0
282.0
9362.0
4.0
3.0
1.0
12.0
4.0
149.0
53.0
7.0
1.0
4822.0
21.0
3.0
18.0
95.0
116.0
1.0
91.0
7.0
1.0
1.0
3.0
16.0
3.0
15.0
19.0
1.0
4.0
1.0
3.0
22.0
1.0
3.0
6.0
3.0
351.0
12.0
1513.0
3.0
2.0
471.0
17.0
904.0
63.0
1.0
2.0
1.0
1.0
3.0
2.0
1.0
9.0
4.0
1.0
11.0
2.0
97.0
5.0
4.0
2.0
15.0
1.0
15.0
1.0
95.0
19.0
313.0
1.0
3.0
1.0
3.0
3.0
401.0
2.0
1.0
6.0
1461.0
1.0
1.0
18.0
280.0
1.0
15.0
10316.0
1362.0
46.0
16.0
34.0
28.0
4.0
232.0
12.0
2.0
1.0
619.0
1.0
44.0
1.0
10.0
6.0
3.0
1.0
3.0
1.0
19.0
2.0
54.0
5.0
1.0
2.0
171.0
1.0
2.0
2.0
3.0
20.0
1.0
3.0
2.0
3.0
3.0
21.0
2.0
1.0
3002.0
67.0
1.0
2.0
2.0
3.0
1.0
1610.0
30.0
2.0
4134.0
2.0
2.0
2.0
1.0
1.0
4.0
8.0
6.0
14.0
16740.0
1.0
66.0
1.0
696.0
980.0
16.0
13.0
6.0
8.0
10.0
1.0
3.0
1.0
2.0
1.0
19.0
10.0
3.0
15.0
1183.0
232.0
3.0
4.0
185.0
1.0
2.0
4.0
21.0
102.0
2.0
3.0
7.0
1.0
1.0
1.0
1.0
1.0
6.0
2.0
12.0
9.0
2.0
11.0
7.0
3.0
3.0
55.0
3.0
1.0
17.0
9.0
59.0
6.0
3.0
2.0
3.0
2.0
1.0
3.0
1.0
83.0
3.0
3202.0
2.0
3.0
1.0
11.0
6.0
1.0
3.0
16.0
25.0
16.0
252.0
2.0
8.0
1.0
1.0
1.0
2.0
24.0
1.0
1.0
1.0
2.0
1.0
11.0
10.0
1.0
16.0
1302.0
1.0
1.0
1.0
1.0
4.0
259.0
22.0
4.0
1.0
1.0
131.0
1.0
2618.0
3.0
5.0
51.0
5.0
8.0
2.0
17.0
2.0
113.0
69.0
5.0
9.0
9.0
1.0
3.0
1.0
3.0
691.0
5.0
3.0
1.0
45.0
1.0
13.0
1.0
28.0
1.0
360.0
2.0
2.0
3.0
1.0
4.0
310.0
54.0
1.0
1.0
2.0
1.0
3.0
2.0
18.0
9.0
1.0
1.0
1.0
65.0
3.0
90.0
3.0
200.0
80.0
3.0
1.0
1.0
368.0
2.0
354.0
218.0
1.0
3.0
12.0
825.0
3.0
339.0
1.0
1.0
3.0
3.0
18.0
2.0
96.0
1.0
9.0
4.0
1.0
55.0
9.0
1.0
3395.0
1.0
3.0
3.0
6.0
78613.0
232.0
3.0
1.0
2.0
20.0
548.0
6.0
591.0
9.0
2.0
1.0
3.0
4.0
1.0
2.0
27.0
1.0
1.0
492.0
3.0
8.0
3.0
22.0
5.0
797.0
3.0
42.0
3.0
13.0
3.0
894.0
2.0
10.0
16.0
11.0
34.0
31.0
1.0
2.0
1.0
9.0
1114.0
4.0
47.0
11.0
1.0
1.0
3.0
2.0
3.0
341.0
23.0
4.0
1.0
1.0
177.0
24.0
1.0
1.0
421.0
370.0
4.0
3.0
351.0
3.0
117.0
1.0
16.0
7.0
3.0
1.0
1.0
679.0
1.0
58.0
1.0
3.0
2.0
22.0
8553.0
370.0
1.0
1.0
3.0
11.0
2.0
1.0
9.0
239.0
36.0
12.0
21.0
187.0
63.0
10.0
4.0
336.0
9.0
1.0
13.0
4.0
223.0
37.0
3.0
259.0
9.0
14.0
514.0
2.0
1.0
646.0
1.0
4.0
14.0
1.0
1.0
15.0
1.0
3.0
3.0
4347.0
4286.0
11.0
785.0
1.0
1.0
3.0
2.0
576.0
30.0
24.0
5.0
3.0
1.0
1.0
239.0
14.0
2.0
9.0
3.0
1.0
4.0
3.0
1.0
1.0
157.0
4.0
3.0
55.0
424.0
232.0
5.0
4.0
1.0
4.0
1.0
19.0
1.0
95.0
1926.0
1.0
1.0
31.0
61.0
5.0
6650.0
1878.0
3.0
1734.0
977.0
5.0
1.0
87.0
5.0
58.0
1.0
21.0
479.0
201.0
19.0
3.0
581.0
3.0
3.0
1.0
34.0
3.0
1.0
5.0
370.0
25.0
2.0
1.0
1.0
4.0
9.0
3.0
1.0
1.0
1.0
1.0
1.0
10.0
20.0
3.0
13.0
7.0
17.0
182.0
1.0
2.0
3.0
1.0
3.0
4.0
155.0
1.0
6.0
156.0
3.0
1.0
2.0
13.0
4.0
1.0
3.0
25.0
3.0
40.0
67.0
1.0
123.0
3.0
153.0
3.0
1.0
1.0
9.0
29.0
4.0
1089.0
1.0
2.0
49.0
25.0
1.0
1.0
984.0
4.0
255.0
1.0
3.0
17923.0
21.0
3.0
643.0
23.0
1.0
4.0
102.0
2.0
1.0
4.0
524.0
160.0
6.0
4.0
12.0
1.0
3.0
1.0
52.0
4.0
149.0
499.0
7.0
77.0
235.0
3.0
2.0
248.0
14467.0
370.0
1.0
3.0
3.0
3.0
4.0
74.0
2.0
1.0
23.0
9.0
102.0
1.0
606.0
2.0
32.0
4.0
7.0
1.0
4.0
8.0
3.0
27.0
9.0
3.0
1.0
10.0
3.0
8.0
1.0
5.0
115.0
2.0
17.0
1996.0
1.0
1.0
3.0
3.0
3.0
3.0
81.0
1.0
1.0
58.0
1.0
1.0
48.0
2.0
62.0
14.0
28.0
1.0
1.0
38.0
7.0
3115.0
835.0
3.0
3.0
4.0
138.0
4.0
1.0
1599.0
7.0
1.0
10.0
3.0
3.0
1.0
22.0
3.0
273.0
29.0
335.0
3.0
1.0
1047.0
24.0
1.0
102.0
15.0
3.0
1.0
1.0
1.0
31.0
65.0
1.0
3.0
1.0
77.0
1.0
8.0
3.0
950.0
3.0
1.0
5.0
3.0
5.0
43.0
1.0
34.0
22.0
1.0
3.0
3.0
1.0
3.0
169.0
3.0
2.0
961.0
1.0
355.0
15.0
5.0
45.0
2.0
2.0
1.0
74.0
24.0
1.0
3.0
10.0
1.0
1251.0
1.0
507.0
1.0
7.0
3.0
2.0
19.0
1.0
74054.0
4.0
8.0
483.0
351.0
4.0
31.0
5.0
2.0
1.0
3.0
1.0
7.0
2.0
1.0
1.0
3.0
8.0
7.0
36.0
2.0
10.0
1.0
4.0
1.0
1.0
339.0
1.0
24.0
1.0
146.0
2.0
6.0
1.0
1.0
1.0
4.0
3.0
1.0
10.0
1.0
3.0
6.0
1.0
7.0
41.0
1.0
1.0
3.0
2.0
1.0
6.0
1.0
1.0
386.0
14.0
18584.0
30.0
2.0
26.0
34357.0
1.0
2440.0
8.0
17.0
1.0
4136.0
1.0
386.0
3.0
19.0
5.0
1.0
1.0
3.0
46.0
14.0
1.0
33.0
14.0
579.0
2.0
3.0
1.0
22.0
1.0
4.0
3.0
68.0
9.0
21.0
4.0
3.0
2.0
1.0
14.0
1.0
9.0
1.0
4.0
3.0
21.0
1.0
1.0
3.0
46.0
1.0
5.0
5.0
1.0
1.0
33.0
1.0
1.0
1.0
1.0
512.0
3.0
2.0
1.0
1.0
2612.0
797.0
2.0
342.0
1.0
17.0
1.0
1.0
31.0
3.0
338.0
183.0
1.0
4820.0
55.0
3.0
255.0
3.0
3.0
3.0
21.0
7.0
1.0
2.0
10.0
1.0
4.0
176.0
7.0
1.0
5.0
11.0
19.0
1.0
105.0
23.0
5283.0
25.0
1.0
10.0
1.0
88474.0
6.0
1.0
4.0
1.0
3.0
179.0
3.0
63.0
3.0
1.0
2.0
3.0
3.0
4.0
1.0
10001.0
5.0
8.0
3.0
4.0
2131.0
80.0
2.0
1.0
56.0
1.0
253.0
25.0
1.0
11.0
2.0
10.0
3.0
99.0
11.0
2.0
4.0
4.0
2339.0
2.0
42.0
131.0
10.0
2.0
1.0
16.0
2.0
3.0
1.0
1.0
9.0
17.0
3.0
2.0
123.0
13.0
4.0
4.0
1641.0
69.0
3.0
108.0
1.0
596.0
21.0
3.0
1738.0
1.0
21.0
2.0
3.0
1.0
924.0
4.0
1.0
3.0
1.0
1.0
42.0
3.0
29.0
3.0
2.0
16.0
24.0
2.0
3.0
1.0
119.0
2.0
1313.0
210.0
2.0
2.0
1.0
1.0
2101.0
3.0
23.0
532.0
180.0
12.0
3.0
287.0
4.0
3.0
45.0
2.0
3.0
8.0
7.0
7.0
1.0
419.0
2.0
76.0
2.0
1.0
7.0
117.0
3.0
1.0
1.0
1.0
8.0
1.0
14.0
7.0
1.0
3.0
2.0
1.0
3.0
1.0
3.0
342.0
4.0
259.0
3.0
11.0
46.0
6.0
3.0
6.0
1.0
1.0
1.0
4.0
2.0
1910.0
102.0
1.0
1.0
8.0
1.0
7.0
410.0
93.0
1.0
17.0
1.0
117.0
12.0
1.0
2033.0
2.0
272.0
17.0
1.0
1.0
1.0
11.0
18.0
11.0
19.0
1.0
1.0
48.0
24.0
1.0
9.0
102.0
395.0
15.0
24.0
3.0
16.0
2.0
1.0
2.0
130.0
1.0
1.0
22.0
1.0
133.0
605.0
2.0
1.0
33.0
2.0
1.0
1409.0
2.0
1.0
52.0
8.0
26.0
709.0
3842.0
8.0
14.0
108.0
101.0
1.0
8.0
3.0
3.0
4.0
3.0
1.0
1.0
93.0
1.0
26.0
23.0
1.0
5.0
1.0
3.0
1.0
822.0
2.0
1.0
1510.0
1.0
48.0
511.0
2.0
384.0
3.0
3.0
99.0
5.0
1.0
109.0
3.0
3.0
8.0
1.0
1.0
4.0
3.0
3.0
3.0
8.0
2.0
12.0
3.0
5.0
3.0
30.0
1.0
3.0
1.0
3.0
2.0
18.0
1.0
1.0
5.0
1.0
204.0
1.0
19.0
3.0
2.0
1.0
4.0
1.0
1.0
3.0
1.0
3.0
9.0
229.0
3.0
33.0
1.0
10.0
76.0
1.0
157.0
1.0
351.0
1.0
10.0
3.0
3.0
5.0
24.0
512.0
10.0
1.0
3.0
5.0
19.0
3.0
11.0
14.0
1.0
10.0
3.0
3.0
286.0
8.0
389.0
4.0
1.0
1.0
1.0
71.0
395.0
1.0
1.0
1.0
2.0
1262.0
13.0
9.0
171.0
3614.0
1.0
3.0
24.0
1.0
82.0
2.0
41.0
1.0
1.0
5.0
2.0
1.0
2.0
288.0
31.0
248.0
3.0
56.0
61.0
318.0
2.0
31.0
19.0
2.0
2.0
132.0
13.0
50.0
2.0
37.0
4.0
1.0
46.0
2.0
11.0
40.0
121.0
6386.0
9.0
1.0
2.0
3.0
1.0
3.0
2.0
3.0
3.0
200.0
1.0
8.0
1.0
7.0
6.0
6.0
3.0
2883.0
62.0
1.0
3009.0
3.0
86.0
5.0
3.0
3.0
192.0
1.0
2.0
1762.0
3.0
2.0
5.0
1.0
3.0
2.0
1.0
2.0
1.0
1.0
1.0
9.0
1.0
1.0
5119.0
3.0
630.0
30.0
3.0
1229.0
596.0
96.0
22.0
2.0
1.0
1.0
7.0
3.0
796.0
19.0
1.0
10.0
567.0
7.0
102.0
5.0
1.0
27.0
3.0
2.0
2.0
116.0
8.0
2.0
288.0
824.0
3.0
1.0
7.0
3.0
2.0
190.0
120.0
8.0
805.0
3.0
3.0
8.0
3.0
1.0
556.0
1.0
1.0
31.0
3.0
1.0
351.0
5.0
11.0
2.0
93.0
1280.0
1111.0
1.0
1.0
2.0
25.0
3.0
903.0
31.0
3.0
29.0
70.0
1.0
348.0
3.0
24.0
8.0
5.0
51.0
351.0
2.0
70.0
592.0
3.0
1.0
2.0
3.0
1.0
18.0
1.0
230.0
1.0
1.0
4.0
5.0
21.0
17.0
1.0
3.0
1.0
1.0
24.0
1.0
1.0
1.0
7.0
1.0
3.0
1.0
3.0
4.0
24.0
6.0
10.0
4.0
306.0
7.0
175.0
79.0
1.0
2250.0
2.0
379.0
3.0
7.0
3.0
3.0
4.0
1.0
1.0
3.0
1.0
3.0
1.0
14.0
2.0
1.0
17.0
125.0
14.0
9.0
3.0
21.0
9.0
1018.0
1.0
1.0
81.0
261.0
4.0
1.0
1.0
1.0
1.0
1.0
1.0
4.0
2.0
3.0
35.0
4.0
19.0
2.0
3.0
4.0
7.0
1.0
4.0
169.0
1.0
2.0
4.0
41.0
1.0
1.0
5.0
4.0
103.0
1.0
1.0
149.0
1.0
9.0
3.0
24.0
47.0
1.0
67.0
3.0
2.0
1.0
50.0
383.0
377.0
19.0
3.0
281.0
1.0
3223.0
9.0
611.0
316.0
1.0
62.0
4.0
453.0
1.0
2.0
119.0
4.0
1.0
1.0
288.0
1.0
4.0
38.0
302.0
735.0
6.0
1.0
1.0
26.0
51.0
1.0
75.0
1.0
6.0
1.0
4.0
5.0
3.0
3.0
37235.0
6.0
5.0
1.0
2.0
4.0
3.0
2.0
105.0
10.0
23.0
33.0
1440.0
2.0
1.0
1.0
1.0
67.0
1.0
4.0
129.0
1.0
2.0
3.0
3.0
1.0
3065.0
9.0
3.0
1.0
3.0
4.0
2.0
1.0
4753.0
2.0
67.0
3.0
4.0
697.0
49.0
5.0
241.0
107.0
1.0
102.0
1.0
22.0
3.0
6.0
213.0
1.0
7.0
1.0
1.0
6.0
17.0
80.0
1.0
75.0
1.0
3.0
12.0
17.0
152.0
56.0
1078.0
68.0
1314.0
1.0
6.0
6.0
3.0
3.0
1.0
2.0
55.0
2.0
2.0
22.0
1.0
75.0
1.0
2.0
2.0
3.0
3.0
2.0
43.0
4.0
3.0
1.0
810.0
2156.0
331.0
9.0
1.0
1.0
1.0
1.0
1237.0
21.0
24.0
4.0
1.0
3.0
3.0
1.0
2.0
5.0
199.0
2.0
28.0
1.0
64.0
1.0
943.0
1.0
3.0
617.0
103.0
1.0
2.0
52.0
10.0
5.0
1.0
1.0
2.0
8.0
4.0
1.0
1.0
1154.0
8.0
4.0
2.0
8.0
1.0
15.0
3.0
1.0
197.0
62.0
233.0
1.0
2.0
36.0
2.0
4.0
1.0
24.0
4.0
111.0
1.0
416.0
1.0
1.0
2.0
7.0
7.0
9.0
3.0
13.0
2.0
30.0
3.0
4.0
1200.0
19.0
3.0
1.0
21.0
4.0
20.0
5.0
1.0
3.0
43.0
1.0
324.0
1.0
11.0
3.0
3.0
332.0
245.0
1.0
4.0
4.0
1.0
36.0
5.0
9725.0
596.0
4.0
9.0
7.0
6.0
33.0
3.0
1.0
10.0
98.0
31.0
1.0
41.0
19.0
95.0
3.0
1.0
5.0
194.0
2.0
3.0
4.0
16.0
1.0
25.0
9.0
37.0
31.0
1.0
29.0
128.0
591.0
8.0
89.0
21.0
5.0
2.0
3.0
3.0
3000.0
2812.0
886.0
3.0
25.0
2.0
589.0
20.0
2.0
12.0
241.0
11.0
3.0
2.0
102.0
6.0
1.0
1830.0
1.0
1.0
21.0
14385.0
3.0
20.0
4.0
35.0
11.0
1.0
39.0
24.0
1983.0
8.0
1.0
1.0
1.0
296.0
1.0
1.0
3.0
48.0
14.0
24.0
9.0
582.0
1.0
3.0
1.0
1.0
17.0
2.0
16.0
1.0
1387.0
3.0
10.0
1.0
254.0
8.0
10.0
24.0
73.0
31.0
115.0
4.0
7.0
100.0
1.0
3.0
3.0
6207.0
1.0
12.0
52.0
2.0
7.0
1.0
75.0
1.0
103.0
4.0
1.0
1.0
7.0
3.0
2.0
1345.0
3.0
17.0
3.0
9.0
1.0
609.0
2.0
4120.0
4.0
13.0
799.0
1554.0
56.0
1.0
372.0
1.0
1.0
6.0
20.0
5.0
10.0
3.0
24.0
1.0
99.0
117.0
564.0
5.0
1.0
1.0
1.0
5.0
1536.0
17.0
4.0
17.0
279.0
1.0
1.0
1.0
45.0
282.0
3.0
3.0
15.0
14.0
37.0
1.0
2.0
14.0
988.0
95.0
6.0
1.0
4.0
9.0
117.0
3.0
1.0
142.0
3.0
3.0
674.0
3.0
293.0
12.0
44.0
1541.0
37.0
785.0
12.0
4.0
1.0
1.0
2.0
39.0
1.0
1.0
19.0
1.0
1.0
53.0
140.0
3.0
39.0
641.0
12.0
39.0
35.0
3.0
187.0
9.0
4.0
1.0
22.0
1.0
6.0
32.0
1.0
20.0
78.0
1.0
1.0
1.0
1.0
7.0
43.0
1.0
3.0
15.0
1.0
196.0
2.0
172.0
37.0
1.0
47.0
3.0
1.0
3.0
17.0
1.0
10486.0
1.0
6.0
2.0
2.0
2.0
24.0
2.0
114.0
1707.0
46.0
1.0
7.0
15.0
3.0
3.0
55.0
2.0
1.0
1.0
72.0
7.0
2.0
3.0
7.0
39.0
55.0
7.0
1.0
8.0
2.0
2.0
2.0
3.0
8.0
21.0
3.0
2.0
2.0
6.0
2.0
3.0
2.0
92.0
3.0
9.0
3.0
10.0
2103.0
3.0
2.0
4.0
27.0
6.0
25.0
123.0
75.0
2.0
17.0
112.0
243.0
2.0
112.0
2.0
1.0
6.0
1.0
1.0
3.0
92.0
96.0
12.0
7.0
16.0
1.0
2.0
3.0
1.0
3.0
212.0
4.0
4.0
1.0
1.0
5988.0
1.0
2.0
3.0
8.0
5.0
3.0
19.0
11.0
2.0
17.0
3.0
787.0
2.0
1.0
15.0
182.0
20.0
48.0
25.0
2238.0
2.0
2.0
4.0
3.0
3.0
1.0
1845.0
1.0
56.0
1.0
3.0
369.0
1.0
1.0
83.0
1.0
1.0
6.0
20.0
1.0
35.0
2.0
3.0
129.0
1.0
97.0
6.0
2.0
341.0
1.0
1.0
2.0
8.0
2.0
1.0
8.0
7.0
1.0
2.0
38.0
1.0
55.0
3.0
17.0
30.0
4.0
1.0
35.0
1.0
1409.0
790.0
3.0
1593.0
11.0
159.0
5.0
2.0
572.0
1892.0
11.0
52.0
3.0
9.0
19.0
2.0
2.0
8.0
1.0
23.0
2.0
6.0
323.0
9.0
3222.0
3.0
58.0
2.0
4.0
1.0
2.0
1.0
1.0
2.0
3.0
1.0
41.0
1.0
248.0
1.0
2.0
3.0
11.0
33100.0
87.0
1.0
55.0
244.0
9.0
34.0
1.0
35.0
20.0
2.0
2.0
4.0
305.0
2.0
7.0
3.0
1.0
3.0
3.0
1.0
106.0
4.0
3.0
1.0
27.0
2.0
2.0
517.0
1.0
346.0
712.0
6.0
1.0
3.0
3.0
8.0
3.0
196.0
3.0
80.0
3.0
52.0
6.0
1.0
2.0
20.0
1.0
20.0
6.0
1.0
12.0
3.0
1.0
74.0
23.0
30.0
1.0
11.0
1.0
12.0
1.0
1.0
122.0
56.0
1.0
960.0
1.0
1.0
1692.0
51.0
2.0
2.0
3.0
13.0
1.0
694.0
1.0
3.0
3.0
4.0
12.0
278.0
2.0
24.0
3.0
19.0
11.0
1.0
1.0
2.0
2.0
42.0
4982.0
13116.0
1.0
1.0
1.0
46.0
24.0
1.0
1.0
1.0
12.0
4.0
69.0
2290.0
1.0
1.0
105960.0
1.0
3.0
12.0
27.0
24.0
3565.0
2.0
2.0
1.0
9.0
52.0
1.0
1.0
1.0
305.0
1.0
961.0
16.0
18.0
4.0
1.0
3.0
8.0
40.0
27.0
3.0
3.0
90.0
329.0
5.0
1398.0
23.0
9.0
3.0
1.0
1.0
3.0
7.0
27.0
27.0
26.0
3.0
19.0
1.0
1.0
3.0
1.0
73.0
1.0
3.0
31.0
1078.0
3.0
4.0
6470.0
34.0
1.0
17.0
37.0
1.0
811.0
98.0
3.0
3.0
4.0
3.0
12.0
3.0
288.0
3.0
9.0
11.0
60.0
60.0
399.0
1.0
19.0
7.0
1.0
22.0
3.0
1.0
3.0
29.0
1.0
10.0
4.0
920.0
28.0
3.0
3.0
31528.0
2.0
2.0
1.0
2.0
3.0
1.0
12.0
1.0
1.0
3.0
24.0
3.0
4.0
8.0
1.0
12.0
786.0
2.0
4.0
1.0
1.0
795.0
4.0
1.0
2.0
450.0
9.0
8.0
9.0
8.0
1.0
1.0
149.0
1.0
2.0
24.0
1.0
3.0
188.0
18.0
27.0
2.0
3.0
7.0
714.0
3.0
7.0
2.0
19.0
113.0
3.0
8.0
3.0
1302.0
3.0
22.0
1.0
1.0
2.0
1.0
19.0
18.0
16.0
1183.0
3.0
43.0
10.0
2.0
3.0
405.0
519.0
3.0
2.0
2158.0
1.0
376.0
13.0
8.0
17.0
1.0
68.0
167.0
1.0
7.0
9.0
6.0
2.0
1.0
1.0
3.0
14.0
36.0
5.0
84.0
2123.0
2.0
2.0
947.0
19.0
3.0
112.0
4.0
3.0
6.0
1.0
6.0
3.0
347.0
12213.0
134.0
542.0
572.0
3.0
10.0
43.0
44.0
3.0
1.0
2.0
783.0
69.0
3.0
1.0
1.0
1.0
369.0
737.0
2.0
2.0
1.0
7.0
116.0
3.0
1.0
1.0
3.0
2.0
4.0
19.0
2.0
11.0
3.0
1.0
1.0
3.0
19.0
3.0
1.0
308.0
43.0
1.0
1962.0
36.0
4.0
2.0
318.0
94.0
3.0
2.0
1.0
1.0
8.0
24.0
6.0
1.0
12.0
3.0
21.0
1.0
1.0
3.0
3.0
972.0
4.0
1.0
322.0
1.0
3.0
3.0
6.0
2.0
1.0
3.0
1.0
1.0
553.0
1.0
1.0
93.0
1.0
3.0
1.0
2.0
1.0
3125.0
89.0
4.0
282.0
2.0
5.0
45.0
2.0
126.0
2.0
1.0
3.0
102.0
1.0
1.0
3.0
4.0
8.0
1.0
31.0
1.0
2.0
1.0
299.0
1.0
2.0
1.0
19.0
11.0
1.0
25.0
8.0
1.0
9.0
2.0
3.0
2.0
8380.0
55.0
78.0
1.0
1.0
105.0
6.0
34.0
75.0
1.0
83.0
3.0
3.0
1.0
7.0
7.0
1.0
17.0
5.0
1.0
1.0
132.0
3.0
3.0
1940.0
14.0
14.0
1.0
6.0
3.0
59.0
17.0
3.0
2.0
5.0
75.0
50.0
2.0
961.0
30.0
17.0
295.0
4.0
7.0
1.0
9.0
1.0
331.0
63.0
46.0
209.0
4.0
36.0
7.0
2.0
7.0
1.0
44.0
3.0
1647.0
2.0
3.0
7.0
158.0
3.0
1.0
1.0
1.0
573.0
4.0
4.0
491.0
3.0
1.0
51.0
365.0
9.0
3.0
1.0
1.0
4.0
235.0
1.0
2.0
1.0
1.0
2.0
18.0
240.0
336.0
97.0
1.0
2.0
4.0
25.0
1.0
17.0
2.0
3.0
1.0
2.0
3.0
52.0
1.0
1.0
22.0
3.0
10.0
27.0
1.0
21.0
9.0
47.0
3.0
110.0
328.0
1198.0
1078.0
9.0
212.0
911.0
2.0
1.0
3.0
1.0
1.0
11.0
844.0
9.0
6.0
2.0
3.0
4301.0
9.0
604.0
576.0
5.0
10.0
3.0
6.0
10.0
5.0
3.0
8.0
1.0
3.0
2.0
45.0
18.0
6.0
15.0
115.0
1.0
19.0
4.0
1.0
74.0
29.0
1.0
3.0
7.0
3.0
33.0
17.0
9.0
565.0
1.0
3.0
52.0
1.0
1.0
351.0
879.0
1.0
1.0
43.0
1.0
100.0
2.0
1.0
627.0
1.0
2.0
1.0
1.0
15.0
1.0
1.0
56.0
3.0
1.0
3.0
3.0
344.0
2.0
2.0
1.0
3.0
43.0
3.0
34.0
36.0
7.0
1.0
25.0
29.0
21.0
5.0
3.0
8.0
3.0
1.0
2.0
2.0
89.0
1.0
2.0
577.0
1.0
183.0
6.0
1.0
1536.0
7.0
3.0
2.0
1323.0
3.0
1.0
1.0
27.0
1.0
4.0
278.0
4.0
95.0
304.0
353.0
1.0
2.0
10.0
3.0
26.0
1.0
20.0
8.0
1.0
9.0
8.0
1.0
5.0
152.0
64.0
7.0
1.0
43.0
7.0
20.0
1112.0
55.0
1.0
7.0
1.0
4.0
204.0
2.0
273.0
9.0
3.0
21.0
3.0
1.0
176.0
1.0
117.0
34.0
1.0
1.0
1.0
2.0
1.0
1.0
3.0
3.0
1.0
3.0
13.0
1.0
2.0
9.0
2.0
6.0
2.0
2.0
1.0
659.0
3.0
1.0
2.0
3.0
15.0
3.0
1.0
2.0
288.0
26.0
7.0
1.0
1.0
1.0
3.0
1.0
1.0
1.0
10.0
5281.0
6.0
1.0
3.0
8.0
584.0
109.0
1.0
33.0
1.0
4.0
9.0
1198.0
8.0
101.0
1.0
3.0
3.0
3.0
3.0
98845.0
4.0
10.0
37.0
207.0
13.0
30.0
1.0
477.0
11.0
5.0
49.0
1.0
3.0
3.0
4.0
1.0
4.0
1.0
51.0
267.0
15.0
1.0
777.0
3.0
1.0
3.0
393.0
4.0
1.0
1.0
19.0
1.0
65.0
3.0
2.0
10.0
34.0
3.0
28.0
2.0
3.0
26.0
2.0
7.0
1.0
1.0
1.0
1.0
1.0
3.0
179.0
4.0
3.0
3.0
357.0
3.0
1.0
51.0
5.0
32.0
5.0
2.0
52.0
11.0
1.0
2.0
1.0
22486.0
7.0
1.0
1.0
405.0
4.0
1.0
74.0
4.0
9.0
10.0
2.0
2.0
51.0
8.0
2.0
308.0
2.0
1461.0
33.0
27.0
3.0
2.0
1.0
2.0
152.0
11.0
61.0
6.0
3.0
266.0
1698.0
4.0
10193.0
3.0
3.0
1.0
3.0
1.0
3.0
3.0
9.0
2755.0
10.0
3.0
3.0
66.0
3.0
97.0
3.0
9.0
1.0
1.0
2.0
5.0
97.0
3.0
2.0
19.0
16.0
1.0
55.0
3.0
58.0
926.0
6.0
1.0
2.0
1.0
1.0
1.0
4.0
50.0
2.0
3.0
3.0
12.0
171.0
80.0
7.0
3.0
2.0
3.0
3.0
2.0
1.0
3.0
1192.0
3.0
9.0
2.0
8.0
1.0
1.0
12.0
3.0
418.0
4.0
1.0
288.0
6.0
196.0
1018.0
2.0
14.0
1.0
1.0
9.0
3.0
5.0
301.0
1.0
592.0
2.0
3.0
1810.0
1.0
216.0
3.0
5.0
16.0
1.0
22.0
49.0
26.0
2.0
1.0
1.0
292.0
5.0
3.0
3379.0
3.0
707.0
68.0
3.0
3.0
3473.0
1.0
1018.0
106.0
1.0
1.0
1.0
1.0
3.0
2.0
12.0
59.0
3.0
2.0
3.0
3.0
12.0
65.0
3.0
22.0
1.0
3.0
4.0
4.0
3.0
1.0
19.0
1.0
12.0
1.0
231.0
15.0
2.0
3.0
12.0
14.0
664.0
2.0
1592.0
3.0
1.0
1.0
1.0
596.0
2.0
281.0
2.0
2.0
16.0
6.0
3.0
3.0
80.0
21.0
1.0
14.0
1.0
1.0
1.0
439.0
8.0
1.0
3.0
3.0
1.0
797.0
19.0
1.0
1.0
68.0
141.0
7.0
1.0
28.0
55.0
968.0
1.0
145.0
1.0
2.0
1430.0
3.0
636.0
6.0
3.0
4.0
1.0
117.0
4.0
202.0
188.0
1.0
13.0
467.0
4.0
10.0
4.0
1.0
20.0
8.0
1750.0
16.0
12.0
1.0
39.0
2.0
1.0
1.0
1715.0
2.0
1.0
1.0
8.0
984.0
1.0
138.0
3.0
167.0
178.0
3.0
1329.0
3573.0
24.0
22.0
1.0
17.0
3.0
1.0
3.0
32.0
74.0
1.0
2.0
133.0
1.0
6.0
3.0
4.0
48.0
1.0
5.0
8.0
107.0
6.0
2.0
7.0
3.0
46.0
2.0
209.0
305.0
4.0
3.0
3.0
2.0
7.0
3.0
16.0
1.0
17.0
214.0
2.0
76.0
1.0
1.0
147.0
23.0
1.0
24.0
2.0
157.0
1.0
72.0
3.0
2.0
3.0
5.0
8.0
1.0
1.0
630.0
1102.0
10.0
2.0
2.0
1.0
78.0
906.0
1.0
29.0
2.0
1.0
2.0
18.0
3.0
1.0
1.0
88.0
3.0
3.0
1.0
36.0
669.0
6.0
1.0
1.0
1.0
1.0
12.0
1190.0
32.0
3.0
576.0
2103.0
1.0
1.0
1.0
74.0
12.0
1513.0
2.0
13.0
1.0
1.0
1.0
1.0
50.0
1.0
8.0
6.0
2.0
3.0
1317.0
1.0
2.0
1.0
1055.0
2.0
1092.0
18.0
1.0
117.0
1.0
3.0
6.0
1.0
14.0
3.0
4.0
2.0
722.0
59.0
5.0
9.0
30.0
89.0
5.0
4.0
3.0
1.0
1.0
338.0
43.0
313.0
730.0
3.0
35.0
1.0
5.0
684.0
164.0
5.0
1079.0
1.0
1.0
1.0
4.0
55.0
9.0
1.0
2.0
10.0
2.0
4.0
32.0
8.0
338.0
2.0
31.0
1.0
1.0
3.0
1.0
27.0
1.0
45.0
111.0
46.0
1.0
3.0
2.0
1505.0
19.0
20.0
75.0
4.0
2.0
1.0
7.0
9.0
16.0
11.0
5.0
67.0
9.0
3.0
3.0
68.0
2.0
1.0
3.0
211.0
1.0
830.0
1.0
19.0
15.0
1.0
1.0
1746.0
10.0
3.0
1.0
2.0
1.0
3.0
32.0
1.0
481.0
4.0
5.0
21.0
1.0
9.0
1.0
1.0
3.0
8.0
1.0
2.0
3.0
2.0
2.0
82.0
4.0
6.0
65.0
1.0
6.0
3.0
2.0
400.0
1.0
3.0
1.0
340.0
1.0
73.0
3.0
1.0
4.0
1.0
128.0
2.0
2.0
690.0
5.0
1.0
131.0
1830.0
51.0
5.0
1.0
1888.0
3.0
1.0
2.0
27.0
9.0
1.0
2.0
19.0
1.0
33.0
1.0
1.0
20.0
1.0
2.0
1.0
1.0
20.0
40.0
16.0
4.0
16.0
111.0
512.0
3.0
8.0
1.0
1.0
1.0
1.0
1.0
2.0
1.0
1.0
10.0
30.0
5.0
1.0
1.0
29.0
1.0
66.0
12.0
100.0
483.0
2.0
75.0
75.0
1.0
3.0
2.0
1.0
1.0
375.0
3.0
4.0
2.0
28.0
5.0
102.0
222.0
2.0
1.0
19.0
3.0
6.0
1.0
6.0
12.0
145.0
3.0
166.0
1.0
13.0
500.0
6.0
7.0
52.0
3.0
9.0
4.0
1.0
23.0
1.0
2.0
3.0
115.0
3.0
512.0
1.0
36.0
2.0
16.0
1.0
2.0
1.0
255.0
10.0
2139.0
3.0
3624.0
1.0
3.0
3.0
1.0
250.0
33.0
1.0
184.0
12.0
2.0
178.0
1.0
2.0
1.0
2.0
3.0
1.0
3.0
2.0
24.0
1.0
1.0
1.0
9.0
3.0
1.0
5043.0
1503.0
2.0
1.0
8.0
1.0
67.0
1.0
18.0
172.0
7.0
9.0
5.0
1.0
3416.0
6.0
67.0
1.0
1.0
25.0
1.0
2.0
30.0
6.0
36.0
408.0
3.0
37.0
3.0
1.0
3.0
3.0
1.0
1.0
1.0
1.0
1310.0
3.0
47.0
2.0
16.0
12.0
1.0
1.0
33.0
1023.0
2.0
157.0
2.0
5.0
1.0
1.0
67.0
16.0
1.0
3.0
8.0
5.0
1059.0
3626.0
5.0
3.0
1129.0
4.0
67.0
9.0
9.0
1.0
5.0
3.0
1373.0
324.0
444.0
99.0
177.0
279.0
3.0
212.0
16.0
344.0
5.0
4.0
1.0
3.0
2.0
460.0
1.0
249.0
406.0
6.0
5.0
2.0
12.0
30299.0
3.0
95.0
24.0
1.0
24.0
1.0
2.0
8.0
1.0
342.0
4.0
6.0
3.0
2.0
84.0
421.0
682.0
4.0
89.0
1.0
1.0
3.0
1.0
1.0
1.0
79.0
1.0
1.0
1.0
1.0
1.0
3.0
694.0
30.0
1.0
1.0
6.0
205.0
439.0
7.0
3.0
4.0
1.0
4.0
1.0
9.0
43.0
2.0
3.0
8.0
6.0
1.0
1.0
1.0
8.0
1.0
3.0
105.0
2.0
1.0
9.0
33.0
64.0
1.0
335.0
4.0
4.0
259.0
1.0
7.0
3.0
45.0
17.0
2.0
8.0
48.0
1.0
1.0
3.0
2.0
1.0
7.0
10.0
2.0
1.0
11.0
124.0
3.0
4.0
1.0
960.0
48.0
7.0
3.0
3.0
16.0
1.0
7.0
53.0
2.0
13.0
3.0
722.0
3.0
2.0
5.0
4.0
17.0
523.0
1.0
20.0
3.0
99.0
2.0
3.0
67.0
667.0
82.0
3.0
2.0
1.0
3.0
6.0
202.0
4.0
1.0
3.0
6.0
522.0
9.0
3.0
217.0
1179.0
10.0
3.0
5.0
1.0
98.0
1.0
1.0
3.0
3.0
2267.0
19.0
2.0
10.0
1.0
1.0
251.0
1.0
17.0
2.0
20.0
4.0
10.0
3.0
3.0
2.0
1.0
2.0
1.0
1.0
18.0
9.0
12.0
1.0
1.0
1.0
1.0
14.0
3.0
24.0
7.0
1.0
97.0
163.0
1644.0
1.0
1.0
1.0
1.0
6700.0
847.0
1.0
730.0
2.0
1.0
1.0
5.0
139.0
1.0
4.0
961.0
1.0
28899.0
2.0
1.0
1.0
1.0
3.0
1.0
1.0
3.0
1.0
3.0
2.0
1.0
3.0
2.0
1.0
10.0
73.0
6.0
3.0
3.0
3.0
886.0
3.0
1.0
2.0
2.0
3.0
1.0
3.0
3.0
3.0
1.0
55.0
2.0
2.0
25.0
31.0
3.0
3.0
11.0
100.0
9.0
3.0
1.0
62.0
2.0
8.0
3.0
1.0
3.0
1.0
965.0
8.0
26.0
313.0
9.0
2.0
2.0
1.0
105.0
3534.0
60.0
75.0
93.0
1.0
4.0
5.0
2.0
4.0
1.0
13.0
70.0
1.0
7.0
1.0
117.0
3.0
1.0
123.0
21.0
1.0
3.0
2.0
581.0
97.0
130.0
3.0
1.0
1.0
251.0
1.0
3.0
10.0
7.0
299.0
10.0
1.0
3.0
15.0
1.0
10.0
1.0
137.0
1.0
2.0
2.0
1.0
980.0
3.0
613.0
3.0
2.0
3.0
4.0
3.0
204.0
65.0
5.0
8.0
3.0
5.0
155.0
11.0
18.0
3.0
1.0
4.0
1.0
2.0
312.0
3.0
2.0
1.0
13.0
2.0
6.0
2.0
173.0
5.0
40.0
59.0
6.0
1.0
14.0
9.0
43.0
1.0
189.0
1.0
3.0
9.0
2.0
327.0
2.0
367.0
4.0
303.0
1.0
4.0
1.0
3.0
3.0
3.0
9.0
3.0
3.0
1.0
11.0
734.0
1.0
1.0
1.0
1.0
4.0
3.0
2.0
8.0
370.0
17.0
3989.0
8.0
1.0
3.0
3.0
1.0
3.0
1229.0
2.0
3.0
1.0
600.0
35.0
369.0
404.0
1.0
3.0
3.0
2.0
1.0
3.0
1.0
1299.0
331.0
4.0
2.0
248.0
9.0
1.0
1.0
1.0
7.0
141.0
3.0
1.0
15.0
8.0
2.0
1216.0
8.0
2.0
82.0
24.0
57.0
3.0
1.0
351.0
84.0
9.0
1356.0
111.0
1.0
4.0
32.0
3.0
1078.0
7.0
445.0
19.0
1.0
38.0
7.0
4.0
1.0
199.0
4.0
1.0
21.0
2.0
1.0
32.0
492.0
4.0
1.0
86.0
111.0
1.0
19.0
1191.0
12.0
70.0
728.0
1.0
2.0
3.0
1.0
35.0
79.0
12.0
609.0
3.0
1.0
1.0
7.0
24.0
2.0
282.0
3.0
3.0
5.0
3.0
6.0
5.0
9.0
1.0
2.0
2.0
107.0
1.0
2.0
16.0
7.0
338.0
432.0
7.0
21.0
2.0
9.0
19.0
2.0
3.0
32.0
5.0
1.0
1.0
178.0
3.0
695.0
3.0
1.0
1.0
24.0
565.0
1.0
1.0
794.0
3.0
3.0
42.0
8.0
8.0
3.0
10.0
87.0
93.0
4.0
310.0
193.0
16.0
4.0
91.0
1.0
2.0
5.0
1.0
1.0
66.0
3.0
2.0
585.0
55.0
3.0
9.0
1.0
360.0
111.0
3.0
3.0
950.0
1.0
674.0
370.0
290.0
11.0
1.0
3.0
101.0
3.0
224.0
1.0
74.0
1.0
2.0
2.0
1.0
50.0
1020.0
3.0
1.0
3.0
3.0
484.0
1614.0
156.0
265.0
1.0
2.0
2.0
2.0
1.0
3.0
3.0
137.0
88.0
288.0
2.0
2.0
1.0
4.0
2798.0
20.0
3.0
3.0
3.0
1.0
8.0
1.0
2.0
21.0
886.0
1.0
1.0
3.0
5.0
131.0
2.0
16859.0
1.0
16.0
1003.0
3.0
2925.0
8.0
1.0
3.0
34.0
1.0
13.0
1.0
3.0
27.0
2.0
16.0
2.0
14.0
13.0
3.0
1.0
158.0
1.0
53.0
133.0
2.0
1.0
64.0
4.0
1.0
145.0
421.0
1.0
1.0
3.0
1.0
4.0
3.0
9.0
7.0
53.0
1.0
18.0
4.0
145.0
32.0
224.0
14.0
428.0
2.0
9.0
73.0
7.0
63.0
1.0
6.0
3.0
37.0
16.0
3.0
16.0
2.0
10.0
212.0
6.0
371.0
3.0
3.0
1.0
25.0
1.0
1.0
1.0
1.0
1.0
1.0
13.0
23.0
119.0
1.0
411.0
90.0
1.0
1.0
3.0
1111.0
9.0
1.0
3.0
3.0
1.0
1.0
4.0
5.0
118.0
36.0
24.0
11.0
14.0
2.0
3.0
11.0
84.0
1.0
4.0
1.0
3.0
1.0
1.0
1.0
299.0
22.0
3.0
318.0
2.0
75.0
1.0
2.0
832.0
3.0
2.0
3.0
1.0
30.0
24.0
8.0
15.0
1.0
1.0
299.0
1.0
1.0
1.0
2.0
310.0
3.0
3.0
7.0
63.0
144.0
38.0
555.0
9.0
1.0
5.0
2.0
4445.0
9.0
3.0
4.0
17.0
1.0
1.0
1.0
1.0
27.0
76.0
1.0
1.0
9.0
1.0
9.0
149.0
125.0
59.0
3.0
32.0
14.0
2.0
338.0
4.0
1.0
77.0
238.0
4.0
4.0
11.0
1.0
1.0
18.0
8685.0
24.0
1.0
1.0
21.0
2.0
1.0
279.0
3.0
18.0
9.0
81.0
1.0
3.0
1.0
1.0
1.0
3.0
1.0
1.0
15.0
1.0
802.0
24.0
3.0
1.0
5.0
2.0
3.0
46.0
61.0
5182.0
1.0
6.0
1.0
4.0
686.0
3.0
1.0
1.0
2.0
3.0
1.0
39.0
1.0
3.0
1.0
677.0
2.0
39.0
105.0
1.0
4.0
227.0
2.0
1.0
2.0
10.0
1482.0
15.0
758.0
1.0
86.0
17.0
3.0
3.0
4.0
1.0
1.0
1.0
2.0
7.0
8.0
17.0
3.0
1.0
21.0
3.0
2.0
1.0
3.0
28.0
53.0
171.0
1.0
1.0
7.0
4.0
4.0
3.0
2.0
21.0
462.0
2.0
202.0
43.0
2.0
1.0
1.0
2.0
773.0
11.0
229.0
6.0
1.0
1.0
1.0
78.0
50.0
38.0
16.0
67.0
2590.0
1.0
3.0
1.0
1.0
1.0
4.0
8.0
3.0
21.0
113.0
1.0
23.0
2.0
234.0
3.0
3.0
7.0
102.0
3.0
1.0
2.0
5.0
137.0
1.0
4.0
2.0
2.0
48.0
5.0
1.0
40.0
3.0
1.0
42.0
24.0
11.0
74.0
27.0
8.0
4.0
3.0
6.0
1018.0
2.0
1.0
3.0
133.0
3.0
13.0
50.0
1.0
5.0
1.0
14.0
1.0
17.0
281.0
18.0
7.0
1.0
15.0
2.0
1030.0
1045.0
3.0
3.0
3.0
3.0
3.0
9.0
5.0
24.0
292.0
2.0
19.0
3.0
2550.0
7.0
102.0
3.0
2.0
1.0
7.0
2.0
840.0
5.0
4.0
7.0
3.0
6.0
10.0
269.0
3.0
3.0
15.0
1.0
349.0
131.0
1.0
4.0
7.0
54.0
1735.0
7.0
3.0
1.0
2.0
13.0
1137.0
38.0
22.0
22.0
4.0
117.0
2.0
2.0
8.0
9.0
113.0
15.0
75.0
2.0
3.0
3.0
3.0
6.0
713.0
35.0
9.0
4.0
61.0
351.0
7.0
1.0
19.0
3.0
1.0
20.0
1.0
6.0
14.0
14.0
1.0
2.0
524.0
288.0
1.0
1.0
92.0
2.0
272.0
3.0
3.0
150.0
1.0
3.0
26.0
3.0
4.0
1.0
1.0
1.0
1.0
3.0
1.0
3.0
301.0
2.0
1.0
1523.0
1.0
129.0
20.0
284.0
1.0
1.0
27.0
1628.0
61.0
157.0
2.0
31.0
19.0
134.0
1.0
3.0
3.0
1.0
2.0
1.0
75.0
3.0
1.0
31.0
1.0
1.0
3.0
1.0
1.0
106.0
3687.0
23622.0
9.0
1482.0
1.0
1.0
2.0
29.0
8.0
3.0
6.0
1.0
1.0
2.0
4.0
4.0
14.0
1092.0
2.0
2.0
1.0
421.0
2.0
1.0
3.0
19.0
1.0
2.0
542.0
3.0
12.0
32.0
393.0
8.0
1.0
1.0
10.0
1.0
45.0
22.0
2.0
1.0
1.0
4.0
1.0
1.0
498.0
1.0
19.0
1.0
2.0
2.0
9.0
34.0
1.0
3.0
25.0
1.0
1.0
5.0
403.0
3.0
434.0
371.0
4.0
2.0
3.0
6.0
1.0
976.0
65.0
3.0
3.0
2.0
1.0
20.0
4.0
622.0
2.0
6.0
151.0
32.0
571.0
22.0
3.0
7.0
129.0
14.0
4.0
15802.0
79.0
297.0
232.0
2.0
351.0
8.0
4.0
3.0
2.0
3.0
1.0
1.0
3.0
678.0
3.0
5.0
1.0
3.0
5.0
3.0
2.0
3.0
4.0
3339.0
1.0
1.0
105.0
4.0
113.0
1.0
2.0
57.0
8.0
1.0
19.0
1.0
1.0
2.0
1.0
31.0
1.0
73.0
66.0
78.0
1.0
5.0
19.0
1.0
7.0
4920.0
1.0
3.0
32.0
34.0
6.0
3.0
44.0
8507.0
3.0
382.0
1.0
1332.0
115.0
40.0
1116.0
8.0
1.0
6.0
1.0
14.0
229.0
5.0
2.0
2.0
1417.0
3.0
1.0
19.0
311.0
38.0
3.0
2.0
3.0
65.0
1.0
3.0
4.0
1.0
1.0
1.0
4.0
3.0
5.0
1.0
1.0
9.0
1.0
3.0
1.0
6.0
759.0
4322.0
1.0
13.0
1.0
236.0
73.0
3.0
584.0
1225.0
1733.0
2191.0
1.0
19.0
1.0
3.0
1.0
3.0
1856.0
1.0
111.0
1.0
49.0
257.0
3.0
12.0
146.0
3.0
4.0
93.0
55.0
58.0
1.0
1.0
3.0
2.0
566.0
4.0
7.0
157.0
3.0
2.0
9.0
1.0
1.0
1.0
10.0
2.0
2.0
35.0
30.0
2.0
2.0
62.0
924.0
24.0
3.0
17.0
1.0
10.0
2.0
86.0
342.0
68.0
1.0
25.0
4.0
3.0
6.0
24.0
2.0
631.0
576.0
37.0
1.0
25.0
5.0
2.0
509.0
3.0
1.0
3.0
13.0
3.0
15.0
1.0
1.0
1.0
21.0
36.0
5.0
2.0
1.0
2.0
1.0
1.0
3.0
2.0
32.0
24.0
3.0
3.0
3.0
7.0
88.0
2.0
826.0
14.0
2.0
2754.0
1.0
377.0
1086.0
3.0
2.0
19.0
157.0
803.0
2.0
33.0
6.0
3.0
3.0
14.0
1.0
2.0
63.0
1252.0
2.0
2.0
1.0
1.0
1.0
6.0
3.0
371.0
2.0
3.0
5.0
3.0
1.0
1.0
441.0
1.0
3.0
500.0
37747.0
39.0
15.0
2.0
3.0
136.0
12.0
1.0
1.0
2.0
1.0
1.0
3.0
126.0
1.0
4.0
107.0
94.0
73.0
3.0
3.0
10.0
5.0
1.0
142.0
13.0
160.0
2.0
4573.0
890.0
7.0
660.0
6.0
596.0
2.0
3.0
292.0
163.0
4.0
1.0
21.0
3.0
1.0
1.0
7.0
273.0
689.0
8.0
6.0
3.0
1.0
353.0
55.0
1.0
20.0
3.0
1.0
1.0
292.0
22.0
1.0
1.0
30.0
8.0
3.0
296.0
93.0
25.0
1278.0
20.0
351.0
2.0
1.0
1.0
24.0
7635.0
1.0
112.0
5.0
166.0
17.0
12.0
44.0
3.0
5.0
2.0
4.0
161.0
3.0
2.0
2.0
1.0
55.0
1.0
33.0
1.0
2.0
7.0
13.0
1.0
1.0
252.0
2.0
1.0
6133.0
4.0
18.0
2.0
3.0
1.0
1.0
9.0
30.0
1.0
1.0
6.0
7.0
1.0
1.0
1.0
615.0
1.0
3.0
242.0
360.0
12.0
6.0
3.0
1.0
46.0
4.0
3.0
4.0
3.0
574.0
3.0
1.0
63.0
1566.0
3.0
1.0
7.0
1.0
2.0
251.0
498.0
3.0
20.0
8.0
3.0
155.0
3.0
1215.0
648.0
3.0
2.0
1316.0
3.0
697.0
2.0
1.0
1.0
1968.0
1.0
3.0
1.0
4.0
1229.0
2.0
1.0
1.0
1.0
10.0
189.0
4.0
8.0
28.0
23.0
1.0
76.0
5.0
1.0
1.0
351.0
65.0
611.0
3.0
1.0
1.0
4.0
39.0
100.0
3.0
3.0
24.0
252.0
1.0
13.0
1.0
3.0
3.0
3.0
1.0
1.0
1.0
31.0
90.0
3.0
6.0
4.0
9.0
6.0
3.0
1.0
6.0
1.0
38.0
1.0
1.0
1.0
1.0
1.0
4.0
2.0
400.0
3.0
2.0
1.0
3.0
7.0
17.0
1.0
3.0
2.0
1.0
5.0
16.0
5.0
1.0
5.0
11.0
13.0
3.0
2.0
5.0
1.0
1.0
1430.0
19.0
4.0
3.0
35.0
1.0
3.0
1.0
19.0
125.0
1.0
1.0
1864.0
65.0
288.0
1.0
1.0
1.0
16.0
3.0
1.0
1.0
25.0
789.0
299.0
3.0
4.0
1.0
94.0
448.0
3.0
47.0
2.0
1.0
166.0
3.0
5.0
2064.0
604.0
1.0
4.0
3.0
4.0
12.0
1.0
39.0
9.0
3.0
1.0
8.0
1.0
1872.0
278.0
2.0
3.0
2.0
249.0
38.0
3.0
1.0
25.0
9.0
3.0
10.0
2.0
4.0
132.0
11.0
1.0
1511.0
1.0
1.0
1.0
1.0
5.0
1.0
3.0
1.0
2.0
3.0
3.0
3.0
3.0
3.0
50.0
1.0
5.0
6.0
1.0
68.0
3.0
797.0
3.0
2.0
262.0
6.0
12.0
1.0
325.0
192.0
2.0
1.0
75.0
3.0
59.0
1.0
1.0
83.0
3.0
3.0
3.0
9.0
58.0
698.0
5.0
2.0
1.0
1.0
8.0
5.0
1.0
67.0
338.0
137.0
2.0
1.0
13.0
465.0
53.0
48.0
2.0
56.0
2.0
21.0
9.0
1.0
151.0
57.0
1.0
2.0
14033.0
3.0
4.0
3.0
309.0
27.0
4.0
1.0
138.0
1.0
1.0
1.0
1.0
4.0
102.0
16.0
1.0
777.0
141.0
288.0
232.0
1.0
2.0
1.0
6.0
1480.0
20.0
1.0
1.0
4.0
1306.0
1.0
29.0
2.0
2.0
3.0
1.0
2.0
3.0
4.0
1.0
8.0
3.0
2.0
830.0
12.0
7.0
1.0
1.0
3.0
432.0
2.0
1.0
1.0
9.0
4.0
1.0
385.0
5.0
1.0
1.0
2.0
3.0
2.0
2.0
2.0
1.0
1.0
1.0
2.0
1.0
4.0
11.0
2.0
404.0
243.0
126.0
6.0
2.0
16.0
2.0
866.0
6.0
3.0
4.0
1.0
5.0
1.0
1.0
3.0
2.0
2.0
1018.0
2.0
4.0
102.0
65.0
60.0
492.0
13.0
17.0
1.0
1.0
1.0
39.0
2.0
3.0
24.0
967.0
1.0
1.0
28.0
9.0
4.0
2.0
374.0
1.0
2.0
959.0
2426.0
74.0
4.0
1.0
9.0
3.0
61.0
2.0
2.0
21.0
1565.0
19.0
2.0
1.0
6.0
7.0
1.0
3.0
285.0
61.0
1.0
1.0
3.0
1.0
7.0
3.0
4.0
1115.0
2.0
14.0
1.0
1.0
24.0
6.0
266.0
1.0
1.0
90.0
2.0
19.0
2.0
1.0
3.0
2.0
1.0
45.0
168.0
201.0
1.0
395.0
6.0
1941.0
1.0
19.0
2.0
17.0
2.0
7.0
9.0
2.0
17.0
2.0
2.0
1.0
2.0
1.0
3.0
1.0
1.0
156.0
2.0
13.0
1.0
2.0
2.0
3224.0
16.0
3.0
17.0
1.0
2.0
1.0
1.0
2.0
3.0
3.0
4.0
1.0
4.0
1.0
9.0
1.0
3.0
20.0
4.0
1.0
421.0
1.0
4.0
7.0
2.0
35.0
5.0
3818.0
3.0
2.0
44.0
4.0
13.0
1.0
1.0
3.0
3.0
3.0
21.0
1660.0
397.0
7.0
14.0
1.0
124.0
8.0
48.0
11.0
4.0
1.0
2.0
518.0
1.0
451.0
10.0
3.0
89.0
12.0
1.0
1.0
1285.0
3.0
1.0
6.0
1.0
3.0
2.0
3.0
68.0
2696.0
9.0
17.0
1.0
3.0
1.0
41.0
2.0
2.0
60.0
977.0
2.0
1.0
106.0
3.0
553.0
4.0
69.0
5.0
3.0
3.0
3.0
33.0
403.0
3.0
3.0
4.0
5.0
3.0
2.0
4.0
4.0
2.0
1.0
19.0
946.0
1.0
129.0
14684.0
1.0
7.0
6.0
3.0
3.0
1.0
1.0
1.0
3.0
1.0
2.0
2.0
1.0
1.0
2.0
282.0
152.0
3.0
1.0
72.0
362.0
178.0
31.0
1.0
2.0
4.0
2.0
1.0
351.0
3.0
1.0
1.0
1.0
61.0
1.0
1.0
160.0
3.0
8.0
792.0
23.0
8.0
3.0
3.0
2310.0
152.0
8.0
3.0
339.0
12950.0
1.0
1.0
7.0
18.0
142.0
2.0
7.0
64.0
63.0
1.0
2.0
80.0
7.0
1.0
6.0
287.0
1.0
5.0
2.0
7.0
109.0
3.0
8.0
19.0
295.0
3.0
3.0
47.0
21.0
1.0
571.0
1.0
7.0
1.0
22.0
14.0
3041.0
1.0
1.0
182.0
2.0
1.0
2.0
5.0
1.0
1.0
4.0
2.0
4785.0
3.0
1288.0
3.0
252.0
1.0
3.0
1.0
24.0
10.0
3.0
3.0
1.0
3.0
1.0
14.0
596.0
1.0
2.0
3.0
11.0
1.0
1.0
13840.0
2.0
4.0
1.0
28.0
3.0
10.0
164.0
1.0
1.0
35.0
1.0
24.0
205.0
14.0
5.0
6.0
2.0
3.0
1428.0
2.0
1.0
50.0
17.0
1.0
282.0
1.0
2.0
1.0
3.0
1.0
33.0
691.0
4024.0
1.0
129.0
1.0
78.0
1.0
31.0
4934.0
1.0
1.0
37.0
1.0
1.0
1.0
3.0
6.0
5.0
1.0
1.0
1.0
1.0
1.0
610.0
65.0
10.0
9.0
3.0
8.0
3.0
1.0
134.0
36.0
3.0
2762.0
101.0
4121.0
569.0
2.0
37.0
63.0
2.0
3.0
489.0
43.0
56.0
2.0
2.0
7.0
1.0
60.0
1.0
252.0
1.0
1.0
5.0
11.0
1.0
156.0
3.0
38.0
1.0
8.0
2891.0
196.0
1.0
1.0
2.0
1.0
16.0
8.0
7.0
1.0
85.0
1.0
4.0
4.0
2.0
23.0
163.0
5.0
1.0
23.0
1.0
58.0
150.0
1.0
10.0
1.0
32.0
2.0
2.0
553.0
1517.0
20.0
303.0
3.0
961.0
52.0
3.0
120.0
1.0
2.0
2.0
1.0
11265.0
11.0
2.0
1.0
2.0
1.0
3.0
8.0
1.0
4.0
6.0
340.0
109.0
610.0
1847.0
1.0
3.0
3.0
7.0
421.0
232.0
2.0
1.0
56.0
1.0
1.0
32.0
17.0
682.0
4.0
823.0
3.0
957.0
34.0
1.0
3.0
1.0
2.0
3.0
1.0
282.0
138.0
662.0
404.0
3.0
2.0
556.0
1.0
12.0
3.0
1.0
451.0
3.0
3.0
1.0
36.0
9.0
1.0
2.0
4.0
3.0
2.0
3.0
1.0
1.0
2.0
3.0
19.0
1.0
1420.0
99.0
1.0
3.0
128.0
2.0
1.0
1.0
4.0
30.0
7.0
3.0
1.0
64.0
17.0
573.0
7.0
70.0
1.0
1.0
1.0
11.0
8.0
1010.0
2367.0
5.0
59.0
759.0
544.0
2.0
1.0
2.0
687.0
6.0
1.0
139.0
1.0
13.0
129.0
5.0
3.0
1.0
2.0
2.0
56.0
22.0
1.0
47.0
114.0
65.0
86.0
2.0
2.0
3.0
4.0
1.0
1.0
5.0
381.0
2228.0
3.0
8.0
2.0
26.0
1.0
230.0
1.0
9.0
3.0
1.0
2.0
2.0
25.0
3.0
210.0
6.0
1.0
9.0
8.0
1.0
23.0
1.0
3.0
12.0
3.0
3.0
1.0
13.0
265.0
43.0
5.0
4.0
1.0
38.0
2.0
3.0
1.0
1.0
3.0
3.0
3.0
288.0
32.0
11.0
25.0
855.0
2.0
12.0
1.0
1.0
353.0
8.0
12.0
2.0
1.0
3.0
6.0
4.0
676.0
1.0
2.0
2.0
19.0
23.0
3.0
1018.0
7.0
3614.0
74.0
16479.0
5.0
4.0
3.0
7.0
3.0
1.0
1.0
33.0
2.0
8.0
58.0
2.0
19.0
1.0
1.0
1.0
7.0
4.0
3.0
71.0
526.0
168.0
1.0
4.0
2.0
631.0
8.0
23.0
4.0
2.0
2.0
1.0
4.0
1.0
40.0
1.0
2180.0
43.0
3.0
3.0
3.0
4.0
1.0
7.0
1.0
1159.0
11.0
1.0
961.0
1.0
1.0
2.0
1.0
47.0
26.0
838.0
2.0
1.0
4.0
3.0
38.0
249.0
3.0
4982.0
1.0
4.0
8.0
27.0
1.0
2.0
1.0
65.0
1.0
5.0
3.0
1.0
4.0
2.0
1.0
82.0
6.0
111.0
14.0
2.0
3.0
50.0
290.0
1.0
1.0
1.0
22.0
591.0
39.0
3.0
15.0
1.0
7.0
12.0
1.0
32.0
1027.0
12.0
512.0
3270.0
1.0
97.0
1143.0
158.0
3.0
26.0
6.0
13.0
259.0
2440.0
3.0
305.0
1.0
3.0
4.0
2.0
2.0
20160.0
1.0
2.0
4.0
1.0
30.0
3.0
1.0
1.0
19.0
952.0
2.0
4.0
129.0
3.0
1943.0
35.0
1.0
1.0
4.0
16.0
222.0
1.0
144.0
1.0
2.0
1.0
3.0
115.0
52.0
5.0
1.0
1.0
1.0
2325.0
2.0
6.0
2.0
24.0
1.0
1.0
1.0
20.0
125.0
1.0
9.0
14.0
23.0
4.0
1.0
1.0
65.0
55.0
959.0
351.0
4.0
3.0
2.0
1.0
1.0
6.0
1.0
922.0
3827.0
2.0
6.0
1.0
27.0
2.0
16.0
26.0
1.0
3.0
7.0
9.0
4.0
1458.0
1.0
2267.0
83.0
33.0
313.0
313.0
21.0
24.0
14.0
9739.0
3.0
23163.0
1452.0
19.0
3.0
34.0
1.0
24.0
1.0
2.0
3.0
2.0
8.0
1.0
3.0
1.0
1.0
870.0
6.0
1.0
126.0
39.0
55.0
1.0
3.0
1.0
3.0
401.0
972.0
48.0
1.0
4428.0
29.0
10.0
15.0
3.0
1.0
8.0
4.0
7.0
16.0
459.0
22.0
11.0
335.0
1.0
1.0
3.0
18.0
3.0
1438.0
3.0
468.0
3.0
29.0
14.0
4.0
10.0
2.0
11.0
1.0
3.0
6.0
1.0
1.0
3.0
3.0
1.0
2.0
1484.0
3.0
14.0
1186.0
1.0
1.0
1.0
1.0
15.0
4.0
1.0
8.0
2.0
57.0
11.0
4.0
1.0
40.0
412.0
5.0
3.0
11.0
10.0
17.0
1.0
1.0
1.0
425.0
3.0
3.0
19.0
5.0
576.0
3.0
2.0
2.0
2.0
1.0
1710.0
2.0
78.0
50.0
1.0
3.0
6.0
11.0
1.0
392.0
835.0
1.0
4.0
1.0
3.0
20.0
2.0
2.0
492.0
666.0
48.0
682.0
17.0
3.0
4.0
2.0
2.0
1.0
7.0
2.0
401.0
1.0
31.0
1.0
1.0
86.0
2.0
1.0
58.0
2.0
3.0
1.0
7.0
3.0
4.0
8.0
290.0
1390.0
562.0
1.0
3.0
9.0
3.0
1.0
1.0
3.0
351.0
5.0
1316.0
4.0
24.0
4.0
8.0
5.0
8.0
638.0
2.0
8.0
1.0
3.0
8.0
1.0
2.0
19.0
9.0
2.0
3.0
3.0
805.0
3.0
3.0
347.0
3.0
1.0
46.0
2.0
4.0
2749.0
3.0
8.0
3.0
34.0
7.0
1.0
2.0
1.0
193.0
1.0
8.0
1497.0
3.0
1.0
1.0
4.0
3.0
6.0
1053.0
3.0
3.0
2.0
3.0
20.0
1.0
1.0
15.0
5.0
1.0
50.0
18.0
3.0
1.0
4.0
3.0
4.0
8.0
1.0
2.0
3.0
38.0
3.0
1.0
721.0
8.0
1.0
2.0
9.0
2.0
286.0
3.0
17.0
5.0
17.0
55.0
6.0
25.0
1428.0
1.0
5.0
2.0
3.0
1.0
5.0
3.0
4.0
33.0
4.0
66.0
24.0
1.0
1.0
17.0
2.0
5.0
3.0
9.0
272.0
1.0
726.0
2.0
1.0
1.0
4.0
520.0
20.0
1.0
81.0
5.0
2419.0
2.0
1.0
1.0
3.0
1.0
2.0
24.0
3683.0
3.0
12.0
3.0
45.0
3.0
11.0
7.0
351.0
5.0
3.0
3.0
50.0
10.0
13.0
1.0
3.0
239.0
3.0
3.0
6.0
1.0
8.0
3.0
136.0
4.0
1.0
2.0
1.0
43.0
609.0
98.0
3.0
2.0
1.0
2.0
1.0
7.0
184.0
3.0
965.0
661.0
3.0
2.0
19.0
249.0
133.0
3.0
2.0
12.0
16.0
1515.0
4.0
5.0
81.0
115.0
3.0
3.0
7.0
8.0
7.0
298.0
11.0
833.0
3.0
8.0
2.0
1.0
69.0
2.0
2.0
46.0
22.0
751.0
32.0
3.0
696.0
1.0
1.0
12.0
1.0
1.0
3.0
3.0
3.0
4.0
45.0
34.0
17.0
1775.0
1.0
351.0
303.0
1.0
24.0
1.0
5.0
64.0
2.0
22.0
1.0
42.0
1.0
3.0
27.0
1.0
3.0
3.0
27.0
3.0
1.0
1571.0
112.0
105.0
6.0
1.0
1.0
3.0
1.0
5.0
18.0
840.0
6.0
7.0
338.0
2.0
1.0
104.0
5.0
16.0
43.0
4.0
1.0
2.0
3.0
21.0
5.0
1.0
16.0
1.0
1.0
1.0
1.0
2.0
1.0
154.0
2.0
328.0
12.0
1.0
11.0
33.0
110.0
97.0
2.0
1.0
252.0
3.0
6.0
25.0
4.0
2.0
11.0
3.0
3.0
21.0
8.0
4.0
3.0
1.0
1.0
1.0
3.0
4.0
1.0
3952.0
2.0
1.0
3.0
2.0
1.0
3.0
274.0
2.0
3.0
321.0
1.0
85.0
17.0
2.0
55.0
118.0
85.0
4.0
13.0
150.0
31.0
1.0
1.0
1.0
3.0
3.0
1.0
4.0
3.0
3.0
1.0
256.0
5.0
19.0
46.0
3.0
267.0
184.0
3.0
2.0
1.0
1.0
2.0
202.0
1.0
115.0
1.0
1.0
1.0
1.0
17.0
5.0
12.0
3.0
4.0
353.0
18.0
364.0
1091.0
54.0
1.0
1.0
5.0
3.0
118.0
195.0
1.0
4781.0
1.0
3.0
65.0
15.0
3.0
1.0
3.0
3.0
6.0
1.0
3.0
6.0
2.0
484.0
4.0
1.0
1.0
783.0
53.0
2.0
2.0
3.0
3.0
3.0
4.0
12.0
3606.0
4.0
1.0
32.0
19.0
1.0
48.0
754.0
1.0
1400.0
6.0
157.0
1.0
56.0
9.0
11.0
1.0
9.0
62.0
54.0
3.0
1.0
3.0
6.0
3.0
1.0
3.0
1.0
1.0
18.0
7.0
1.0
16.0
1.0
14.0
1.0
3.0
32.0
2.0
1.0
32.0
3.0
578.0
31.0
1.0
1.0
3.0
3.0
2.0
1.0
2.0
557.0
1.0
4448.0
430.0
1.0
13.0
654.0
1.0
75.0
3.0
2.0
44.0
24.0
1500.0
6.0
1.0
4.0
1.0
19.0
69.0
1.0
1.0
2.0
3.0
1738.0
943.0
1224.0
1.0
1250.0
55.0
165.0
148.0
2.0
4.0
189.0
3.0
7.0
71.0
8.0
5.0
3.0
1.0
1.0
64.0
43.0
11.0
2.0
2.0
3.0
3.0
1.0
8.0
11.0
9.0
1.0
5.0
1.0
4.0
152.0
32.0
1.0
1.0
2.0
19.0
741.0
5.0
2.0
230.0
3.0
1.0
1.0
1.0
3.0
297.0
3.0
596.0
910.0
5.0
3.0
31.0
31.0
1.0
58.0
4.0
4.0
1.0
3.0
3.0
1.0
3.0
3.0
1.0
1.0
3.0
2.0
13.0
7.0
33.0
2397.0
3.0
12.0
17.0
68.0
3.0
186.0
3.0
1.0
4.0
1.0
4.0
1.0
38.0
3.0
387.0
1.0
4.0
136.0
1.0
194.0
1.0
977.0
471.0
1.0
18.0
1.0
1.0
2.0
25.0
32.0
348.0
117.0
24.0
2.0
3.0
1527.0
75.0
1.0
1601.0
3.0
241.0
19.0
2.0
19.0
3.0
612.0
1.0
130.0
16185.0
1165.0
1.0
8.0
2.0
17.0
3.0
1.0
1.0
1.0
3.0
3.0
1077.0
1.0
1.0
1.0
10.0
1.0
7.0
200.0
2.0
112.0
17.0
3.0
2.0
9.0
3.0
21.0
4.0
24.0
7.0
6.0
21.0
1117.0
748.0
3.0
491.0
3.0
1.0
3.0
1202.0
2.0
1.0
19.0
5.0
5.0
7.0
54.0
1.0
1051.0
9.0
10.0
1.0
1.0
1.0
552.0
2616.0
1136.0
727.0
7.0
2.0
4.0
117.0
808.0
41.0
6.0
1.0
3.0
24.0
1.0
4.0
1.0
5.0
42.0
3317.0
2.0
3.0
9.0
18.0
1.0
4.0
199.0
3.0
3.0
1.0
596.0
1.0
24.0
2085.0
60.0
7.0
943.0
47.0
3.0
1759.0
1.0
11.0
10.0
51.0
6.0
448.0
24.0
6.0
1.0
1.0
1.0
4.0
3.0
1.0
2.0
1.0
1.0
2.0
1.0
9.0
3.0
4.0
14.0
1.0
3.0
721.0
20.0
23.0
399.0
2.0
3325.0
163.0
130.0
3.0
6.0
6.0
2.0
1.0
3.0
10.0
47.0
3.0
1.0
1.0
8.0
3.0
38.0
3.0
46.0
224.0
14.0
2.0
1.0
75.0
134.0
3.0
660.0
1.0
3.0
656.0
8.0
1.0
46.0
107.0
1.0
93.0
1.0
4.0
2.0
621.0
18.0
10.0
14.0
1.0
130.0
1.0
1319.0
2.0
323.0
4.0
151.0
8.0
1667.0
24.0
3.0
478.0
242.0
6.0
3.0
1.0
2.0
3.0
4.0
1.0
965.0
14.0
3.0
3.0
3.0
8.0
3.0
696.0
115.0
24.0
102.0
4.0
12.0
2.0
24.0
1.0
3.0
1.0
1.0
9.0
1.0
841.0
4.0
546.0
1931.0
2.0
9.0
1.0
3.0
34.0
34.0
9.0
3.0
67.0
67.0
11.0
41.0
24.0
3.0
1.0
1.0
1.0
42.0
8.0
1.0
1.0
1.0
1.0
2.0
2.0
1.0
3.0
2.0
2.0
365.0
1.0
246.0
1.0
292.0
215.0
101.0
1.0
1.0
1.0
152.0
1.0
3.0
3.0
1.0
3.0
2.0
4.0
1.0
2.0
638.0
2.0
3.0
1.0
1.0
2.0
7.0
1.0
4.0
21.0
1.0
1674.0
1.0
4.0
1.0
2.0
3.0
1.0
2.0
1.0
1.0
3.0
4.0
2974.0
2.0
2.0
5.0
15.0
3.0
3.0
2.0
1536.0
5.0
23.0
3.0
1.0
3.0
13.0
1.0
1.0
18.0
28.0
11.0
1.0
6.0
3.0
3.0
32.0
1.0
2.0
2574.0
6600.0
1.0
3.0
1.0
13.0
1.0
100.0
1.0
3.0
10.0
3.0
4.0
3.0
388.0
2.0
324.0
8.0
2.0
1.0
2.0
28.0
1018.0
7.0
3.0
2.0
1.0
1.0
1.0
1.0
69.0
596.0
1.0
1.0
66.0
55.0
1.0
9.0
27.0
680.0
412.0
193.0
1.0
1.0
673.0
82.0
1.0
270.0
308.0
1.0
5.0
1.0
1.0
2.0
4.0
3.0
4.0
35.0
4.0
1.0
31.0
2.0
4.0
2.0
101.0
9.0
2.0
240.0
1184.0
4.0
1.0
1.0
4.0
129.0
8.0
27.0
3.0
61.0
14.0
7.0
24.0
6.0
6.0
315.0
113.0
1.0
45.0
2.0
1.0
1.0
9.0
3.0
1.0
54.0
26.0
17.0
12.0
3.0
2.0
4.0
3.0
2.0
3.0
12.0
10.0
1.0
174.0
18.0
8.0
2.0
1.0
3.0
1.0
1.0
17.0
2.0
2.0
12.0
8.0
2.0
3.0
9.0
8.0
127.0
7.0
5.0
12.0
2429.0
9.0
2.0
1.0
31.0
1.0
278.0
510.0
10.0
19.0
1.0
11.0
2418.0
4.0
22.0
1.0
1.0
747.0
3.0
7.0
4.0
1.0
21.0
60.0
1.0
1.0
4.0
1.0
3.0
136.0
3.0
3.0
2.0
4.0
4.0
14.0
4.0
4011.0
105.0
1.0
996.0
1.0
3.0
44.0
3.0
1.0
1.0
136.0
34.0
3.0
3.0
1.0
3.0
3.0
2.0
24.0
4.0
221.0
1.0
1.0
1.0
17.0
2.0
516.0
1.0
306.0
2.0
3.0
5.0
1.0
2.0
1.0
346.0
6.0
92.0
63.0
7.0
19.0
65.0
385.0
685.0
6.0
6.0
11.0
3995.0
19.0
102.0
1.0
3.0
2050.0
3.0
1.0
1.0
1.0
86.0
4.0
10.0
1.0
58.0
4.0
10.0
1.0
14.0
3.0
28.0
1.0
1.0
3.0
3.0
3.0
150.0
11.0
1.0
1.0
1.0
3.0
42.0
3.0
1.0
17.0
2.0
3.0
1.0
1.0
3.0
4.0
4.0
1.0
1.0
3.0
1.0
9.0
1.0
1.0
12.0
16.0
1.0
3.0
1.0
1.0
2.0
222.0
3.0
16.0
3.0
282.0
3.0
4.0
282.0
2.0
1.0
160.0
766.0
3.0
3.0
758.0
853.0
4.0
4.0
1.0
10.0
1.0
5.0
117.0
4.0
5.0
75.0
37097.0
15.0
3.0
7.0
122.0
36.0
85.0
912.0
254.0
8.0
20.0
1.0
2.0
1.0
246.0
3.0
4.0
1.0
1.0
24.0
5.0
274.0
1.0
58.0
1.0
1737.0
458.0
1.0
1.0
1.0
26.0
2.0
997.0
445.0
3.0
3.0
15.0
3.0
4.0
1016.0
3.0
1.0
261.0
20.0
1772.0
1923.0
1.0
16.0
65.0
1.0
1.0
3.0
7.0
125.0
37.0
38.0
4.0
197.0
12.0
3.0
9.0
3.0
2.0
1.0
1.0
2.0
309.0
16.0
2.0
6.0
144.0
1.0
2.0
1.0
1.0
105.0
1.0
1.0
2.0
1.0
2.0
1.0
1.0
3.0
19.0
3.0
14189.0
3.0
3.0
1.0
55.0
2.0
457.0
1.0
3.0
3.0
36.0
3.0
1.0
4.0
19.0
2440.0
6.0
1.0
1.0
3.0
292.0
17.0
4.0
5.0
3.0
25.0
2.0
13.0
3.0
1.0
232.0
1.0
3.0
2.0
2.0
1.0
3.0
29.0
2.0
4.0
3009.0
1.0
1.0
3.0
3.0
1.0
3.0
14.0
23.0
1.0
25.0
2.0
1.0
108.0
8.0
1360.0
4.0
1665.0
1.0
1.0
21.0
3.0
2046.0
1.0
1.0
11.0
88.0
2.0
2.0
1.0
9.0
17.0
2.0
1.0
3.0
1174.0
1.0
1.0
1.0
3.0
1.0
12265.0
4.0
7.0
4.0
57006.0
3.0
1.0
1.0
4.0
238.0
23.0
15.0
762.0
3.0
7.0
19.0
382.0
3.0
5.0
1.0
21.0
8638.0
23.0
2.0
5.0
1.0
3.0
2135.0
8.0
1.0
3.0
1.0
8.0
1.0
1.0
2.0
1.0
11.0
504.0
428.0
2976.0
590.0
168.0
2.0
40.0
1.0
1.0
1.0
46.0
1415.0
39.0
1.0
1001.0
3.0
22.0
1.0
1.0
1.0
15.0
67.0
23.0
3.0
3.0
10.0
16.0
1.0
4.0
30.0
14385.0
14.0
2.0
2.0
1.0
74.0
7.0
1702.0
8.0
27.0
36.0
891.0
205.0
86.0
1082.0
11.0
2.0
54.0
5.0
948.0
2.0
28.0
1.0
1.0
1.0
3.0
1.0
6.0
12.0
696.0
780.0
20.0
242.0
5.0
24.0
1.0
10.0
3.0
1.0
1.0
1.0
1.0
2.0
3.0
2.0
6.0
3.0
13.0
4.0
29.0
177.0
1115.0
313.0
1.0
1.0
1.0
3.0
2.0
24.0
2.0
3.0
1529.0
1.0
3.0
1.0
1.0
183.0
1.0
19.0
33.0
17.0
182.0
166.0
282.0
4.0
3.0
2.0
5.0
3326.0
3.0
65.0
3.0
1844.0
339.0
19.0
1.0
2.0
1.0
2.0
1.0
1.0
63.0
697.0
1.0
44.0
3.0
6.0
12.0
3.0
32.0
474.0
3.0
1.0
1117.0
3.0
1183.0
1018.0
3.0
3.0
219.0
1.0
3.0
73.0
2.0
1.0
6.0
289.0
1808.0
124.0
31.0
3.0
3.0
1.0
3.0
14.0
1.0
17.0
47.0
6.0
260.0
13.0
201.0
16.0
40.0
2.0
113.0
3.0
2.0
1.0
20.0
103.0
3.0
1018.0
1.0
1.0
1.0
9.0
8.0
2.0
2.0
3.0
5.0
4.0
29.0
3.0
2.0
674.0
3.0
3.0
31.0
3.0
13.0
20388.0
15.0
3.0
2.0
126.0
3.0
2.0
5.0
105.0
21.0
48.0
71.0
2.0
3.0
43.0
9.0
302.0
52.0
1.0
1.0
1.0
13.0
15.0
563.0
17.0
3.0
101.0
675.0
8.0
2.0
11.0
1.0
8.0
25.0
227.0
16.0
2.0
6.0
1.0
1.0
3.0
31.0
86.0
4.0
1.0
1.0
7.0
1.0
1.0
3.0
1.0
4.0
1.0
2.0
1.0
705.0
2.0
192.0
4.0
1.0
1.0
4.0
1.0
1.0
3.0
3.0
322.0
143.0
1.0
1.0
38.0
7.0
3.0
2.0
3.0
1250.0
1.0
105.0
10.0
1.0
1.0
7.0
2885.0
16.0
160.0
3.0
3.0
45.0
32.0
374.0
8.0
75.0
1550.0
4.0
80.0
1.0
565.0
257.0
1.0
8.0
21.0
2.0
3.0
73.0
1.0
7.0
160.0
3.0
5.0
1.0
1.0
19.0
2.0
8.0
1.0
6.0
721.0
2.0
1.0
1646.0
3.0
232.0
1.0
536.0
1.0
928.0
9.0
3.0
312.0
534.0
1.0
10.0
3.0
1.0
4.0
3.0
13.0
5.0
9.0
4.0
71.0
8.0
446.0
2.0
24.0
1.0
10.0
11.0
101.0
3.0
1.0
1.0
7.0
173.0
45.0
3.0
1.0
1.0
3.0
22.0
13.0
2.0
59.0
2.0
267.0
20.0
1.0
3.0
12.0
5.0
1.0
1.0
961.0
1.0
85.0
25.0
1.0
1.0
1.0
19.0
3.0
5.0
2.0
9.0
69.0
1.0
4.0
4.0
1.0
2.0
1.0
79.0
1.0
30.0
6.0
89.0
3.0
328.0
4.0
1.0
3.0
3.0
1431.0
2.0
5751.0
1.0
6.0
53.0
16.0
1.0
2.0
5.0
1606.0
1.0
247.0
5.0
11.0
3.0
3.0
3.0
4.0
1.0
2.0
14.0
222.0
10.0
418.0
1.0
169.0
1497.0
3.0
199.0
927.0
1.0
1.0
1.0
3.0
97.0
21.0
1.0
1555.0
1.0
1.0
6.0
1.0
28.0
1.0
53.0
8.0
38.0
24.0
3.0
4.0
18.0
6600.0
1.0
2.0
1.0
1.0
2.0
3.0
4.0
12.0
7.0
360.0
87.0
4.0
1522.0
1.0
10.0
4.0
6.0
1.0
2.0
2.0
2.0
4.0
388.0
2.0
22.0
8.0
1.0
596.0
11.0
6.0
1079.0
9.0
10.0
1.0
387.0
1.0
1.0
105.0
2.0
5.0
121.0
2.0
512.0
1.0
1.0
92.0
5.0
7.0
6.0
1.0
890.0
7.0
1.0
11.0
14498.0
1209.0
1.0
2.0
20.0
3.0
3.0
1.0
2.0
18.0
1.0
16.0
31.0
4.0
3.0
1.0
701.0
29.0
2.0
7.0
2.0
6.0
34.0
4.0
1.0
29.0
48.0
3.0
86.0
457.0
3.0
1.0
1.0
1.0
14.0
8.0
4.0
43.0
3.0
33.0
870.0
1.0
17.0
3.0
672.0
68.0
2.0
3.0
1.0
4.0
309.0
1.0
1.0
5.0
3.0
4.0
13.0
635.0
1298.0
2.0
72.0
1.0
20.0
3.0
3.0
3.0
3.0
12.0
1.0
1.0
129.0
65.0
1.0
1.0
3.0
1713.0
12.0
1.0
5.0
1.0
1763.0
42.0
9.0
9.0
10.0
28.0
65.0
2.0
3.0
1.0
24.0
14.0
7.0
3.0
4381.0
1.0
2588.0
318.0
5.0
8.0
236.0
65.0
18.0
6.0
2.0
23.0
4.0
2123.0
1.0
1182.0
69.0
7.0
3.0
2.0
4.0
1.0
28.0
3.0
31.0
1.0
4.0
1.0
1.0
4.0
1.0
1.0
1.0
7.0
2.0
1.0
66.0
2.0
2.0
1.0
14.0
1.0
2.0
190.0
13.0
3.0
5.0
1.0
3.0
3.0
2.0
106.0
1.0
1.0
14.0
7.0
1.0
350.0
5.0
1.0
1.0
4.0
1.0
1.0
7.0
3.0
1.0
15.0
28.0
1.0
1.0
33.0
2.0
9.0
977.0
1.0
2.0
3.0
394.0
5.0
4.0
1.0
1.0
48763.0
4.0
8.0
38.0
3.0
3.0
1.0
1.0
7.0
3.0
3.0
2.0
16.0
2.0
1.0
60.0
28.0
4.0
3.0
1.0
1.0
3.0
3.0
75.0
7.0
3.0
4.0
1657.0
3.0
1.0
1.0
1.0
838.0
2.0
854.0
3.0
287.0
3.0
17.0
1.0
1.0
25.0
1.0
479.0
5.0
1.0
64.0
33.0
2.0
1.0
129.0
4.0
3.0
22.0
1.0
4.0
2.0
5.0
3.0
1.0
14.0
1.0
3.0
1.0
87.0
3.0
407.0
3.0
3.0
105.0
2.0
3.0
3.0
545.0
4.0
3.0
9.0
1.0
4.0
156.0
1723.0
209.0
4.0
7.0
1.0
678.0
22.0
22.0
1.0
4.0
2.0
1.0
1.0
87.0
1.0
69.0
4.0
1.0
1.0
4003.0
19.0
1061.0
9.0
1.0
457.0
3.0
5.0
312.0
1.0
95.0
5.0
9.0
2.0
29767.0
1.0
53.0
15.0
4.0
1.0
6.0
1040.0
122.0
4610.0
1.0
1.0
17.0
73.0
2.0
152.0
288.0
6.0
5.0
1.0
1.0
56.0
1.0
1.0
1.0
402.0
557.0
4.0
10.0
2.0
1.0
1.0
3.0
4.0
2.0
6.0
106.0
1.0
1.0
16.0
3.0
1.0
776.0
3.0
32.0
1.0
1.0
3.0
960.0
6452.0
2.0
3.0
76.0
121.0
1.0
1.0
3.0
36.0
1609.0
2.0
1028.0
19.0
80.0
1.0
12831.0
232.0
2.0
3.0
51.0
1.0
11.0
191.0
6.0
3.0
7.0
182.0
1.0
14.0
2.0
1229.0
1.0
569.0
240.0
927.0
3.0
1.0
1.0
5.0
124.0
3.0
313.0
1607.0
220.0
1.0
492.0
3.0
24.0
3.0
3.0
74.0
4.0
3.0
5.0
2.0
295.0
1.0
1.0
608.0
37.0
3.0
11.0
3.0
84.0
4.0
1.0
1.0
3.0
1.0
2.0
2.0
62.0
484.0
1.0
15.0
1.0
2.0
16.0
3.0
3.0
1.0
1.0
3.0
1.0
2.0
8.0
1695.0
61.0
1962.0
2.0
5.0
12.0
2.0
17.0
6.0
1.0
3.0
10.0
1.0
5.0
13.0
1.0
1.0
2.0
1.0
30.0
19.0
20.0
3.0
38.0
3.0
132.0
4.0
2.0
122.0
2.0
249.0
3.0
1.0
2464.0
135.0
1.0
3.0
1.0
1.0
2.0
990.0
9.0
3.0
3.0
3.0
46.0
9.0
3.0
1.0
49.0
35.0
1.0
4.0
11.0
1.0
1.0
2.0
3.0
2.0
3.0
657.0
364.0
1.0
2.0
1.0
1.0
2.0
3.0
371.0
1.0
1.0
2.0
45.0
6.0
17.0
22.0
9.0
46.0
3.0
1.0
1.0
4.0
14.0
78.0
1.0
3.0
2.0
1.0
8.0
1.0
1.0
3.0
7.0
322.0
3.0
1.0
13.0
2.0
208.0
20.0
7.0
3565.0
1.0
20.0
4.0
1.0
2.0
1.0
4.0
1.0
1.0
8.0
2633.0
4.0
401.0
2.0
18.0
536.0
13.0
5.0
81.0
4.0
1.0
3.0
1.0
3.0
58.0
2.0
62.0
1.0
1058.0
3.0
24.0
1018.0
16.0
3.0
3.0
11.0
1.0
14.0
17.0
3.0
1.0
18.0
351.0
20.0
7.0
1.0
11.0
8.0
11.0
2.0
3.0
24.0
1.0
19.0
1.0
429.0
2.0
20.0
3.0
1252.0
65.0
9.0
1246.0
1.0
43.0
3.0
1.0
596.0
82.0
5.0
3.0
72.0
3.0
4.0
9.0
1.0
1.0
51.0
3.0
4.0
1.0
3.0
881.0
1.0
21.0
3.0
2.0
5.0
629.0
5.0
10.0
3.0
117.0
25.0
2.0
1.0
51.0
3.0
4.0
23.0
351.0
1.0
3.0
1.0
867.0
429.0
41.0
58.0
3.0
4.0
7.0
8277.0
2.0
140.0
1.0
943.0
2.0
504.0
19.0
1.0
3.0
1113.0
3.0
1.0
3.0
3.0
2.0
1.0
1.0
286.0
1.0
3.0
1.0
3.0
1.0
351.0
282.0
2.0
4.0
2.0
1.0
7.0
22.0
1.0
19.0
33.0
7.0
107.0
1.0
36.0
1296.0
370.0
11.0
7.0
3.0
3.0
1.0
2.0
52.0
39.0
19.0
6.0
4.0
232.0
4.0
3.0
1.0
1757.0
1.0
82.0
1.0
4.0
4.0
69.0
3.0
1.0
1.0
5.0
284.0
8.0
3.0
2.0
1.0
186.0
1.0
4.0
89.0
1.0
2.0
1.0
1.0
179.0
24.0
3.0
31.0
1.0
2.0
1.0
3.0
1.0
5.0
378.0
1.0
2.0
1.0
351.0
9.0
3.0
126.0
1.0
160.0
7.0
34.0
3.0
18.0
5.0
3.0
12.0
12.0
5.0
4.0
3.0
18.0
735.0
1.0
1.0
1.0
3.0
1.0
1.0
5.0
2.0
2457.0
7.0
2.0
1.0
29.0
734.0
406.0
1.0
8.0
1.0
1.0
1.0
4.0
3.0
4.0
212.0
1.0
371.0
839.0
1265.0
3.0
23.0
1.0
1.0
403.0
38.0
1.0
1.0
1.0
282.0
5.0
3.0
509.0
2.0
2.0
1.0
3.0
3.0
4.0
2.0
1.0
2.0
1.0
1.0
1.0
1.0
9.0
1136.0
1.0
2.0
3.0
1.0
3.0
101.0
8.0
798.0
3.0
3.0
11.0
31.0
2.0
1.0
2.0
50.0
1.0
2.0
33.0
3.0
96.0
596.0
1.0
4.0
20.0
3.0
17.0
2.0
1.0
309.0
3.0
71.0
572.0
697.0
110.0
1.0
165.0
1.0
17.0
23.0
12.0
871.0
3.0
4.0
1.0
3.0
1.0
1.0
125.0
5.0
149.0
1.0
30.0
439.0
38.0
3.0
72.0
3.0
1579.0
7.0
52.0
1.0
268.0
14.0
1.0
16.0
18.0
2.0
106.0
1.0
1.0
1465.0
182.0
36.0
2.0
388.0
1.0
30.0
1027.0
2.0
178.0
2.0
218.0
1.0
1517.0
13.0
120.0
5.0
1.0
3.0
23.0
2.0
4.0
1.0
1.0
3.0
1.0
351.0
164.0
936.0
448.0
1285.0
19.0
1488.0
73.0
370.0
152.0
12.0
1.0
2.0
8.0
9.0
88.0
3.0
1.0
7.0
9.0
1934.0
3.0
1.0
25.0
7.0
2.0
28.0
2981.0
1.0
14.0
535.0
3.0
31.0
3.0
2.0
5.0
8047.0
3.0
4.0
3.0
10.0
1.0
1311.0
159.0
79.0
33.0
11.0
2.0
109.0
6.0
5.0
3.0
18.0
2.0
312.0
709.0
3.0
7.0
1.0
6283.0
1.0
3.0
1.0
2.0
5.0
9.0
3.0
3.0
1.0
3.0
4.0
1.0
2.0
81.0
2689.0
1.0
324.0
37.0
1738.0
155.0
91.0
1.0
56.0
3.0
1.0
146.0
214.0
22.0
10.0
1.0
57.0
1.0
18.0
2.0
46.0
3.0
1.0
1.0
1.0
3.0
15.0
8.0
1.0
1.0
1.0
71.0
4.0
6.0
3.0
1.0
13.0
4421.0
3.0
1.0
2.0
1.0
1.0
12.0
1.0
1.0
1.0
3.0
92.0
17.0
8.0
3.0
8.0
269.0
591.0
190.0
2771.0
5.0
3.0
2.0
127.0
19.0
761.0
7.0
1.0
24.0
1.0
31.0
9.0
4.0
3.0
1.0
3.0
31.0
158.0
1.0
18.0
2.0
1.0
7.0
7.0
6.0
15.0
72.0
3.0
23.0
1.0
3.0
1.0
7.0
1.0
16.0
142.0
315.0
12.0
1.0
3.0
3.0
1.0
60.0
9.0
3.0
668.0
3.0
3.0
13.0
1.0
1.0
23.0
1.0
3.0
3.0
13597.0
3.0
9.0
200.0
4.0
641.0
3.0
1.0
77.0
1.0
847.0
4.0
21.0
1617.0
7.0
24.0
1.0
21.0
1.0
3.0
75.0
3.0
1.0
2.0
3.0
1199.0
457.0
1166.0
3.0
9.0
3.0
1.0
1.0
1.0
8.0
3.0
3.0
3.0
457.0
1.0
2.0
2.0
2.0
10.0
1.0
61.0
11.0
1.0
1.0
23.0
1.0
9.0
11.0
574.0
4.0
3.0
4.0
22.0
7.0
51.0
367.0
1.0
409.0
1.0
1.0
3.0
631.0
2.0
3.0
3.0
12.0
9.0
1.0
119.0
91.0
113.0
9.0
569.0
1.0
1.0
1.0
155.0
407.0
65.0
3.0
3.0
16.0
2.0
3.0
3.0
4452.0
1.0
1106.0
10.0
1.0
3.0
10.0
1037.0
1.0
29.0
5.0
30.0
7.0
192.0
2.0
2.0
53.0
276.0
1.0
557.0
1.0
6.0
4.0
3.0
91.0
1.0
1.0
3.0
3.0
1.0
1.0
3.0
1.0
2.0
1.0
2.0
1.0
4.0
1.0
3.0
25.0
2.0
3.0
2.0
602.0
17.0
3.0
187.0
30.0
3.0
1971.0
1.0
1.0
1.0
2.0
5958.0
8.0
2.0
797.0
1.0
3.0
3.0
1.0
1.0
8.0
12.0
1.0
55.0
5.0
2.0
3.0
2.0
2.0
6.0
3.0
6.0
1.0
4.0
3.0
3.0
1.0
70.0
3506.0
7.0
40.0
4.0
104.0
3.0
2.0
3.0
15.0
213.0
3.0
5.0
1.0
3.0
1.0
1.0
3.0
1.0
1.0
1.0
19.0
5.0
344.0
1.0
1042.0
1.0
2.0
10.0
2.0
2.0
3.0
3.0
103.0
5.0
353.0
1.0
3.0
33.0
3.0
9.0
2.0
2.0
1.0
3.0
1.0
2.0
1.0
1.0
102.0
11.0
3.0
1.0
370.0
4.0
1.0
7.0
3.0
3.0
1.0
2.0
3.0
4.0
1755.0
2.0
112.0
109.0
1444.0
1.0
1094.0
40.0
1.0
15.0
444.0
1.0
21.0
3.0
2.0
1.0
1.0
1.0
19.0
1.0
12.0
1.0
3.0
22.0
1.0
1.0
2.0
31.0
31.0
2.0
1.0
9.0
3.0
1.0
2.0
350.0
2.0
8.0
11.0
3.0
67.0
12.0
2.0
66.0
3.0
30.0
116.0
2.0
10.0
737.0
3.0
11.0
247.0
16.0
8.0
3.0
112.0
3000.0
2.0
1.0
783.0
3.0
1.0
4.0
21.0
3.0
3.0
9.0
1.0
73.0
13.0
2.0
23.0
4.0
5.0
3.0
1.0
5.0
554.0
31.0
1.0
328.0
851.0
674.0
1.0
3.0
3.0
1200.0
84.0
2.0
1.0
15.0
3.0
332.0
3.0
52.0
3.0
2.0
153.0
446.0
3.0
4.0
1.0
2.0
3.0
3.0
16.0
10.0
3.0
1.0
11.0
1.0
3.0
1.0
8.0
610.0
161.0
4894.0
545.0
61.0
38.0
3.0
3.0
261.0
3.0
772.0
1.0
8.0
1.0
4.0
1.0
21.0
3.0
40.0
217.0
1.0
8.0
3.0
65.0
2.0
9.0
2.0
1.0
3.0
2.0
1839.0
243.0
3.0
606.0
3.0
323.0
3.0
11.0
99.0
1.0
433.0
901.0
1.0
1.0
1.0
69.0
3.0
5.0
1.0
45.0
2.0
1.0
6.0
3.0
1.0
8.0
2.0
7.0
5.0
2.0
3.0
4.0
3.0
54.0
2219.0
1.0
1.0
5.0
12.0
3.0
1.0
4.0
3.0
2.0
1.0
22.0
1.0
1.0
2.0
2.0
2.0
117.0
17.0
17.0
4.0
6.0
62.0
1.0
3.0
512.0
1.0
2.0
237.0
40.0
5.0
67.0
70.0
7.0
1057.0
3.0
19.0
1.0
6.0
666.0
486.0
3.0
11.0
4.0
12.0
209.0
7.0
271.0
3.0
106.0
654.0
250.0
21.0
53.0
8.0
4.0
3242.0
2.0
2.0
1.0
6.0
3.0
3.0
106.0
1.0
3.0
1.0
3379.0
1.0
47.0
53.0
18.0
1.0
3.0
1.0
1.0
4.0
345.0
1824.0
41.0
1.0
1.0
2.0
3.0
30.0
1.0
3.0
24.0
2.0
3.0
2.0
232.0
10.0
3.0
1.0
1.0
52.0
1.0
199.0
13139.0
971.0
1.0
720.0
9.0
57.0
1533.0
1.0
2.0
9987.0
153.0
24.0
1.0
1.0
1.0
3.0
254.0
3.0
7.0
283.0
1.0
135.0
338.0
1867.0
368.0
1.0
48.0
1.0
3.0
4.0
212.0
1.0
4.0
118.0
10.0
1.0
5.0
10929.0
1514.0
1.0
8.0
2.0
2.0
27.0
2.0
2.0
89.0
12.0
18.0
2440.0
1.0
1.0
104.0
2.0
1.0
3.0
8450.0
351.0
4.0
65.0
1.0
796.0
3.0
1.0
3.0
24.0
31.0
48.0
2.0
19.0
5.0
565.0
1184.0
1.0
1.0
1.0
1.0
1.0
1.0
19.0
12.0
4.0
1.0
1.0
8.0
1.0
5.0
3.0
46.0
8.0
4.0
1.0
7.0
2.0
2.0
3.0
12.0
330.0
5.0
8.0
5.0
2.0
2.0
9.0
1178.0
1.0
1.0
1.0
1.0
2.0
3.0
8.0
140.0
8.0
4.0
1.0
1.0
3702.0
3.0
2.0
21.0
148.0
3.0
65.0
7.0
3.0
7.0
1.0
4.0
46.0
3.0
1.0
1.0
509.0
3.0
3.0
39.0
14.0
72.0
9.0
1.0
5.0
195.0
4.0
52.0
441.0
3583.0
1.0
156.0
7.0
1.0
212.0
1.0
4.0
8.0
2.0
1.0
3.0
18.0
325.0
3.0
55.0
5.0
543.0
14.0
3.0
8.0
3.0
1.0
1.0
1.0
4.0
1.0
1.0
18.0
3.0
3.0
3.0
24.0
3.0
1.0
561.0
2.0
8.0
432.0
1029.0
2.0
4.0
1.0
10.0
3.0
1.0
7.0
9.0
1.0
21.0
3.0
1839.0
4.0
3.0
13.0
3.0
1.0
710.0
3.0
2.0
1018.0
1.0
1070.0
81.0
115.0
5.0
3.0
3.0
3.0
152.0
2.0
1602.0
3.0
1.0
1.0
1761.0
2.0
116.0
736.0
2.0
108.0
58.0
2.0
3.0
341.0
7.0
2.0
184.0
5.0
1609.0
87.0
1.0
3.0
1.0
8.0
49.0
1.0
751.0
1175.0
987.0
1.0
2.0
2904.0
60.0
2.0
70.0
1.0
2.0
3.0
3.0
29.0
56.0
2.0
17.0
3.0
91.0
3.0
86.0
7.0
1.0
2.0
2.0
3.0
5.0
7.0
2.0
56.0
6.0
344.0
1146.0
159.0
16.0
8.0
1522.0
1272.0
232.0
3.0
216.0
11.0
2.0
1.0
2.0
14.0
1.0
24.0
29.0
282.0
10.0
3.0
2.0
36.0
1.0
7.0
5.0
44.0
138.0
2.0
1057.0
1.0
1.0
1.0
1.0
351.0
1.0
69.0
3.0
7.0
36.0
5.0
1.0
1.0
3.0
1.0
1.0
288.0
32.0
1.0
18.0
4.0
149.0
1.0
8.0
10.0
5.0
1.0
1.0
2.0
1.0
137.0
1.0
5.0
12.0
7.0
2.0
102.0
1.0
2.0
1.0
1.0
58.0
3.0
1.0
8.0
1.0
4.0
1.0
3.0
7.0
9.0
1.0
67.0
3.0
2.0
1.0
570.0
1.0
863.0
1.0
3.0
2.0
320.0
288.0
282.0
25.0
12.0
3.0
123.0
41.0
2717.0
64.0
887.0
7.0
5.0
495.0
2.0
16.0
2.0
3.0
1.0
1.0
1.0
21.0
310.0
3.0
12.0
2.0
138.0
128.0
1.0
2.0
1.0
1.0
148.0
862.0
19.0
277.0
8.0
229.0
3.0
7.0
13.0
4.0
2019.0
1.0
104.0
1.0
2.0
289.0
4.0
15.0
1.0
7.0
1.0
1.0
14.0
1.0
11.0
5.0
2.0
2.0
11.0
862.0
13.0
543.0
9.0
4.0
1.0
2797.0
1325.0
10.0
29.0
2.0
37078.0
14499.0
1.0
4.0
14.0
6.0
26.0
3.0
2.0
3.0
34226.0
9.0
6.0
4.0
1.0
9.0
2.0
22.0
140.0
1927.0
24.0
3.0
9.0
393.0
3.0
120.0
5.0
3.0
9.0
1.0
178.0
1.0
160.0
3.0
126.0
8.0
71.0
1.0
2050.0
3.0
3.0
637.0
1.0
3.0
3.0
2.0
2273.0
9.0
2.0
67.0
14.0
19.0
2.0
9.0
2.0
40.0
3333.0
2.0
1.0
18.0
7.0
3.0
2.0
223.0
454.0
2.0
4.0
1.0
59.0
6.0
1.0
3.0
1.0
22.0
2.0
1041.0
65.0
10.0
8.0
1.0
9.0
2.0
1.0
60.0
1.0
1.0
41.0
3.0
91.0
12.0
7.0
1.0
2.0
5.0
1.0
4.0
119.0
1.0
12.0
3.0
401.0
14.0
1.0
3.0
1.0
2.0
244.0
14.0
292.0
1.0
835.0
2.0
4.0
5.0
3.0
5.0
1.0
3.0
7.0
134.0
1297.0
2.0
3.0
1.0
2.0
1.0
292.0
2.0
32.0
30.0
1.0
1.0
6.0
2.0
3.0
3.0
533.0
3.0
1.0
27.0
1.0
1.0
4.0
1.0
3.0
20.0
2.0
4.0
1.0
1.0
3.0
1606.0
2.0
1.0
3257.0
3.0
663.0
47.0
1.0
3.0
533.0
3.0
1.0
4.0
2.0
3.0
57.0
19.0
127.0
1.0
34.0
215.0
1.0
5.0
56.0
4.0
3.0
1.0
3.0
3.0
943.0
329.0
1.0
1.0
14.0
2.0
1.0
5.0
3.0
596.0
16.0
1.0
6.0
86.0
1.0
1.0
1081.0
1.0
1517.0
3.0
1.0
1049.0
8.0
2.0
1.0
3.0
1.0
1.0
2.0
1.0
5.0
1.0
2.0
934.0
102.0
38.0
18.0
387.0
12.0
11554.0
704.0
1.0
3.0
1682.0
138.0
37.0
1.0
23.0
3.0
3.0
34.0
3.0
1.0
6598.0
2.0
94.0
1426.0
2.0
1.0
19.0
177.0
66.0
1.0
5.0
921.0
3.0
1.0
4.0
473.0
7.0
1.0
367.0
8.0
2.0
1.0
9.0
902.0
5.0
2.0
3148.0
271.0
2.0
2.0
305.0
8.0
2472.0
3.0
6.0
923.0
1.0
618.0
341.0
1.0
8.0
42.0
2.0
109.0
2.0
2.0
183.0
17.0
1.0
334.0
76.0
25.0
8.0
1.0
44.0
2.0
24.0
1.0
24.0
3.0
1.0
3.0
37.0
2.0
433.0
36.0
596.0
56.0
4.0
1.0
34.0
1.0
2.0
1.0
38.0
8.0
2.0
1.0
1.0
2.0
288.0
1.0
39.0
563.0
1.0
4.0
19.0
56.0
3.0
4.0
13139.0
15.0
37.0
1.0
3.0
1.0
1.0
3.0
3.0
1.0
3.0
1.0
9.0
1.0
37.0
3170.0
5.0
59.0
65.0
1.0
3.0
182.0
3.0
68.0
2.0
1.0
87.0
2.0
212.0
1.0
1419.0
62.0
231.0
1.0
3.0
1.0
2.0
9.0
3.0
9.0
2.0
1.0
3.0
3851.0
9.0
2.0
4.0
1.0
2.0
1.0
10.0
9.0
292.0
1.0
2180.0
2040.0
8.0
65.0
3.0
11.0
1.0
292.0
1.0
1.0
129.0
668.0
3.0
23.0
3.0
28.0
3.0
750.0
1057.0
1.0
14.0
6.0
5820.0
762.0
3418.0
1.0
1.0
55.0
2.0
211.0
9.0
3.0
1.0
28.0
16.0
99.0
2.0
1.0
10.0
664.0
2.0
239.0
36.0
1.0
469.0
4.0
512.0
1.0
24.0
3.0
1.0
6.0
2.0
1.0
9.0
400.0
9.0
1.0
69.0
3.0
1.0
128.0
101.0
8.0
3.0
2.0
1.0
17.0
1.0
10.0
1.0
3.0
9.0
1.0
3.0
1.0
1.0
6.0
690.0
1.0
1.0
4.0
3.0
3.0
3.0
3.0
67.0
1.0
3.0
1.0
3.0
1190.0
2.0
3.0
16.0
27.0
4.0
103.0
2.0
1.0
5.0
1.0
3.0
13.0
1.0
8.0
2.0
1.0
39.0
12.0
1.0
5.0
14.0
1.0
1.0
16.0
1.0
6.0
57.0
1.0
39.0
12.0
30.0
1.0
16.0
105.0
1.0
1.0
3.0
9.0
5.0
1.0
20.0
65.0
3.0
8.0
3.0
4.0
12.0
35.0
1.0
3.0
1.0
24.0
4.0
77.0
4.0
3.0
1.0
74.0
1.0
3.0
1.0
19.0
1.0
1.0
292.0
1.0
9.0
2.0
2.0
482.0
685.0
1.0
3.0
1.0
961.0
535.0
19.0
30.0
3.0
3.0
2.0
8.0
3.0
13.0
3.0
1.0
5.0
1.0
1.0
2.0
59.0
27.0
1.0
15.0
7.0
4.0
1631.0
1.0
154.0
1.0
4.0
2.0
1.0
4.0
2.0
4.0
43.0
1.0
2.0
99.0
1.0
43.0
3.0
3.0
32.0
3.0
61.0
1.0
1.0
18.0
1.0
1.0
1.0
1.0
1.0
1.0
1.0
12.0
77.0
1.0
1734.0
1.0
33.0
626.0
26.0
4.0
78.0
1.0
960.0
96.0
7.0
2040.0
1.0
178.0
565.0
1183.0
1.0
1.0
32.0
4.0
3.0
1.0
1.0
161.0
2.0
258.0
3.0
1.0
198.0
9.0
3.0
8.0
4.0
3.0
2.0
3.0
931.0
2.0
8.0
3.0
7.0
530.0
69.0
220.0
4.0
1018.0
2.0
24.0
779.0
55.0
1.0
35.0
106.0
1.0
2314.0
4.0
2.0
3.0
12.0
69.0
835.0
1.0
2.0
1.0
2.0
10.0
1.0
4.0
1.0
51.0
138.0
10.0
1.0
3.0
3.0
4.0
2.0
3.0
7620.0
17.0
2.0
3.0
1.0
78.0
7898.0
1.0
4.0
2.0
1.0
4.0
81.0
172.0
507.0
130.0
6.0
2.0
5.0
1.0
519.0
1.0
3.0
1116.0
5.0
1.0
78.0
4.0
3.0
1.0
4.0
1.0
3.0
3.0
3.0
34.0
4.0
3.0
1.0
2.0
12.0
5.0
31.0
3860.0
194.0
2.0
4371.0
3.0
5.0
2.0
3.0
25.0
1.0
1.0
1.0
55351.0
432.0
1.0
23.0
119.0
1.0
5.0
188.0
9.0
7.0
105.0
1.0
2.0
5.0
63.0
4.0
101.0
1.0
3.0
1.0
1.0
3.0
4.0
10.0
571.0
288.0
1948.0
1.0
5.0
3.0
114.0
696.0
2.0
4.0
43.0
3.0
1.0
3.0
1.0
2.0
19.0
1.0
2.0
4.0
586.0
2.0
1.0
1.0
1.0
1.0
1.0
28.0
1.0
80.0
2.0
1.0
1.0
7421.0
1.0
14.0
369.0
62.0
172.0
1.0
518.0
802.0
82.0
3.0
247.0
1.0
1.0
13840.0
1.0
3.0
6.0
4.0
1.0
90.0
1.0
4.0
1.0
1.0
6.0
13840.0
3.0
2.0
2.0
282.0
2.0
24.0
1.0
2.0
40.0
7.0
112.0
1.0
12.0
79.0
38.0
3.0
12.0
1.0
4.0
6.0
5.0
1.0
8.0
91.0
4.0
14.0
23.0
3.0
4.0
15.0
3.0
343.0
2.0
2291.0
137.0
4.0
45.0
9.0
3.0
1.0
3.0
17.0
1.0
450.0
1530.0
130.0
5.0
6.0
7.0
1268.0
1.0
1412.0
1.0
3.0
2.0
3504.0
3.0
5994.0
109.0
2.0
3.0
37.0
1.0
3.0
9.0
1.0
2.0
2.0
1.0
14.0
4547.0
146.0
59.0
941.0
1.0
1.0
2999.0
3.0
2.0
3626.0
1.0
2.0
18.0
1.0
1.0
1.0
978.0
1.0
23.0
3.0
7.0
1.0
120.0
87.0
18.0
1.0
1340.0
2.0
9.0
4.0
16480.0
2.0
1.0
16.0
71.0
2.0
125.0
2.0
8.0
1.0
1.0
1.0
1.0
50.0
7.0
22.0
614.0
4.0
3.0
24.0
11.0
1.0
156.0
1018.0
4.0
3.0
1.0
1.0
1.0
9.0
3.0
1.0
4.0
83.0
677.0
6.0
35.0
3.0
33.0
11.0
961.0
2.0
14736.0
5.0
66.0
12287.0
21.0
3.0
3.0
6.0
4.0
1.0
3.0
1351.0
3.0
48.0
550.0
1.0
1.0
2.0
959.0
2.0
1.0
3.0
9.0
3.0
571.0
1.0
52.0
404.0
2.0
1.0
3.0
14.0
1.0
75.0
7.0
10.0
28.0
3.0
3.0
2.0
595.0
11.0
4.0
1.0
1.0
3.0
3.0
1.0
2.0
141.0
2.0
4.0
6.0
1.0
1966.0
1.0
66.0
4.0
1.0
5.0
25.0
3.0
3.0
1.0
32.0
32.0
16.0
69.0
2.0
1.0
3.0
14.0
3.0
2.0
1.0
4.0
1.0
4.0
27.0
5.0
2.0
13.0
4.0
10.0
11.0
1606.0
3.0
7.0
1127.0
1.0
3.0
1.0
3.0
1.0
1.0
2.0
160.0
1.0
651.0
18.0
1.0
91.0
3.0
4.0
653.0
2.0
69.0
1.0
3.0
95.0
234.0
3.0
2.0
46.0
31.0
2.0
4153.0
3.0
1.0
5.0
1.0
3.0
5008.0
1.0
1.0
1.0
5.0
37.0
24.0
1.0
8.0
178.0
29.0
118.0
3.0
83.0
12.0
27.0
1.0
3.0
3.0
3.0
4.0
18.0
1.0
24.0
11.0
371.0
1.0
4.0
9.0
5.0
12.0
1432.0
3.0
895.0
3.0
1.0
596.0
201.0
3.0
1.0
3.0
1.0
8.0
16.0
307.0
1.0
3.0
3.0
596.0
3.0
11.0
1.0
1.0
1.0
16.0
1394.0
1.0
164.0
1.0
1.0
303.0
1.0
1.0
30.0
4.0
158.0
57.0
134.0
542.0
1.0
1.0
26.0
1018.0
1.0
1.0
1.0
4.0
1.0
116.0
19.0
84.0
12.0
16.0
1.0
126.0
24.0
8.0
31.0
3.0
3.0
913.0
1.0
5.0
16.0
4.0
269.0
4543.0
1.0
2.0
87.0
34.0
4.0
3.0
8.0
1.0
9.0
3.0
1.0
3.0
1.0
4.0
827.0
1.0
3.0
128.0
5.0
7.0
5.0
3.0
24299.0
7.0
1.0
1.0
2.0
1.0
44.0
240.0
2.0
1.0
132.0
3.0
200.0
157.0
3.0
3.0
78.0
6.0
46.0
105.0
1.0
5.0
30.0
1.0
3.0
1.0
9.0
1.0
2.0
366.0
3.0
17.0
2.0
1.0
183.0
2.0
10.0
1322.0
2.0
2.0
26.0
1.0
6.0
2.0
1.0
1.0
1.0
20.0
1.0
13.0
246.0
3.0
893.0
9.0
3.0
1735.0
113.0
2417.0
1.0
1152.0
4.0
4.0
3.0
2.0
1.0
1.0
11.0
3.0
272.0
1170.0
1.0
109.0
2.0
15.0
3.0
10.0
3.0
4.0
1404.0
406.0
1.0
21.0
1.0
1.0
3.0
1.0
3.0
9.0
4.0
3.0
2.0
213.0
42.0
3.0
17.0
697.0
1.0
1.0
1.0
3.0
14.0
23.0
1.0
4.0
3.0
1.0
1.0
1.0
295.0
1.0
48.0
1.0
1.0
7.0
1.0
3.0
4.0
101.0
1.0
1.0
1.0
4.0
8.0
3.0
43.0
15.0
3.0
3.0
3.0
3.0
1.0
11.0
380.0
3.0
1.0
6.0
2946.0
3.0
1.0
4.0
4452.0
6.0
8.0
1361.0
374.0
2.0
2.0
8.0
2427.0
810.0
338.0
3.0
4.0
3.0
76.0
2.0
3.0
116.0
1.0
2.0
2.0
14.0
51.0
2.0
1.0
24.0
1.0
3.0
16.0
3.0
1077.0
1.0
1466.0
1.0
1538.0
3.0
1.0
2.0
38.0
1.0
3.0
3.0
3.0
512.0
9.0
7.0
2.0
47.0
3.0
20133.0
3.0
2.0
2.0
5.0
282.0
1.0
10.0
4.0
8.0
5.0
22.0
4.0
1.0
1.0
24.0
270.0
3.0
131.0
3.0
2405.0
42.0
10.0
1.0
1.0
2.0
6.0
26.0
11.0
8.0
23.0
1.0
1828.0
3.0
4.0
7.0
1.0
3.0
259.0
2.0
75.0
2.0
8.0
477.0
16.0
5.0
1.0
344.0
3.0
1.0
3.0
2.0
1.0
3.0
1.0
2.0
20.0
251.0
1.0
8.0
57.0
394.0
3.0
3.0
1.0
21.0
2.0
2.0
132.0
4.0
36.0
2.0
4.0
4.0
5.0
109.0
944.0
1.0
153.0
1.0
1.0
1.0
2.0
11.0
1.0
1.0
1018.0
3.0
4.0
19.0
2.0
166.0
3446.0
4.0
3.0
1.0
86.0
13818.0
4.0
1.0
3.0
1.0
2.0
1.0
23.0
11.0
2755.0
11.0
1.0
21.0
1.0
24.0
288.0
2.0
502.0
1.0
3.0
10.0
19.0
1.0
92.0
22.0
1.0
3.0
1.0
4.0
4.0
1.0
3.0
1.0
1042.0
4909.0
9.0
2.0
378.0
28.0
4.0
1.0
25.0
6.0
6.0
3.0
1077.0
3.0
8.0
4.0
291.0
1.0
1.0
11.0
1.0
54.0
3.0
1.0
2.0
104.0
3.0
4.0
1.0
1.0
19.0
1.0
13.0
3.0
3.0
350.0
3.0
79.0
1.0
4.0
1.0
405.0
17.0
102.0
1.0
1.0
1.0
302.0
9.0
1.0
5.0
24.0
1.0
89.0
58.0
1.0
9.0
1.0
3.0
450.0
74.0
596.0
3.0
4.0
2.0
1.0
1.0
2281.0
311.0
4.0
3.0
1.0
5.0
1.0
1.0
1.0
65.0
1.0
9.0
1.0
7.0
9.0
1.0
351.0
198.0
1.0
290.0
1276.0
50.0
3.0
308.0
7.0
16528.0
1.0
100.0
5.0
14.0
3.0
2.0
12.0
5.0
3.0
3.0
3.0
32.0
1.0
1.0
5.0
57.0
1.0
351.0
3.0
3.0
1.0
1.0
1.0
3.0
2.0
4.0
3.0
117.0
2.0
4.0
26.0
1.0
3.0
1.0
3.0
1.0
74.0
13.0
3.0
2.0
2.0
20.0
72.0
4.0
5.0
9.0
3.0
19.0
33.0
2.0
4.0
1.0
1.0
4.0
13.0
178.0
3.0
4.0
793.0
1.0
3.0
104.0
1.0
1.0
10.0
1.0
520.0
15.0
1.0
195.0
3.0
8.0
3.0
1.0
3.0
930.0
1.0
1.0
3.0
1.0
3.0
7.0
2.0
1.0
47.0
30.0
11.0
3.0
8.0
3.0
178.0
1.0
2.0
2.0
4.0
1.0
1.0
19.0
1.0
772.0
3.0
3.0
3.0
1.0
351.0
1.0
1740.0
58.0
3.0
16.0
260.0
3.0
11499.0
1.0
263.0
1.0
3.0
3.0
1.0
1.0
4545.0
1.0
1.0
1.0
6.0
1.0
1.0
2.0
1.0
1.0
10.0
2.0
1.0
3.0
338.0
2.0
10.0
5.0
1.0
1.0
1.0
1.0
589.0
28.0
4.0
1.0
2.0
2.0
2.0
1.0
3.0
11.0
1.0
1.0
1502.0
2.0
6.0
239.0
619.0
2.0
1.0
29.0
3.0
8.0
36.0
1.0
1.0
17.0
306.0
60.0
4.0
8.0
1.0
32.0
519.0
1.0
1.0
24.0
3.0
4.0
1770.0
1.0
9.0
282.0
1.0
159.0
3.0
1.0
2.0
38.0
7.0
2.0
8.0
1.0
4.0
4.0
1.0
3.0
1.0
98.0
3.0
1.0
6.0
781.0
1.0
3.0
3406.0
1.0
3.0
1.0
3.0
6.0
90.0
3.0
175.0
125.0
6.0
8.0
38.0
3.0
3.0
1.0
2262.0
123.0
219.0
9.0
3.0
6.0
1.0
1.0
1.0
2.0
1.0
116.0
7.0
3.0
5.0
9.0
177.0
5.0
1.0
2.0
3.0
8.0
1047.0
5.0
37.0
3.0
1.0
69.0
1.0
4.0
1.0
1.0
46.0
1.0
1.0
3.0
1.0
17.0
3.0
60.0
1.0
86.0
2.0
55.0
16.0
9.0
3.0
1240.0
1.0
24.0
1.0
22.0
6.0
57.0
5.0
10.0
3.0
3.0
1.0
1.0
10.0
1.0
17.0
1.0
19.0
223.0
351.0
3.0
242.0
69.0
10.0
5.0
1.0
86.0
156.0
35.0
1.0
3.0
24.0
2.0
2.0
3.0
1.0
4.0
2.0
783.0
18.0
41.0
3.0
17.0
3.0
1.0
2.0
1179.0
86.0
7.0
1.0
3.0
87.0
3.0
775.0
357.0
2.0
3.0
54.0
1.0
151.0
3.0
66.0
1.0
1.0
1.0
224.0
18.0
1.0
3.0
1071.0
11.0
1.0
1.0
3.0
3.0
2.0
31.0
67.0
2856.0
1.0
46.0
3917.0
1.0
3.0
1.0
5.0
3.0
279.0
2.0
596.0
1.0
3.0
1.0
19.0
66.0
19.0
17.0
2.0
2.0
3.0
1.0
1.0
1.0
39.0
3.0
3.0
1.0
1.0
269.0
7.0
221.0
3.0
3.0
2.0
2.0
1147.0
78.0
1.0
65.0
118.0
3.0
1.0
2.0
1.0
972.0
4.0
3.0
1889.0
101.0
16.0
1.0
3.0
14385.0
2.0
318.0
3.0
1.0
3.0
1.0
19.0
21.0
281.0
2.0
6.0
28.0
12.0
1.0
823.0
208.0
21.0
2.0
6.0
1534.0
8.0
13.0
1.0
1.0
73.0
3.0
572.0
674.0
1.0
5.0
1.0
3258.0
1.0
22.0
11.0
1.0
6.0
45.0
2.0
1.0
58.0
2.0
1.0
9.0
11.0
184.0
1.0
9.0
3.0
2.0
16.0
218.0
1.0
1.0
23.0
3.0
2.0
3.0
1.0
2.0
4.0
23.0
37.0
2.0
1.0
2.0
166.0
75.0
2.0
108.0
240.0
88.0
1.0
1.0
1.0
200.0
1.0
1.0
2.0
4.0
5.0
435.0
1.0
104.0
196.0
24.0
2.0
80.0
3.0
19.0
11.0
24.0
1.0
96.0
5.0
167.0
403.0
351.0
1.0
157.0
80.0
3.0
5931.0
42.0
2.0
1.0
10.0
3.0
9.0
14.0
3.0
1.0
5.0
1.0
12.0
69.0
26.0
1.0
8.0
1.0
1.0
7.0
9.0
9.0
1.0
13.0
9.0
3.0
261.0
3.0
544.0
1.0
92.0
961.0
41.0
3.0
3.0
41.0
1801.0
5.0
15.0
132.0
4.0
46.0
55.0
157.0
8.0
25.0
4.0
170.0
9.0
22.0
232.0
2.0
3.0
15.0
3.0
3.0
116.0
503.0
1.0
3.0
1.0
1.0
12.0
14.0
67.0
36.0
1.0
530.0
7.0
17.0
1.0
1.0
1.0
163.0
1.0
1.0
2.0
40195.0
1.0
9.0
2.0
3.0
3.0
23.0
1.0
1.0
19.0
137.0
5.0
9.0
84.0
2.0
4.0
3.0
516.0
168.0
3.0
20.0
1.0
65.0
1.0
24.0
1.0
1.0
5.0
9.0
1.0
24.0
1961.0
1.0
11.0
26.0
74.0
1.0
30.0
3.0
1.0
5.0
1.0
5.0
8.0
2.0
2.0
165.0
3.0
1.0
19.0
3.0
5.0
3.0
3.0
11.0
3.0
9.0
1.0
3.0
3.0
1.0
1.0
2.0
1.0
1709.0
4.0
1.0
1.0
5.0
2.0
1.0
144.0
1.0
1955.0
1.0
1.0
2.0
1.0
3.0
13.0
1.0
8.0
3.0
12.0
3.0
1.0
13444.0
2.0
1.0
24.0
11.0
1.0
4.0
2.0
809.0
1.0
10.0
15.0
1.0
113.0
2.0
292.0
9.0
1.0
21.0
1164.0
1.0
2.0
1.0
1.0
1.0
114.0
3.0
2.0
76.0
344.0
19.0
18.0
169.0
1.0
55.0
779.0
1.0
518.0
1.0
1.0
70.0
1.0
3.0
3.0
1.0
25.0
1.0
165.0
434.0
77.0
2691.0
4.0
6.0
3.0
1839.0
24.0
1.0
2.0
162.0
10.0
17.0
14.0
2.0
28.0
660.0
55.0
9.0
4.0
1.0
46.0
1.0
3.0
16.0
369.0
11.0
2.0
45.0
450.0
49.0
3.0
4.0
282.0
11.0
6.0
5.0
3.0
1.0
1.0
5.0
1.0
28.0
4.0
1.0
2.0
3.0
1.0
1.0
1.0
69.0
1.0
1.0
2.0
98.0
7.0
6.0
3.0
2.0
20.0
1.0
39.0
34.0
3.0
2.0
238.0
225.0
1.0
3.0
9.0
695.0
1.0
1.0
18.0
3.0
10.0
3.0
1.0
24.0
2.0
394.0
3.0
19.0
1.0
1.0
2.0
3.0
12.0
67.0
4.0
6.0
2.0
3.0
1236.0
146.0
16.0
1.0
115.0
2469.0
1.0
2.0
8.0
3.0
819.0
1.0
1.0
1271.0
2.0
103.0
2.0
3.0
47.0
45.0
1.0
1.0
3.0
1148.0
3.0
33.0
3.0
323.0
1.0
2.0
3.0
98.0
45.0
3.0
2.0
3.0
5.0
1.0
1.0
2.0
6.0
3.0
76.0
32.0
24.0
3.0
58.0
601.0
6.0
1.0
4.0
19.0
1.0
3.0
84.0
15.0
3.0
49.0
2578.0
3.0
31.0
1.0
1.0
3.0
1.0
25.0
295.0
750.0
1.0
1.0
14.0
91.0
51.0
1.0
34.0
1.0
3.0
3.0
1.0
1.0
7.0
1.0
1.0
3.0
3.0
351.0
11.0
22.0
1.0
3.0
3.0
4.0
1.0
4.0
4.0
3.0
5.0
4.0
6.0
119.0
1.0
16.0
689.0
7886.0
8.0
1.0
66.0
375.0
109.0
40.0
23.0
2.0
1.0
1.0
1.0
1.0
1.0
159.0
1.0
336.0
13.0
89.0
3.0
342.0
1671.0
3.0
2.0
1.0
5.0
8.0
3.0
17.0
1.0
4.0
57.0
3.0
4.0
2.0
65.0
105.0
2.0
40.0
3.0
3.0
2.0
1107.0
27.0
2.0
2.0
1.0
3.0
4.0
4.0
391.0
2.0
2.0
3.0
390.0
6.0
1121.0
1.0
101.0
70.0
3.0
4.0
519.0
3.0
63.0
1044.0
1.0
4.0
14.0
1514.0
6.0
3.0
1.0
3.0
7.0
4.0
4.0
2.0
1.0
386.0
3.0
3.0
48.0
8.0
3.0
3.0
3.0
39.0
1.0
2.0
2.0
40.0
1.0
93.0
139.0
2.0
3.0
991.0
1.0
274.0
18.0
545.0
6.0
2432.0
3.0
77.0
3433.0
9.0
288.0
129.0
3.0
3.0
351.0
6.0
60.0
894.0
3.0
8.0
11029.0
948.0
24.0
1.0
3.0
1.0
535.0
36.0
1.0
27.0
2.0
6.0
183.0
8.0
3.0
3918.0
2.0
87.0
3.0
1.0
363.0
6.0
17.0
60.0
118.0
17.0
694.0
186.0
17.0
4.0
36.0
1.0
915.0
6.0
14.0
32.0
1.0
43.0
17.0
61.0
46.0
7.0
1.0
596.0
3913.0
1.0
1794.0
1.0
69.0
6.0
1.0
1.0
5.0
2.0
2.0
2.0
3.0
21.0
1.0
1.0
3.0
3.0
1.0
2.0
1.0
15.0
3.0
65.0
37.0
770.0
4.0
1.0
573.0
457.0
4.0
5.0
41.0
1.0
1.0
318.0
4.0
14.0
22.0
1.0
1.0
3.0
1.0
1578.0
2.0
10.0
1.0
3.0
1.0
3.0
4.0
9.0
574.0
1.0
1735.0
1.0
1.0
1.0
4.0
1.0
405.0
2.0
2.0
4.0
1.0
34.0
3.0
749.0
1.0
3.0
11.0
737.0
44.0
1.0
9.0
574.0
102.0
4.0
27.0
7.0
1.0
615.0
2.0
512.0
24.0
3.0
3.0
1.0
5.0
2.0
1.0
1247.0
2.0
11.0
6.0
1.0
1.0
1134.0
14.0
3.0
2.0
6.0
7.0
152.0
2.0
1.0
1.0
179.0
9.0
1.0
1.0
6.0
4.0
9.0
4.0
8.0
1.0
1.0
4.0
3625.0
16.0
1018.0
7.0
3.0
1.0
1.0
2.0
129.0
5.0
3.0
15.0
19.0
3.0
1.0
1.0
3.0
24.0
3.0
9.0
19.0
1.0
7.0
108.0
3.0
101.0
1.0
20.0
1.0
1.0
7.0
2.0
8.0
88.0
3.0
662.0
449.0
1.0
3.0
2.0
4.0
3.0
6.0
2.0
4.0
6.0
1.0
5.0
3.0
2.0
1.0
2.0
1428.0
14.0
3.0
1.0
25.0
3.0
1.0
122.0
3.0
3.0
1.0
9.0
432.0
11585.0
428.0
1.0
391.0
4.0
13.0
29.0
179.0
1.0
4.0
2.0
2.0
14.0
3.0
63.0
10.0
2.0
1.0
2.0
1.0
3.0
38.0
350.0
2.0
1.0
3.0
4.0
318.0
3.0
3.0
338.0
5.0
4.0
24.0
4.0
3.0
2.0
121.0
3.0
3.0
3.0
6.0
574.0
64.0
1.0
5.0
7.0
15.0
1.0
1.0
1.0
24.0
1.0
2.0
1.0
2.0
3.0
6.0
1.0
5.0
85.0
295.0
3.0
1.0
1.0
24.0
4.0
1.0
3.0
614.0
1.0
64.0
1.0
3.0
3.0
13.0
9.0
5.0
41.0
187.0
2.0
444.0
1.0
5.0
1.0
1.0
18.0
6.0
18.0
3.0
2.0
3.0
1.0
3.0
19.0
1.0
19.0
59.0
3.0
301.0
1.0
46.0
8.0
1.0
3.0
1.0
5.0
1.0
7.0
6.0
1.0
11.0
314.0
3.0
4.0
1.0
91.0
3.0
15.0
2.0
288.0
7.0
221.0
1.0
288.0
1.0
4.0
16.0
27.0
1.0
445.0
2.0
14.0
8.0
1.0
1.0
4.0
3.0
295.0
10.0
1.0
1.0
8.0
34.0
2.0
16.0
341.0
1.0
2.0
1.0
10.0
1.0
54.0
1.0
1676.0
2.0
1.0
7.0
55.0
2.0
3.0
1.0
22.0
1.0
1.0
33.0
3.0
3.0
3.0
3.0
3.0
2178.0
498.0
47.0
4.0
2.0
35.0
4.0
3.0
3.0
1.0
124.0
1.0
1.0
1.0
4.0
4346.0
3.0
2232.0
5.0
4.0
858.0
11.0
296.0
1.0
620.0
628.0
2.0
1.0
1.0
34.0
33.0
3.0
5.0
2.0
10.0
3.0
30.0
301.0
2.0
1.0
62.0
3.0
6.0
4445.0
3.0
1.0
21.0
4.0
176.0
1.0
3.0
1.0
1.0
3.0
1.0
506.0
8.0
74.0
3.0
28.0
1.0
4.0
4.0
1.0
1.0
12.0
1714.0
2.0
3.0
65.0
2.0
2.0
55.0
3.0
121.0
2.0
107.0
3.0
2.0
48.0
4.0
2.0
1.0
14.0
41.0
2.0
421.0
1.0
1.0
3.0
1.0
14.0
1.0
6.0
452.0
3.0
86.0
1.0
6.0
1.0
3.0
47.0
3.0
2.0
15.0
1.0
2.0
13.0
449.0
78.0
2.0
1.0
54.0
62.0
3.0
1.0
1.0
5.0
8.0
12.0
59.0
596.0
1.0
95.0
1.0
4.0
1.0
70.0
1.0
6.0
14.0
3.0
1.0
1.0
22.0
1532.0
2.0
4.0
10.0
6.0
1.0
39.0
20.0
9.0
119.0
25.0
5.0
1.0
1.0
12.0
1.0
1.0
7.0
4597.0
1.0
1.0
1.0
852.0
1.0
25.0
922.0
4.0
1.0
169.0
4.0
1.0
66.0
3.0
24.0
2.0
1.0
5.0
248.0
2.0
1400.0
65.0
2.0
4214.0
67.0
6.0
54.0
8.0
3.0
30.0
125.0
6.0
3.0
773.0
1.0
324.0
34.0
8212.0
14.0
3.0
1.0
3.0
1.0
2.0
53.0
1.0
4.0
129.0
3.0
2.0
1.0
4.0
3.0
57.0
6.0
1.0
1.0
1.0
3.0
1.0
3.0
2.0
15.0
51.0
4.0
648.0
16.0
1.0
3335.0
596.0
3.0
10.0
72.0
42.0
1.0
170.0
25.0
1.0
1188.0
3.0
2.0
988.0
1.0
694.0
4.0
3.0
5.0
3.0
4.0
2.0
2.0
51.0
5.0
10.0
1.0
2.0
1.0
1.0
7.0
6.0
3.0
33.0
488.0
2.0
1.0
370.0
79.0
216.0
2.0
29.0
1116.0
7.0
1.0
1.0
16.0
4.0
8.0
2895.0
2.0
14.0
1.0
2.0
157.0
56149.0
4.0
101.0
1.0
576.0
1.0
9.0
1.0
1.0
3.0
2.0
33.0
4.0
1.0
9.0
36.0
34.0
104.0
3.0
1.0
1.0
1.0
8.0
1.0
1.0
4.0
25.0
344.0
4.0
214.0
86.0
14.0
1.0
7.0
66.0
3.0
17.0
10.0
3.0
16.0
6.0
288.0
1.0
2.0
1.0
20.0
1.0
159.0
295.0
1.0
2311.0
75.0
1.0
14.0
19.0
9.0
8.0
3.0
3.0
1104.0
1.0
3.0
1.0
1.0
7.0
1225.0
1624.0
19.0
1.0
5.0
310.0
12.0
1.0
1.0
7.0
1366.0
3.0
1.0
3.0
1.0
1.0
1.0
1.0
2711.0
3.0
14.0
1.0
97.0
1.0
4.0
2.0
6.0
1.0
2.0
3.0
3.0
1.0
1.0
1.0
2.0
1618.0
3.0
7.0
1.0
3.0
3.0
163.0
2.0
3.0
65.0
4.0
20.0
4.0
1.0
1265.0
11.0
5.0
762.0
3.0
5.0
63.0
27.0
1.0
3.0
1.0
4.0
65.0
11.0
15.0
2.0
165.0
2.0
1.0
18.0
1.0
3.0
4.0
1.0
1.0
2.0
1709.0
98.0
8.0
1.0
3.0
1.0
70.0
31.0
1019.0
13.0
769.0
208.0
5.0
249.0
944.0
3.0
3.0
54.0
5.0
2.0
1.0
1.0
1.0
5.0
2.0
1.0
74.0
1.0
2.0
8.0
3.0
20.0
14385.0
5.0
2.0
1.0
25.0
1.0
685.0
26983.0
1.0
2.0
1.0
1.0
1073.0
1.0
2.0
7.0
1.0
2.0
165.0
1.0
2.0
2.0
8.0
3.0
5.0
11.0
3.0
2.0
12.0
1.0
11.0
4.0
23.0
716.0
104.0
3.0
1.0
15.0
1.0
75.0
3.0
3.0
1.0
5.0
3.0
15.0
1.0
1.0
2.0
1.0
3.0
461.0
1.0
65.0
3.0
1091.0
14.0
24.0
3.0
535.0
3.0
1.0
6.0
2.0
5.0
1.0
1.0
76.0
3.0
431.0
5.0
9.0
2.0
24.0
5.0
546.0
1.0
5.0
1305.0
6.0
754.0
5.0
6.0
1.0
1.0
1.0
84.0
75.0
6.0
3.0
42.0
18.0
3.0
2.0
1.0
467.0
2.0
3.0
1.0
3.0
289.0
19.0
4.0
74.0
1352.0
1.0
3.0
270.0
2.0
1.0
17.0
7.0
723.0
15.0
57.0
1.0
451.0
1.0
1.0
3.0
3.0
2.0
1.0
1.0
7.0
748.0
4.0
3.0
1.0
3.0
361.0
1810.0
1.0
1.0
5.0
622.0
5.0
33.0
6.0
1.0
1009.0
1.0
145.0
1.0
1.0
1.0
1.0
2.0
3.0
7.0
1.0
5.0
1.0
8.0
1.0
668.0
1.0
1.0
2.0
1.0
3.0
5164.0
3.0
19.0
3.0
1130.0
1.0
6.0
743.0
461.0
21.0
261.0
1.0
2.0
2.0
1.0
151.0
3.0
55.0
27.0
177.0
324.0
5.0
1.0
10.0
12.0
85.0
1.0
19.0
39.0
3.0
3.0
1.0
256.0
727.0
1092.0
2.0
22.0
3.0
3.0
4.0
3.0
2396.0
1162.0
47.0
2.0
5.0
1.0
1.0
1.0
1.0
5.0
7.0
3.0
6.0
902.0
1.0
1.0
1.0
3.0
108.0
19.0
1073.0
1.0
1.0
1.0
1.0
58.0
1.0
4.0
1.0
8.0
11.0
5.0
1.0
264.0
1.0
3.0
15.0
1.0
12.0
1.0
36.0
248.0
1.0
1.0
19.0
3.0
9.0
144.0
2.0
1.0
1.0
1685.0
2.0
1.0
925.0
6.0
6.0
1.0
80.0
2.0
109.0
3.0
1.0
1012.0
13.0
3.0
279.0
4.0
3.0
3.0
4.0
3.0
2.0
3.0
11.0
1.0
3.0
202.0
3.0
3.0
1.0
6.0
10.0
13.0
134.0
5.0
591.0
4.0
70.0
61.0
31.0
1090.0
8.0
1.0
5.0
8.0
413.0
963.0
2.0
29.0
3.0
71.0
2369.0
3.0
1.0
288.0
3.0
690.0
15.0
2.0
1.0
3.0
9.0
33.0
3.0
1.0
7.0
43.0
3.0
1.0
292.0
19.0
10.0
3.0
3.0
1.0
3.0
296.0
5.0
14.0
719.0
1.0
1.0
2.0
1.0
3.0
10.0
38.0
17.0
31.0
19.0
5.0
2.0
4.0
34.0
1.0
3.0
4.0
1.0
1.0
288.0
13116.0
1.0
149.0
1.0
409.0
1958.0
74.0
10.0
22.0
2.0
2.0
1.0
1.0
98.0
20.0
2.0
1.0
5.0
3.0
225.0
14329.0
3.0
1.0
3.0
1.0
5.0
2.0
1.0
1.0
17.0
3.0
2.0
1.0
16.0
1.0
3.0
1.0
3.0
3.0
1.0
6.0
1.0
10.0
1.0
1.0
3.0
6.0
4.0
5.0
3.0
5.0
3.0
4.0
1.0
11.0
4.0
4.0
2.0
15.0
2.0
1.0
2.0
37.0
1.0
1.0
1.0
8.0
6.0
22.0
2.0
13.0
1.0
2.0
2.0
32.0
1.0
6.0
1.0
9.0
57.0
1.0
3.0
3.0
1202.0
117.0
1.0
3.0
1.0
4.0
9.0
5.0
3.0
1.0
2.0
4.0
2.0
45.0
3.0
1.0
2.0
3.0
2.0
1.0
3.0
3.0
9.0
1.0
3.0
12.0
58.0
24.0
8.0
19.0
95.0
2.0
3.0
2.0
3.0
1.0
108.0
3.0
173.0
3.0
1.0
2.0
3.0
3.0
38.0
2066.0
16.0
1.0
2196.0
22.0
19.0
11.0
29.0
3.0
1018.0
3.0
1.0
1.0
1.0
1.0
1.0
1.0
1.0
9.0
11.0
1.0
22.0
769.0
2.0
1.0
2.0
66.0
3.0
4.0
1.0
55.0
7.0
3.0
3.0
129.0
7.0
3.0
4.0
6.0
11.0
54.0
3.0
3.0
5.0
11.0
24.0
39.0
1.0
3.0
3.0
308.0
2.0
6.0
1.0
1.0
1.0
2.0
2285.0
11.0
1.0
8.0
3.0
330.0
107.0
1.0
1.0
1.0
27.0
328.0
40.0
1.0
1.0
1.0
3.0
3.0
1.0
1.0
313.0
3.0
1.0
161.0
1.0
1.0
137.0
2.0
156.0
997.0
3.0
7.0
4.0
5.0
117.0
3.0
11.0
12.0
24.0
16.0
18.0
596.0
706.0
3.0
1.0
565.0
3.0
12.0
1.0
7.0
1.0
2.0
6.0
580.0
66.0
492.0
3.0
66088.0
6.0
3.0
3.0
1888.0
9.0
1.0
764.0
6.0
96.0
340.0
33.0
8686.0
444.0
30.0
2.0
3.0
2.0
33.0
1.0
4.0
379.0
3.0
1.0
1.0
1.0
800.0
7.0
1.0
20.0
10.0
28.0
3.0
1.0
1.0
1.0
1.0
16.0
1.0
33.0
1.0
1.0
7.0
1.0
4.0
2.0
26.0
1.0
115.0
6.0
2153.0
1.0
1.0
1.0
1.0
2.0
4.0
148.0
1.0
2.0
9.0
9.0
67.0
65.0
3.0
6.0
1.0
4.0
2.0
2.0
26.0
51.0
2.0
604.0
1.0
1.0
3.0
1.0
3.0
10.0
48.0
1.0
2.0
1.0
3.0
671.0
4.0
1259.0
3.0
3.0
1.0
3.0
1.0
3.0
3.0
3.0
221.0
428.0
55.0
1.0
8.0
5.0
1.0
22.0
8.0
2.0
3.0
11.0
10.0
740.0
3.0
2.0
1.0
19.0
1.0
6.0
66.0
603.0
1.0
2.0
337.0
3.0
17.0
626.0
1.0
1018.0
8.0
3.0
537.0
2.0
235.0
955.0
3.0
1.0
4.0
3.0
66.0
3.0
3.0
21.0
1.0
3.0
923.0
8.0
2.0
3.0
3.0
7.0
6.0
1466.0
2.0
1.0
16.0
3.0
3.0
19.0
1.0
4.0
33.0
1120.0
3.0
5.0
1.0
873.0
1.0
3.0
3.0
7.0
3.0
7.0
1.0
370.0
2.0
2.0
4.0
1027.0
1.0
75.0
3.0
786.0
11.0
22.0
1.0
1.0
3.0
589.0
3.0
390.0
2.0
2147.0
63.0
1.0
3.0
12.0
576.0
9.0
1.0
5.0
1.0
38.0
1.0
1.0
8.0
119.0
7.0
6.0
1.0
1.0
3.0
1.0
1.0
288.0
288.0
107.0
1.0
2.0
114.0
5.0
10.0
4.0
3.0
1.0
95.0
44321.0
2.0
645.0
3.0
1.0
247.0
66.0
1.0
1.0
1.0
2.0
136.0
4.0
1.0
19.0
9.0
2.0
1447.0
126.0
105.0
4.0
109.0
4.0
5.0
3.0
1635.0
15.0
4.0
1.0
3.0
1.0
3.0
58.0
1.0
8.0
7.0
3.0
1.0
31.0
3.0
16.0
1.0
3.0
1.0
999.0
2.0
2.0
1.0
1.0
1.0
3.0
1642.0
3.0
3.0
59.0
2.0
3.0
9.0
2.0
1.0
3.0
27.0
73.0
1.0
9.0
1.0
22.0
3.0
1376.0
3.0
87.0
1.0
1.0
3.0
1.0
1.0
4.0
1.0
1049.0
1.0
173.0
66.0
6.0
3.0
2284.0
18.0
2.0
2.0
3.0
3.0
1.0
401.0
2.0
1.0
24.0
23.0
458.0
2.0
1.0
5.0
1.0
6.0
1.0
3.0
4.0
1.0
37.0
3.0
3.0
3.0
3.0
1.0
1713.0
1.0
6.0
1.0
2.0
9.0
1.0
12.0
56.0
52.0
3.0
60.0
1.0
2.0
27.0
60.0
1.0
3.0
1.0
644.0
1.0
1.0
1579.0
2.0
1.0
219.0
4.0
5.0
8.0
87.0
1.0
2.0
1.0
52.0
1.0
3.0
1.0
2.0
3.0
1.0
2.0
5.0
1.0
3.0
9.0
90.0
5.0
15.0
5.0
230.0
1746.0
8.0
1.0
4.0
340.0
3.0
11563.0
15.0
94.0
2646.0
86.0
11.0
3.0
1.0
3.0
697.0
5.0
3.0
5.0
6.0
129.0
1.0
1.0
2.0
3.0
1.0
76.0
701.0
1071.0
3.0
2.0
13.0
3.0
1.0
202.0
5.0
3.0
935.0
5.0
2.0
272.0
4.0
15.0
2.0
2.0
1.0
4.0
9.0
526.0
1.0
1631.0
19.0
4.0
6003.0
3.0
3.0
1.0
1.0
2.0
1.0
3.0
2.0
102.0
1.0
1.0
3.0
3.0
961.0
7.0
21.0
2.0
40.0
1.0
1.0
1.0
10.0
15.0
7.0
351.0
20.0
2.0
2.0
338.0
2.0
1.0
9.0
22.0
1.0
2.0
3.0
25.0
2.0
2.0
1.0
3.0
1.0
123.0
451.0
167.0
3.0
1.0
40.0
2.0
39.0
4.0
19.0
1.0
4.0
1.0
3.0
6171.0
364.0
705.0
1.0
1.0
4.0
43.0
6.0
2.0
2.0
2.0
9.0
110.0
6.0
1.0
3.0
1.0
3.0
1.0
1.0
288.0
19.0
54.0
84.0
802.0
1.0
1.0
2.0
1.0
73.0
1.0
707.0
11.0
10.0
3.0
80.0
1.0
61.0
3.0
8.0
3.0
312.0
27.0
33.0
1.0
7.0
191.0
2.0
1.0
6.0
669.0
75.0
3.0
1.0
3.0
2.0
3.0
1.0
14.0
1.0
54.0
350.0
3.0
4.0
5.0
44.0
3.0
7.0
3.0
2.0
66.0
2.0
1.0
1.0
1.0
1.0
458.0
9.0
3.0
3.0
370.0
1.0
1.0
282.0
9.0
13.0
2.0
800.0
2.0
3.0
92.0
3.0
3.0
1.0
2.0
4.0
1.0
75.0
9.0
62.0
1.0
3.0
1.0
139.0
2.0
2.0
2.0
1.0
7.0
2.0
1066.0
2.0
1.0
1.0
1.0
5.0
1.0
4.0
9.0
56.0
58.0
8.0
4.0
2.0
632.0
1.0
1.0
4.0
9.0
536.0
1.0
11.0
4.0
5.0
1.0
6.0
2.0
11.0
1.0
2.0
1.0
25.0
4.0
2.0
1312.0
3.0
1.0
4.0
6.0
1.0
67.0
3.0
1.0
3.0
1.0
3829.0
159.0
9.0
17.0
4.0
2.0
3.0
1.0
1.0
2.0
1.0
1.0
49.0
1.0
1.0
12.0
3.0
4.0
59.0
60.0
17.0
202.0
1.0
15.0
17.0
3378.0
2.0
680.0
1.0
1.0
225.0
343.0
696.0
527.0
1357.0
2.0
1.0
6.0
1.0
292.0
840.0
42.0
1.0
150.0
1186.0
3.0
18.0
1.0
1.0
17.0
65.0
1.0
13818.0
1.0
1.0
3.0
253.0
74.0
1.0
2.0
3.0
13.0
1.0
12.0
1314.0
144.0
1.0
3.0
4.0
5.0
31.0
2150.0
4.0
68.0
3.0
2.0
2.0
8668.0
5.0
2.0
3.0
1012.0
1.0
1.0
4.0
36.0
1.0
5.0
1.0
3.0
3.0
1.0
1.0
1.0
1018.0
6.0
42.0
15.0
1.0
319.0
3.0
1.0
2.0
1.0
2.0
31.0
1018.0
1.0
3.0
3.0
79.0
5.0
1.0
3.0
1149.0
425.0
1.0
3.0
2.0
2.0
3.0
1.0
1.0
2.0
1.0
5.0
14.0
2.0
1.0
3.0
1.0
1.0
14.0
961.0
3.0
3.0
58.0
17.0
112.0
310.0
3.0
613.0
3.0
4.0
8.0
3.0
1.0
1.0
82.0
6.0
1.0
471.0
150.0
4.0
4.0
1135.0
3.0
3.0
29.0
2.0
10.0
716.0
1.0
24.0
2.0
25.0
1.0
83.0
3.0
1.0
1.0
134.0
3.0
18.0
1.0
479.0
24.0
1.0
1.0
96.0
10.0
24.0
8.0
27.0
218.0
14.0
1.0
2.0
9.0
566.0
10.0
1.0
1.0
19.0
50.0
3.0
674.0
14.0
12.0
3.0
17.0
3.0
13090.0
147.0
3.0
4.0
3.0
59.0
1.0
1.0
35.0
2.0
1017.0
11.0
3.0
1.0
3.0
4.0
1.0
1.0
20.0
1.0
121.0
126.0
55.0
19.0
162.0
1.0
23.0
5.0
9.0
1165.0
1125.0
162.0
1.0
1246.0
420.0
116.0
3.0
1.0
372.0
1.0
3.0
3.0
2.0
3.0
2180.0
11.0
4.0
334.0
6.0
1.0
10.0
15.0
2.0
3.0
8.0
1.0
691.0
13.0
2.0
6.0
9.0
1.0
1.0
19.0
1.0
4.0
1.0
2.0
24.0
9.0
3.0
7.0
1.0
5083.0
29.0
19.0
26.0
2.0
1.0
3.0
57.0
2.0
369.0
202.0
1.0
1.0
1.0
113.0
13.0
1.0
6.0
1321.0
1.0
2.0
3.0
9.0
1.0
17.0
4.0
1.0
1.0
1.0
9.0
1131.0
2.0
2.0
1.0
7.0
1.0
52.0
14.0
3.0
22.0
27.0
38.0
88.0
4.0
10.0
5.0
1.0
1441.0
2.0
6.0
3.0
3.0
4.0
1.0
28.0
1.0
1016.0
75.0
524.0
23.0
2.0
1.0
19.0
1.0
1526.0
103.0
403.0
2.0
6.0
14.0
1.0
1.0
3.0
41.0
5.0
21.0
3.0
1.0
5.0
5.0
1.0
1.0
3.0
10.0
13.0
1.0
10.0
1481.0
2.0
2.0
1.0
3.0
2.0
3.0
3.0
3.0
6.0
4.0
3.0
1.0
6.0
9.0
25.0
4.0
3.0
2.0
3.0
3.0
2.0
7.0
1.0
841.0
6.0
351.0
2.0
1.0
1.0
1.0
1.0
1.0
313.0
3.0
13.0
157.0
1.0
6.0
3.0
452.0
3.0
1.0
1.0
3.0
5.0
8.0
67.0
4.0
3.0
3.0
3.0
1.0
1.0
4.0
3.0
5.0
3.0
2.0
2.0
1594.0
935.0
3.0
3.0
4.0
5.0
20.0
12.0
1.0
110.0
351.0
4.0
24.0
5.0
1.0
22.0
135.0
4.0
282.0
1.0
33.0
4.0
10.0
3.0
52.0
11.0
4.0
2.0
351.0
5.0
1.0
58.0
242.0
3.0
431.0
1.0
1.0
4.0
1.0
1.0
4.0
3.0
28.0
9.0
36.0
3.0
2.0
595.0
3.0
377.0
4.0
9.0
86.0
3.0
1.0
1.0
1.0
2.0
1.0
5.0
20.0
22.0
5.0
1.0
3.0
1.0
137.0
1.0
7.0
9.0
2.0
4.0
399.0
2.0
75.0
731.0
3.0
1.0
13.0
871.0
9.0
2.0
2.0
47.0
1.0
1.0
11.0
1.0
9.0
3.0
3.0
9.0
2.0
2506.0
23.0
52.0
121.0
1314.0
2.0
1.0
23.0
4.0
2.0
1858.0
3.0
1.0
3.0
3.0
8.0
3.0
1.0
8.0
5.0
7.0
132.0
18.0
24.0
1120.0
4.0
6.0
7.0
3.0
791.0
3.0
15.0
40.0
351.0
2.0
6.0
1.0
7.0
9.0
3.0
9.0
435.0
1256.0
5.0
3.0
2.0
948.0
3.0
3.0
28.0
15.0
11.0
2209.0
3.0
3.0
3.0
4.0
351.0
1.0
3.0
5.0
3.0
132.0
7.0
12.0
3.0
6.0
3.0
642.0
1.0
3.0
13.0
2.0
10.0
3.0
16.0
3.0
113.0
1.0
5.0
1.0
3.0
2.0
198.0
182.0
5.0
1.0
2.0
1.0
5.0
1.0
10.0
1.0
3.0
19.0
1.0
5.0
7.0
1.0
79.0
2.0
3139.0
7.0
232.0
1.0
3.0
3.0
56.0
2.0
9.0
2.0
4.0
1.0
30.0
136.0
2.0
2.0
4.0
1.0
1.0
1200.0
1.0
416.0
3.0
13.0
3.0
2.0
916.0
6.0
3.0
4.0
1.0
133.0
11.0
6.0
6.0
14.0
1017.0
1.0
1.0
47.0
1.0
1.0
1.0
7.0
89.0
1.0
3.0
178.0
6.0
6.0
66.0
7.0
1.0
13.0
2.0
4.0
5.0
1.0
1.0
96.0
71.0
1.0
2.0
2.0
4.0
2.0
1.0
25.0
1.0
351.0
2.0
17.0
1.0
5.0
30.0
2.0
3.0
15.0
5.0
7.0
1.0
28.0
1.0
2.0
1.0
1.0
3.0
2.0
20.0
2.0
1.0
282.0
4.0
8.0
2.0
1.0
3.0
3.0
4.0
4555.0
114.0
2.0
3.0
1.0
2.0
282.0
7.0
1.0
1.0
1.0
10.0
961.0
242.0
2.0
34.0
217.0
28.0
7.0
10.0
5.0
5.0
1.0
1.0
3.0
21.0
2.0
1.0
24.0
1.0
2.0
8.0
1.0
3.0
1.0
10.0
7.0
1068.0
8.0
1.0
23.0
3.0
194.0
2.0
14.0
3.0
3.0
111.0
8.0
10.0
4452.0
2.0
78.0
2.0
1.0
4.0
1150.0
11.0
8.0
38.0
1.0
1.0
11.0
18.0
2.0
13.0
1.0
3.0
15.0
7.0
1.0
1.0
2.0
1.0
233.0
3.0
3.0
1.0
241.0
8.0
3.0
1.0
1.0
571.0
2.0
3.0
1.0
4.0
69.0
3.0
24.0
127.0
277.0
1.0
1.0
69.0
1.0
1.0
2.0
9.0
1.0
154.0
4.0
7.0
582.0
1.0
2.0
735.0
3.0
7.0
5.0
19.0
1.0
3.0
105.0
830.0
72.0
42.0
2.0
1.0
113.0
1.0
3.0
1.0
2.0
1.0
3.0
3.0
11.0
13.0
22.0
1462.0
40.0
333.0
42.0
4.0
674.0
20.0
37.0
23.0
552.0
3.0
512.0
602.0
24.0
2.0
9.0
1.0
12.0
3647.0
17.0
10.0
95.0
39.0
1.0
5.0
44.0
634.0
18.0
1.0
16.0
10.0
3.0
2.0
3.0
2.0
59.0
225.0
14.0
18.0
550.0
3.0
1714.0
1726.0
1.0
1.0
3.0
1.0
3.0
2203.0
3.0
19.0
4.0
10.0
69.0
152.0
11.0
3.0
54.0
3.0
1.0
10.0
8.0
2.0
1.0
69.0
1.0
1.0
1.0
91.0
23.0
3.0
1.0
35.0
1.0
114.0
8.0
11.0
2578.0
1.0
1.0
104.0
1.0
3.0
3.0
1.0
76.0
1.0
338.0
181.0
1.0
1.0
1.0
3.0
5.0
3926.0
121.0
101.0
3.0
1.0
2.0
1.0
2.0
1.0
3.0
569.0
1.0
140.0
1.0
8.0
1.0
6605.0
492.0
4688.0
39.0
10.0
2.0
344.0
4.0
477.0
4.0
1.0
3.0
4.0
737.0
3.0
215.0
2.0
24.0
116.0
2.0
1697.0
1.0
1.0
1138.0
3.0
6.0
2.0
8.0
55.0
2.0
298.0
1.0
58.0
1.0
768.0
1.0
351.0
1.0
96.0
353.0
835.0
1.0
16426.0
3.0
5585.0
16.0
5.0
5931.0
117.0
5.0
2.0
13.0
30.0
66.0
3.0
17.0
311.0
46.0
49.0
1.0
316.0
1.0
51.0
973.0
25.0
6768.0
1.0
1.0
48.0
2.0
36.0
1.0
1.0
3.0
3.0
3.0
2.0
8.0
1.0
7.0
2.0
1.0
3.0
1.0
1.0
7.0
45.0
16.0
3.0
1.0
1942.0
2.0
160.0
2.0
1.0
268.0
1.0
3.0
75.0
4.0
1.0
1.0
3.0
34.0
3.0
11.0
2.0
14.0
2.0
8.0
1062.0
22.0
3.0
6.0
5.0
3.0
2.0
1.0
919.0
5.0
3.0
1.0
1.0
3.0
5.0
1.0
2.0
1.0
24.0
11.0
7.0
5.0
9.0
3.0
4.0
1.0
108.0
16.0
2928.0
3.0
39.0
3.0
164.0
1.0
1.0
1.0
8.0
49.0
774.0
1028.0
1.0
12.0
1.0
6.0
837.0
1.0
50.0
1.0
1.0
2.0
4.0
1941.0
222.0
1.0
24.0
3.0
6.0
1.0
10.0
1.0
3.0
15.0
3.0
2.0
55.0
1.0
2.0
3.0
2.0
18.0
7.0
3.0
8.0
1.0
492.0
4.0
7.0
1.0
1.0
1.0
154.0
3.0
53.0
1.0
94.0
5.0
3.0
1755.0
1.0
34.0
464.0
741.0
634.0
9.0
5.0
4.0
9.0
22.0
1783.0
257.0
18.0
15.0
16.0
3.0
1.0
2.0
7.0
4.0
104.0
351.0
3.0
11.0
2.0
10.0
473.0
11.0
17.0
13.0
2.0
13.0
8.0
1.0
4.0
1.0
1.0
215.0
3.0
14.0
446.0
11.0
1.0
1.0
5.0
2.0
3.0
4.0
2.0
2.0
6.0
3.0
3.0
6.0
4.0
7.0
2.0
73.0
21.0
2.0
18.0
4.0
1.0
2.0
29.0
2047.0
1.0
3.0
2.0
1.0
2.0
1.0
18.0
1.0
1.0
11.0
4.0
1.0
1.0
264.0
1.0
9.0
14.0
9.0
2.0
2.0
95.0
24.0
5.0
189.0
1.0
16507.0
1944.0
17.0
1.0
80.0
268.0
2.0
8.0
202.0
576.0
17.0
17.0
14.0
448.0
29.0
2.0
2.0
1.0
5.0
88.0
1.0
2.0
1.0
1.0
4.0
1.0
12.0
78.0
3.0
1.0
1.0
15.0
368.0
3.0
2.0
35.0
5.0
1.0
279.0
2.0
3.0
24.0
1.0
1.0
3.0
24.0
6.0
1.0
2.0
1.0
1.0
20.0
2.0
1.0
3.0
5.0
36.0
88.0
40.0
1.0
1.0
3.0
596.0
1.0
149.0
63.0
771.0
2.0
23.0
1.0
3.0
211.0
1.0
1.0
101.0
41.0
1.0
2.0
34.0
56.0
50.0
8.0
2.0
2.0
351.0
1.0
2.0
1113.0
2.0
3.0
1.0
1.0
3.0
3.0
22.0
2.0
1.0
1.0
125.0
3.0
3.0
11.0
3.0
9.0
1043.0
1.0
1.0
245.0
2.0
3.0
3.0
3.0
1.0
1.0
9.0
2.0
3.0
29.0
1.0
749.0
8.0
11.0
1.0
1.0
55.0
4.0
35.0
1.0
9.0
1.0
1.0
1.0
3.0
48.0
1.0
5.0
1200.0
46.0
4.0
20.0
4.0
2.0
5.0
1.0
65.0
646.0
669.0
2.0
3.0
2.0
150.0
2.0
66.0
3.0
3.0
1.0
11.0
3.0
5.0
65.0
1.0
478.0
7.0
1.0
152.0
1.0
1.0
75.0
2581.0
1.0
338.0
1.0
41.0
3046.0
450.0
6067.0
3.0
1.0
1.0
3337.0
351.0
2.0
2.0
3.0
3.0
1.0
59.0
3.0
146.0
207.0
43.0
2.0
1.0
24.0
8.0
1.0
2.0
3.0
1.0
1.0
690.0
2.0
3.0
1.0
3.0
7.0
10.0
2.0
8.0
70.0
11.0
40.0
31.0
178.0
1001.0
66.0
74.0
6.0
3.0
1.0
20.0
9.0
938.0
1448.0
3.0
3.0
9.0
1.0
116.0
8.0
242.0
2.0
3.0
1.0
1.0
1.0
288.0
1.0
4.0
1.0
1.0
2.0
335.0
9.0
1.0
1.0
10.0
1.0
154.0
19.0
3.0
3.0
8.0
3.0
31.0
9.0
23.0
4.0
166.0
34.0
3.0
1.0
166.0
24.0
1.0
8.0
1.0
298.0
8.0
8.0
1.0
3.0
1.0
1.0
93.0
7.0
14.0
1.0
2.0
4.0
830.0
8.0
191.0
530.0
1.0
4.0
15.0
565.0
3.0
1.0
3.0
6.0
1.0
2.0
452.0
147.0
1.0
4.0
1.0
3.0
1.0
172.0
1.0
227.0
1.0
1.0
1.0
15.0
15.0
1.0
1018.0
1.0
178.0
84.0
14.0
5.0
2.0
22.0
1.0
5.0
1.0
989.0
3.0
10.0
1.0
18.0
2.0
1.0
8.0
46.0
288.0
15.0
43.0
2.0
1.0
1.0
127.0
1.0
596.0
2291.0
2.0
200.0
351.0
1830.0
75.0
3.0
22.0
5.0
5.0
3.0
261.0
1.0
8.0
1.0
6.0
2.0
1.0
3.0
17.0
1.0
3.0
1.0
1018.0
1.0
1.0
18.0
44.0
24.0
144.0
156.0
4.0
5.0
6.0
1.0
2.0
1069.0
1.0
19.0
3.0
2.0
576.0
2.0
1.0
1.0
4.0
2.0
1.0
1.0
1.0
16.0
3.0
3.0
1.0
75.0
153.0
1.0
65.0
1.0
3.0
3.0
1.0
4.0
48.0
31.0
1.0
5.0
197.0
1719.0
3.0
1.0
1962.0
93.0
26.0
9.0
67.0
4.0
6.0
4.0
1.0
4.0
1.0
420.0
3.0
4419.0
1.0
1.0
4.0
3.0
303.0
1.0
14.0
1.0
1.0
530.0
4.0
16.0
6415.0
3.0
40.0
9.0
3.0
1.0
674.0
5.0
3.0
58.0
1.0
1.0
1.0
251.0
2.0
1.0
1.0
532.0
13.0
16.0
15.0
90.0
8.0
14974.0
28.0
1.0
4.0
37.0
9.0
2.0
1.0
1.0
9.0
892.0
1.0
25.0
1.0
3.0
977.0
13.0
162.0
3.0
7.0
8.0
8.0
14385.0
10.0
1.0
672.0
1.0
214.0
54.0
40.0
3.0
1.0
1.0
883.0
20.0
2.0
25.0
9.0
2.0
2.0
90.0
8.0
3.0
28.0
3.0
4.0
27583.0
1.0
4.0
947.0
99.0
1.0
3.0
3.0
3.0
8.0
1.0
4.0
1.0
36.0
1.0
1.0
18.0
214.0
3.0
743.0
1.0
16.0
82.0
1.0
6.0
141.0
3.0
1.0
3.0
5.0
117.0
1.0
4.0
649.0
17.0
3.0
2.0
1.0
492.0
4.0
3.0
3.0
11.0
3.0
4.0
8.0
19.0
66.0
2.0
1534.0
1.0
1.0
113.0
1.0
30.0
1.0
2.0
817.0
3.0
3.0
10.0
5.0
6.0
1825.0
1.0
48.0
15.0
1.0
1.0
10316.0
2.0
1.0
1.0
4.0
1.0
2.0
3.0
34.0
5.0
1.0
2.0
1.0
1979.0
1.0
8.0
1.0
1.0
574.0
3.0
200.0
7.0
3.0
3.0
27.0
3.0
3.0
1.0
1.0
7.0
1.0
62.0
1.0
39.0
1.0
2.0
2.0
4.0
945.0
38.0
31.0
1.0
1.0
133.0
8.0
3.0
2.0
18.0
10.0
1.0
15.0
1.0
59.0
5.0
3.0
3.0
41.0
3.0
1.0
19.0
187.0
1.0
2.0
1.0
959.0
5.0
1.0
3.0
603.0
52.0
2.0
1.0
8.0
4.0
8.0
2.0
2.0
18.0
63.0
1.0
99.0
2.0
299.0
2.0
5.0
2.0
1.0
1.0
1.0
4.0
13.0
1.0
3.0
1.0
9.0
3.0
3.0
2.0
1.0
1.0
19.0
106.0
3.0
3.0
16.0
15.0
4.0
900.0
127.0
24.0
3.0
3.0
35.0
1.0
29.0
3.0
1.0
1.0
44.0
5.0
3.0
12.0
1018.0
3.0
2.0
1.0
5.0
6.0
1.0
3.0
56.0
234.0
2.0
410.0
6.0
2.0
34.0
61.0
257.0
6648.0
2.0
1.0
1.0
3.0
1.0
2.0
3.0
1.0
1.0
1.0
7.0
3.0
4.0
8.0
10.0
6.0
597.0
5.0
1.0
1.0
3.0
1439.0
123.0
13.0
1903.0
62.0
15.0
1.0
2.0
3.0
257.0
3.0
22.0
6.0
6.0
2.0
1.0
1.0
4.0
427.0
1784.0
23.0
24.0
66.0
2.0
10.0
80.0
3.0
2.0
1.0
2.0
1.0
16.0
2.0
46.0
120.0
1.0
1.0
8.0
6.0
2.0
1.0
32.0
1.0
1.0
3.0
1.0
2.0
743.0
7.0
2.0
2.0
5.0
7245.0
1.0
8.0
5.0
2.0
1.0
6304.0
201.0
1.0
1.0
88.0
1.0
3.0
177.0
6.0
2.0
5.0
1.0
338.0
3.0
9.0
3.0
145.0
23.0
889.0
1.0
2.0
1831.0
1.0
38.0
3.0
1.0
1.0
1.0
3.0
2.0
1.0
3.0
3.0
14.0
1.0
4.0
3.0
521.0
1.0
103.0
3.0
25.0
279.0
5.0
3.0
856.0
2.0
7.0
4.0
406.0
9.0
2.0
1.0
1.0
5.0
62.0
3.0
1.0
11.0
3.0
7.0
214.0
1.0
1.0
4.0
1.0
1.0
2.0
1595.0
43.0
4.0
15.0
6.0
1.0
3.0
1907.0
1.0
3.0
2.0
3.0
5.0
109.0
28.0
27.0
1311.0
1.0
1.0
279.0
22.0
66.0
2.0
132.0
9.0
1.0
64.0
19.0
30.0
1.0
7912.0
13.0
67.0
49.0
3.0
2.0
1.0
3.0
288.0
16.0
2.0
1.0
220.0
351.0
4.0
7.0
190.0
1.0
1551.0
326.0
7.0
128.0
108.0
24.0
1.0
1.0
122.0
583.0
1.0
3.0
6.0
308.0
3.0
1095.0
8.0
32.0
20.0
3.0
13.0
80.0
2.0
1.0
1.0
4.0
3.0
1.0
1.0
3.0
1411.0
7.0
1.0
4.0
3.0
212.0
91.0
97.0
1.0
4.0
1.0
3.0
2.0
18.0
1.0
1.0
6.0
154.0
1042.0
24.0
1.0
4.0
1.0
4.0
4.0
22.0
19.0
6.0
7.0
9.0
2.0
1.0
2.0
5.0
1.0
9.0
3.0
19.0
1.0
18.0
3.0
23.0
3.0
21.0
2.0
295.0
97.0
37.0
1.0
9.0
1.0
12.0
3.0
883.0
7.0
89.0
2.0
457.0
2.0
1.0
5.0
1.0
2.0
1.0
1.0
136.0
1.0
119.0
5.0
22.0
1.0
19.0
3.0
108.0
40.0
3.0
18.0
8.0
1.0
2.0
8.0
267.0
3.0
1.0
1.0
1.0
3.0
8.0
696.0
1.0
986.0
21.0
3.0
59.0
12.0
5.0
33.0
3.0
3.0
3.0
3092.0
705.0
1.0
6.0
5.0
1.0
1.0
1.0
1.0
2.0
3.0
1.0
1.0
1.0
1.0
1.0
1.0
3.0
835.0
24.0
3.0
14.0
3.0
288.0
191.0
12.0
3.0
351.0
2.0
2.0
4.0
1.0
3.0
1.0
108.0
4.0
1.0
1.0
1.0
1.0
5.0
3.0
1.0
2.0
10.0
1.0
2.0
3.0
1.0
9.0
3.0
3.0
3.0
3.0
1.0
1.0
3.0
3.0
3.0
3.0
1.0
2.0
318.0
2.0
1.0
2.0
638.0
1.0
28.0
8.0
1.0
1002.0
1.0
1.0
818.0
530.0
7.0
1.0
1.0
28.0
1166.0
11.0
1.0
21.0
1.0
47.0
5.0
2.0
1.0
7.0
9.0
24.0
3.0
3.0
1.0
5.0
1244.0
1.0
248.0
6.0
4.0
1.0
3.0
1.0
9.0
18.0
75.0
576.0
19.0
3.0
12.0
1.0
1.0
15.0
1.0
44.0
5.0
9.0
2.0
2.0
1.0
36.0
3.0
61.0
14.0
73.0
9.0
1.0
4.0
371.0
69.0
47.0
1.0
153.0
112.0
120.0
444.0
66.0
1.0
7.0
3.0
3.0
3.0
8.0
1.0
34.0
2.0
449.0
2.0
759.0
1.0
5.0
1.0
948.0
2.0
24.0
1.0
28.0
1.0
3.0
1.0
1.0
24.0
1184.0
1.0
1481.0
1.0
543.0
2.0
7.0
1000.0
1.0
8.0
3.0
4.0
2.0
2.0
140.0
1.0
168.0
3.0
126.0
172.0
816.0
101.0
1.0
55.0
1.0
15.0
2.0
3.0
550.0
3.0
3.0
1.0
318.0
5.0
11.0
5.0
1.0
231.0
1247.0
3.0
2.0
1.0
13718.0
1.0
1.0
6.0
1293.0
33.0
16.0
9.0
3.0
1.0
132.0
10.0
2.0
1.0
4.0
3.0
1.0
3.0
3.0
9.0
731.0
1.0
10.0
1.0
24.0
2.0
349.0
22.0
1252.0
1.0
1.0
2.0
1.0
1.0
12.0
1.0
1.0
3.0
7.0
1.0
1.0
535.0
1.0
1.0
1.0
3.0
2.0
1.0
1.0
3.0
1.0
798.0
4.0
50.0
2969.0
70.0
17.0
2.0
1.0
4.0
50.0
1.0
6.0
185.0
1.0
25.0
2.0
2.0
9.0
2.0
31.0
36.0
4.0
99.0
2.0
4.0
1.0
11.0
165.0
70.0
3.0
160.0
8.0
579.0
2.0
6.0
36.0
3.0
5.0
24.0
3.0
47.0
1.0
8.0
4.0
1.0
13.0
2.0
1.0
5.0
3249.0
86.0
1.0
2415.0
1.0
9.0
4.0
9.0
1.0
11.0
1.0
24.0
44.0
1.0
3.0
292.0
1.0
1.0
24.0
596.0
3.0
2.0
4.0
3.0
60.0
1.0
4.0
2.0
2.0
131.0
8.0
7.0
653.0
3.0
3.0
2606.0
1.0
3.0
2.0
3.0
16.0
3.0
12.0
1.0
3.0
1.0
8.0
7.0
16.0
1.0
2.0
3.0
174.0
1.0
2.0
1.0
6.0
5.0
1.0
3.0
1.0
3.0
2.0
14.0
87.0
1.0
1.0
1.0
3.0
10.0
3.0
2.0
3.0
1.0
1039.0
3.0
44.0
3.0
1.0
1.0
1.0
1131.0
18.0
166.0
1.0
10.0
19.0
1.0
3.0
2.0
2.0
358.0
267.0
156.0
18.0
8.0
32.0
11.0
1.0
3.0
20.0
5.0
1.0
981.0
351.0
9.0
1.0
1.0
3.0
1.0
74.0
3.0
19.0
1.0
163.0
1.0
2.0
16.0
1.0
112.0
3.0
44.0
32.0
1.0
2.0
2.0
2.0
4.0
3725.0
141.0
1.0
4.0
1.0
5.0
3.0
101.0
27.0
1.0
2.0
3.0
3.0
2571.0
3.0
1.0
3.0
23.0
8.0
38.0
1.0
640.0
596.0
3.0
127.0
1.0
1.0
29.0
7.0
3.0
17.0
7.0
32.0
10.0
2.0
358.0
24.0
10.0
4.0
1.0
1.0
4.0
65.0
46.0
3.0
11.0
954.0
1185.0
16.0
1.0
16.0
20.0
19.0
1.0
1.0
12.0
1.0
3.0
91.0
3.0
25.0
1279.0
2.0
1299.0
1229.0
10.0
3.0
29.0
4.0
3.0
1.0
309.0
4.0
25.0
41.0
375.0
1.0
2.0
1.0
8.0
7.0
223.0
338.0
3.0
92.0
5.0
11.0
1.0
1.0
438.0
1415.0
2.0
2.0
1.0
5.0
219.0
31.0
8.0
9.0
18.0
2079.0
1.0
1.0
4.0
3.0
15.0
74.0
34.0
29.0
400.0
18.0
1.0
202.0
2.0
117.0
972.0
1.0
163.0
8.0
1.0
1929.0
543.0
3.0
1.0
1.0
5.0
10.0
6.0
623.0
11.0
1.0
2.0
11.0
1.0
10.0
8.0
8.0
1.0
553.0
23.0
3.0
1.0
3.0
569.0
57.0
181.0
31.0
3.0
10001.0
3.0
10.0
4.0
666.0
1.0
1.0
3.0
678.0
23.0
4.0
1.0
62.0
1.0
46.0
12.0
1.0
3.0
6.0
1.0
3.0
5.0
44357.0
75.0
374.0
39.0
1.0
248.0
689.0
5.0
77.0
1203.0
1.0
2.0
3400.0
1.0
6.0
80.0
1.0
19.0
19.0
7.0
878.0
4.0
5.0
50.0
3.0
3.0
5.0
1.0
288.0
427.0
145.0
1.0
7.0
11.0
4.0
345.0
4.0
458.0
3.0
107.0
3.0
940.0
82.0
5.0
2.0
1.0
9.0
19.0
1.0
4.0
401.0
1.0
3.0
3.0
2.0
6.0
2.0
1.0
14.0
55.0
2.0
1.0
5.0
1.0
1.0
11.0
658.0
3.0
3.0
1.0
2.0
1.0
48.0
1.0
1.0
3.0
840.0
24.0
3.0
1.0
3.0
8.0
282.0
1.0
4.0
2.0
7.0
25.0
823.0
168.0
3.0
3.0
1.0
6.0
8.0
3.0
45.0
192.0
164.0
4.0
6598.0
76.0
3.0
8.0
1.0
24.0
3.0
1.0
8.0
11655.0
3.0
1.0
1.0
3.0
2.0
17.0
4.0
1.0
1.0
508.0
36.0
7.0
3.0
1.0
1.0
1.0
1913.0
3.0
1.0
1.0
13.0
5.0
959.0
1869.0
3.0
3406.0
40.0
4.0
3.0
48.0
1.0
3.0
11.0
8.0
1120.0
1.0
1.0
16.0
5.0
2.0
86.0
3.0
2.0
1.0
2.0
9.0
8.0
2.0
2.0
95.0
7.0
1246.0
6.0
1061.0
4.0
1.0
2182.0
13.0
32.0
29.0
1.0
84.0
2.0
2154.0
8.0
175.0
3.0
1.0
106.0
3.0
4.0
1.0
3.0
5.0
24.0
7.0
9.0
2.0
4.0
113.0
39.0
44.0
4.0
3.0
117.0
8.0
6.0
1.0
9.0
43.0
9.0
1.0
1.0
1.0
9.0
112.0
31.0
3.0
43.0
2.0
3.0
164.0
10.0
2.0
2032.0
4.0
2.0
9.0
288.0
29.0
3.0
1.0
3.0
9.0
2.0
1.0
349.0
389.0
1.0
2.0
85.0
12.0
35.0
3665.0
441.0
1.0
1.0
24.0
2.0
11.0
1018.0
9.0
15.0
132.0
12.0
8.0
1.0
382.0
3.0
18.0
17.0
9.0
3.0
20.0
5.0
3.0
3000.0
47.0
11.0
4.0
1.0
3.0
1.0
1608.0
234.0
2.0
17.0
19.0
27.0
3.0
631.0
1.0
1.0
590.0
142.0
3.0
23.0
74.0
2.0
69.0
1.0
11.0
16.0
7.0
3.0
93.0
5.0
2.0
4.0
2.0
1.0
20.0
3.0
1.0
1.0
943.0
421.0
3.0
1.0
75.0
23.0
4.0
1.0
3.0
1.0
11.0
11.0
1373.0
11.0
1.0
1.0
1.0
3.0
1.0
6.0
1.0
11494.0
248.0
1.0
1.0
1.0
3.0
78.0
216.0
1.0
4.0
41.0
1.0
1.0
1.0
790.0
1.0
1.0
1.0
46.0
20.0
2.0
814.0
4.0
3.0
1.0
115.0
1.0
1.0
20.0
1.0
12.0
280.0
95.0
1.0
2142.0
2.0
2.0
2.0
2.0
1.0
3.0
16.0
4.0
129.0
82.0
3.0
7.0
47.0
8.0
402.0
846.0
124.0
2.0
4.0
12.0
31.0
21.0
1.0
2.0
1.0
21.0
68.0
1.0
2.0
88.0
2.0
55.0
69.0
3.0
69.0
1.0
1.0
2.0
17.0
3.0
3.0
3.0
1.0
569.0
3.0
3.0
1.0
3.0
3.0
55.0
2.0
3.0
2.0
1992.0
932.0
164.0
129.0
1.0
3.0
1.0
29.0
22.0
8.0
1.0
7.0
697.0
3.0
8.0
3.0
2.0
1.0
1.0
1.0
1.0
3.0
1.0
1.0
1.0
3.0
1.0
3.0
1.0
1.0
54.0
3.0
965.0
1.0
31.0
6.0
164.0
2.0
3.0
696.0
401.0
19.0
3.0
3.0
16.0
1.0
14.0
3.0
44.0
1.0
27.0
1.0
5.0
1.0
7.0
6.0
3.0
282.0
1.0
3.0
8.0
8.0
1116.0
3.0
11.0
1.0
2.0
16.0
1.0
2.0
6.0
1.0
3.0
12.0
203.0
38.0
6.0
3.0
3.0
1.0
1.0
530.0
6.0
93.0
33.0
1341.0
1.0
4.0
43.0
75.0
3.0
3.0
1.0
1.0
1.0
3.0
1.0
113.0
1.0
21.0
47.0
3.0
1.0
1.0
4.0
1229.0
1.0
2.0
1.0
2.0
25.0
2.0
5.0
3.0
3.0
1.0
3.0
4.0
179.0
234.0
23.0
1.0
2.0
4.0
5.0
19.0
407.0
13.0
386.0
6.0
2.0
1.0
34.0
9.0
2.0
377.0
17.0
63.0
9.0
22.0
25.0
1.0
586.0
1078.0
1.0
1.0
9.0
1.0
886.0
11.0
10.0
6.0
3.0
1561.0
13.0
1.0
3.0
104.0
31.0
2.0
1.0
4.0
1.0
1.0
1.0
44.0
1.0
9.0
70.0
1.0
14.0
6.0
25.0
1.0
22.0
1.0
924.0
835.0
3.0
1.0
1.0
31.0
2.0
60.0
30.0
1.0
1.0
1.0
11.0
8.0
69.0
3.0
1.0
1.0
3.0
4.0
4.0
12.0
8.0
4.0
26.0
1621.0
31.0
1.0
3.0
648.0
13.0
26.0
53.0
1.0
4.0
986.0
4.0
1.0
2.0
9.0
3.0
4.0
10.0
1.0
25.0
90.0
3.0
3.0
2.0
5.0
10.0
2.0
5.0
2.0
5.0
1.0
14.0
3.0
1.0
1.0
1.0
15.0
38.0
3.0
512.0
30.0
840.0
1913.0
3.0
1.0
1.0
3.0
3.0
15.0
121.0
10.0
3.0
421.0
22.0
1.0
9.0
1.0
14.0
4.0
10.0
55.0
6.0
1.0
3.0
3.0
6.0
19.0
2755.0
351.0
4.0
4.0
39.0
3.0
55.0
1.0
1.0
1.0
22.0
69.0
1.0
3.0
489.0
81.0
338.0
133.0
3.0
11.0
450.0
1.0
3.0
8.0
2.0
3.0
1.0
15.0
3.0
510.0
7.0
5.0
570.0
1.0
2.0
2.0
1.0
400.0
282.0
4.0
440.0
1.0
5.0
8.0
2.0
1.0
1.0
76.0
15.0
3.0
3.0
22.0
13.0
1.0
3.0
1.0
3.0
1.0
4.0
6.0
1.0
17.0
1.0
7.0
3.0
177.0
1.0
3.0
2.0
58.0
7.0
1.0
678.0
4.0
3.0
5.0
1.0
1.0
1231.0
2.0
7.0
238.0
1.0
1.0
10.0
2.0
3.0
1.0
1717.0
3.0
5.0
1.0
1.0
3.0
3.0
1.0
38.0
6.0
1.0
1.0
1.0
4.0
3.0
4.0
3.0
3.0
149.0
424.0
3.0
728.0
1.0
461.0
6.0
6.0
3.0
3.0
1.0
131.0
132.0
17.0
125.0
501.0
2.0
8.0
6.0
171.0
25.0
3.0
1.0
107.0
24.0
3.0
17.0
6.0
1.0
351.0
1.0
3.0
23.0
2062.0
690.0
1230.0
2.0
4.0
3.0
67.0
1.0
2.0
2.0
22.0
600.0
3.0
3.0
1.0
2.0
8.0
1229.0
1508.0
1004.0
1.0
1058.0
10.0
1.0
45.0
132.0
1.0
4.0
1.0
4.0
21.0
1.0
25.0
2.0
1.0
10.0
1.0
1.0
10.0
9.0
439.0
136.0
25.0
2.0
1.0
4.0
44.0
1.0
10.0
8.0
1.0
1225.0
5.0
5.0
21.0
19.0
3.0
1.0
10.0
4.0
1.0
370.0
6.0
1.0
1.0
1.0
1.0
3.0
1.0
3.0
218.0
3.0
1.0
535.0
33.0
1.0
14.0
46.0
1.0
5.0
1.0
3.0
1.0
1.0
6.0
1.0
6.0
6.0
52.0
1.0
11.0
1.0
1.0
44.0
401.0
3.0
1.0
3.0
1.0
2.0
89.0
8.0
3.0
2.0
1.0
1.0
1.0
3.0
5.0
1.0
2.0
1.0
5.0
3.0
1.0
1.0
20.0
3.0
1670.0
3.0
2.0
4.0
4.0
3.0
3.0
351.0
2.0
7.0
3.0
13.0
17.0
3.0
3.0
4153.0
1.0
3.0
15.0
112.0
2.0
4.0
1.0
113.0
1.0
19.0
56.0
8.0
576.0
35.0
2.0
3.0
3.0
2.0
15.0
8.0
708.0
57.0
1.0
5.0
1.0
1.0
41.0
3.0
2.0
3.0
1.0
274.0
1.0
1.0
23.0
1.0
3.0
36.0
2.0
1.0
2.0
5.0
1.0
126.0
3.0
13.0
3.0
2.0
1330.0
3.0
1.0
207.0
86.0
3.0
1.0
2.0
3.0
2.0
1.0
4.0
3.0
3.0
11.0
4.0
16.0
1.0
1.0
2.0
1278.0
4.0
3.0
807.0
454.0
2.0
1.0
3.0
2.0
10.0
1.0
251.0
102.0
3.0
8.0
9.0
57.0
1.0
22.0
13.0
3.0
136.0
483.0
1298.0
3.0
1.0
2.0
1.0
1.0
42.0
3.0
2.0
3.0
788.0
2.0
1217.0
34.0
2.0
344.0
1.0
204.0
7.0
4.0
18.0
1.0
1.0
1.0
1.0
1114.0
12.0
24.0
1425.0
3.0
4.0
8.0
1.0
1.0
4.0
8.0
3.0
1.0
4.0
2.0
282.0
5.0
3.0
26.0
2.0
159.0
9.0
2.0
1.0
3.0
3.0
16.0
4.0
57.0
1.0
1.0
2.0
394.0
7.0
1.0
3.0
281.0
9.0
1887.0
1.0
2.0
6.0
7.0
5.0
1.0
26.0
4.0
2.0
2.0
1.0
67.0
43.0
1.0
3.0
35.0
344.0
1.0
1.0
1.0
7.0
223.0
19.0
4.0
1494.0
1116.0
3.0
1.0
3.0
2764.0
2.0
1.0
19.0
107.0
21.0
5.0
67.0
12.0
27.0
3.0
298.0
978.0
819.0
1.0
1.0
1.0
576.0
7.0
5.0
6348.0
2.0
4.0
6.0
150.0
3.0
3.0
25.0
2.0
1.0
68.0
60.0
1.0
2.0
1012.0
1.0
1.0
1.0
17.0
1.0
596.0
197.0
1.0
8.0
9.0
1.0
895.0
7.0
227.0
59.0
2.0
233.0
3.0
1.0
11.0
1.0
3.0
432.0
1.0
1.0
31.0
10.0
3.0
3.0
2.0
7.0
1.0
3.0
3.0
1.0
2.0
635.0
3.0
39.0
1.0
17.0
3.0
3.0
3.0
22.0
2.0
3.0
74.0
4.0
1.0
1.0
20.0
276.0
1.0
77.0
1.0
3.0
1.0
1.0
2.0
2.0
28.0
512.0
18.0
3.0
5.0
1.0
8.0
4.0
1.0
351.0
1.0
140.0
1.0
82.0
5.0
1.0
737.0
25.0
427.0
3.0
8.0
26.0
1.0
2.0
7.0
1107.0
21.0
1.0
3.0
1018.0
596.0
3.0
4.0
127.0
17.0
1.0
927.0
3.0
1.0
1.0
2.0
8.0
1.0
2.0
1.0
19.0
1.0
1.0
374.0
907.0
1.0
47.0
1.0
2.0
2.0
314.0
218.0
339.0
12.0
1.0
3.0
5.0
475.0
4.0
88.0
1089.0
282.0
3.0
3.0
5.0
793.0
1.0
3.0
1.0
1.0
1933.0
81.0
543.0
104.0
8.0
1.0
21.0
43.0
2.0
201.0
1.0
113.0
3.0
115.0
3.0
4.0
1.0
1.0
288.0
3.0
1.0
1.0
22.0
8.0
1974.0
1.0
3.0
2.0
29.0
2967.0
8.0
17.0
1.0
1.0
114.0
1.0
3.0
3.0
1.0
9.0
4073.0
8.0
5189.0
1.0
2.0
1.0
9.0
16.0
3.0
158.0
10.0
3.0
3.0
10.0
2.0
5.0
3.0
1.0
1032.0
3.0
1.0
278.0
3.0
28.0
31.0
3.0
662.0
863.0
1.0
1.0
1.0
5.0
8.0
1.0
11.0
1.0
1.0
1.0
1.0
1.0
315.0
1.0
1.0
1963.0
2.0
1.0
2.0
15.0
1.0
1.0
796.0
2.0
64.0
737.0
3.0
1.0
1.0
3.0
8.0
469.0
8.0
6.0
3.0
1.0
5.0
1.0
1.0
1.0
3.0
3.0
75.0
3.0
544.0
24.0
2.0
147.0
1.0
28.0
25.0
3.0
3.0
1.0
35.0
1044.0
19.0
3.0
1.0
1.0
1.0
7.0
1.0
4.0
1.0
2.0
8.0
7111.0
1.0
2.0
3.0
36.0
78.0
576.0
76.0
6.0
1018.0
54.0
1.0
65.0
6.0
123.0
1.0
1225.0
4.0
1.0
21.0
7.0
6.0
31.0
1.0
9.0
775.0
1.0
1.0
7.0
15.0
5.0
1.0
3.0
24.0
1.0
1.0
5.0
3.0
10.0
2.0
1.0
19.0
1.0
1.0
3.0
1.0
440.0
554.0
542.0
41.0
17.0
91.0
21.0
281.0
13.0
15.0
3.0
4.0
7.0
6.0
54.0
1.0
2825.0
3.0
1.0
7.0
18.0
3.0
1.0
1.0
1230.0
1.0
1.0
1654.0
1.0
2.0
1.0
3.0
3.0
5.0
4052.0
1.0
1.0
367.0
3.0
457.0
19.0
6.0
1.0
2.0
2.0
5.0
1.0
3.0
2.0
1.0
17.0
15013.0
2.0
1.0
1.0
2.0
1603.0
15.0
1.0
946.0
3.0
3.0
1.0
31.0
3.0
158.0
25.0
22.0
1.0
1.0
3.0
2.0
1.0
2.0
1.0
27.0
3.0
3.0
3.0
1.0
221.0
27.0
2.0
456.0
1.0
1.0
2.0
9.0
1.0
3.0
3.0
2.0
5.0
3.0
4.0
3.0
9.0
2.0
3.0
344.0
1.0
3.0
31.0
2.0
1.0
2.0
22.0
24.0
9.0
107.0
18.0
1.0
79.0
102.0
75.0
5.0
1.0
3.0
2.0
1.0
31.0
5.0
2.0
1.0
292.0
1.0
163.0
1.0
1.0
1.0
19.0
1.0
4.0
2.0
1.0
35.0
65.0
1.0
104.0
31.0
1.0
1.0
20.0
1474.0
1.0
1.0
1.0
1342.0
2.0
273.0
30.0
4.0
9.0
11.0
61.0
1.0
981.0
1.0
2.0
93.0
3.0
5.0
638.0
2.0
4.0
1.0
451.0
881.0
3.0
1.0
3.0
1.0
1.0
4.0
5.0
1.0
4256.0
13.0
3.0
1.0
42.0
1.0
3.0
1.0
1696.0
7.0
351.0
47.0
3.0
8.0
3704.0
1.0
5.0
17.0
2.0
27.0
2.0
102.0
33.0
1.0
4.0
3.0
272.0
3.0
3.0
796.0
1.0
1.0
1.0
3.0
25.0
5.0
3.0
1.0
4.0
1.0
183.0
2.0
512.0
3.0
3.0
2.0
4.0
1.0
3.0
16.0
20.0
1.0
3.0
3.0
1.0
771.0
6.0
1.0
1.0
1.0
1.0
466.0
4.0
1.0
9.0
1.0
32.0
2.0
4.0
68.0
1.0
3.0
861.0
1.0
1.0
1.0
3.0
1.0
7.0
2.0
3.0
2.0
121.0
195.0
9.0
98.0
2.0
29.0
3.0
9.0
1.0
13570.0
453.0
1.0
3.0
5.0
7.0
3.0
5.0
16.0
3.0
3.0
1.0
3.0
970.0
1.0
11.0
225.0
218.0
20.0
77.0
1.0
36.0
47.0
5.0
3.0
49.0
62.0
9.0
3.0
341.0
1.0
5.0
110.0
1.0
3.0
8.0
11.0
2.0
1.0
28.0
1.0
3.0
1.0
209.0
1.0
1735.0
3.0
1.0
9.0
2.0
3.0
25.0
5.0
2.0
1.0
3.0
13.0
565.0
916.0
3.0
4.0
20.0
19.0
1.0
219.0
2.0
3.0
79.0
2.0
1.0
4.0
1.0
1.0
3.0
1.0
1.0
1.0
24.0
334.0
1.0
2.0
4.0
422.0
1.0
12.0
1.0
431.0
72.0
6.0
1.0
2.0
1.0
8.0
1.0
28.0
5.0
927.0
4.0
5.0
1.0
2471.0
3.0
12.0
1.0
1.0
4.0
1.0
203.0
1.0
116.0
42.0
1.0
2.0
80.0
1.0
1.0
351.0
3.0
4.0
1.0
1.0
1.0
1.0
109.0
1.0
30.0
2.0
1.0
1.0
47.0
1.0
3.0
1.0
1.0
2.0
1.0
841.0
1.0
3.0
12.0
5.0
12.0
6.0
2.0
520.0
1.0
4.0
3.0
1.0
2.0
1.0
38.0
42.0
2.0
8.0
16.0
1.0
1.0
4.0
3.0
2.0
3.0
288.0
3.0
152.0
244.0
3.0
3.0
2.0
21.0
11.0
1.0
1.0
8.0
31.0
18.0
3.0
1.0
693.0
1.0
14.0
1.0
1.0
4.0
20.0
5.0
21.0
24.0
8.0
15.0
31.0
11.0
3.0
1.0
1.0
4.0
3.0
69.0
188.0
25.0
861.0
3.0
1.0
6.0
1.0
3.0
1.0
3.0
3.0
1.0
167.0
351.0
174.0
1.0
5.0
1.0
22.0
5515.0
1.0
11.0
1.0
3.0
5.0
1032.0
3.0
3.0
10.0
3.0
593.0
1.0
11.0
8.0
34.0
2.0
4.0
1.0
3.0
3.0
21.0
4.0
213.0
29.0
1519.0
3.0
2.0
1.0
1.0
167.0
5.0
27.0
3.0
2.0
1.0
21.0
3.0
2.0
5.0
4.0
1.0
5.0
8.0
313.0
3.0
11.0
1.0
1.0
3.0
1.0
1.0
1.0
1.0
3.0
6.0
12.0
4196.0
2.0
3.0
3.0
1102.0
15.0
1.0
3.0
19.0
1.0
3.0
63.0
12.0
3.0
10001.0
1.0
964.0
1210.0
3.0
47.0
7.0
5.0
1.0
3.0
1.0
1.0
1.0
48.0
5.0
2.0
3.0
282.0
6.0
13.0
3.0
3.0
3.0
6.0
3.0
15.0
2.0
297.0
1.0
240.0
133.0
168.0
21.0
33.0
1.0
261.0
3.0
1.0
4776.0
1.0
2.0
715.0
2.0
288.0
3.0
1.0
3.0
6.0
1.0
1.0
12712.0
2.0
1.0
65.0
1.0
8.0
17.0
50.0
21.0
10.0
7.0
1.0
1285.0
7.0
11.0
1.0
3.0
3.0
111.0
2.0
2737.0
1.0
2.0
58.0
1.0
1.0
276.0
1.0
1860.0
357.0
1.0
3.0
10.0
16.0
6.0
1.0
1136.0
3.0
4.0
2.0
6.0
1.0
124.0
6.0
136.0
4.0
1.0
2.0
1.0
3.0
1.0
571.0
1.0
24.0
347.0
87.0
3032.0
3.0
1.0
565.0
27.0
1.0
1.0
19.0
1.0
1.0
13.0
7.0
5931.0
2844.0
44.0
2387.0
1.0
1.0
1.0
213.0
8.0
1614.0
282.0
18.0
797.0
79.0
7.0
5.0
3.0
1.0
1069.0
16.0
1.0
130.0
1957.0
1.0
1.0
4.0
2.0
1.0
2.0
16204.0
3643.0
124.0
10.0
258.0
20.0
11.0
2.0
4.0
10.0
7.0
234.0
151.0
3.0
1.0
2.0
16.0
7.0
1.0
61.0
1.0
82.0
16.0
6.0
1.0
1033.0
676.0
3.0
1.0
3.0
1.0
3.0
24.0
1.0
112.0
75.0
1.0
1.0
1.0
34.0
2152.0
4.0
4.0
3.0
3.0
11.0
1.0
3.0
1.0
4.0
23.0
1310.0
313.0
47.0
1.0
3.0
17.0
1.0
5.0
1.0
1.0
1.0
48.0
2.0
1.0
2.0
3.0
2.0
410.0
3.0
874.0
55.0
401.0
19.0
1.0
2.0
2.0
2.0
1.0
9.0
3.0
3.0
3.0
1.0
1.0
2.0
1.0
1.0
3.0
6.0
3.0
2.0
2.0
1.0
1.0
4.0
9.0
3.0
7.0
6.0
28.0
36.0
6518.0
1488.0
886.0
15.0
24.0
2.0
4.0
512.0
1.0
87.0
4.0
8.0
167.0
615.0
25.0
186.0
1.0
4774.0
24.0
3.0
3.0
2.0
3.0
1.0
3715.0
4.0
3.0
1.0
7.0
3.0
162.0
1.0
1.0
30.0
2.0
14.0
8.0
24.0
47.0
306.0
1.0
1.0
1.0
11.0
24.0
10.0
1.0
410.0
1.0
1.0
1.0
2.0
1.0
1.0
3.0
4.0
1.0
4.0
1.0
12.0
2.0
39.0
377.0
839.0
1.0
12.0
3.0
157.0
27.0
3.0
3.0
1.0
1.0
1.0
1.0
2.0
3.0
1.0
626.0
10.0
2.0
1.0
2.0
1558.0
32.0
3.0
24.0
3.0
1.0
1.0
61.0
1.0
1.0
42.0
2.0
3.0
2.0
596.0
3.0
3.0
2.0
3.0
1.0
15.0
9.0
1.0
17.0
6.0
1.0
2209.0
1083.0
1.0
1.0
1.0
19.0
275.0
1.0
1.0
2.0
280.0
3.0
51.0
2.0
102.0
3.0
3.0
3.0
20.0
3.0
1.0
5.0
6.0
9.0
1.0
2.0
6.0
1.0
1.0
11.0
1.0
51.0
4.0
33.0
2.0
2.0
1.0
206.0
1.0
3.0
8.0
1.0
5665.0
113.0
1.0
203.0
1571.0
3.0
3.0
1.0
18.0
1.0
31.0
3.0
261.0
34.0
3.0
43.0
9.0
615.0
1.0
17.0
103.0
1.0
497.0
2798.0
4.0
4.0
15.0
288.0
3.0
2310.0
3.0
1.0
1.0
402.0
1.0
21.0
4.0
3.0
87.0
3.0
1.0
402.0
282.0
17.0
1.0
257.0
24.0
3.0
6.0
10.0
166.0
5.0
538.0
60.0
41.0
461.0
1.0
1.0
74.0
42.0
11.0
4.0
1.0
102.0
12.0
25.0
16.0
1.0
1.0
1.0
944.0
191.0
3.0
4.0
2.0
64.0
12.0
3.0
839.0
4234.0
3.0
1.0
1.0
1131.0
3.0
5.0
4.0
300.0
1.0
13.0
29.0
58.0
1092.0
2.0
75.0
409.0
14.0
1.0
82.0
1.0
1.0
14.0
4.0
5.0
10.0
2.0
212.0
2.0
3.0
3.0
3.0
1.0
46.0
1.0
48.0
4.0
17.0
11.0
32.0
13.0
2.0
5.0
8.0
4.0
1.0
1.0
3.0
3.0
9.0
3.0
136.0
3.0
2.0
1.0
3.0
3.0
109.0
3.0
1.0
1.0
1.0
4.0
12.0
1.0
7.0
1.0
1.0
5.0
1.0
3.0
1.0
4.0
238.0
1.0
33.0
3.0
3.0
23.0
5.0
4.0
28.0
1806.0
410.0
1.0
4.0
1.0
25.0
14.0
177.0
2.0
2.0
3.0
7.0
5.0
3.0
5.0
1.0
1.0
9.0
2.0
1.0
1.0
19.0
8.0
1.0
1.0
3.0
1.0
444.0
511.0
1.0
1.0
3.0
1.0
1.0
1.0
2.0
3.0
1.0
2.0
5.0
1018.0
18.0
3.0
1.0
2.0
4.0
20.0
1468.0
5.0
2.0
1.0
3.0
61.0
29.0
1.0
576.0
1802.0
279.0
5.0
3.0
3.0
1.0
13.0
1.0
4.0
1.0
2.0
2312.0
2.0
4.0
1.0
612.0
11.0
47.0
2.0
4169.0
104.0
3.0
2.0
3.0
1.0
1.0
5.0
801.0
1.0
17.0
1.0
1.0
1.0
1.0
181.0
9.0
830.0
1888.0
8.0
1.0
87.0
2.0
4.0
77.0
2.0
100.0
1.0
1.0
4.0
2.0
1.0
1.0
354.0
932.0
3.0
12.0
7.0
18.0
15.0
2.0
542.0
126.0
3.0
1.0
3.0
18.0
5.0
3.0
7.0
2.0
1.0
2.0
3.0
45.0
1.0
62.0
2.0
1.0
3.0
14.0
2570.0
1.0
8.0
6.0
4.0
233.0
3.0
24.0
1.0
1.0
2.0
1.0
2.0
524.0
13857.0
1.0
1.0
3.0
7.0
1.0
20.0
2.0
288.0
2.0
1.0
1.0
183.0
16.0
5.0
3.0
157.0
3.0
4.0
22.0
5.0
351.0
11.0
1137.0
3.0
1573.0
5.0
14.0
2.0
683.0
20.0
1.0
34.0
3.0
2.0
60.0
1.0
114.0
47.0
79.0
3.0
10.0
235.0
23.0
2.0
465.0
3.0
52.0
1.0
10396.0
74.0
7.0
125.0
902.0
208.0
1.0
50.0
9.0
24.0
10.0
1.0
236.0
840.0
1.0
373.0
2.0
4.0
1.0
8.0
1.0
1.0
8.0
4.0
12.0
1035.0
14.0
7.0
713.0
128.0
1.0
2.0
16.0
46.0
919.0
3.0
3.0
2.0
1.0
1.0
29.0
1.0
3.0
1.0
1.0
3.0
9.0
1.0
1.0
3.0
1.0
645.0
2.0
1.0
58.0
2.0
65.0
1.0
1.0
1.0
1409.0
1141.0
1.0
1.0
4.0
3.0
1.0
178.0
3.0
92.0
3.0
8.0
9.0
173.0
1.0
39.0
3.0
5.0
731.0
2.0
1554.0
3.0
12.0
3.0
7.0
1.0
1.0
2.0
24.0
1.0
9.0
3.0
2.0
180.0
4.0
3.0
1.0
464.0
103.0
4.0
282.0
9.0
1.0
1.0
1.0
1.0
9.0
1.0
4.0
1.0
6080.0
41.0
3.0
1.0
1155.0
1.0
1.0
7181.0
1.0
17.0
1.0
1.0
38.0
1.0
1.0
24.0
1.0
1.0
1.0
12.0
3.0
246.0
1.0
74.0
13.0
1.0
1.0
9.0
4.0
278.0
4.0
3.0
25.0
19.0
4.0
1.0
1.0
3.0
2.0
1.0
7.0
4.0
7.0
3.0
1.0
94.0
3.0
9.0
3.0
42.0
3.0
1.0
400.0
1.0
21.0
1557.0
129.0
4.0
476.0
3.0
3.0
60.0
51.0
7.0
1.0
9.0
3.0
18.0
7.0
154.0
4.0
238.0
387.0
1.0
168.0
1.0
9.0
1.0
1.0
4.0
1.0
103.0
1.0
3.0
1.0
109.0
1.0
156.0
33.0
2.0
1.0
11.0
4.0
1581.0
122.0
294.0
3.0
4.0
3.0
2.0
1.0
1.0
8.0
4.0
56.0
10001.0
97.0
1.0
1500.0
8.0
1.0
1.0
35.0
1.0
1.0
3.0
9.0
31.0
1230.0
4.0
1.0
2.0
76.0
1.0
1.0
1.0
2443.0
2.0
1.0
24.0
66.0
8.0
5.0
5.0
1437.0
1615.0
6.0
3.0
17.0
1.0
2.0
2.0
21.0
1.0
2.0
3.0
37.0
19.0
2.0
102.0
4.0
14.0
12.0
69.0
1.0
4.0
95.0
3.0
1.0
4.0
1.0
12.0
1.0
1.0
1.0
1.0
34.0
310.0
2.0
3.0
1.0
4.0
268.0
3.0
944.0
7.0
1.0
1.0
482.0
21.0
2.0
293.0
1.0
3.0
3.0
1.0
1.0
2.0
102.0
12.0
423.0
1174.0
1.0
288.0
1882.0
3.0
1.0
8.0
7.0
10.0
8.0
1.0
33.0
1.0
3.0
141.0
6.0
1.0
32621.0
3.0
1.0
365.0
4.0
362.0
642.0
7.0
3.0
1.0
3.0
6.0
1.0
9.0
250.0
1.0
3.0
156.0
27.0
18.0
3.0
887.0
4.0
114.0
67.0
4.0
696.0
3.0
1.0
1.0
3.0
8.0
2.0
10.0
67.0
1.0
123.0
75.0
274.0
1.0
34.0
26.0
1.0
3.0
1401.0
2.0
1213.0
1.0
3.0
2314.0
3.0
2.0
2.0
2.0
3.0
3.0
242.0
10.0
1.0
36.0
4.0
2.0
1.0
1.0
11956.0
119.0
1.0
24.0
40.0
5.0
1.0
9.0
42.0
58.0
1.0
557.0
1.0
2.0
5.0
3.0
7.0
3.0
115.0
29.0
4.0
282.0
4.0
4.0
4.0
24.0
8.0
244.0
1.0
31.0
129.0
598.0
2.0
3.0
167.0
2.0
1.0
60.0
305.0
1.0
1.0
1062.0
1.0
1.0
3.0
21.0
4.0
244.0
13.0
6.0
1.0
2.0
282.0
1.0
24.0
1081.0
2.0
2.0
3.0
19.0
67.0
3.0
9.0
2.0
185.0
242.0
814.0
5.0
2.0
3.0
3.0
19.0
1.0
325.0
39.0
1.0
1.0
104.0
4.0
2.0
65.0
5.0
782.0
189.0
135.0
3.0
18.0
4.0
1521.0
5.0
2.0
5.0
4.0
13.0
2.0
3.0
1.0
2.0
1.0
1.0
33.0
3.0
2.0
1.0
3.0
8.0
3.0
3483.0
1.0
3.0
1.0
1.0
4.0
2.0
56.0
197.0
3.0
2.0
9.0
8.0
3.0
105.0
3.0
183.0
2.0
1.0
3.0
3.0
9.0
11.0
3.0
107.0
437.0
4.0
4.0
948.0
3.0
744.0
1.0
14.0
27.0
3.0
1.0
282.0
2.0
3.0
81.0
2.0
7.0
3.0
1768.0
14.0
3.0
1.0
5.0
1.0
1.0
1.0
53.0
13.0
11.0
190.0
4.0
4.0
22.0
14385.0
2.0
994.0
348.0
255.0
1.0
8.0
14.0
2.0
278.0
490.0
2.0
3.0
9.0
18.0
2.0
22.0
1.0
4.0
1.0
806.0
21.0
596.0
1.0
1.0
1.0
1.0
17.0
2375.0
1.0
23.0
1.0
1400.0
1.0
2.0
5.0
60.0
1.0
3.0
1.0
1.0
6.0
8.0
3.0
29.0
1.0
9.0
3628.0
292.0
4.0
1.0
3.0
8.0
1.0
11.0
2.0
3.0
1.0
10.0
1.0
3.0
4.0
1.0
3.0
2.0
1.0
1.0
1.0
1671.0
4.0
1.0
2.0
3.0
1.0
6.0
9.0
1269.0
59.0
2.0
810.0
41.0
1.0
1.0
1.0
1.0
1.0
2.0
73.0
13.0
3.0
1.0
5.0
2.0
3.0
1474.0
1.0
23.0
1.0
1.0
1.0
3.0
1.0
1.0
1.0
3.0
36.0
201.0
4.0
3.0
4.0
2.0
11.0
2.0
1.0
3.0
50.0
6.0
1.0
5.0
1.0
1344.0
1.0
2.0
288.0
52.0
9.0
5.0
12.0
5.0
1.0
84.0
2.0
1.0
3.0
458.0
24.0
115.0
3.0
131.0
1.0
1018.0
2.0
271.0
152.0
779.0
590.0
2.0
1.0
8.0
3.0
1.0
1.0
143.0
837.0
205.0
3.0
3.0
611.0
1.0
3.0
1.0
626.0
4.0
10001.0
1.0
3.0
7.0
653.0
3.0
2.0
133.0
66.0
6.0
402.0
89.0
1.0
3.0
3.0
1.0
3.0
1353.0
8.0
7.0
3.0
292.0
1.0
1.0
136.0
6.0
19.0
2.0
1.0
5.0
10.0
1.0
86.0
1.0
457.0
3.0
3.0
1018.0
372.0
1.0
313.0
2.0
2.0
3.0
3.0
59.0
1.0
1.0
9.0
1.0
1.0
18.0
3.0
111.0
3.0
13.0
97.0
1.0
1018.0
596.0
2.0
7.0
1.0
14.0
1.0
3.0
1246.0
5.0
9.0
104.0
3.0
1.0
3.0
4.0
39.0
3.0
3.0
5.0
128.0
28.0
37.0
20.0
1.0
227.0
11.0
3.0
6094.0
2.0
22.0
2.0
1.0
1.0
13.0
6.0
3.0
463.0
1.0
10.0
5.0
64.0
2.0
8.0
3.0
2.0
17.0
1561.0
2.0
696.0
1.0
3.0
28.0
4.0
1.0
1.0
1513.0
3.0
659.0
72.0
1.0
150.0
1155.0
9.0
55.0
1.0
14.0
6.0
3.0
493.0
3.0
1.0
313.0
1149.0
1.0
65.0
3.0
1.0
18.0
3.0
81.0
810.0
2.0
1.0
23.0
1.0
2.0
1.0
3.0
752.0
1.0
2.0
7.0
42.0
3.0
4.0
8.0
3.0
1.0
2.0
131.0
1.0
6.0
4.0
796.0
28.0
1.0
15.0
1.0
4.0
7.0
1856.0
3.0
40.0
2.0
4.0
4.0
7.0
2.0
1.0
2.0
17.0
3.0
70.0
1386.0
53.0
1.0
2.0
2.0
9519.0
1.0
24.0
22.0
445.0
3.0
17.0
282.0
3.0
594.0
3.0
21.0
3.0
1.0
1.0
1.0
11645.0
3.0
5300.0
292.0
1.0
262.0
1.0
2.0
1.0
4.0
189.0
9.0
3.0
1.0
1.0
2.0
2.0
3.0
47.0
5.0
1062.0
3.0
152.0
10.0
34.0
627.0
1.0
158.0
7.0
4.0
58.0
1003.0
5.0
18.0
3.0
1.0
5.0
3.0
3.0
21.0
375.0
293.0
61.0
1.0
1.0
4.0
121.0
2.0
10.0
4.0
1154.0
3.0
4.0
596.0
27.0
1529.0
2231.0
1911.0
1.0
3.0
640.0
3.0
3.0
1.0
1.0
5.0
2054.0
3.0
792.0
14.0
1.0
17.0
784.0
5.0
1.0
2.0
9.0
1.0
1.0
3.0
2.0
1.0
1.0
27.0
3.0
3.0
1.0
1.0
753.0
4.0
6.0
71.0
1.0
6.0
23.0
457.0
1.0
3.0
1.0
1.0
1.0
1.0
9.0
351.0
2.0
1.0
19.0
7.0
1.0
15.0
1.0
372.0
1018.0
19.0
1.0
10.0
2.0
4.0
3.0
1.0
5.0
2.0
2.0
267.0
3.0
1.0
3.0
3.0
1.0
3.0
3.0
282.0
313.0
3.0
1.0
19.0
3.0
37.0
4.0
4.0
1041.0
5.0
9.0
74.0
4.0
355.0
2.0
593.0
14.0
111.0
28.0
89.0
1631.0
1.0
1.0
17.0
1.0
10.0
1.0
54.0
87.0
3.0
4.0
2.0
429.0
1.0
3.0
1.0
2.0
3.0
11.0
1108.0
192.0
6.0
236.0
1722.0
6.0
1.0
11.0
2.0
1.0
3.0
15.0
1.0
703.0
29.0
1.0
753.0
3.0
205.0
19.0
1.0
312.0
26.0
179.0
7.0
1.0
2.0
5.0
1.0
1.0
1.0
3.0
7.0
45.0
48410.0
1.0
1.0
33.0
3.0
6.0
67.0
1473.0
11.0
45.0
3.0
10.0
2.0
3.0
3.0
992.0
1.0
2.0
3.0
1.0
17.0
1.0
13.0
2.0
1586.0
3.0
28.0
2.0
8.0
285.0
859.0
1.0
157.0
1.0
3.0
1.0
1.0
1.0
1.0
16.0
5.0
14354.0
7.0
91.0
852.0
5.0
1.0
1.0
8.0
24.0
1.0
48.0
1.0
1.0
65.0
2.0
1.0
3.0
2.0
2.0
35.0
351.0
1.0
5.0
10.0
9.0
14.0
18.0
12.0
875.0
283.0
8.0
3.0
145.0
1.0
1.0
1423.0
1.0
8.0
1.0
3.0
6.0
1.0
153.0
4.0
1.0
4.0
13.0
3.0
661.0
3.0
1.0
2.0
3.0
1.0
7.0
2.0
1303.0
59.0
8.0
3.0
203.0
1.0
109.0
3.0
9.0
1.0
1160.0
146.0
7.0
3125.0
376.0
537.0
5.0
1570.0
21.0
3.0
3.0
24.0
9.0
1.0
1161.0
25.0
17.0
1.0
1.0
16.0
3.0
7.0
123.0
8.0
5.0
1.0
1.0
7.0
3.0
3.0
57.0
15.0
9.0
2.0
24.0
5.0
6.0
1.0
912.0
4.0
6.0
9.0
3.0
46.0
3.0
1.0
12.0
2.0
19.0
7.0
32.0
38.0
37.0
406.0
794.0
249.0
1.0
282.0
1.0
7.0
17.0
2.0
1.0
2.0
2.0
15.0
313.0
1.0
2152.0
1.0
9.0
4.0
7.0
78.0
89.0
696.0
3.0
1.0
80.0
1.0
24.0
38.0
1.0
2.0
1.0
16.0
757.0
1.0
1.0
3.0
23.0
9.0
1.0
972.0
10.0
11.0
1.0
2.0
646.0
3.0
253.0
248.0
44.0
6.0
2.0
3.0
7.0
2.0
985.0
4165.0
117.0
365.0
1.0
1.0
16.0
8.0
2871.0
1.0
1.0
4.0
4.0
13.0
1.0
1.0
1.0
115.0
1.0
19.0
2.0
10.0
1.0
1.0
1.0
2.0
1.0
26.0
4.0
1225.0
596.0
2.0
3.0
1.0
2.0
1.0
4.0
3.0
60.0
4.0
5.0
7.0
519.0
101.0
1.0
1.0
1.0
9.0
285.0
88.0
894.0
17.0
4.0
232.0
1.0
6.0
3.0
1.0
2.0
1.0
9.0
2.0
3.0
1.0
1.0
1.0
1.0
8.0
116.0
6.0
2.0
3119.0
2.0
1.0
1.0
12.0
1.0
1.0
1.0
29.0
1.0
19.0
16.0
10.0
78.0
1.0
2002.0
108.0
54.0
3.0
9.0
37.0
37.0
1078.0
4.0
7.0
4.0
1.0
3.0
9.0
905.0
1.0
1.0
1.0
1.0
33.0
15.0
121.0
4.0
1299.0
697.0
1.0
1.0
1.0
3.0
1.0
13.0
109.0
1.0
8.0
9.0
1.0
377.0
1.0
2.0
1.0
1299.0
53.0
1.0
2.0
4.0
17.0
1.0
10.0
2.0
1.0
4.0
1631.0
1.0
6.0
25.0
689.0
4.0
34.0
14.0
3825.0
5.0
1167.0
3.0
89.0
1.0
2.0
1.0
1.0
58.0
58.0
7.0
3.0
1.0
3.0
1.0
358.0
3.0
1.0
3.0
1.0
124.0
1159.0
4.0
1.0
7.0
3.0
24.0
53.0
1.0
1.0
1.0
549.0
48.0
1.0
2344.0
7.0
22839.0
391.0
100.0
1.0
9.0
36.0
8.0
3.0
1.0
1.0
2.0
2.0
3.0
22.0
1062.0
114.0
288.0
1.0
10.0
1556.0
5.0
1.0
11.0
17.0
2.0
1.0
1.0
58.0
1.0
35.0
4.0
336.0
19.0
8.0
56.0
2.0
19.0
2.0
181.0
19.0
2.0
1.0
26.0
444.0
1.0
3.0
9.0
3.0
8.0
2.0
32.0
1.0
254.0
5.0
3.0
3.0
14.0
1.0
460.0
752.0
3.0
1.0
1.0
7.0
3.0
323.0
577.0
1.0
1.0
2.0
11.0
24.0
3.0
1.0
1.0
15.0
25.0
1.0
1.0
101.0
3.0
32.0
2.0
3.0
2.0
1.0
36.0
1.0
2.0
425.0
239.0
9.0
1.0
1.0
1.0
295.0
3.0
322.0
1.0
1.0
1.0
3.0
1273.0
1.0
2.0
537.0
2.0
1.0
1.0
1018.0
57.0
1.0
5.0
3.0
22.0
47.0
25.0
2.0
1.0
4.0
101.0
79.0
2.0
3562.0
3.0
4.0
296.0
698.0
1300.0
2.0
14.0
3.0
2.0
6.0
12.0
3.0
5.0
2.0
1.0
3.0
6.0
138.0
32.0
18.0
71.0
4.0
285.0
3.0
42.0
6.0
1.0
50.0
27.0
4.0
1.0
2.0
4.0
6.0
3.0
2.0
3.0
2.0
17.0
2.0
82.0
13.0
1230.0
1036.0
30.0
3.0
3.0
1.0
3.0
1.0
1.0
2.0
106.0
3.0
2.0
5.0
40.0
104.0
59.0
8855.0
3.0
6.0
62.0
1.0
3.0
3.0
2.0
2.0
1.0
48.0
3.0
52.0
3.0
1018.0
62.0
3.0
3.0
19.0
1.0
2.0
643.0
77.0
1.0
5.0
1.0
4.0
3.0
76.0
18.0
1.0
1.0
378.0
3.0
1.0
3.0
233.0
596.0
5.0
10.0
1.0
64.0
1.0
2421.0
5.0
720.0
16.0
3.0
1.0
4.0
3.0
288.0
7.0
1.0
1.0
2.0
4612.0
3.0
17.0
60.0
9.0
3.0
3.0
3.0
1.0
19.0
1872.0
1.0
3.0
5.0
15.0
1.0
24.0
5.0
5.0
1.0
1.0
1018.0
2.0
1.0
7.0
1.0
8.0
1.0
71.0
770.0
1.0
6.0
2.0
6.0
1.0
10.0
87.0
6.0
200.0
3.0
44.0
375.0
9.0
6.0
66.0
13.0
458.0
11.0
74.0
1.0
1.0
1.0
23.0
3.0
50.0
34.0
696.0
74.0
3.0
1.0
22.0
2.0
3.0
2117.0
4.0
8.0
542.0
316.0
961.0
9.0
2.0
2.0
1.0
5126.0
202.0
172.0
16.0
2405.0
552.0
3.0
1.0
1.0
3.0
352.0
1.0
1557.0
1.0
337.0
2.0
86.0
2.0
4614.0
19.0
19.0
1.0
439.0
1.0
16.0
19.0
3.0
10.0
1.0
2.0
29.0
1.0
2.0
3.0
17.0
3.0
34.0
22.0
1.0
3.0
1.0
79.0
3.0
2.0
2.0
803.0
1.0
1.0
1.0
493.0
1.0
51.0
15.0
40.0
1.0
20.0
1.0
1.0
1.0
3.0
3.0
36.0
3.0
1.0
2.0
2.0
4.0
2.0
529.0
4.0
3.0
685.0
2.0
4.0
6.0
5.0
817.0
3.0
44.0
596.0
7.0
7.0
10.0
1.0
10.0
3.0
415.0
2.0
3.0
137.0
3.0
134.0
3.0
878.0
5.0
19.0
12.0
277.0
4.0
3.0
9.0
84.0
1.0
1.0
5.0
2.0
3.0
28.0
3.0
1.0
633.0
75.0
4572.0
13.0
2.0
3.0
1.0
1019.0
2123.0
1.0
395.0
23.0
154.0
3.0
231.0
1300.0
1.0
1.0
37.0
58.0
1.0
2.0
1.0
6.0
1.0
40.0
3.0
1.0
1.0
3.0
150.0
3.0
163.0
2593.0
21.0
30.0
2.0
1.0
315.0
2.0
7.0
8.0
153.0
24.0
89.0
2.0
1.0
1.0
176.0
2.0
9.0
59.0
14.0
11.0
3.0
6.0
1.0
66.0
1.0
1.0
8.0
3.0
314.0
1.0
40.0
24.0
3.0
2.0
51.0
81.0
2.0
4.0
24.0
74.0
3.0
1.0
1.0
24.0
17.0
1.0
9861.0
240.0
6.0
20.0
1183.0
138.0
2.0
507.0
3.0
3401.0
1.0
4.0
1.0
24.0
3.0
74.0
4.0
31.0
12.0
3.0
65.0
1.0
1.0
83.0
2.0
9.0
96.0
4.0
34.0
337.0
22.0
8.0
1.0
1.0
3.0
136.0
2.0
1.0
3.0
1.0
3.0
282.0
338.0
1.0
1.0
3.0
2.0
1.0
2.0
946.0
9.0
7.0
4.0
4.0
6.0
7.0
1.0
4.0
3.0
1.0
1.0
212.0
78.0
67.0
1.0
1.0
4.0
1.0
3.0
1.0
1.0
1.0
1.0
44.0
131.0
6.0
11.0
9.0
1.0
90.0
24.0
65.0
2.0
3.0
5.0
11.0
9.0
1.0
1476.0
2.0
3.0
2.0
233.0
3.0
1.0
685.0
182.0
6757.0
509.0
21.0
1.0
3.0
1.0
35.0
1.0
50.0
2.0
288.0
21.0
3.0
213.0
51.0
291.0
1.0
1.0
7.0
3.0
1.0
5.0
1.0
148.0
8.0
8.0
16.0
5.0
1.0
1.0
4.0
24.0
6.0
38.0
3.0
1.0
3.0
1097.0
1.0
2.0
4.0
1.0
313.0
1.0
20.0
3.0
3.0
3.0
25.0
33.0
1.0
1.0
189.0
1.0
2.0
4.0
3.0
563.0
872.0
3.0
338.0
3.0
2.0
45.0
2.0
351.0
1.0
4.0
1.0
3.0
251.0
1.0
1.0
1.0
2.0
513.0
3.0
8.0
5.0
1.0
1.0
504.0
366.0
2.0
7.0
3.0
7.0
2.0
1008.0
2.0
2.0
278.0
1.0
1.0
145.0
1.0
1.0
1.0
53.0
3.0
69.0
1.0
1200.0
40.0
1.0
289.0
1.0
1215.0
1.0
12.0
41.0
2.0
4.0
1.0
5.0
5.0
22.0
1.0
1942.0
3.0
135.0
100.0
2.0
2.0
526.0
8098.0
1.0
1.0
5.0
57.0
1.0
130.0
4.0
1.0
50.0
750.0
1.0
975.0
578.0
473.0
1.0
292.0
1.0
3.0
2.0
376.0
3.0
10.0
9.0
1.0
2.0
11.0
9.0
2.0
2.0
3.0
351.0
1.0
10.0
281.0
91.0
7.0
3.0
3.0
77.0
1.0
1.0
15.0
2.0
4.0
1.0
2.0
98.0
3.0
2.0
3.0
154.0
9.0
1.0
1.0
25.0
5.0
1573.0
1.0
21.0
1.0
8.0
22.0
1.0
1.0
65.0
4.0
1.0
5.0
2.0
1650.0
10.0
1.0
3.0
3.0
1.0
3.0
1.0
2.0
1.0
4.0
1.0
387.0
1330.0
3.0
1.0
299.0
78.0
87.0
5.0
3.0
4.0
116.0
2.0
211.0
1.0
1521.0
10.0
22.0
10.0
1.0
1776.0
6.0
3.0
3.0
211.0
1.0
1.0
1.0
1.0
4.0
15.0
94.0
9.0
1.0
3.0
3.0
37.0
1.0
15.0
88.0
1.0
1572.0
3.0
464.0
2.0
1.0
1378.0
1.0
135.0
5.0
707.0
9.0
1.0
3.0
1.0
1.0
5.0
3.0
43.0
1.0
2.0
3.0
10.0
74.0
1.0
1.0
3.0
3.0
1.0
8.0
173.0
3.0
11.0
39.0
2.0
78.0
16.0
2.0
2.0
6.0
1.0
1018.0
1875.0
2.0
2.0
4.0
3.0
429.0
1.0
3.0
1300.0
6.0
383.0
4.0
2.0
4.0
7610.0
1.0
1.0
44.0
3.0
17.0
2376.0
1.0
2.0
1.0
118.0
10.0
3.0
3.0
43.0
2.0
11.0
1.0
4.0
102.0
8.0
14.0
614.0
4.0
4.0
1.0
1.0
1.0
2.0
291.0
1.0
64.0
1.0
421.0
3.0
3.0
141.0
3.0
1.0
1785.0
2.0
109.0
1109.0
55.0
150.0
1.0
1.0
1.0
21.0
4.0
1315.0
359.0
2.0
3.0
3.0
9.0
1.0
16.0
19.0
2.0
117.0
102.0
1.0
8.0
4.0
1.0
1.0
2.0
2.0
400.0
2.0
6.0
2.0
1.0
2.0
1117.0
2.0
3.0
1.0
44.0
143.0
6.0
1148.0
275.0
3.0
2.0
3.0
4.0
1.0
3.0
3.0
1.0
2.0
5.0
41.0
1.0
3.0
1.0
1243.0
675.0
17.0
23.0
173.0
6.0
65.0
1.0
5.0
25.0
3.0
1314.0
288.0
1.0
328.0
3.0
8.0
51.0
2.0
1.0
15.0
149.0
1.0
3.0
13.0
17.0
3.0
5.0
1.0
39.0
2.0
14.0
2.0
4.0
3.0
3.0
3.0
10.0
4.0
1.0
3.0
2.0
1.0
3607.0
1.0
3.0
1.0
46.0
2.0
4.0
3.0
9.0
935.0
2.0
3.0
771.0
59.0
1.0
95727.0
1.0
3.0
5.0
4.0
1.0
1.0
3.0
1.0
2.0
2.0
4.0
1.0
3.0
81.0
27.0
3.0
3.0
5.0
2.0
24.0
42.0
1.0
4.0
590.0
31.0
1.0
3.0
24.0
3.0
1.0
1018.0
17.0
47.0
1.0
1.0
2.0
44.0
10.0
120.0
3.0
4.0
8.0
2.0
639.0
2.0
11.0
1.0
1.0
75.0
14.0
7.0
863.0
2.0
26.0
240.0
1.0
1.0
1.0
2229.0
46.0
3.0
3.0
65.0
1.0
48.0
2.0
1.0
36.0
3.0
1.0
3.0
5.0
1.0
1.0
2.0
2.0
5.0
2.0
226.0
1.0
1.0
1.0
1.0
3.0
6.0
1432.0
177.0
23.0
98.0
3.0
37.0
10.0
2.0
1.0
1.0
17.0
10.0
1.0
3.0
2.0
3.0
1.0
9.0
1.0
3.0
6.0
2.0
1.0
1.0
1027.0
948.0
3.0
4.0
10.0
1.0
273.0
1.0
1.0
1.0
13.0
1.0
2.0
5.0
10.0
8.0
1.0
9.0
734.0
5.0
2.0
1.0
3.0
5.0
1.0
11.0
185.0
5.0
3.0
42.0
1.0
3.0
1.0
6.0
1117.0
1.0
24.0
2.0
3.0
1.0
1.0
5.0
10.0
3.0
3869.0
1.0
183.0
8.0
6.0
1.0
2.0
3.0
697.0
5.0
63.0
1.0
1.0
1.0
2.0
3.0
1.0
6.0
15.0
6.0
3.0
157.0
717.0
55.0
1.0
5.0
3.0
1293.0
19.0
3.0
1.0
62.0
43.0
1.0
5.0
1035.0
24.0
1.0
771.0
1.0
1.0
1.0
1.0
1.0
45.0
3.0
1.0
1.0
1.0
20.0
4.0
7.0
1.0
3.0
33.0
2.0
2.0
4.0
2.0
1876.0
2.0
3323.0
16.0
1.0
3.0
6.0
34.0
9.0
1.0
2391.0
214.0
1.0
1127.0
5.0
3.0
2079.0
611.0
4.0
2.0
1.0
3.0
3.0
4.0
1.0
141.0
4.0
641.0
7.0
1.0
1762.0
2.0
418.0
3.0
27.0
1.0
12.0
1.0
3.0
1.0
31.0
22.0
268.0
5.0
1.0
179.0
1.0
2.0
4.0
351.0
10.0
1.0
4.0
11.0
4.0
515.0
1.0
2.0
351.0
8.0
431.0
3.0
1.0
5.0
10.0
3.0
250.0
479.0
2.0
19.0
13.0
4.0
2.0
3.0
2.0
3.0
1.0
1.0
4.0
1951.0
714.0
1.0
8.0
1.0
11.0
1.0
644.0
465.0
3.0
3.0
5.0
1.0
2.0
6.0
1.0
1.0
1.0
454.0
371.0
1156.0
3.0
57.0
2.0
1.0
14.0
457.0
2.0
3.0
609.0
204.0
7920.0
6.0
1.0
47.0
23.0
18.0
36.0
134.0
11.0
3.0
1.0
5.0
60.0
4.0
1.0
1429.0
96.0
91.0
3.0
19.0
3.0
1.0
59.0
7.0
1.0
1.0
141.0
2.0
3957.0
1.0
3.0
1.0
3.0
1.0
1.0
1.0
2.0
2.0
3.0
4.0
1.0
2.0
21.0
9.0
1.0
58.0
288.0
2.0
1.0
3.0
57.0
10.0
11.0
6.0
1.0
2.0
3.0
3.0
70.0
288.0
3.0
31.0
1.0
1.0
1327.0
502.0
3.0
1.0
6.0
3.0
943.0
6.0
555.0
3.0
3.0
5.0
6.0
15.0
17.0
1.0
1.0
44.0
3.0
879.0
16.0
1.0
3.0
534.0
1.0
1.0
1.0
62.0
3.0
3.0
76.0
1.0
379.0
339.0
7.0
1.0
3.0
87.0
19.0
8.0
3.0
1.0
16.0
64.0
3.0
1.0
15.0
2051.0
1407.0
416.0
1.0
1.0
3.0
2.0
2.0
2006.0
4.0
1.0
1.0
59.0
1.0
1.0
2.0
2.0
8.0
4.0
2.0
19.0
1.0
871.0
1180.0
5.0
148.0
1.0
24.0
1.0
2.0
186.0
1.0
1011.0
15.0
3.0
3.0
2.0
2.0
108.0
1.0
7.0
38.0
4.0
4.0
11.0
6.0
1.0
192.0
10.0
3.0
1.0
8.0
32.0
4.0
1.0
11.0
31.0
1034.0
3.0
218.0
3.0
282.0
5.0
7.0
2.0
60.0
5.0
14.0
152.0
5.0
1.0
1.0
3.0
186.0
3.0
1.0
463.0
3.0
2.0
5.0
1.0
1.0
6.0
4.0
3.0
57.0
234.0
2.0
19.0
1.0
3.0
282.0
3.0
1.0
8.0
476.0
1243.0
3.0
2.0
14.0
6.0
3.0
41.0
2.0
1.0
2.0
12.0
67.0
74.0
2.0
2.0
10.0
1642.0
930.0
143.0
1.0
1.0
1.0
1059.0
19.0
674.0
4.0
4.0
319.0
1.0
2.0
8.0
1.0
1.0
2.0
2.0
1.0
1311.0
11.0
963.0
1.0
1.0
9.0
2.0
82.0
442.0
1.0
1.0
2.0
31.0
1.0
1.0
3.0
9.0
1.0
386.0
2.0
45.0
17.0
1.0
12.0
22.0
1.0
1.0
351.0
3.0
1.0
136.0
23.0
27.0
12.0
24.0
7.0
3.0
1.0
6.0
1.0
314.0
15.0
2.0
1.0
5.0
1.0
2.0
10.0
4.0
81.0
2.0
1296.0
4.0
1.0
14.0
886.0
666.0
9.0
1.0
173.0
2.0
3.0
73.0
7.0
7.0
2.0
36.0
28.0
25.0
2.0
23.0
15.0
12.0
995.0
1.0
1.0
3.0
3.0
5.0
5.0
3.0
65.0
1.0
3.0
13.0
49.0
9.0
3.0
31.0
3.0
23.0
4.0
2.0
24.0
3.0
110.0
4.0
3.0
1.0
292.0
389.0
3.0
3.0
1.0
25.0
1.0
26.0
3.0
12.0
203.0
178.0
111.0
38.0
1.0
3.0
3.0
24.0
11.0
18722.0
18.0
1.0
4.0
6.0
2.0
1.0
561.0
5.0
1.0
1.0
3.0
2.0
3.0
3.0
3.0
3.0
1.0
60.0
3.0
1.0
103.0
6.0
6.0
8.0
3.0
32.0
123.0
6.0
3.0
1.0
1962.0
1.0
3.0
6.0
26.0
1.0
8.0
102.0
1.0
3.0
4.0
1.0
9.0
4.0
60.0
2.0
30.0
9.0
6.0
15.0
4.0
3.0
43.0
3.0
343.0
19.0
3.0
3.0
2.0
287.0
1.0
1.0
3.0
1115.0
2.0
499.0
5.0
7.0
1.0
3.0
2.0
1707.0
375.0
16.0
1.0
1.0
142.0
13.0
2.0
14189.0
29.0
4.0
1.0
9.0
191.0
1.0
25.0
571.0
40.0
5.0
5.0
67.0
3.0
19.0
3.0
3.0
5.0
4.0
18.0
6.0
4.0
1.0
5.0
2.0
2.0
2.0
22.0
1.0
1050.0
1.0
1.0
14.0
19.0
7.0
39.0
1.0
1056.0
1.0
23.0
1088.0
785.0
1.0
471.0
351.0
5.0
1.0
32.0
27.0
4.0
1.0
2.0
11.0
1003.0
135.0
8.0
2.0
1.0
1.0
1.0
3.0
1.0
3.0
1.0
1.0
3.0
64.0
3.0
42.0
185.0
292.0
11.0
8.0
2.0
2.0
24.0
1.0
3.0
216.0
4.0
65.0
1.0
72.0
9.0
1.0
4.0
1.0
8.0
1.0
27.0
3.0
1.0
7.0
9.0
3.0
1048.0
2.0
1.0
33.0
93.0
71.0
16.0
1.0
74.0
13308.0
3.0
1.0
1.0
1.0
2.0
714.0
1.0
5.0
2.0
1.0
4.0
3.0
3.0
9.0
36.0
3.0
3.0
1.0
3.0
2.0
4.0
230.0
1.0
3.0
683.0
7.0
34.0
2300.0
12.0
4.0
11.0
1.0
24.0
1.0
10.0
40.0
1.0
1.0
2.0
2.0
1.0
1.0
12.0
11.0
3.0
4.0
103.0
2.0
1.0
3.0
26.0
280.0
3.0
7.0
18.0
4.0
56.0
12.0
62.0
3.0
1.0
7196.0
16.0
11.0
1.0
1.0
1.0
9.0
1.0
3.0
1.0
27.0
3.0
4.0
3.0
31.0
24.0
3.0
5.0
67.0
6.0
932.0
3.0
3143.0
11.0
24.0
1.0
53.0
12.0
2.0
6.0
232.0
10.0
279.0
734.0
251.0
3.0
12.0
3.0
3.0
3.0
338.0
1.0
113.0
28.0
149.0
5.0
3.0
6.0
1.0
1.0
1221.0
3.0
3.0
2.0
17.0
199.0
35.0
2.0
1.0
1232.0
3.0
1994.0
7.0
3.0
10.0
1.0
138.0
4.0
34.0
273.0
2.0
1.0
3.0
1.0
1.0
16.0
2.0
4.0
3.0
1.0
1.0
3.0
3.0
2.0
354.0
4.0
141.0
2.0
4.0
3.0
13.0
1.0
3.0
4348.0
9.0
1.0
11.0
2.0
1.0
720.0
1.0
14385.0
2.0
1.0
4.0
1826.0
1.0
2.0
1.0
1.0
1.0
1.0
1.0
3.0
17.0
1.0
1.0
4.0
19.0
9.0
1.0
3.0
10.0
20.0
3.0
1.0
1.0
1.0
2.0
2.0
2.0
1.0
2.0
1.0
2.0
169.0
1.0
65.0
2.0
3.0
4.0
1.0
5.0
1.0
1.0
3.0
1.0
1.0
14848.0
5.0
1.0
1.0
4.0
1.0
3.0
1429.0
1.0
3.0
307.0
6.0
1.0
1.0
1.0
9.0
1765.0
2.0
1.0
41.0
1.0
8.0
1.0
17.0
2.0
1.0
351.0
1.0
3.0
24.0
1.0
1.0
1.0
1.0
7.0
3.0
3.0
3.0
4.0
1.0
360.0
66.0
72.0
5.0
3.0
94.0
1.0
2.0
762.0
1.0
18.0
1.0
1.0
3.0
1.0
5.0
1.0
15.0
1.0
1.0
20.0
678.0
4.0
1.0
2.0
1.0
3.0
210.0
2.0
472.0
23.0
3.0
9.0
4.0
1.0
3.0
5.0
1307.0
3.0
1.0
2.0
742.0
41.0
5.0
2.0
1.0
91.0
797.0
1.0
12.0
5.0
4.0
1.0
10.0
8.0
16.0
6.0
5.0
17.0
3.0
19.0
85.0
28.0
1.0
3.0
1.0
9.0
3.0
1158.0
3.0
264.0
1.0
174.0
151.0
16.0
4.0
1.0
24.0
3.0
7.0
3.0
46.0
1.0
1.0
2.0
2640.0
65.0
1265.0
4.0
4.0
3.0
224.0
1.0
23.0
641.0
7.0
8.0
292.0
25.0
1.0
3.0
4.0
1.0
2.0
576.0
12.0
1.0
1.0
108.0
37.0
1352.0
1.0
547.0
10.0
3.0
1.0
2.0
115.0
3.0
4.0
10.0
1.0
2.0
1.0
1.0
699.0
9.0
1.0
2.0
737.0
30.0
6449.0
2.0
1.0
972.0
2.0
5.0
332.0
4.0
3.0
34.0
3.0
3.0
292.0
8.0
1.0
20.0
1.0
1.0
2.0
1879.0
8.0
492.0
5.0
321.0
1430.0
1.0
3.0
1.0
1.0
1.0
1.0
2.0
2.0
3.0
91.0
1184.0
3034.0
3864.0
44572.0
1.0
3.0
871.0
5.0
1593.0
2.0
13.0
2.0
4.0
8.0
270.0
2.0
1.0
2.0
1.0
1.0
1543.0
24.0
1632.0
2.0
115.0
13.0
3.0
2.0
2.0
2.0
2.0
52.0
2.0
1.0
1.0
3.0
1.0
433.0
152.0
1.0
10.0
421.0
915.0
88.0
4.0
2.0
1.0
39.0
162.0
4.0
1.0
1.0
2.0
1075.0
1.0
5.0
20.0
2.0
3.0
1.0
455.0
14.0
11.0
1.0
1.0
16.0
1.0
4.0
899.0
3.0
3.0
1.0
3.0
4507.0
50.0
28.0
15.0
1.0
12.0
3.0
1.0
66.0
667.0
33.0
1.0
2.0
513.0
1.0
3.0
1.0
19.0
3.0
2.0
3.0
56.0
1.0
3.0
4.0
62.0
123.0
3.0
1.0
57.0
5.0
1.0
697.0
1.0
63.0
1.0
1.0
1.0
3.0
1.0
1.0
1.0
2.0
5.0
1.0
536.0
418.0
1.0
1.0
2.0
1018.0
3.0
3.0
6.0
3.0
18.0
6.0
43.0
3.0
779.0
1.0
143.0
12.0
56.0
66.0
2.0
3.0
5.0
2.0
26.0
2.0
10.0
1.0
1.0
3.0
29.0
832.0
1.0
2.0
2.0
1.0
3.0
7.0
105.0
1.0
101.0
5.0
4.0
9.0
2.0
3.0
1.0
1.0
6.0
47.0
1.0
3.0
1.0
14.0
10.0
3.0
195.0
3.0
10.0
612.0
75.0
2.0
1573.0
26.0
2.0
26.0
1.0
2.0
2.0
2.0
105.0
10.0
1.0
3.0
3.0
438.0
10.0
7.0
239.0
1.0
1.0
1.0
15.0
4.0
14.0
3.0
1.0
1.0
15.0
19.0
1973.0
3.0
1.0
3.0
5.0
542.0
4.0
3.0
2.0
17.0
5.0
1.0
1.0
3.0
13.0
1.0
3.0
1.0
1.0
46.0
1.0
6.0
95.0
301.0
17.0
1.0
1.0
1.0
3.0
538.0
43.0
1.0
3.0
1.0
80.0
1.0
2.0
34.0
2.0
353.0
4.0
1.0
1.0
848.0
292.0
1.0
338.0
2.0
1366.0
3.0
1.0
2.0
1.0
218.0
2.0
1.0
2.0
1.0
2.0
3.0
3.0
38.0
1.0
258.0
74.0
3.0
155.0
3.0
9.0
172.0
11.0
6.0
11.0
41.0
106.0
1.0
47.0
24.0
80.0
9.0
1.0
8.0
150.0
11.0
1159.0
2.0
2.0
3.0
1.0
763.0
1.0
3.0
76.0
1.0
1.0
3.0
1.0
3.0
77.0
3.0
3.0
10.0
1.0
2.0
9.0
337.0
1.0
10.0
1.0
5.0
12.0
3.0
10.0
3.0
15.0
19.0
17.0
2.0
2.0
1.0
4.0
1.0
4.0
19.0
8.0
2.0
2.0
1.0
1.0
1.0
1.0
2.0
1.0
175.0
1.0
4.0
4.0
7.0
2.0
4.0
2.0
3.0
6.0
993.0
17.0
2.0
209.0
24.0
3.0
3.0
5.0
3.0
1.0
3.0
7.0
22.0
1.0
3.0
6600.0
7901.0
64.0
207.0
171.0
9.0
9.0
26.0
1.0
1.0
1.0
3.0
4.0
8.0
2.0
1.0
1.0
4.0
4.0
1.0
546.0
3.0
20.0
1187.0
14.0
1.0
3.0
3.0
3122.0
6.0
1.0
3.0
4347.0
452.0
17.0
2.0
2.0
6.0
65.0
61.0
1.0
1.0
11.0
286.0
1.0
1.0
2.0
2.0
569.0
1.0
1.0
3.0
1.0
3.0
3.0
239.0
875.0
3.0
2452.0
357.0
1.0
21.0
3.0
1946.0
8.0
129.0
3.0
3.0
9.0
3.0
2.0
207.0
29.0
4.0
1.0
9.0
1.0
44.0
139.0
1.0
1.0
4.0
69.0
3.0
1.0
1.0
5.0
3.0
1940.0
3.0
2.0
3.0
359.0
509.0
1.0
8.0
3.0
3.0
2.0
8.0
8.0
4.0
4.0
4.0
1.0
442.0
1.0
1.0
3.0
3.0
2.0
4.0
1.0
5.0
1.0
2.0
1.0
3.0
3.0
1.0
281.0
2.0
1493.0
1.0
1.0
1595.0
260.0
60.0
1.0
3.0
1.0
2.0
5.0
309.0
11.0
22.0
1.0
276.0
1.0
4.0
6.0
43.0
19.0
6.0
17.0
3.0
1.0
1.0
9.0
7.0
1.0
15.0
17.0
71.0
251.0
1.0
335.0
24.0
1.0
1.0
1.0
72.0
4.0
3.0
1.0
2.0
3.0
4.0
1225.0
3.0
34.0
1.0
3.0
78.0
1.0
7.0
4.0
2.0
2.0
9.0
28.0
33.0
1.0
3.0
1.0
3.0
1492.0
3.0
18.0
1.0
2.0
310.0
1.0
1.0
3.0
3.0
3.0
57.0
8.0
1.0
331.0
213.0
1.0
1.0
25.0
5955.0
1.0
5.0
63.0
31.0
26.0
3.0
1.0
9.0
2.0
372.0
714.0
1.0
1.0
5.0
1.0
3.0
1018.0
17.0
640.0
297.0
18.0
64.0
798.0
1217.0
1.0
2.0
368.0
1.0
1.0
341.0
9.0
7.0
1.0
3186.0
1.0
94.0
71.0
1.0
1.0
1742.0
1.0
1.0
1286.0
8.0
25.0
1.0
30.0
1.0
14.0
2.0
22.0
611.0
2.0
17.0
414.0
1.0
2.0
1.0
77.0
65.0
7.0
1.0
1.0
36.0
1.0
1.0
1.0
3.0
3.0
1.0
2.0
220.0
2.0
17.0
1.0
3.0
4.0
1.0
9.0
3.0
1.0
3.0
1752.0
3.0
46.0
2.0
509.0
1.0
11.0
2.0
9.0
1.0
2.0
66.0
67.0
1.0
1.0
78.0
17.0
1.0
1.0
3.0
475.0
3.0
1.0
14.0
289.0
1.0
1.0
309.0
3.0
3.0
2.0
620.0
54.0
3.0
1.0
1.0
1.0
3.0
33.0
2.0
4601.0
1.0
156.0
7.0
1.0
5.0
14.0
487.0
89.0
3.0
122.0
1.0
7.0
2.0
3.0
3.0
4.0
5.0
4.0
1.0
1.0
5.0
1.0
1.0
14.0
1.0
4.0
2.0
1.0
3.0
4.0
1.0
1.0
3.0
5.0
58.0
1.0
79.0
1.0
4.0
292.0
16.0
22.0
4.0
22.0
4.0
2.0
1.0
6.0
508.0
1.0
1.0
1.0
6.0
85.0
2.0
4.0
14.0
469.0
18.0
699.0
69.0
18.0
3.0
6.0
1.0
364.0
978.0
9.0
6.0
1.0
2.0
1.0
7.0
1386.0
2.0
3.0
2.0
2.0
1.0
2.0
24.0
1.0
1.0
243.0
1.0
474.0
12.0
266.0
22.0
12.0
1.0
6.0
1.0
2.0
1.0
2.0
51.0
357.0
272.0
44.0
1.0
49.0
491.0
3.0
1.0
99.0
2.0
53.0
1.0
40.0
42.0
1.0
15.0
3.0
4.0
4.0
338.0
1.0
10.0
13.0
1.0
1.0
5.0
1.0
34.0
1.0
397.0
3.0
11.0
1.0
2.0
1.0
9.0
67.0
3.0
20.0
3.0
25.0
3.0
1.0
12.0
5.0
8.0
3.0
1.0
1.0
3.0
3.0
1.0
315.0
3.0
1.0
3.0
3.0
1.0
3.0
730.0
30.0
15.0
3.0
46.0
17.0
178.0
13000.0
31.0
44.0
12.0
27.0
4.0
1.0
10.0
31.0
87.0
20366.0
542.0
3.0
42.0
9.0
880.0
32.0
23.0
21.0
2.0
4.0
9.0
70.0
1.0
1.0
3.0
55.0
1.0
186.0
1.0
68.0
3.0
37.0
1.0
3.0
7.0
1.0
25.0
2.0
171.0
1.0
247.0
1.0
1.0
1.0
107.0
1.0
3.0
1.0
2755.0
3.0
162.0
4.0
1.0
2.0
8.0
66.0
225.0
3.0
2.0
3.0
1.0
1.0
2417.0
2.0
4.0
1.0
1.0
1.0
3.0
24.0
1.0
19.0
66.0
1529.0
418.0
1.0
2.0
273.0
24.0
3.0
583.0
1.0
235.0
3.0
1.0
4.0
434.0
2.0
56.0
3.0
8.0
1.0
269.0
8.0
1.0
1.0
1.0
4.0
1.0
107.0
1308.0
2.0
11.0
1.0
277.0
1.0
13.0
12.0
153.0
17.0
1927.0
19.0
3.0
3.0
1.0
1.0
1.0
6.0
7.0
2.0
2.0
2.0
131.0
5.0
1.0
2.0
16.0
12.0
1239.0
11.0
34.0
4.0
1.0
49.0
1800.0
1984.0
1.0
1.0
4.0
1.0
3.0
3.0
1.0
1268.0
2.0
9.0
20.0
1.0
3.0
3.0
10.0
13000.0
9.0
1.0
10.0
1.0
1.0
40.0
220.0
794.0
4.0
76.0
1.0
3.0
1.0
650.0
1.0
841.0
1.0
241.0
1.0
22.0
1.0
1420.0
10.0
3.0
14.0
3.0
2.0
34.0
2269.0
4.0
3.0
18.0
16.0
22.0
13.0
2.0
3.0
1.0
3.0
105.0
2.0
9.0
7.0
27.0
2.0
258.0
2.0
17.0
1.0
1.0
69.0
3.0
10.0
14385.0
1.0
105.0
1.0
1.0
643.0
4.0
3.0
10.0
656.0
1.0
2.0
10.0
2.0
20.0
9.0
3.0
2.0
1.0
282.0
1.0
8.0
3.0
292.0
27.0
117.0
3.0
2.0
32.0
103.0
3.0
119.0
1.0
7.0
3.0
1.0
3.0
1.0
38.0
2.0
709.0
20.0
1.0
3.0
14.0
1.0
9.0
1.0
269.0
1.0
1418.0
5.0
7.0
1.0
2.0
1490.0
10.0
3.0
106.0
3.0
5.0
1.0
889.0
582.0
3.0
12.0
3.0
24.0
1.0
1.0
205.0
4.0
1.0
4.0
948.0
2.0
1.0
3.0
2.0
3.0
1.0
5.0
30.0
23.0
1.0
2.0
9.0
1.0
5.0
14.0
1.0
1.0
1.0
13.0
1.0
1.0
135.0
1.0
4.0
132.0
1.0
87.0
3.0
6.0
3304.0
1.0
9.0
520.0
4.0
2040.0
3.0
548.0
1.0
40.0
5.0
1.0
1.0
3.0
32.0
1.0
2.0
770.0
3.0
3.0
31.0
3.0
7.0
2.0
800.0
1.0
78.0
157.0
217.0
48.0
242.0
565.0
64.0
1.0
65.0
1.0
1.0
1.0
2.0
5.0
9.0
2.0
2.0
27.0
1.0
78.0
1.0
11.0
351.0
1.0
1.0
4.0
3.0
3.0
211.0
1008.0
565.0
3.0
4.0
194.0
8.0
71.0
14.0
521.0
2.0
2.0
1.0
24.0
1.0
1.0
19.0
1.0
3.0
9.0
920.0
387.0
10.0
3.0
3.0
1.0
3.0
3.0
3.0
1.0
56.0
4.0
1.0
6.0
4.0
2.0
1.0
405.0
3.0
40.0
1.0
6.0
6.0
3.0
3.0
2116.0
2.0
3.0
1.0
2.0
56.0
110.0
1.0
215.0
3118.0
24.0
576.0
22.0
1.0
26.0
1.0
1.0
4.0
2.0
3.0
4.0
102.0
3.0
6.0
3.0
2.0
4.0
29.0
172.0
1.0
1.0
55.0
14.0
1.0
3.0
2.0
4.0
31.0
1.0
2.0
316.0
1.0
8.0
2.0
1.0
85.0
3.0
23.0
2.0
7.0
1.0
8.0
18.0
3.0
1.0
1.0
6.0
14.0
1.0
3.0
609.0
1.0
1.0
596.0
5.0
3.0
6.0
1.0
2.0
65.0
49.0
1.0
5.0
118.0
24.0
1.0
3.0
8.0
3.0
737.0
10.0
13.0
447.0
1.0
2.0
1.0
4.0
1734.0
1.0
808.0
9.0
1.0
30.0
60.0
1.0
9.0
1.0
1.0
3.0
2.0
3.0
1.0
4.0
3.0
1.0
4.0
1.0
9.0
1.0
33.0
1.0
1.0
1.0
3.0
5.0
2.0
3.0
6667.0
66.0
3.0
5.0
282.0
1.0
3.0
2.0
3.0
19.0
2.0
879.0
507.0
3.0
28.0
1.0
8.0
102.0
170.0
220.0
65.0
3.0
4.0
692.0
33.0
2.0
1.0
38380.0
3.0
148.0
357.0
1.0
3.0
1.0
1.0
4.0
1.0
622.0
9.0
1.0
1.0
3.0
24.0
1.0
8.0
50.0
51.0
1581.0
6.0
3.0
1.0
1225.0
1.0
6.0
1.0
1657.0
1.0
3.0
71.0
7.0
1.0
1.0
9.0
1.0
2.0
3.0
1.0
51176.0
3.0
19.0
2.0
1.0
3.0
101.0
20.0
8.0
4.0
6.0
4.0
10.0
1.0
8.0
3.0
13.0
3436.0
6.0
27.0
3.0
18.0
698.0
1.0
5.0
5.0
3.0
1759.0
7.0
1.0
869.0
2.0
1.0
1.0
274.0
82.0
1.0
1.0
1.0
1902.0
1.0
5.0
9.0
10.0
36.0
1.0
9.0
3.0
216.0
1.0
3.0
3.0
13.0
65.0
1.0
23.0
200.0
1.0
1.0
36.0
1007.0
1.0
101.0
8.0
956.0
960.0
3.0
3.0
105.0
3.0
2.0
2.0
3.0
3.0
140.0
2.0
3.0
24.0
4797.0
47.0
1.0
13.0
103.0
1.0
8.0
3.0
1.0
21.0
7.0
6.0
217.0
439.0
2.0
685.0
977.0
292.0
421.0
1.0
1.0
9.0
6.0
32.0
6344.0
2.0
16.0
1.0
3.0
773.0
6.0
2.0
3.0
15.0
2.0
1.0
17.0
1.0
1.0
157.0
2.0
3.0
609.0
1.0
1.0
66.0
155.0
4.0
3.0
1.0
11.0
4.0
16528.0
37.0
1.0
62.0
19.0
67.0
13235.0
1.0
4.0
1.0
20.0
26.0
7.0
16.0
15.0
3.0
1.0
3.0
5.0
2.0
128.0
19.0
1694.0
17.0
1.0
2.0
1.0
19.0
5.0
6.0
3.0
3.0
3.0
2.0
3.0
2.0
12.0
9.0
16.0
2.0
8.0
1.0
7.0
3.0
8.0
3.0
76.0
46.0
12.0
3.0
10.0
99.0
6.0
1.0
2.0
433.0
2.0
19.0
10.0
106.0
67.0
6.0
3.0
4.0
3.0
23.0
15.0
1.0
20.0
1.0
215.0
83.0
2.0
3.0
14.0
1.0
3.0
105.0
75.0
51.0
5.0
1.0
1.0
1.0
14.0
1.0
288.0
3.0
2.0
197.0
1.0
4.0
3.0
3.0
1.0
1.0
7.0
23.0
6.0
1.0
44.0
7.0
282.0
1.0
472.0
1.0
2.0
2.0
1.0
16.0
1.0
53.0
1.0
5.0
30.0
3.0
7.0
242.0
2.0
8.0
3.0
9.0
12.0
50.0
1.0
100.0
3.0
3.0
2.0
7.0
996.0
1.0
87.0
407.0
8.0
351.0
71.0
3.0
3.0
3.0
3.0
2.0
4.0
40.0
3.0
134.0
3.0
1.0
3.0
4291.0
1.0
5.0
100.0
2.0
292.0
3.0
75.0
19.0
5.0
6.0
2.0
55.0
56.0
3.0
2.0
1.0
3.0
467.0
1.0
641.0
1.0
6.0
3.0
1.0
7.0
1.0
22.0
95.0
2.0
7.0
2.0
12.0
3.0
2.0
45.0
1.0
1.0
1.0
8.0
963.0
4.0
1.0
84.0
1.0
1.0
230.0
111.0
3.0
2.0
1.0
20.0
1.0
32.0
1.0
27.0
2.0
3.0
1.0
1.0
14.0
4.0
26.0
15.0
10.0
3.0
1.0
6.0
17.0
3.0
11.0
4.0
8.0
1.0
4.0
5.0
5.0
453.0
2.0
16.0
16.0
1.0
20.0
1.0
2.0
40.0
21.0
1.0
7.0
19.0
3.0
229.0
1934.0
260.0
11.0
1.0
14.0
1.0
1.0
1.0
4.0
4.0
70.0
1.0
1.0
3.0
2.0
1901.0
53.0
12.0
4.0
11.0
75.0
5.0
6.0
29.0
4.0
1256.0
2.0
14.0
1.0
31.0
3.0
987.0
4.0
2.0
1.0
1.0
3.0
14.0
6.0
268.0
1.0
1111.0
3.0
21.0
3.0
1.0
1018.0
4.0
1.0
13.0
1.0
39.0
1.0
883.0
4.0
37.0
69.0
319.0
3.0
1.0
3.0
19.0
2.0
1522.0
3.0
667.0
97.0
31.0
1.0
732.0
7.0
1.0
34.0
19.0
3.0
1.0
3.0
4.0
20.0
4.0
11.0
3.0
87.0
4.0
161.0
3.0
1.0
3.0
5.0
129.0
8.0
3.0
1.0
1.0
2.0
1333.0
46.0
1.0
2.0
1574.0
1.0
3.0
3.0
3.0
3.0
3.0
111.0
1.0
1.0
5.0
27.0
7.0
87.0
3.0
3.0
1.0
1.0
4.0
3.0
43.0
2.0
85.0
1.0
436.0
1.0
1.0
1.0
814.0
1944.0
3.0
2.0
11.0
1.0
1.0
2.0
7.0
7.0
675.0
47.0
1185.0
1.0
1.0
2.0
1.0
3.0
1206.0
340.0
1.0
108.0
5.0
11.0
4.0
1022.0
1.0
576.0
138.0
13.0
1.0
117.0
2.0
3.0
2.0
3.0
8.0
3.0
5.0
664.0
49.0
3.0
1.0
2.0
6.0
4.0
92.0
12.0
1.0
3.0
2.0
1.0
22.0
21.0
2.0
95.0
16.0
1.0
6.0
1.0
3.0
274.0
2.0
3.0
1.0
1.0
6.0
697.0
1.0
3.0
2.0
4.0
1.0
3.0
5.0
160.0
30.0
1.0
36.0
1.0
3.0
3.0
1.0
3.0
3.0
137.0
997.0
57.0
4.0
3.0
1.0
3.0
4.0
5.0
1.0
179.0
1.0
2.0
15.0
159.0
4.0
426.0
128.0
14.0
2.0
17.0
1.0
1.0
3.0
1.0
1.0
3.0
72.0
8.0
1.0
3.0
2.0
1.0
97.0
3.0
3.0
37.0
3.0
15.0
2286.0
11.0
103.0
13.0
7.0
7.0
1.0
1.0
82.0
3.0
2.0
1.0
1.0
3.0
11.0
576.0
1.0
338.0
83.0
435.0
4.0
1.0
907.0
13.0
3.0
1.0
720.0
3.0
1.0
5.0
1.0
46.0
1.0
122.0
1.0
98.0
1.0
4.0
366.0
1.0
17.0
32.0
1018.0
35.0
1.0
13.0
1042.0
192.0
1246.0
1.0
1.0
30.0
29.0
116.0
41.0
81.0
1.0
3.0
24.0
59.0
157.0
3.0
23.0
1.0
3.0
1.0
6.0
22.0
2.0
7405.0
1.0
225.0
832.0
3.0
1.0
1.0
51.0
56.0
4365.0
1.0
264.0
1.0
1.0
6.0
23.0
102.0
890.0
4.0
13.0
440.0
2.0
2.0
26.0
52.0
1.0
699.0
3.0
5.0
2.0
1.0
1.0
435.0
12.0
3.0
1.0
1.0
70.0
36.0
4.0
3.0
5.0
1027.0
75.0
3.0
1.0
3.0
16.0
3.0
24.0
1.0
72.0
10.0
11.0
922.0
70.0
5.0
1.0
3470.0
5.0
34.0
23.0
1.0
262.0
52.0
8.0
33.0
845.0
10.0
1.0
1.0
4.0
10.0
2.0
8.0
117.0
6.0
1.0
123.0
2.0
35.0
2.0
7.0
1099.0
4.0
1.0
6566.0
3.0
2.0
1.0
12.0
7.0
1.0
1.0
83.0
1.0
2.0
6.0
8.0
5.0
28.0
3.0
1.0
2.0
1.0
7.0
2.0
3.0
3.0
15.0
35.0
2.0
36.0
21.0
10.0
1.0
86.0
2.0
1.0
43.0
1.0
1.0
3.0
1.0
1.0
1.0
1883.0
3.0
1.0
2.0
12.0
3.0
1.0
18.0
1.0
2.0
3.0
1.0
3.0
2.0
1.0
1.0
20.0
108.0
708.0
9.0
4.0
60.0
364.0
2.0
19.0
835.0
7.0
1.0
10.0
4.0
58.0
12.0
19.0
1.0
8.0
4.0
2.0
7.0
1.0
1.0
9.0
2.0
28.0
1737.0
2.0
7.0
244.0
2.0
9.0
73.0
3.0
4.0
313.0
5.0
277.0
2.0
932.0
9.0
1.0
47.0
1.0
1.0
20.0
619.0
3.0
1.0
3.0
3.0
102.0
2.0
1.0
3.0
3.0
178.0
1.0
1.0
1.0
3.0
45.0
1.0
18.0
1.0
435.0
4.0
1.0
404.0
22.0
1.0
895.0
3.0
1.0
2.0
28.0
1.0
3.0
292.0
1.0
1.0
2.0
33.0
11.0
106.0
9.0
16.0
1.0
2.0
3.0
2.0
3.0
1.0
168.0
25.0
2.0
17.0
351.0
123.0
6.0
351.0
1.0
65.0
5.0
6.0
16.0
3.0
3.0
5.0
341.0
1.0
69.0
4.0
5.0
13.0
4.0
1.0
1.0
2.0
1.0
1.0
1.0
17.0
1.0
84.0
1.0
8.0
282.0
3.0
2.0
20.0
10.0
4.0
764.0
3374.0
1.0
3.0
1.0
1.0
59.0
23.0
16.0
3.0
8.0
1.0
2.0
1.0
480.0
2.0
271.0
1.0
1.0
7.0
47.0
8.0
38.0
1.0
265.0
4.0
47.0
1.0
3.0
1.0
3317.0
1.0
961.0
1.0
2.0
4.0
3.0
779.0
2.0
1.0
322.0
3.0
6.0
860.0
2.0
189.0
44.0
1.0
75.0
4.0
2.0
2.0
1.0
369.0
41.0
74.0
3.0
1.0
87.0
52.0
284.0
4.0
4.0
1.0
6.0
9.0
18.0
1.0
69.0
191.0
1.0
19.0
1.0
69.0
4.0
3.0
172.0
3.0
1631.0
1.0
1.0
3.0
4.0
9.0
46.0
8682.0
3329.0
14.0
1.0
1.0
1.0
377.0
1.0
750.0
1.0
4.0
7.0
1.0
3.0
1.0
36.0
1312.0
1.0
38.0
1.0
3.0
50.0
20.0
1.0
1.0
24.0
7.0
457.0
8.0
3.0
132.0
5.0
5.0
3587.0
1.0
3.0
743.0
1117.0
1.0
4.0
25.0
2492.0
1.0
1.0
6.0
1.0
3.0
1.0
9.0
100.0
1.0
29.0
2.0
1.0
3.0
2.0
1.0
1.0
75.0
1.0
2752.0
7.0
3.0
27.0
688.0
1.0
3.0
3.0
208.0
2.0
1.0
2140.0
3.0
18.0
3.0
2.0
5332.0
62.0
3.0
48.0
7.0
5.0
1.0
73.0
58.0
41.0
1.0
1.0
22.0
244.0
3.0
43.0
2.0
70.0
1.0
326.0
740.0
7.0
1.0
127.0
3.0
1.0
594.0
3.0
3.0
733.0
1.0
1.0
3.0
124.0
1.0
71.0
363.0
1.0
1.0
1.0
5.0
1.0
2.0
4.0
1.0
3.0
5.0
2.0
18.0
5.0
1.0
45.0
2.0
59.0
1246.0
7.0
9.0
19.0
1.0
27.0
627.0
1.0
1.0
1.0
89.0
45.0
3.0
3.0
1002.0
2.0
1.0
471.0
9.0
1.0
332.0
3.0
72.0
10.0
2.0
8.0
1.0
1.0
3.0
1.0
11.0
223.0
21.0
27.0
753.0
1.0
1.0
1.0
3.0
3.0
3.0
1.0
4.0
791.0
7.0
1.0
4.0
1.0
1.0
3.0
2.0
3.0
2.0
1.0
278.0
4.0
4.0
1751.0
1.0
24.0
2.0
3.0
160.0
3.0
3.0
65.0
1.0
1.0
1.0
23.0
18.0
134.0
2477.0
3.0
1.0
1.0
26.0
179.0
1.0
9.0
3.0
1.0
343.0
86.0
87.0
781.0
349.0
2423.0
1.0
20.0
18.0
129.0
1.0
9.0
5.0
124.0
1.0
22.0
1.0
3.0
9.0
1.0
3.0
4.0
1.0
2.0
1336.0
1.0
73.0
15.0
1.0
5.0
1.0
2.0
1.0
3.0
22.0
2817.0
1.0
8.0
1.0
8.0
1.0
3.0
9.0
981.0
14980.0
2.0
137.0
1.0
7.0
1.0
46.0
3.0
3.0
20.0
3.0
2559.0
2.0
11.0
19.0
123.0
6.0
1.0
1.0
3.0
989.0
45.0
3.0
835.0
2.0
25.0
4.0
18.0
755.0
1.0
2.0
2.0
1.0
4.0
1228.0
1.0
1.0
2.0
1.0
1.0
62.0
4.0
28.0
2.0
4.0
4.0
2.0
36.0
2.0
523.0
9.0
12.0
3.0
20.0
1.0
12.0
1.0
745.0
346.0
7.0
2.0
3.0
1018.0
2.0
7.0
45.0
29.0
12.0
4.0
9.0
3.0
3.0
4.0
2.0
1.0
1.0
1.0
149.0
3.0
1.0
311.0
1.0
3.0
7.0
3.0
1.0
11.0
1.0
17.0
1.0
3.0
3.0
1.0
8.0
1.0
69.0
24.0
87.0
2.0
17.0
2.0
1.0
120.0
1.0
1.0
106.0
93.0
1.0
2150.0
2.0
49.0
1.0
132.0
18.0
1.0
8.0
2.0
1.0
1.0
469.0
4.0
8.0
1.0
5.0
1.0
2.0
2.0
292.0
1.0
1.0
3.0
10.0
394.0
44.0
2000.0
3.0
2.0
2.0
5.0
310.0
79961.0
374.0
2.0
24.0
102.0
8.0
24.0
1.0
20.0
2.0
50.0
5925.0
4.0
360.0
1.0
1.0
7.0
102.0
1.0
1.0
3.0
107.0
305.0
21.0
9.0
3.0
1.0
5.0
3.0
3.0
3.0
12.0
53.0
3.0
3.0
4.0
1.0
195.0
7.0
298.0
96.0
17.0
2.0
3.0
269.0
1.0
1.0
3.0
22.0
2.0
11.0
61.0
331.0
2.0
24.0
1.0
1.0
2.0
7.0
17.0
75.0
60.0
1941.0
3.0
319.0
72.0
1.0
143.0
3.0
3.0
41.0
3.0
3.0
351.0
3.0
3.0
1.0
1.0
22.0
1.0
309.0
1405.0
36.0
10.0
1.0
6.0
3.0
3.0
1.0
2817.0
1.0
16.0
1.0
13.0
3.0
39.0
15.0
7.0
1.0
3.0
4.0
17.0
378.0
3.0
8.0
427.0
19.0
1.0
77.0
15.0
41.0
58.0
18.0
46.0
4.0
268.0
1.0
2.0
15.0
1406.0
288.0
9.0
1.0
1.0
14385.0
33.0
1.0
2.0
3.0
1.0
148.0
1.0
24.0
660.0
1.0
1.0
21.0
3.0
1.0
6.0
3.0
9.0
1.0
6.0
3.0
44.0
1.0
3.0
97.0
19.0
6.0
3.0
5.0
29.0
3.0
1.0
38.0
3.0
5.0
1.0
959.0
1.0
3.0
24.0
3.0
5.0
2.0
35.0
2.0
1.0
1.0
8.0
4.0
15.0
3.0
11.0
68.0
1.0
2.0
20.0
15.0
228.0
1480.0
2.0
1398.0
9.0
2.0
1.0
1481.0
2.0
1.0
1.0
9.0
3.0
1.0
1.0
1024.0
16.0
1478.0
8.0
10.0
2.0
18.0
3.0
7.0
755.0
1246.0
9.0
83.0
3881.0
3.0
1.0
2857.0
150.0
11.0
8.0
17.0
404.0
611.0
8.0
65.0
3.0
19.0
1.0
70.0
3.0
4.0
1934.0
582.0
1.0
7.0
347.0
2.0
3.0
9.0
10.0
69.0
5.0
11.0
10.0
3.0
292.0
133.0
7.0
1.0
3.0
555.0
10.0
1.0
61.0
302.0
1.0
3000.0
9.0
1.0
215.0
1.0
288.0
1182.0
14.0
8.0
71.0
3.0
3.0
79.0
3.0
5.0
34.0
129.0
1.0
134.0
5041.0
10402.0
1018.0
1.0
1471.0
1.0
88.0
6.0
3.0
3.0
67.0
23.0
3.0
5.0
694.0
3.0
4.0
30.0
1.0
9.0
1.0
64.0
1.0
179.0
2.0
2.0
17.0
2.0
3.0
1.0
3.0
2061.0
42.0
379.0
16.0
3.0
564.0
5.0
38.0
1.0
16.0
3.0
1.0
1.0
4.0
772.0
2.0
2.0
5.0
8.0
3.0
1.0
1.0
139.0
53.0
1.0
3.0
24.0
17.0
1.0
13.0
2.0
2.0
83.0
523.0
2.0
25.0
24.0
1.0
3.0
4.0
518.0
3.0
14.0
6.0
64.0
3.0
3.0
1.0
5.0
25.0
2.0
3.0
23.0
344.0
3.0
2.0
21.0
1.0
6.0
30.0
1.0
24.0
1.0
3.0
36.0
1.0
111.0
3.0
2.0
1.0
10.0
2.0
4.0
2.0
8.0
1.0
988.0
159.0
3.0
111.0
3.0
2.0
3031.0
1451.0
9492.0
9.0
3.0
1.0
5.0
1.0
288.0
1.0
1.0
1.0
5.0
77.0
2.0
109.0
110.0
1.0
7.0
1.0
4.0
3.0
3.0
362.0
26.0
3.0
10.0
1.0
3.0
1.0
3.0
2.0
4.0
2.0
1.0
5413.0
208.0
1.0
1.0
2.0
7.0
3.0
1.0
119.0
1.0
87.0
1.0
238.0
2.0
13.0
5.0
9.0
3.0
1.0
3.0
3.0
3.0
1.0
1.0
1.0
1.0
1.0
186.0
3.0
1.0
84.0
2.0
3.0
3.0
1.0
2.0
6.0
3.0
1.0
1.0
3.0
4.0
1.0
177.0
30.0
2.0
3.0
17.0
66.0
1.0
2.0
1299.0
19.0
106.0
1.0
2.0
3.0
4.0
1.0
7.0
175.0
3.0
3.0
1042.0
32.0
1.0
7.0
2.0
10.0
1.0
2.0
1.0
223.0
1.0
7.0
2.0
9.0
1.0
592.0
1.0
86.0
1.0
1.0
1.0
3.0
151.0
5.0
1.0
5.0
835.0
3.0
2.0
16.0
5.0
20.0
159.0
1.0
19.0
91.0
1.0
3.0
673.0
70.0
3.0
1.0
1.0
26.0
19.0
5.0
2045.0
14.0
1.0
480.0
1.0
1.0
2.0
562.0
123.0
6.0
4.0
2.0
3.0
1.0
2.0
143.0
3.0
1.0
2.0
15.0
2.0
9.0
1.0
1.0
1.0
2.0
1.0
7.0
1.0
145.0
372.0
5.0
21.0
1.0
3.0
5.0
1225.0
3.0
178.0
4.0
1.0
8.0
3.0
1.0
5.0
4.0
5.0
1.0
1.0
13.0
2.0
1.0
3.0
2.0
1.0
16.0
22.0
29.0
3.0
147.0
12.0
1.0
1.0
1.0
3.0
1.0
444.0
228.0
51.0
3.0
43.0
2.0
1.0
3.0
2.0
2.0
1.0
3.0
1.0
36.0
3.0
1.0
6.0
2.0
3.0
4.0
3.0
1.0
2.0
1.0
1.0
9.0
4.0
102.0
26.0
4.0
123.0
3.0
2.0
5.0
18.0
1.0
3.0
3.0
3.0
2.0
3.0
3.0
16.0
23.0
3.0
4.0
4.0
1320.0
3.0
8.0
6.0
3.0
12.0
15.0
1.0
3.0
11.0
17.0
109.0
2.0
3.0
1.0
54.0
1.0
3.0
64.0
3.0
102.0
622.0
507.0
1.0
9.0
10.0
20.0
276.0
1.0
259.0
90.0
34.0
4.0
1.0
7.0
8.0
2535.0
2.0
27.0
18.0
6.0
1.0
843.0
3.0
5.0
4.0
21.0
3.0
1422.0
49.0
1.0
1.0
1.0
1018.0
1.0
167.0
3.0
2.0
3.0
2.0
1.0
1.0
632.0
15.0
6.0
1.0
4.0
1.0
1.0
84.0
33.0
19.0
1.0
6.0
3.0
119.0
367.0
102.0
123.0
3.0
1.0
2.0
244.0
12.0
1.0
8.0
1.0
3.0
3.0
2.0
4.0
15.0
3.0
3.0
2625.0
60.0
451.0
280.0
3.0
3.0
275.0
1.0
2.0
12.0
2.0
12.0
1.0
8.0
2.0
288.0
1242.0
8.0
3.0
17.0
3.0
8.0
1.0
1.0
1.0
1.0
2732.0
1.0
3.0
34.0
18.0
10.0
4.0
1.0
3.0
5.0
38.0
1.0
3.0
2023.0
17.0
34.0
3.0
5.0
1.0
3.0
239.0
1.0
32.0
1.0
4.0
1266.0
1.0
430.0
535.0
1.0
11.0
102.0
4902.0
1.0
2.0
125.0
41.0
2.0
1.0
3.0
596.0
1.0
1044.0
645.0
290.0
243.0
3.0
2.0
78.0
136.0
12.0
696.0
16.0
3.0
282.0
469.0
1.0
36.0
3.0
1.0
9.0
73.0
1.0
3.0
24.0
2.0
3.0
3.0
2.0
3.0
1018.0
204.0
16.0
1.0
3.0
30.0
3.0
1.0
1.0
1.0
3.0
10.0
6.0
1.0
6.0
4.0
476.0
4.0
109.0
1.0
2.0
3.0
1.0
3.0
1.0
3.0
3.0
496.0
9.0
948.0
3.0
2106.0
3.0
3.0
410.0
8.0
3.0
3.0
2.0
138.0
2.0
2.0
9.0
2462.0
2.0
1.0
1.0
220.0
1.0
26.0
1.0
8.0
1.0
5.0
1.0
1137.0
3.0
25.0
22.0
2.0
21.0
158.0
1.0
2.0
1.0
73.0
1.0
33.0
779.0
18.0
19.0
4.0
3.0
3.0
30.0
3.0
51.0
12.0
2.0
1.0
5.0
77.0
513.0
1.0
4.0
3.0
1.0
1.0
3.0
1.0
9.0
22.0
10.0
2.0
1.0
383.0
14.0
1.0
256.0
1.0
3.0
1383.0
5.0
11.0
651.0
5749.0
154.0
8.0
9.0
11061.0
389.0
263.0
1.0
3.0
7.0
137.0
25.0
3.0
3.0
2.0
3.0
3.0
2152.0
2.0
4.0
1362.0
228.0
8.0
1.0
1.0
461.0
1.0
3.0
156.0
2.0
114.0
140.0
3.0
3.0
3.0
3.0
1.0
6.0
2.0
11.0
3.0
59.0
1.0
19.0
4.0
35.0
3.0
1.0
1.0
3.0
4.0
1.0
961.0
1.0
9.0
54.0
130.0
13.0
3.0
14.0
1.0
207.0
2.0
7.0
102.0
1.0
41.0
19.0
1.0
58.0
6.0
3.0
3.0
3.0
2.0
1.0
6.0
826.0
11.0
4.0
18.0
3772.0
4.0
8.0
15.0
3.0
1.0
2.0
19.0
5.0
3.0
1.0
1121.0
30.0
3.0
1.0
1.0
5.0
472.0
214.0
3.0
1540.0
6.0
2.0
126.0
3.0
2.0
3.0
33.0
1.0
3.0
164.0
5.0
9.0
1.0
4.0
212.0
5.0
1.0
1.0
1.0
3.0
12253.0
5.0
3.0
5.0
668.0
1.0
1.0
8.0
82.0
1.0
7.0
1.0
3.0
3.0
3.0
2.0
1.0
34.0
13.0
27.0
3.0
3.0
2.0
3.0
3.0
1.0
687.0
2.0
19.0
2.0
2.0
8.0
1.0
900.0
2.0
3.0
4.0
12.0
458.0
265.0
3.0
1.0
492.0
6.0
883.0
1731.0
61.0
1.0
8.0
284.0
1.0
6.0
1.0
1.0
16.0
1.0
4.0
2.0
9.0
2.0
2.0
1.0
1.0
371.0
6.0
81.0
4.0
1.0
2.0
3.0
1093.0
83.0
17.0
1.0
2.0
1.0
3.0
3.0
7.0
8.0
1.0
3.0
4.0
32.0
1.0
10.0
2.0
3.0
5.0
1.0
3.0
199.0
1.0
2402.0
3.0
418.0
1.0
2.0
1.0
3.0
9.0
2.0
10.0
6.0
1.0
5.0
1.0
943.0
1.0
1.0
13.0
3607.0
4.0
4.0
59.0
351.0
11.0
23.0
8.0
24.0
2.0
72.0
1.0
1.0
17.0
2.0
1.0
1.0
1.0
7.0
595.0
3.0
3.0
104.0
13818.0
3.0
1.0
2.0
20.0
67.0
1.0
3.0
2.0
18.0
12.0
652.0
6.0
1.0
125.0
3.0
1.0
2477.0
2.0
1.0
25.0
1.0
3.0
9.0
3.0
4.0
3.0
318.0
1.0
5.0
6.0
160.0
68.0
1.0
3.0
1.0
1.0
59.0
2.0
1.0
99.0
183.0
1806.0
2481.0
10.0
1.0
3.0
3.0
2.0
678.0
3.0
107.0
1.0
382.0
25.0
110.0
1.0
2.0
31.0
6.0
1.0
4.0
8.0
161.0
5.0
3.0
3.0
3.0
1.0
932.0
1.0
2.0
1.0
77.0
3.0
2.0
125.0
36.0
1.0
2.0
2.0
56.0
6.0
20.0
3.0
150.0
13.0
32.0
1.0
1.0
16.0
63.0
10.0
1.0
1.0
1225.0
1.0
1166.0
3261.0
8.0
10.0
1.0
4.0
12.0
4.0
1157.0
622.0
1.0
604.0
1192.0
7.0
3.0
1.0
4.0
2.0
351.0
1.0
103.0
91.0
62.0
3.0
6.0
1.0
1.0
379.0
69.0
3.0
319.0
1.0
194.0
2.0
2.0
1.0
35.0
60.0
1.0
3.0
12.0
32.0
1.0
2.0
4.0
1065.0
5.0
35.0
3.0
1018.0
5.0
1.0
4.0
1.0
8.0
2.0
1.0
182.0
2.0
66397.0
3.0
238.0
8.0
157.0
6.0
3.0
5.0
26.0
1.0
2.0
519.0
57.0
2.0
944.0
5.0
165.0
1.0
1.0
3.0
1.0
1.0
31.0
12.0
2.0
1448.0
2.0
1.0
1.0
2.0
1.0
1.0
14.0
350.0
1.0
1.0
2.0
1.0
66.0
288.0
14.0
3.0
4.0
3.0
156.0
645.0
4.0
5.0
9.0
12.0
2.0
13.0
20.0
6.0
1.0
764.0
15.0
729.0
3.0
2.0
3.0
3.0
58.0
8.0
37.0
1.0
8.0
15.0
2.0
417.0
2.0
1.0
50.0
3.0
2.0
1.0
5.0
1.0
1.0
15.0
3.0
2.0
1.0
10.0
290.0
7.0
7.0
1.0
4.0
362.0
23.0
1.0
139.0
1.0
2.0
163.0
22.0
1.0
135.0
1.0
3.0
10.0
1773.0
1484.0
3.0
4.0
1.0
16.0
611.0
1.0
392.0
7.0
1698.0
1.0
31.0
13.0
7.0
1.0
8.0
12.0
42.0
5.0
1.0
458.0
1.0
955.0
2.0
1.0
30.0
516.0
9.0
3.0
3.0
2.0
10.0
24.0
6.0
1092.0
1.0
2.0
3.0
139.0
2.0
65.0
29141.0
1.0
16.0
7.0
21.0
1.0
17.0
24.0
2.0
4.0
4.0
3.0
2.0
2.0
1.0
9.0
2.0
3.0
3.0
6.0
3.0
1.0
5.0
2539.0
5.0
73.0
3.0
626.0
232.0
3.0
12.0
1.0
1.0
18.0
948.0
3.0
1.0
1025.0
731.0
5.0
4.0
3.0
5.0
2.0
1.0
34.0
67.0
1.0
255.0
9.0
1011.0
3.0
3.0
1472.0
4.0
10.0
1.0
19.0
4.0
2.0
289.0
3.0
3.0
3.0
85.0
1.0
1.0
1.0
2.0
233.0
3.0
1.0
6.0
1.0
1.0
3.0
1.0
3.0
39.0
1.0
1208.0
3.0
38.0
512.0
722.0
3.0
3.0
1.0
232.0
11.0
2.0
3.0
10.0
129.0
1.0
644.0
1.0
1.0
39.0
4.0
1.0
1.0
3.0
10.0
3.0
6273.0
156.0
199.0
73.0
17.0
1.0
53.0
10.0
3.0
1.0
829.0
1.0
2.0
32.0
24.0
28.0
5.0
3.0
1.0
507.0
7.0
4.0
4.0
6.0
187.0
9.0
17.0
54.0
5.0
3.0
2.0
176.0
25.0
152.0
4.0
3.0
25.0
79.0
1.0
797.0
10.0
1.0
23.0
2050.0
18.0
3.0
2.0
170.0
25.0
1.0
1.0
1.0
2.0
47.0
87.0
3.0
426.0
3.0
16.0
2.0
4.0
3.0
74.0
24.0
400.0
10.0
3.0
63.0
373.0
1.0
59.0
1.0
78443.0
78.0
8.0
4137.0
1.0
1.0
2.0
34.0
1.0
1.0
1.0
367.0
3.0
111.0
19.0
14.0
19.0
11.0
1.0
3.0
5030.0
1.0
2783.0
2.0
5.0
4445.0
5.0
1.0
3.0
3.0
415.0
1.0
16.0
1.0
350.0
1.0
1.0
3.0
51.0
1.0
228.0
8.0
631.0
5.0
349.0
1.0
2.0
65.0
193.0
24.0
1.0
22.0
6.0
2.0
8.0
1.0
1.0
157.0
1.0
276.0
2.0
909.0
1370.0
838.0
3.0
1.0
1.0
4.0
85.0
2.0
100.0
210.0
2.0
3.0
4.0
3.0
42.0
2.0
14.0
1.0
2.0
1.0
965.0
252.0
3.0
298.0
444.0
636.0
2.0
35.0
3.0
3.0
1.0
1.0
102.0
3.0
1.0
1.0
16.0
827.0
30.0
3.0
3.0
26.0
95.0
8.0
400.0
6.0
3.0
20000.0
1.0
714.0
12.0
2.0
1.0
6.0
1.0
4.0
3.0
12.0
2.0
1.0
282.0
3.0
37.0
1.0
1.0
1.0
612.0
3.0
4.0
1.0
73.0
2.0
59.0
1.0
4.0
449.0
12.0
1.0
4.0
49.0
9.0
1274.0
6.0
1.0
4.0
4.0
4.0
1.0
835.0
20.0
61.0
1.0
932.0
3.0
1.0
2.0
134.0
42.0
1264.0
4.0
3.0
3.0
1.0
36.0
102.0
32.0
2.0
282.0
1.0
65.0
3.0
8.0
88.0
1772.0
14.0
73.0
3.0
3.0
1.0
243.0
5.0
338.0
82.0
18.0
1225.0
2.0
2.0
696.0
1.0
1.0
1033.0
8.0
1040.0
253.0
697.0
6.0
3.0
2.0
1.0
5.0
5.0
1.0
2.0
4.0
1.0
24.0
24.0
1.0
1.0
13096.0
601.0
1.0
65.0
2.0
7.0
244.0
1.0
19241.0
5.0
1.0
444.0
1.0
1449.0
1.0
166.0
1.0
23.0
3.0
6165.0
7.0
8.0
2.0
4.0
58.0
446.0
3.0
28.0
9.0
11.0
576.0
8.0
24.0
1.0
3.0
9.0
1.0
7605.0
1.0
2.0
867.0
1.0
25.0
1823.0
1.0
5.0
162.0
3.0
4.0
429.0
3.0
1.0
12.0
3.0
34.0
102.0
658.0
3.0
4.0
1.0
2.0
21.0
1.0
1042.0
31.0
2.0
3.0
2.0
3.0
1614.0
9.0
1.0
3.0
9.0
1463.0
1.0
113.0
4.0
39.0
154.0
4.0
49.0
16.0
7.0
232.0
1.0
3.0
1.0
45.0
1.0
1.0
35.0
1409.0
42.0
4.0
123.0
29.0
52.0
87.0
2.0
943.0
10.0
1.0
749.0
55.0
1300.0
40.0
5.0
40.0
27.0
1245.0
8.0
2.0
1.0
1.0
15.0
1.0
1854.0
2.0
1.0
2.0
28.0
732.0
1.0
1.0
10.0
1.0
1069.0
10.0
1.0
14.0
2349.0
1.0
5.0
3.0
95.0
2.0
220.0
1.0
4.0
29.0
37.0
3.0
1.0
76.0
12.0
3176.0
2.0
3.0
1.0
10.0
1.0
1.0
9.0
1.0
1.0
3.0
9.0
2455.0
23.0
5.0
67.0
49.0
6.0
4.0
4.0
24.0
1.0
1.0
1.0
553.0
2.0
6.0
2.0
49.0
1.0
24.0
362.0
3.0
570.0
123.0
236.0
106.0
6.0
3.0
24.0
3.0
2.0
9624.0
4.0
7.0
1.0
3.0
40.0
221.0
1102.0
3.0
24.0
59.0
1.0
1.0
4.0
1.0
1888.0
12.0
3.0
5.0
96.0
3.0
85.0
5.0
3.0
3.0
23.0
2.0
16479.0
6.0
1484.0
1.0
402.0
7.0
3.0
9.0
2.0
3.0
2.0
2.0
4.0
1.0
73.0
484.0
37.0
3.0
31.0
2.0
1.0
320.0
3.0
3.0
19.0
696.0
282.0
232.0
4.0
1.0
2.0
24.0
10.0
6.0
4.0
28.0
4.0
2.0
1.0
69.0
3574.0
1.0
29.0
7.0
16.0
3.0
2.0
21.0
108.0
9.0
1.0
4.0
3.0
3.0
3.0
9.0
1.0
23.0
2.0
1.0
24.0
1.0
1.0
12.0
20.0
2.0
3.0
948.0
1.0
3.0
1.0
4.0
2.0
2.0
3.0
9.0
1.0
296.0
3.0
1.0
1.0
1.0
38.0
85.0
1.0
3.0
4.0
1214.0
17.0
957.0
1198.0
1.0
1.0
13.0
5.0
428.0
1465.0
1280.0
2.0
1.0
1.0
1.0
41.0
1874.0
13.0
2.0
1.0
11.0
13.0
1.0
4.0
3.0
1.0
1.0
296.0
4327.0
539.0
2.0
3.0
22.0
3.0
1.0
1.0
3.0
39.0
11.0
3.0
1.0
596.0
10.0
16.0
1.0
3.0
24.0
2.0
6.0
19.0
1262.0
1.0
1.0
157.0
7.0
3.0
24.0
9.0
121.0
3.0
1648.0
31.0
1.0
224.0
1.0
3.0
1.0
6.0
1.0
1.0
1.0
19.0
87.0
2.0
1.0
1.0
4.0
17.0
1.0
3.0
44.0
2.0
10.0
3.0
23.0
4235.0
431.0
60.0
4.0
4.0
1.0
4.0
4.0
3.0
1.0
2.0
2.0
2.0
1.0
1.0
1.0
3.0
3.0
351.0
839.0
4.0
1.0
1.0
2.0
1.0
52.0
2.0
1558.0
17.0
9.0
17.0
1.0
1.0
3.0
44.0
22.0
3.0
6.0
85.0
6.0
3.0
2.0
1.0
3.0
81.0
222.0
282.0
22.0
2.0
3.0
3.0
1.0
357.0
239.0
1.0
20.0
90.0
13.0
1.0
1.0
2.0
22.0
3.0
2.0
1.0
1294.0
21.0
1.0
1.0
2.0
1.0
1.0
1.0
744.0
5.0
14.0
9.0
200.0
3.0
1.0
3.0
2.0
1.0
67.0
1.0
1.0
1.0
1.0
1.0
75.0
1.0
2.0
1.0
87.0
141.0
1.0
2.0
433.0
4.0
3.0
10.0
3.0
3.0
1.0
1.0
5.0
4.0
18.0
10.0
3.0
390.0
922.0
3.0
24.0
490.0
3.0
97.0
1.0
1.0
45.0
65.0
12.0
3.0
23.0
469.0
1.0
1.0
25.0
1.0
6.0
1.0
319.0
540.0
4.0
1.0
58.0
300.0
115.0
3.0
1.0
3.0
3.0
9.0
23.0
66.0
22.0
65.0
108.0
3.0
9.0
3.0
66.0
1.0
3682.0
1.0
1.0
1.0
1.0
29.0
441.0
65.0
3.0
566.0
3.0
1.0
1018.0
2.0
4.0
1.0
886.0
138.0
5.0
3.0
1.0
6.0
1.0
366.0
1.0
1.0
5.0
390.0
19.0
1.0
1.0
46.0
1.0
466.0
405.0
6.0
9.0
3.0
17.0
1.0
1.0
3.0
46.0
143.0
2.0
3.0
32.0
410.0
287.0
65.0
31.0
373.0
14.0
1.0
3.0
1908.0
2.0
16.0
3.0
2.0
3.0
1.0
3.0
288.0
516.0
90.0
103.0
1.0
24.0
24.0
4.0
1.0
2.0
4.0
168.0
929.0
82.0
8.0
3.0
1.0
1.0
8.0
1.0
496.0
1.0
14.0
8.0
3.0
64.0
7.0
13.0
1.0
4.0
1.0
4.0
1.0
43.0
1.0
3.0
282.0
2.0
4.0
99.0
104.0
3.0
1.0
5.0
9.0
4364.0
69.0
3.0
66.0
3.0
415.0
15.0
7.0
33.0
1.0
1.0
1.0
213.0
90.0
2.0
51.0
1.0
1.0
1445.0
15.0
2.0
16517.0
1.0
3.0
12.0
398.0
1.0
46.0
1.0
24.0
2.0
1.0
2.0
153.0
3.0
282.0
74.0
4.0
10.0
1.0
1.0
2.0
1.0
4.0
24.0
16.0
3.0
699.0
14.0
16.0
1.0
576.0
1.0
4.0
1.0
1522.0
24.0
4.0
6.0
2.0
3.0
4.0
95.0
1.0
1.0
288.0
163.0
14.0
1.0
38.0
1.0
3.0
1.0
4.0
122.0
19.0
2.0
1.0
3.0
3.0
9.0
9.0
3.0
8.0
109.0
3.0
1.0
3.0
3.0
20.0
1.0
4.0
1.0
28.0
3.0
188.0
5.0
1.0
3.0
125.0
4.0
3.0
2.0
927.0
16.0
3.0
373.0
267.0
48.0
10.0
10.0
1723.0
35.0
64.0
22.0
219.0
3.0
7.0
9.0
208.0
4.0
1.0
170.0
1.0
1.0
30.0
3.0
2.0
1.0
3.0
2.0
1.0
3.0
3.0
463.0
8.0
4.0
1.0
8.0
3.0
3.0
839.0
3.0
2.0
333.0
7.0
2.0
152.0
1.0
524.0
1.0
1.0
3.0
3.0
2.0
1.0
1.0
73.0
1.0
111.0
23.0
1.0
3.0
1.0
232.0
8.0
1230.0
9.0
3.0
1.0
5.0
9.0
12.0
767.0
10.0
1.0
3.0
361.0
2.0
2.0
4.0
24.0
9.0
2296.0
4.0
20.0
23.0
2.0
3.0
1.0
1.0
1.0
2.0
6648.0
86.0
3.0
185.0
1.0
3.0
3.0
57.0
1.0
19.0
9.0
17.0
1.0
6.0
3.0
10.0
1.0
157.0
31.0
4.0
1545.0
2.0
93.0
45.0
22172.0
292.0
8.0
3.0
1.0
19.0
24.0
5.0
3.0
2.0
113.0
1.0
4584.0
1.0
7.0
18.0
1.0
1.0
5707.0
2.0
3.0
2.0
2.0
4.0
14.0
3.0
1.0
50.0
336.0
3.0
1473.0
4.0
1.0
12.0
1.0
1.0
6.0
2.0
4.0
1.0
3.0
1.0
1.0
13000.0
3.0
3.0
6.0
3.0
11.0
3.0
5.0
2.0
1.0
2.0
328.0
2.0
5.0
961.0
1.0
1.0
26.0
66.0
3.0
8.0
1.0
27.0
79.0
3.0
4.0
7.0
3.0
52.0
539.0
3.0
1.0
3.0
21741.0
1.0
50.0
8.0
102.0
1.0
2.0
540.0
2.0
3.0
2.0
12.0
1.0
18.0
3.0
1.0
2.0
2.0
234.0
2.0
1.0
335.0
14.0
1.0
1.0
6.0
3.0
1.0
1.0
4.0
1.0
11.0
1.0
1.0
2.0
6.0
46.0
2.0
1225.0
1.0
2.0
9.0
181.0
16.0
3.0
4.0
10.0
24.0
124.0
26.0
1.0
2.0
5.0
29.0
15.0
490.0
112.0
976.0
204.0
1.0
2.0
55.0
1.0
2.0
3.0
15.0
1.0
1.0
1.0
1.0
3.0
10.0
3.0
3.0
1.0
2.0
5.0
14.0
2.0
28.0
7.0
24.0
3.0
79.0
351.0
1096.0
2.0
1.0
3.0
1.0
376.0
7.0
24.0
53.0
3.0
5.0
51.0
312.0
23.0
39.0
23.0
1.0
75.0
19.0
8.0
1.0
3.0
81.0
506.0
31.0
17.0
3.0
1.0
1.0
5.0
735.0
1.0
1.0
1.0
1.0
24.0
668.0
5.0
33.0
2.0
596.0
8.0
1.0
4.0
24.0
43.0
2.0
83.0
1.0
179.0
2.0
948.0
1.0
1.0
27.0
4.0
19.0
3.0
1386.0
1.0
4.0
9.0
25.0
1.0
2.0
9.0
3.0
30.0
1.0
3.0
70.0
953.0
1.0
45.0
96.0
1.0
2.0
295.0
2.0
2.0
8.0
1.0
9.0
2.0
4.0
12.0
3.0
26.0
1.0
65.0
46.0
22.0
3.0
310.0
105.0
3.0
1117.0
943.0
2.0
1.0
187.0
3.0
14.0
2.0
1521.0
4.0
2.0
2.0
1.0
1.0
2.0
1.0
3.0
4.0
2.0
596.0
19.0
38.0
1.0
5.0
116.0
3.0
64.0
2.0
589.0
3.0
1.0
129.0
3.0
1.0
15.0
2.0
18.0
1.0
17.0
2.0
180.0
1.0
1.0
19.0
4.0
1.0
2666.0
1.0
15.0
1.0
1.0
3.0
3.0
87.0
3.0
11.0
1.0
2.0
7.0
2.0
1.0
541.0
1.0
1.0
1.0
1.0
3.0
318.0
2.0
1.0
48.0
5.0
5.0
8.0
3.0
222.0
3.0
238.0
155.0
3.0
834.0
21.0
3.0
3.0
2.0
2.0
71.0
3.0
1.0
109.0
3.0
1.0
1.0
2697.0
5.0
2.0
3.0
9.0
14111.0
2.0
2.0
3.0
3.0
2.0
100.0
557.0
1.0
1432.0
3.0
12.0
5.0
1.0
220.0
1.0
2.0
1.0
47.0
2.0
1.0
292.0
1018.0
1.0
29.0
33.0
9.0
1.0
22.0
5.0
4.0
1.0
1.0
11.0
14385.0
3201.0
2.0
3.0
19.0
4.0
42.0
1.0
1.0
16.0
8.0
3.0
1368.0
1.0
7.0
1.0
25.0
1.0
2.0
4.0
3.0
1482.0
1.0
1665.0
1.0
6.0
1.0
21.0
3.0
1274.0
1198.0
20.0
84.0
3276.0
11.0
1308.0
1.0
103.0
47.0
4.0
135.0
1.0
14.0
3.0
3.0
18.0
149.0
69.0
582.0
3.0
3.0
3.0
3.0
2.0
678.0
1.0
31.0
3.0
3.0
3.0
18.0
1.0
5.0
1496.0
22.0
279.0
8.0
1.0
47.0
1.0
259.0
22.0
1.0
3.0
4.0
6.0
4.0
62.0
1781.0
14.0
3.0
2.0
3839.0
28.0
1.0
9.0
2.0
2.0
667.0
65.0
3.0
3.0
1.0
34.0
1.0
3.0
4.0
38.0
1888.0
2.0
1.0
2.0
155.0
1.0
1.0
886.0
5.0
48.0
13.0
2325.0
8.0
17.0
6.0
1.0
1.0
153.0
5.0
6.0
23.0
2.0
835.0
2.0
1.0
2.0
9.0
19.0
2.0
2.0
152.0
101.0
70.0
3.0
1.0
225.0
1.0
4.0
3.0
1.0
40.0
3.0
2.0
1.0
684.0
666.0
1.0
6.0
8.0
3.0
3.0
4.0
2.0
1.0
1.0
1.0
8.0
1.0
3.0
1.0
3.0
305.0
3.0
4.0
1.0
282.0
4.0
2.0
6.0
596.0
1.0
1.0
10.0
44.0
6.0
5.0
2.0
3.0
98.0
3.0
3.0
1.0
14.0
82.0
31.0
3.0
1.0
135.0
2.0
2.0
52.0
256.0
91.0
3.0
7.0
2040.0
211.0
16.0
4.0
6.0
3.0
3.0
1.0
3.0
49.0
2.0
52.0
11.0
1.0
4.0
8.0
1.0
2.0
257.0
40.0
22.0
3.0
292.0
177.0
400.0
3.0
3.0
3.0
2.0
11.0
1.0
2.0
3.0
3.0
759.0
2.0
37.0
1.0
47.0
3.0
33.0
29.0
4.0
1.0
919.0
13.0
3.0
1.0
1.0
1.0
1275.0
3.0
3.0
12.0
2.0
3.0
3.0
1.0
1.0
3.0
65.0
1.0
1.0
3.0
341.0
12.0
65.0
3.0
1.0
12.0
35.0
3.0
976.0
3.0
1.0
87.0
278.0
23.0
1.0
1.0
32.0
2.0
2.0
1.0
1.0
1.0
3.0
9.0
2.0
2.0
8.0
1.0
107.0
83.0
24.0
5.0
2.0
5.0
1.0
1.0
163.0
3.0
18.0
16.0
317.0
1.0
2.0
530.0
6.0
1.0
4.0
3.0
3.0
180.0
229.0
7.0
7.0
16.0
3005.0
2.0
3.0
61.0
8.0
114.0
2.0
19241.0
1.0
4673.0
7.0
2.0
3.0
6.0
18.0
19.0
3.0
19.0
25.0
27.0
1374.0
282.0
2.0
16.0
1.0
3.0
2.0
6018.0
1.0
1.0
3.0
102.0
28.0
3.0
806.0
1.0
1.0
1.0
5.0
401.0
8.0
1.0
9.0
2.0
1.0
1.0
3.0
1.0
4.0
3.0
13.0
1.0
6.0
2.0
3.0
1.0
2.0
4.0
7.0
1.0
2.0
871.0
433.0
535.0
59.0
111.0
2.0
5.0
22.0
67.0
2.0
39.0
1.0
1.0
3.0
41.0
3.0
1.0
787.0
3.0
3.0
24.0
19.0
8.0
1.0
22.0
2.0
6.0
3.0
1.0
6.0
325.0
557.0
457.0
379.0
1.0
114.0
3.0
92.0
5.0
4.0
1.0
2.0
218.0
8.0
20821.0
3.0
277.0
31.0
2.0
1.0
25.0
3.0
120.0
1.0
3.0
473.0
13.0
1.0
12.0
42.0
29.0
4.0
2.0
3.0
1.0
1.0
10.0
1.0
1.0
1677.0
1.0
16.0
6.0
7.0
3.0
1.0
2.0
1.0
1.0
24.0
1.0
78.0
1.0
1.0
2305.0
40.0
2.0
2.0
16.0
403.0
1.0
1.0
2.0
3.0
1.0
1.0
1.0
2.0
571.0
3.0
254.0
124.0
9.0
1.0
3.0
3.0
3.0
2.0
4106.0
12.0
1117.0
6.0
32621.0
1.0
2.0
8.0
1249.0
3.0
7.0
3.0
11.0
1.0
3.0
524.0
3.0
18.0
1.0
1.0
1.0
61.0
1.0
3.0
192.0
157.0
4.0
2.0
1.0
3.0
1934.0
902.0
29.0
70.0
2.0
3.0
3.0
3.0
894.0
1.0
6.0
1.0
52.0
1.0
10.0
3.0
1.0
822.0
66.0
2.0
812.0
5.0
1.0
3.0
11.0
4.0
6.0
244.0
24.0
106.0
2.0
104.0
1.0
7.0
5.0
1.0
973.0
3.0
15.0
3.0
119.0
282.0
4.0
1.0
3.0
1.0
10.0
121.0
2.0
1.0
7.0
31.0
1.0
3.0
1.0
6.0
55.0
1.0
3.0
1018.0
8673.0
3.0
87.0
1.0
946.0
8.0
8.0
1.0
4.0
5.0
1.0
3.0
6.0
1651.0
14.0
1.0
10.0
28.0
2.0
549.0
1.0
13.0
3.0
2.0
7.0
22.0
25.0
716.0
6.0
1.0
956.0
1.0
4391.0
1.0
1.0
1.0
36.0
1019.0
1.0
88.0
3.0
2.0
3.0
1.0
107.0
509.0
1.0
3.0
3.0
1.0
1.0
29.0
98.0
3.0
2.0
2.0
15.0
47.0
3.0
2.0
1.0
8.0
319.0
4.0
1.0
21.0
200.0
1.0
1.0
784.0
1.0
3.0
1.0
3.0
1.0
2.0
49.0
24.0
259.0
1.0
1.0
1.0
1.0
2.0
87.0
2.0
9.0
290.0
404.0
54.0
149.0
3.0
30.0
3.0
1.0
2.0
2.0
468.0
19.0
846.0
4.0
8.0
2.0
329.0
1.0
1.0
1.0
1.0
3.0
4.0
2.0
1.0
1.0
40.0
8.0
1.0
181.0
1.0
516.0
9.0
66.0
3.0
1.0
658.0
2.0
8.0
49.0
20.0
3.0
2.0
1908.0
3.0
1.0
3.0
184.0
14.0
8.0
73.0
3.0
3.0
1.0
2.0
3.0
33.0
3.0
20.0
3.0
1.0
2.0
3.0
1.0
17.0
3.0
1.0
1.0
27.0
5.0
1812.0
2.0
1.0
1.0
45.0
3.0
62.0
1.0
4.0
140.0
2.0
1.0
2073.0
121.0
9.0
6.0
370.0
2.0
183.0
383.0
4.0
1.0
13.0
1.0
1.0
3.0
375.0
3.0
242.0
8.0
476.0
3.0
1.0
2.0
2.0
6.0
159.0
2.0
1.0
10.0
8.0
1.0
79.0
215.0
169.0
2.0
23.0
2.0
12.0
1.0
75.0
2.0
29.0
97.0
8.0
5.0
3.0
2.0
2.0
24.0
3.0
120.0
3.0
3.0
4.0
86.0
4.0
737.0
182.0
1400.0
3.0
19.0
1.0
1.0
86858.0
1.0
1.0
1.0
1.0
3.0
1.0
3.0
977.0
93.0
1.0
3.0
7.0
11.0
137.0
33.0
3.0
4.0
2.0
313.0
20.0
3.0
1.0
3.0
3.0
1.0
3.0
3.0
182.0
15.0
69.0
173.0
2.0
1.0
18.0
23.0
12.0
1.0
9.0
18.0
1.0
1.0
8.0
1.0
24.0
4.0
1.0
3.0
9.0
27.0
8.0
1.0
3.0
9.0
3.0
1.0
768.0
4.0
4.0
8.0
7.0
19.0
9.0
351.0
61.0
89.0
2.0
1.0
334.0
442.0
1.0
20.0
2673.0
6.0
3.0
1057.0
3.0
202.0
46.0
118.0
24.0
3.0
3.0
22.0
1.0
2.0
198.0
1.0
3.0
33.0
1.0
1.0
1140.0
60.0
159.0
2.0
3.0
1.0
75.0
3.0
58.0
1.0
1.0
1.0
1.0
7.0
53.0
3.0
3.0
13.0
208.0
76.0
2.0
1.0
2595.0
71.0
2.0
3.0
3.0
20.0
3.0
1200.0
3.0
3.0
1.0
2.0
4.0
5.0
2.0
3.0
3.0
2.0
14.0
7.0
29.0
1.0
5.0
1.0
1.0
20.0
2.0
2.0
2.0
4.0
1.0
4.0
983.0
11.0
3.0
1.0
1.0
2.0
2.0
1.0
3.0
6.0
4.0
3.0
59.0
112.0
16.0
1.0
103.0
40.0
1.0
1.0
3.0
2.0
3.0
11.0
3.0
19.0
4.0
1.0
46.0
59.0
3.0
3.0
3.0
22.0
1.0
282.0
5.0
31.0
1089.0
248.0
886.0
6.0
2.0
7.0
886.0
3.0
1.0
9.0
164.0
2.0
41.0
6.0
1.0
273.0
7.0
4.0
1.0
1.0
1.0
2.0
51.0
14354.0
6.0
1.0
75.0
298.0
1.0
2.0
414.0
46.0
379.0
4.0
20.0
1.0
1.0
37.0
411.0
4.0
7.0
1.0
4.0
2671.0
2.0
2.0
361.0
3.0
2.0
3.0
152.0
6.0
22.0
3.0
2.0
7.0
2.0
1.0
153.0
1837.0
7.0
8.0
4.0
4.0
3.0
582.0
8.0
3.0
48.0
4.0
1.0
3.0
2038.0
2.0
77.0
5.0
3.0
1.0
363.0
23.0
55.0
2.0
182.0
576.0
2.0
100.0
11.0
3.0
108.0
1.0
8.0
3.0
1.0
171.0
1.0
2.0
6.0
3.0
4012.0
22124.0
1.0
1.0
3.0
4.0
2.0
1.0
6.0
46.0
1.0
1095.0
9.0
15.0
1.0
1.0
5.0
4.0
1.0
87.0
3.0
3.0
401.0
9.0
1.0
19.0
25.0
9.0
197.0
1.0
3.0
2.0
7.0
1.0
1.0
1.0
1.0
4.0
9.0
1.0
7.0
32.0
1.0
40.0
2.0
1.0
1.0
23.0
282.0
23.0
3.0
678.0
3015.0
56.0
2.0
1.0
185.0
453.0
18.0
10.0
3.0
2.0
10.0
3.0
116.0
144.0
18.0
3.0
3.0
3.0
1.0
23.0
13.0
24.0
1.0
3.0
807.0
2.0
1.0
13.0
99.0
1.0
4.0
3.0
1.0
576.0
313.0
4.0
22.0
1228.0
3.0
1.0
2.0
4.0
2.0
14.0
2.0
10.0
6.0
3.0
3.0
5.0
1.0
1080.0
1143.0
3.0
3.0
1.0
48.0
1.0
123.0
1.0
4.0
3.0
1014.0
60.0
94.0
2.0
4.0
1.0
2.0
17.0
35.0
3.0
1.0
1.0
7.0
3.0
479.0
3.0
26.0
48.0
3.0
207.0
30.0
1.0
1.0
37.0
3.0
3.0
346.0
152.0
15.0
103.0
3.0
1446.0
3.0
1.0
1.0
390.0
461.0
3.0
1.0
1.0
1.0
15455.0
8.0
59.0
1.0
6.0
3.0
1.0
46.0
2.0
1.0
32.0
9.0
3.0
351.0
4.0
1.0
370.0
3.0
3.0
6.0
497.0
3.0
2.0
7.0
33.0
9.0
15.0
83.0
1.0
24.0
12.0
211.0
25.0
3.0
1.0
2.0
7.0
10.0
1.0
692.0
2.0
3.0
10.0
1.0
1.0
143.0
5.0
351.0
73.0
12.0
3.0
1.0
3.0
7.0
2.0
51.0
3.0
627.0
1.0
1.0
16.0
30.0
3.0
1.0
247.0
3.0
2.0
1.0
3.0
3.0
5.0
512.0
1.0
2.0
8.0
2.0
247.0
2.0
368.0
8.0
1.0
1.0
1.0
18.0
3.0
173.0
3.0
1.0
1.0
3.0
2.0
66.0
1161.0
2.0
1.0
1.0
70.0
44.0
1.0
1.0
21.0
22.0
2.0
124.0
24.0
101.0
1.0
4.0
5.0
19.0
3.0
6.0
127.0
1.0
1.0
1.0
3.0
4.0
35.0
51.0
2.0
3574.0
305.0
521.0
11.0
109.0
72.0
2.0
1.0
8.0
1490.0
23.0
12.0
2.0
9.0
2.0
1.0
5.0
45.0
90.0
32.0
1.0
3.0
67.0
1.0
3.0
701.0
1.0
1.0
337.0
6.0
1.0
95.0
1.0
2.0
32.0
14.0
2.0
6.0
3.0
1.0
128.0
2.0
351.0
2.0
95.0
1.0
2.0
3.0
14.0
14.0
10.0
1.0
3.0
304.0
167.0
1.0
24.0
78.0
1.0
9.0
8.0
1.0
1.0
279.0
1.0
46.0
1.0
46.0
1231.0
1.0
3.0
83.0
70.0
9.0
1.0
46.0
5.0
1.0
5.0
1.0
1.0
1.0
695.0
1.0
1.0
9.0
177.0
1.0
3.0
24.0
5.0
1.0
19.0
124.0
4.0
1.0
3.0
1.0
1.0
8.0
111.0
2.0
7.0
44.0
3.0
6.0
19.0
1.0
6.0
86.0
6.0
1.0
8.0
526.0
240.0
1.0
13.0
3342.0
16479.0
83.0
10.0
11.0
2.0
1.0
21.0
5.0
19.0
3.0
9.0
14.0
506.0
250.0
1.0
26.0
10.0
2.0
1.0
1.0
28.0
3.0
1532.0
1325.0
22.0
1.0
70.0
1.0
4.0
960.0
34.0
8.0
16.0
29064.0
1.0
2.0
10.0
3.0
1.0
4.0
380.0
1.0
1.0
2.0
18.0
9.0
12.0
8.0
9.0
1.0
9.0
10.0
2.0
1.0
2.0
77.0
1.0
5.0
1.0
1.0
2.0
743.0
3571.0
5.0
7.0
1.0
80.0
8.0
112.0
4.0
2.0
24.0
36.0
1.0
2.0
1.0
2.0
17.0
87.0
6.0
11.0
16.0
80.0
97.0
3.0
1.0
1491.0
1.0
2.0
107.0
3.0
3.0
8.0
3.0
1.0
17.0
24.0
1.0
822.0
1.0
4.0
157.0
2.0
89.0
16.0
66.0
3.0
6.0
15.0
715.0
49.0
3.0
17.0
2.0
2.0
440.0
19.0
126.0
2.0
384.0
292.0
4.0
6.0
1.0
33.0
281.0
38.0
17.0
1958.0
5.0
4.0
1.0
9.0
1.0
1.0
961.0
2.0
51.0
3.0
1.0
1.0
685.0
5.0
1.0
1.0
3.0
65.0
1.0
3.0
55.0
1.0
1.0
3.0
16.0
3.0
24.0
1.0
7.0
3.0
9.0
2.0
1.0
3.0
8.0
1.0
6.0
3.0
981.0
943.0
1.0
3.0
1.0
254.0
59.0
15.0
2.0
12.0
3.0
15.0
1.0
18.0
1.0
1281.0
2.0
3.0
10.0
3.0
10.0
41.0
1.0
1.0
9.0
3.0
14.0
267.0
207.0
1.0
1130.0
2.0
7.0
10.0
1.0
84.0
307.0
28.0
91.0
23.0
1.0
3.0
3.0
251.0
1.0
1.0
7.0
3.0
1.0
1.0
166.0
1.0
1.0
2.0
36.0
2.0
2.0
2.0
10.0
78.0
1.0
1.0
75.0
1.0
4.0
2.0
110.0
1.0
2.0
80.0
1.0
4.0
1140.0
3.0
609.0
3.0
33.0
3.0
574.0
804.0
62.0
1.0
781.0
5.0
961.0
1.0
22.0
12.0
1.0
4790.0
556.0
17.0
5.0
22.0
10.0
3.0
65.0
67.0
3.0
2.0
2.0
22.0
3.0
1.0
4.0
4.0
1.0
1.0
31.0
1.0
69.0
1.0
10.0
9.0
1.0
6.0
9.0
3.0
1.0
1.0
50.0
1.0
1.0
8.0
3.0
1.0
1.0
2.0
1.0
19.0
60.0
305.0
1.0
4.0
8.0
2.0
8.0
948.0
5.0
1567.0
1.0
4.0
397.0
3.0
1.0
3.0
2.0
2.0
13.0
5.0
1539.0
18.0
1843.0
76.0
646.0
3.0
1.0
114.0
3.0
15.0
11.0
9.0
205.0
1.0
1.0
15689.0
1.0
3.0
2.0
1.0
32.0
283.0
3.0
1.0
14.0
2.0
14.0
36.0
107.0
1.0
1.0
1.0
1229.0
8.0
45.0
7955.0
1.0
2095.0
3.0
1.0
43.0
6.0
6.0
18.0
38.0
1.0
3.0
3.0
4.0
13.0
51.0
2.0
80.0
52.0
490.0
6.0
3.0
1023.0
20.0
8.0
1772.0
3.0
1.0
7.0
1.0
3.0
1.0
4.0
3.0
3.0
7.0
1.0
27.0
40.0
2.0
288.0
1.0
3.0
158.0
23.0
3.0
10.0
332.0
9.0
3.0
1.0
2.0
2.0
67.0
292.0
4.0
2.0
445.0
1.0
16.0
711.0
14.0
3.0
4.0
567.0
1.0
2.0
10.0
286.0
200.0
1.0
87.0
5.0
2.0
2.0
9.0
1.0
17.0
3.0
2.0
835.0
3.0
2.0
1147.0
4.0
672.0
13.0
3.0
1.0
548.0
3.0
1.0
3.0
99.0
10.0
1.0
2.0
5.0
3.0
2.0
62.0
1.0
4.0
2.0
27.0
214.0
3.0
1.0
61.0
3.0
236.0
3.0
2.0
1.0
21120.0
1.0
1.0
1607.0
3.0
27.0
45.0
1.0
143.0
1.0
4.0
3.0
2.0
38.0
84.0
3.0
1.0
2.0
684.0
3.0
27.0
18.0
234.0
2.0
9.0
1.0
1.0
3.0
3.0
25.0
1.0
1.0
3599.0
81.0
164.0
3.0
219.0
1.0
1.0
1.0
3.0
157.0
1.0
14.0
2.0
50.0
23.0
51.0
27.0
3.0
1.0
1.0
3.0
18.0
2.0
3.0
8.0
1.0
1.0
15.0
172.0
2.0
102.0
1.0
1.0
5.0
1.0
8.0
1.0
2.0
2.0
1.0
152.0
61.0
1.0
1.0
1.0
685.0
2.0
12.0
1.0
1.0
23.0
102.0
1.0
1.0
10.0
3.0
351.0
1.0
3.0
1.0
3.0
2.0
1.0
4.0
6.0
2.0
1.0
3.0
2.0
3.0
3.0
1.0
1.0
5.0
2.0
1.0
2.0
322.0
2698.0
3.0
1.0
1908.0
890.0
61.0
1.0
134.0
12.0
1.0
16.0
825.0
2.0
75.0
11.0
8.0
2.0
1.0
3.0
1.0
32.0
1.0
2.0
99208.0
1.0
1.0
1.0
1.0
2.0
1.0
3.0
1.0
2.0
2358.0
326.0
1079.0
1.0
1.0
1.0
6.0
1.0
2.0
175.0
6.0
10.0
1287.0
1.0
3.0
3.0
432.0
351.0
1.0
480.0
3.0
2.0
105.0
1.0
14.0
2.0
5.0
5.0
320.0
1.0
1.0
2.0
1092.0
17.0
3.0
1.0
1869.0
5.0
96.0
38.0
3.0
371.0
7.0
63.0
10.0
86.0
59.0
2.0
92.0
2.0
1.0
36.0
1.0
49.0
1.0
2.0
1.0
2.0
4.0
925.0
4.0
1.0
4.0
1.0
72.0
1.0
182.0
3.0
5.0
948.0
6.0
3321.0
1.0
2473.0
369.0
3.0
1.0
1.0
3253.0
107.0
1.0
1.0
4.0
3.0
1.0
3.0
1.0
574.0
4.0
5.0
673.0
5.0
3.0
110.0
3.0
414.0
2.0
69.0
13.0
4.0
68.0
17.0
3.0
1.0
3.0
1.0
1.0
2.0
1.0
1.0
67.0
1.0
3.0
3.0
36.0
1.0
2.0
4.0
64.0
21.0
372.0
5.0
3.0
1.0
3.0
2.0
12.0
1.0
2.0
30.0
1.0
22.0
1458.0
3.0
4.0
351.0
4.0
1.0
1.0
1.0
1.0
1.0
4.0
33.0
2.0
1.0
1.0
2.0
34.0
1.0
16.0
17.0
3.0
2.0
82.0
23.0
1.0
1.0
33.0
1.0
64.0
2.0
32.0
69.0
2.0
1565.0
3.0
1.0
1.0
23.0
9.0
72.0
550.0
313.0
4.0
2.0
2.0
5.0
31.0
351.0
3.0
972.0
1.0
23.0
2.0
429.0
4.0
1.0
43.0
1.0
4.0
105.0
24.0
256.0
1.0
2.0
1.0
1.0
3.0
1.0
2.0
1.0
63.0
5.0
1.0
18.0
8.0
1.0
104.0
7.0
977.0
2.0
9.0
4.0
1.0
2.0
113.0
2273.0
6408.0
3.0
1.0
1.0
10.0
1.0
7892.0
73.0
1.0
3.0
16.0
144.0
61.0
8.0
1.0
3.0
1229.0
17.0
1.0
1.0
1.0
8.0
10.0
1.0
2.0
7.0
1012.0
5.0
535.0
11.0
2.0
8.0
4.0
7.0
571.0
2.0
59399.0
4.0
7.0
1.0
2.0
288.0
3.0
6.0
57.0
697.0
3.0
1147.0
12.0
1.0
807.0
48.0
1.0
2.0
1.0
1.0
12.0
1.0
1.0
24.0
1.0
3.0
1.0
2.0
9.0
3.0
754.0
1112.0
3.0
8.0
140.0
1.0
2.0
1.0
15.0
12.0
1047.0
622.0
440.0
2.0
1319.0
15.0
22.0
200.0
7.0
123.0
1.0
172.0
1.0
3.0
3.0
1.0
5.0
3.0
3.0
3.0
1.0
1255.0
102.0
1.0
6.0
1.0
10.0
14.0
8.0
1.0
1.0
43.0
1.0
33.0
444.0
9.0
3.0
3.0
24.0
2.0
1590.0
1.0
1.0
2.0
3.0
3.0
117.0
2.0
861.0
1.0
38.0
1.0
3.0
32.0
105.0
3.0
7.0
87.0
1.0
3211.0
14.0
11.0
1.0
2.0
3.0
1.0
3.0
2.0
1.0
3.0
1.0
77.0
1.0
1.0
3.0
29.0
3.0
1.0
1.0
36.0
503.0
364.0
709.0
19.0
215.0
36.0
50.0
1.0
10.0
10.0
8.0
29.0
535.0
3.0
297.0
1.0
1.0
16.0
3.0
1.0
9.0
5.0
5.0
324.0
1.0
4.0
9.0
1.0
3.0
3.0
1.0
9.0
14.0
1.0
62.0
29.0
2.0
1.0
2.0
3.0
6.0
31.0
1.0
3.0
871.0
390.0
1.0
2.0
1.0
28.0
1.0
1.0
282.0
1.0
123.0
1.0
19.0
3.0
3.0
2.0
1.0
65.0
1.0
880.0
8.0
3.0
1.0
1.0
3.0
2.0
1.0
2.0
1.0
6.0
11.0
2.0
1.0
201.0
1813.0
2.0
9.0
24.0
5.0
4.0
9.0
3.0
23.0
50.0
1.0
3.0
7.0
106.0
1.0
22.0
3.0
39064.0
79.0
5078.0
1964.0
12.0
3.0
3.0
24.0
15.0
129.0
284.0
104.0
1401.0
87.0
69.0
1498.0
6.0
20.0
4.0
31.0
457.0
3.0
3.0
143.0
935.0
51.0
1.0
2.0
3.0
2.0
3.0
34.0
2.0
1.0
596.0
4.0
3.0
3.0
2.0
1.0
3586.0
1183.0
1.0
35.0
2.0
14385.0
43.0
4.0
1.0
3.0
2.0
1.0
1.0
3.0
1738.0
3.0
1.0
4.0
3.0
49.0
1.0
3.0
1.0
1.0
1.0
10.0
18.0
1.0
2.0
64.0
13.0
1.0
3.0
54.0
84.0
15.0
1.0
1.0
9.0
200.0
2.0
1018.0
33.0
1.0
1.0
23.0
3.0
21.0
1.0
1.0
43.0
3.0
2.0
2.0
27.0
1215.0
3.0
13.0
1.0
2.0
2.0
275.0
1.0
1.0
1.0
121.0
445.0
34.0
1.0
1.0
1.0
577.0
1.0
1.0
16.0
152.0
4.0
14189.0
9.0
3.0
9.0
24.0
4.0
74.0
3.0
2.0
5.0
3.0
6.0
157.0
3.0
1.0
87.0
5.0
72862.0
3.0
31.0
115.0
2.0
2599.0
5.0
13.0
543.0
1.0
2.0
25.0
1.0
27.0
1.0
31.0
203.0
4.0
4.0
3.0
3.0
5.0
74.0
3.0
1626.0
1.0
3.0
1.0
2.0
6.0
3.0
2.0
17.0
1023.0
3.0
5.0
1.0
3.0
1.0
2205.0
718.0
1.0
3.0
596.0
2.0
2.0
66.0
31.0
2.0
3.0
1.0
138.0
6.0
19.0
152.0
60.0
24.0
3.0
242.0
4.0
1.0
3.0
434.0
714.0
3.0
28.0
1318.0
1.0
2.0
1.0
1.0
1.0
513.0
3.0
3.0
3.0
14952.0
4.0
3.0
3.0
8.0
1.0
1.0
9.0
1.0
2.0
7.0
430.0
11.0
2.0
4641.0
15.0
1.0
288.0
4.0
1.0
1.0
1.0
50.0
1.0
1.0
1.0
370.0
4.0
4.0
8.0
8.0
418.0
1.0
2.0
901.0
726.0
2.0
8.0
1.0
3.0
25.0
1.0
3.0
12.0
2.0
21.0
3.0
3.0
4.0
4.0
7.0
1.0
1608.0
1.0
2.0
2312.0
495.0
3.0
53.0
33.0
429.0
1.0
1.0
30.0
3.0
4.0
1.0
75.0
1.0
1.0
3.0
2.0
1.0
13.0
5.0
17.0
3.0
24.0
5.0
875.0
1246.0
21.0
504.0
34.0
1.0
8.0
3.0
2.0
4.0
3.0
7.0
3.0
2.0
5.0
8.0
14.0
14.0
3.0
1.0
3.0
2448.0
49.0
3.0
55.0
31.0
3.0
2.0
38.0
85.0
1.0
1.0
135.0
3.0
20.0
65.0
462.0
3.0
87.0
33.0
1.0
1019.0
66.0
2745.0
9.0
3.0
395.0
9.0
17.0
87.0
551.0
1.0
604.0
1.0
1.0
2136.0
10.0
49.0
60.0
1.0
18.0
1631.0
3.0
51.0
58.0
2816.0
3.0
23.0
29.0
56.0
4.0
1.0
3.0
50.0
4.0
1.0
2.0
2907.0
1.0
36.0
3.0
2.0
2.0
1.0
1.0
516.0
76.0
4.0
8.0
3.0
9.0
4.0
2.0
1022.0
2.0
8.0
3.0
82.0
2.0
6.0
1.0
10001.0
417.0
257.0
9.0
7.0
1.0
3.0
1.0
8.0
24.0
14.0
4.0
3.0
3.0
2.0
38.0
4.0
4.0
4.0
15.0
47.0
2.0
3.0
4.0
25.0
434.0
10.0
40.0
27.0
3.0
1.0
4.0
1.0
2.0
3.0
2.0
5.0
59.0
3.0
105.0
1.0
2.0
3.0
16.0
1.0
2.0
2.0
4.0
3.0
12.0
3.0
1.0
119.0
8.0
23.0
3.0
2.0
3.0
12.0
731.0
1642.0
2.0
9.0
2.0
1.0
3.0
509.0
539.0
1.0
4.0
8688.0
1.0
3.0
3.0
349.0
37.0
2.0
2.0
111.0
41.0
1.0
1.0
1.0
23.0
1.0
13.0
18.0
4.0
1.0
2.0
1.0
1.0
167.0
17.0
3.0
3.0
2.0
3.0
3.0
1.0
6433.0
3.0
3.0
7.0
6.0
178.0
8.0
1.0
4.0
1.0
230.0
1.0
1.0
3.0
3.0
5.0
5.0
1.0
282.0
9.0
653.0
1.0
2.0
2.0
3.0
65.0
1.0
1.0
6.0
1.0
44.0
2842.0
4.0
1.0
5.0
1.0
1.0
829.0
8.0
2.0
3.0
1.0
1.0
2.0
1.0
1462.0
5.0
2.0
4.0
3.0
388.0
8.0
3.0
50.0
1.0
3716.0
35.0
456.0
66.0
865.0
2558.0
55.0
2.0
2.0
1.0
2.0
182.0
8.0
5.0
3.0
2.0
2.0
479.0
1.0
3.0
1.0
1.0
1.0
2.0
3.0
3.0
6.0
1.0
59.0
1.0
1.0
835.0
3.0
15.0
113.0
1.0
1.0
213.0
19.0
2.0
2.0
1.0
8.0
3.0
750.0
101.0
4.0
1.0
1.0
1.0
1.0
1.0
1.0
3.0
290.0
3596.0
3.0
1.0
5.0
3.0
14.0
3.0
2.0
1.0
2.0
2.0
20.0
10.0
76.0
1.0
5.0
14.0
1435.0
1.0
1.0
20.0
3.0
4.0
1.0
2.0
8.0
4.0
1766.0
27.0
23.0
9.0
2.0
19.0
105.0
4.0
13.0
1003.0
3.0
4.0
93.0
18.0
8.0
133.0
8.0
1390.0
8.0
1.0
2.0
3.0
1.0
76.0
2.0
3.0
17.0
2.0
26.0
58.0
2.0
665.0
64.0
193.0
6.0
1.0
2.0
7.0
4.0
1.0
2.0
1.0
52.0
1.0
2.0
4.0
1.0
1.0
13.0
17.0
1.0
869.0
6.0
10.0
3.0
1.0
1.0
6.0
1.0
1482.0
10.0
1.0
4.0
288.0
12.0
4.0
1.0
70.0
387.0
3.0
7.0
75.0
1.0
3.0
16.0
1.0
14.0
4.0
1.0
14.0
3.0
1.0
9.0
1.0
296.0
946.0
4.0
12.0
29.0
3118.0
3.0
4.0
3.0
1.0
6.0
1.0
16.0
165.0
3.0
1.0
469.0
4.0
3.0
4.0
2.0
2.0
3.0
2.0
3.0
1.0
1655.0
227.0
28.0
1.0
108.0
1.0
72.0
1.0
282.0
3.0
2.0
803.0
239.0
9.0
3.0
1.0
3.0
2.0
1542.0
1659.0
1.0
3.0
3.0
596.0
3.0
27.0
4.0
1095.0
3.0
12.0
14.0
2.0
15.0
2.0
622.0
452.0
1.0
16465.0
2.0
2.0
1.0
18.0
4.0
2.0
2.0
9.0
102.0
1.0
3.0
7.0
513.0
1.0
2.0
1.0
2.0
50.0
37.0
2.0
2.0
1.0
1.0
2.0
14189.0
296.0
1.0
737.0
292.0
779.0
3.0
20.0
723.0
19.0
4.0
31.0
142.0
1.0
133.0
492.0
5.0
3.0
132.0
1.0
1.0
9.0
59.0
3.0
1636.0
1.0
6.0
1.0
2.0
3.0
74.0
2705.0
38.0
6.0
23.0
2.0
14.0
1.0
1.0
4.0
3.0
1.0
1.0
2.0
23.0
2.0
2.0
963.0
38.0
1.0
9.0
1.0
3.0
3.0
8.0
50.0
3.0
1.0
47.0
1.0
1.0
1.0
2.0
2.0
1.0
1.0
1.0
2.0
1.0
3.0
76.0
1.0
1800.0
1.0
1.0
194.0
7.0
4.0
81.0
1.0
1.0
4.0
49.0
5.0
1.0
3.0
442.0
1.0
38.0
21.0
442.0
1.0
2095.0
4.0
7.0
2.0
3.0
1.0
3.0
1.0
365.0
2.0
1.0
9.0
2.0
1155.0
3.0
1.0
55.0
3.0
22.0
3.0
2.0
1.0
2.0
3.0
3.0
1.0
19.0
3.0
3.0
23.0
45.0
3.0
4.0
1.0
11.0
390.0
976.0
1.0
13.0
1.0
40.0
2.0
3.0
5.0
4.0
4.0
1.0
1.0
17.0
2473.0
2.0
2.0
13.0
1.0
9.0
3.0
76.0
85.0
10.0
4.0
1.0
4.0
3.0
63.0
5.0
137.0
1.0
673.0
1.0
1.0
20.0
3.0
2.0
3.0
2.0
9.0
51.0
1.0
1.0
3.0
5.0
1.0
113.0
55.0
12.0
39.0
1.0
45.0
32.0
19.0
3.0
3.0
10.0
214.0
37.0
1.0
19.0
3.0
17.0
35.0
99.0
72.0
1.0
2791.0
876.0
1.0
4.0
1742.0
2.0
3.0
1.0
1049.0
1.0
6.0
2.0
10.0
9.0
292.0
4.0
1301.0
77.0
1.0
14.0
3.0
7.0
625.0
64.0
5.0
1.0
95.0
596.0
33.0
2.0
293.0
64.0
5.0
1.0
4.0
1.0
15.0
1.0
1.0
6.0
1.0
3.0
16.0
11.0
19.0
8.0
11.0
3.0
25.0
11.0
9.0
3.0
2.0
1.0
11.0
6.0
243.0
92.0
1.0
8.0
5.0
6.0
571.0
1.0
2.0
3.0
4.0
10.0
11.0
69.0
212.0
4140.0
1.0
8.0
3.0
4.0
36.0
1.0
3.0
2.0
2.0
2749.0
3578.0
353.0
5.0
1.0
1.0
1.0
3.0
240.0
3.0
286.0
65.0
5.0
1.0
2.0
1058.0
19.0
6.0
30.0
3.0
1.0
14.0
3.0
22.0
1.0
1.0
1.0
1.0
23.0
5.0
3.0
1.0
350.0
3.0
5500.0
16.0
3.0
1.0
4.0
1064.0
2.0
1401.0
8.0
2.0
3082.0
2.0
99.0
156.0
313.0
1.0
3.0
3.0
57.0
3.0
5.0
17.0
1.0
118.0
1.0
3.0
16.0
21.0
16.0
2.0
3.0
4.0
1.0
2.0
1.0
1.0
3.0
2.0
8.0
2.0
4.0
1.0
23.0
9.0
2.0
469.0
3.0
2.0
2.0
10.0
6.0
2.0
2534.0
428.0
3.0
304.0
1.0
55.0
883.0
1.0
2.0
1.0
1440.0
6.0
545.0
5.0
271.0
553.0
2.0
455.0
1.0
27.0
58.0
1.0
60.0
1.0
3.0
6.0
2011.0
369.0
3.0
1.0
288.0
3.0
105.0
33.0
3.0
2.0
29.0
2030.0
6.0
120.0
3.0
33.0
2.0
3.0
7.0
2.0
3.0
24.0
9.0
5.0
7.0
30.0
1.0
318.0
3.0
80.0
3.0
1.0
1.0
2.0
683.0
134.0
366.0
2.0
1.0
8.0
3.0
7.0
2.0
3.0
74.0
1075.0
132.0
6.0
1.0
10.0
5.0
3.0
9.0
10.0
11.0
2.0
24.0
1.0
6.0
1.0
65.0
1.0
11.0
1.0
52.0
3.0
1.0
1734.0
374.0
1.0
1.0
69.0
1.0
3.0
253.0
1.0
2.0
3.0
19.0
8.0
1.0
9.0
1.0
3.0
7.0
3.0
3.0
52.0
99.0
3.0
692.0
3.0
3.0
1.0
4.0
1.0
4.0
51.0
42.0
5.0
1.0
5.0
13.0
38.0
2187.0
1.0
1.0
396.0
23.0
721.0
8.0
3.0
379.0
2.0
1.0
3.0
2.0
3.0
1.0
3.0
3.0
134.0
12.0
696.0
1.0
1.0
5.0
4.0
3.0
3.0
348.0
14.0
671.0
13.0
3.0
108.0
4.0
3.0
2.0
1.0
1.0
87.0
1.0
1.0
3.0
1.0
33.0
173.0
3.0
1.0
3.0
1.0
3.0
44.0
1.0
412.0
2.0
7.0
11.0
3.0
43.0
2.0
26.0
4.0
34.0
4.0
3.0
1.0
3.0
1.0
95.0
9.0
1.0
111.0
3.0
102.0
3.0
12.0
9.0
3.0
1.0
1725.0
3.0
2.0
5780.0
5.0
1.0
1.0
351.0
1161.0
1.0
1.0
14.0
1.0
8.0
1.0
106.0
32.0
3.0
1.0
5.0
3.0
47.0
2.0
3.0
2.0
3.0
1.0
30.0
1.0
3.0
5667.0
6.0
1.0
30.0
1.0
50.0
2.0
3.0
1.0
1588.0
1.0
1.0
2.0
3.0
924.0
3.0
1.0
7.0
714.0
134.0
3.0
1.0
1.0
6.0
486.0
2.0
1.0
1.0
3.0
1.0
16.0
2.0
31.0
3.0
17.0
138.0
3874.0
9.0
10.0
338.0
9.0
3.0
1.0
1.0
1.0
2.0
2.0
3.0
157.0
7.0
3.0
3.0
281.0
1755.0
3.0
4445.0
1.0
1.0
26.0
600.0
1.0
4155.0
5.0
12.0
320.0
80.0
1.0
1.0
7.0
1.0
23.0
47.0
1.0
3.0
10.0
207.0
2.0
1.0
3.0
1.0
19.0
10.0
6.0
3.0
3330.0
4.0
16.0
3.0
18.0
2.0
1.0
1.0
10.0
76.0
27.0
437.0
2.0
2.0
279.0
3.0
3.0
1.0
3.0
3.0
2.0
1078.0
4.0
5.0
952.0
1.0
3.0
2.0
1.0
1.0
12.0
5.0
1.0
2.0
1.0
1.0
2.0
328.0
1078.0
1311.0
7.0
232.0
5.0
1.0
1.0
1.0
1319.0
1.0
9.0
46.0
1463.0
20.0
4.0
74.0
3.0
3.0
7.0
2.0
990.0
1.0
2.0
11.0
1.0
129.0
6364.0
1.0
124.0
1.0
508.0
7.0
383.0
43.0
1.0
11.0
167.0
7.0
32.0
3.0
5.0
9.0
9.0
4.0
1.0
3.0
878.0
1.0
4.0
12.0
125.0
82.0
4.0
64.0
1.0
5.0
255.0
456.0
1.0
1.0
26.0
171.0
74.0
8.0
3.0
63.0
481.0
1.0
3.0
747.0
6.0
8.0
1.0
6.0
21.0
1.0
1.0
2383.0
1.0
4675.0
1235.0
4.0
12.0
2.0
33.0
20.0
1.0
3.0
1.0
24.0
695.0
264.0
2.0
3.0
1481.0
1.0
1.0
46.0
496.0
3.0
1.0
4.0
2.0
405.0
3.0
846.0
376.0
2.0
2.0
287.0
1.0
14.0
22.0
15.0
292.0
10.0
1.0
4.0
500.0
4.0
1.0
1.0
9.0
1.0
3.0
1.0
11.0
22.0
16.0
7.0
19.0
1.0
1.0
1.0
257.0
1.0
6.0
1.0
3.0
3.0
62.0
3.0
1.0
1074.0
1.0
12.0
1.0
1.0
5.0
39.0
4.0
3.0
3.0
34.0
71.0
3.0
1055.0
4.0
883.0
2.0
21.0
2.0
46.0
3.0
1.0
8.0
492.0
922.0
149.0
3.0
3.0
1.0
1.0
1.0
313.0
7.0
959.0
7.0
7.0
24.0
43.0
1.0
3.0
3.0
1103.0
2.0
3.0
80.0
4.0
381.0
81.0
58.0
58.0
8.0
3.0
5.0
288.0
1.0
23.0
1.0
382.0
188.0
1.0
7.0
3.0
2.0
49.0
1.0
1.0
2.0
12.0
90.0
1.0
1.0
3.0
292.0
152.0
63.0
539.0
1.0
1.0
3.0
2.0
3.0
1.0
9.0
82.0
11.0
72.0
1.0
1.0
3.0
1.0
170.0
617.0
6.0
20.0
9.0
1.0
2.0
3.0
3.0
478.0
248.0
5.0
4445.0
615.0
17.0
1630.0
1.0
1.0
3.0
1.0
3.0
155.0
1.0
8.0
2.0
1.0
3.0
454.0
6.0
1.0
188.0
1.0
10211.0
853.0
3.0
4.0
3.0
4.0
1.0
275.0
3.0
1.0
1.0
5.0
2.0
1.0
242.0
10.0
4.0
6.0
3.0
1.0
15.0
14.0
3.0
1.0
4.0
1018.0
3.0
66.0
7.0
3.0
2.0
1.0
2.0
2.0
492.0
253.0
1.0
3.0
1.0
1.0
1.0
10.0
102.0
549.0
2.0
1.0
369.0
1.0
185.0
4.0
1.0
2.0
371.0
34.0
2.0
1.0
14.0
2.0
20.0
3.0
2.0
1.0
17.0
3.0
1.0
1.0
5.0
2.0
1.0
3.0
30.0
7.0
14.0
9.0
3.0
2.0
786.0
1.0
265.0
2.0
17.0
3.0
2.0
55.0
3.0
8.0
4150.0
77.0
4.0
2.0
10.0
9.0
69.0
27.0
351.0
1.0
76.0
4.0
1.0
6.0
1488.0
1.0
1.0
20.0
2.0
24.0
1988.0
1241.0
3.0
3.0
12.0
20.0
137.0
3.0
3.0
1.0
3.0
1424.0
14.0
36.0
1501.0
3.0
3.0
692.0
41.0
291.0
2.0
3.0
2.0
1.0
129.0
13.0
1.0
2.0
14.0
69.0
1.0
1.0
2.0
4.0
45.0
42.0
2.0
1.0
1.0
1.0
1.0
1.0
156.0
738.0
1.0
1.0
1.0
1.0
9.0
3.0
1.0
2.0
4.0
1.0
166.0
74.0
464.0
1.0
1.0
233.0
67.0
1.0
1.0
69.0
64.0
1.0
2.0
10.0
2.0
288.0
1.0
1574.0
3.0
2.0
1148.0
88.0
102.0
1.0
2.0
75.0
3903.0
370.0
10.0
3.0
1.0
3.0
3.0
4.0
110.0
292.0
3.0
2.0
807.0
3.0
3.0
9.0
2.0
2.0
3.0
932.0
47.0
808.0
1.0
3.0
3.0
3.0
1.0
5.0
3.0
5.0
1.0
3.0
24.0
16.0
2.0
3.0
8.0
1.0
52.0
886.0
56.0
1.0
1.0
3.0
218.0
205.0
1.0
24.0
712.0
1.0
2.0
1.0
48.0
2.0
1362.0
1.0
274.0
2.0
728.0
17.0
3.0
31.0
1.0
3.0
1.0
69.0
2.0
6.0
4.0
1.0
1.0
2.0
4.0
3.0
1.0
8.0
3.0
1.0
1.0
2.0
3.0
1.0
19.0
3.0
23.0
94.0
1.0
65.0
3.0
75.0
586.0
1.0
10.0
2.0
97.0
17.0
9.0
3.0
3.0
1.0
91.0
1.0
640.0
2.0
28.0
1.0
1.0
3.0
1.0
1.0
6.0
1.0
1.0
1.0
78.0
1.0
3.0
12.0
1.0
1.0
3.0
23.0
1.0
2.0
1.0
1.0
3.0
80.0
3.0
12.0
120.0
50.0
171.0
281.0
1.0
9.0
3.0
9.0
8.0
101.0
1.0
1707.0
2.0
1.0
20.0
179.0
4.0
3.0
21.0
1.0
305.0
7.0
85.0
19.0
2.0
8.0
2.0
33.0
46.0
1.0
1.0
104.0
2.0
181.0
1.0
2.0
1.0
1.0
2086.0
1724.0
1.0
1353.0
3.0
7.0
57.0
1.0
1.0
1.0
1.0
1.0
3.0
4.0
6.0
1.0
5.0
132.0
2.0
2.0
299.0
3.0
8.0
237.0
288.0
6.0
3.0
3.0
11.0
3.0
47.0
27.0
67.0
2.0
3.0
21.0
3.0
3.0
162.0
26.0
2.0
11.0
1.0
1.0
1189.0
605.0
839.0
1.0
10084.0
3.0
445.0
131.0
3.0
67.0
6.0
7.0
7.0
2.0
65.0
1.0
74.0
1.0
16.0
293.0
311.0
3.0
1517.0
1.0
7.0
2.0
1.0
21.0
1.0
20.0
3.0
19.0
323.0
318.0
1.0
5.0
2620.0
1.0
1899.0
32.0
797.0
313.0
3.0
1.0
3.0
48.0
402.0
230.0
2.0
1.0
1019.0
863.0
2.0
5.0
14.0
10.0
1.0
6.0
3817.0
3.0
4045.0
3.0
106.0
3.0
13.0
4.0
1.0
2.0
2.0
3.0
596.0
28.0
117.0
1.0
2.0
1.0
1994.0
1.0
1735.0
1.0
125.0
1.0
19.0
2.0
16.0
1.0
1744.0
242.0
3.0
1.0
87.0
9.0
239.0
129.0
1.0
50.0
7.0
17.0
1.0
24.0
1.0
7.0
31.0
1553.0
5.0
977.0
3.0
4.0
2.0
390.0
40.0
2.0
27.0
17.0
1.0
1.0
1.0
3.0
3.0
3.0
39.0
710.0
1022.0
34.0
1548.0
1.0
1623.0
120.0
3.0
2.0
447.0
1.0
1.0
3.0
16.0
172.0
97.0
3.0
2.0
1.0
7.0
3.0
20.0
4.0
1.0
11.0
1627.0
458.0
9.0
1.0
4.0
2.0
3343.0
155.0
31.0
21.0
613.0
2.0
1.0
1.0
26.0
18.0
2.0
1.0
18.0
5.0
6.0
3.0
43.0
11.0
2.0
330.0
2.0
339.0
2.0
15.0
1.0
4.0
5.0
324.0
1.0
3.0
1.0
1.0
3.0
4.0
3.0
1.0
1.0
3.0
1.0
2.0
28.0
1.0
2.0
3.0
6.0
2.0
24.0
45.0
3.0
5.0
395.0
971.0
3.0
4.0
991.0
1.0
1.0
9.0
3.0
1.0
71.0
1.0
7.0
2.0
1086.0
1.0
3.0
1.0
1.0
3.0
23.0
2.0
7575.0
3.0
1.0
1647.0
42.0
1.0
82.0
3.0
998.0
1.0
235.0
282.0
3.0
1.0
31.0
3.0
4.0
3.0
1.0
2261.0
2.0
40.0
2.0
5.0
9.0
3.0
1.0
1075.0
1.0
1.0
1.0
1272.0
2.0
1.0
17.0
1.0
13.0
3.0
20.0
2.0
2.0
3.0
45.0
2.0
1.0
2.0
110.0
1.0
234.0
9.0
141.0
1.0
3.0
1.0
1.0
4.0
1.0
1.0
47.0
12.0
1.0
2.0
10.0
511.0
216.0
289.0
8.0
1.0
1.0
9.0
25.0
3.0
3.0
166.0
1626.0
9.0
22.0
264.0
2.0
115.0
2243.0
4.0
5.0
65.0
26.0
6.0
10.0
3.0
11.0
1.0
3.0
1.0
14.0
2.0
94.0
17.0
5.0
6.0
57.0
8.0
1.0
3.0
52.0
292.0
21.0
3.0
1688.0
5.0
1.0
55.0
58.0
6.0
2.0
3.0
1.0
35.0
1.0
202.0
25.0
24.0
1.0
128.0
6.0
87.0
5.0
4.0
5.0
1.0
1.0
2.0
8185.0
44.0
1.0
7.0
1.0
61.0
4.0
3.0
10.0
3.0
26.0
2464.0
2.0
1.0
1.0
1.0
13.0
1.0
1.0
3.0
1.0
29.0
1.0
220.0
110.0
1.0
107.0
3.0
74.0
3.0
1.0
19.0
1.0
29.0
3.0
1.0
129.0
721.0
535.0
8.0
101.0
3.0
1.0
1.0
3.0
3.0
6.0
219.0
91.0
1.0
20.0
769.0
375.0
1.0
4.0
135.0
297.0
590.0
1012.0
12.0
771.0
98.0
2.0
1.0
1.0
1.0
2.0
1.0
36.0
1.0
13.0
15.0
555.0
3.0
3.0
6.0
7.0
3.0
1654.0
1113.0
24.0
1.0
4.0
40.0
5.0
1.0
2872.0
16.0
3.0
2.0
483.0
3.0
3.0
3.0
3.0
2.0
1.0
1.0
3.0
1998.0
811.0
4.0
65.0
3.0
3.0
5.0
16.0
14.0
113.0
1.0
2.0
66.0
1.0
1.0
85.0
1.0
1.0
1296.0
8.0
5.0
2.0
1606.0
15.0
351.0
4.0
1.0
225.0
3.0
112.0
6.0
1.0
1.0
1.0
2.0
2.0
2.0
2.0
1.0
3249.0
87.0
3.0
1.0
6.0
26.0
1.0
2.0
2.0
2.0
1.0
14.0
25.0
3.0
5.0
12.0
37.0
113.0
2.0
3.0
557.0
3.0
835.0
2.0
2.0
12.0
2.0
2.0
1044.0
3.0
8.0
3.0
50.0
2.0
359.0
1126.0
75.0
12.0
2.0
3.0
20.0
3.0
3.0
4.0
1.0
1.0
292.0
25.0
1.0
8.0
3.0
44.0
1.0
90.0
3.0
30.0
4.0
13.0
102.0
3.0
24.0
2.0
212.0
2.0
6.0
1.0
2.0
1.0
2.0
1.0
9.0
323.0
2.0
273.0
3.0
1.0
3.0
3.0
1.0
98.0
565.0
69.0
1.0
9.0
1.0
465.0
10.0
40.0
58.0
32.0
65.0
2.0
943.0
33.0
1.0
6285.0
1.0
3.0
3.0
3.0
10.0
2.0
1.0
1.0
353.0
1.0
2.0
1.0
1.0
3.0
1.0
3.0
501.0
1.0
1.0
534.0
5.0
37.0
80.0
179.0
3.0
24.0
492.0
1.0
806.0
3990.0
3.0
351.0
1.0
3.0
1.0
675.0
137.0
3.0
4.0
2.0
76.0
3.0
1.0
165.0
3.0
3.0
4.0
1.0
28.0
3.0
92.0
12.0
3.0
1.0
27.0
1.0
21.0
1.0
3443.0
41.0
1.0
1.0
24.0
2.0
278.0
65.0
17.0
2.0
398.0
65.0
3017.0
3.0
3.0
2.0
1.0
1.0
24.0
1.0
24.0
1.0
3.0
295.0
2.0
8.0
1.0
85.0
7.0
25.0
192.0
1.0
3.0
3.0
58.0
3.0
3.0
2532.0
1.0
1.0
378.0
3.0
1.0
3.0
3.0
33.0
16.0
420.0
151.0
1.0
14.0
4.0
14.0
1.0
84.0
1.0
4.0
13.0
1.0
1.0
15.0
1.0
7.0
451.0
23.0
1.0
1233.0
12.0
15.0
74.0
2.0
3.0
1.0
953.0
17.0
331.0
1.0
335.0
2.0
4.0
1.0
1.0
2.0
2.0
1.0
1699.0
1.0
8.0
1.0
1.0
2.0
1219.0
1.0
102.0
1.0
5.0
8.0
3.0
2.0
1.0
1.0
1.0
1027.0
43.0
6.0
1344.0
6.0
88.0
147.0
8.0
1277.0
1117.0
3.0
2.0
1064.0
3.0
888.0
15.0
1.0
2.0
3.0
3.0
1.0
3.0
3351.0
1.0
2.0
1.0
22.0
1.0
3.0
1.0
146.0
1.0
3.0
3.0
6.0
46.0
5.0
1.0
260.0
1.0
3.0
4.0
3.0
8.0
2.0
5.0
8.0
9.0
3.0
2879.0
3.0
17275.0
74.0
757.0
15.0
1.0
13.0
5.0
3.0
3.0
1.0
7.0
18.0
2.0
1.0
104.0
3682.0
4.0
1.0
83.0
104.0
1.0
13.0
18.0
1.0
282.0
60.0
2.0
1.0
5788.0
3.0
1.0
49.0
3.0
59.0
29.0
1.0
2.0
92.0
351.0
235.0
167.0
3.0
7.0
20.0
263.0
12.0
2.0
11.0
1.0
539.0
6.0
3.0
2.0
1.0
338.0
1.0
4.0
8.0
1.0
8.0
1.0
1.0
236.0
1.0
3.0
124.0
629.0
215.0
1.0
1.0
1.0
1.0
1.0
3.0
1.0
1.0
24.0
10.0
47.0
24.0
5.0
177.0
1.0
1.0
1.0
1.0
104.0
10.0
68.0
1.0
1.0
5045.0
1.0
1.0
77.0
74.0
2.0
1.0
3.0
3.0
12.0
6.0
9368.0
19.0
2.0
131.0
1.0
1.0
3.0
3.0
103.0
42.0
429.0
1636.0
16.0
2.0
62.0
52.0
292.0
2.0
13.0
5175.0
1.0
22.0
3.0
2126.0
826.0
31.0
6.0
346.0
3.0
61.0
1.0
1.0
1.0
1.0
51.0
2.0
2.0
33.0
3294.0
27.0
2.0
70.0
1337.0
984.0
3.0
117.0
308.0
1.0
18.0
3.0
10.0
3.0
1.0
1.0
2.0
10.0
25.0
18.0
19.0
279.0
3.0
3.0
1.0
19.0
1.0
1.0
8.0
3.0
25.0
39.0
102.0
2.0
1.0
3.0
5.0
255.0
5.0
30.0
1.0
2.0
45.0
147.0
47.0
1.0
1798.0
5.0
9.0
1.0
1.0
1.0
482.0
124.0
8.0
2.0
6.0
15.0
28.0
8.0
1.0
788.0
9.0
2.0
19.0
187.0
1.0
1351.0
2.0
12.0
5.0
300.0
1.0
46.0
3.0
2.0
7.0
2.0
2.0
11493.0
1.0
2.0
2.0
497.0
4558.0
370.0
1.0
3.0
15.0
1.0
743.0
292.0
9.0
2.0
7.0
1.0
1.0
2.0
2.0
3.0
2.0
3.0
34.0
4.0
8.0
1.0
19.0
3.0
3.0
453.0
1.0
1.0
5.0
1.0
2.0
3.0
3.0
2.0
1.0
1.0
3.0
4.0
2.0
10.0
1.0
2.0
129.0
1.0
3.0
211.0
873.0
1.0
3.0
5.0
83.0
5.0
12.0
1.0
3.0
68.0
23.0
2.0
26.0
25.0
2.0
2.0
5.0
1.0
16.0
2.0
1.0
2.0
24.0
3.0
3.0
32.0
2.0
1.0
3.0
1.0
3.0
1.0
513.0
1.0
3.0
1.0
626.0
3.0
3.0
6.0
7.0
375.0
3.0
56.0
422.0
1.0
2.0
943.0
3.0
34.0
20.0
1.0
1.0
1427.0
3.0
1.0
812.0
6.0
1.0
102.0
687.0
8.0
24.0
1.0
3.0
22.0
2.0
1.0
2.0
1.0
4.0
3.0
5.0
30.0
78.0
82.0
687.0
47.0
1.0
3.0
3000.0
997.0
1.0
2.0
1232.0
19.0
25.0
2.0
1.0
1.0
8.0
1189.0
5.0
14385.0
1.0
3.0
3.0
453.0
50.0
1120.0
45.0
2.0
3.0
8.0
29.0
59.0
3.0
3.0
446.0
2.0
1.0
29.0
3.0
15.0
2.0
27.0
112.0
29.0
1579.0
10.0
382.0
116.0
4.0
2.0
3.0
24.0
3.0
198.0
84.0
4.0
1.0
1419.0
1.0
7.0
3.0
1.0
317.0
3.0
1.0
4.0
3.0
6.0
536.0
1.0
330.0
4.0
1.0
240.0
1841.0
100.0
5.0
20.0
3.0
272.0
3.0
9365.0
3.0
171.0
67.0
210.0
2.0
1.0
298.0
1.0
2.0
125.0
3.0
3.0
1.0
1.0
159.0
288.0
1.0
1.0
3.0
3.0
996.0
1.0
11.0
549.0
3.0
156.0
1.0
1.0
13742.0
1.0
133.0
1.0
1451.0
315.0
32.0
1.0
1.0
1.0
1.0
1.0
14.0
2.0
52.0
214.0
182.0
3.0
37.0
1.0
1.0
3.0
78.0
3.0
16.0
32.0
31.0
3.0
7.0
3.0
10.0
22.0
2.0
6.0
18.0
3.0
3.0
1.0
17.0
1.0
11.0
4.0
9.0
1.0
2.0
1.0
696.0
1.0
14385.0
74.0
2079.0
3.0
2.0
82.0
1.0
11.0
1.0
232.0
743.0
1.0
3.0
8.0
835.0
1.0
94.0
21.0
1.0
4.0
1.0
38.0
3.0
128.0
19.0
83.0
1.0
1.0
4.0
1.0
1.0
2.0
1.0
233.0
53.0
1.0
3.0
3.0
1.0
1.0
596.0
1.0
8.0
44.0
21.0
10.0
1.0
3.0
4.0
83.0
1.0
4.0
2.0
6.0
1.0
30.0
89.0
14.0
177.0
3082.0
85.0
363.0
2.0
4.0
3.0
3.0
4.0
2.0
29.0
3.0
1.0
8.0
2.0
15.0
3.0
4.0
3.0
3.0
44.0
1.0
2.0
3.0
1.0
3.0
2.0
2.0
669.0
61.0
1249.0
46.0
2.0
2.0
3.0
1.0
1490.0
14.0
8.0
5.0
3.0
72.0
16.0
3.0
2.0
1.0
2337.0
4.0
629.0
1.0
13.0
3.0
3.0
1.0
2.0
4.0
13.0
40.0
2.0
1.0
12.0
6.0
1.0
159.0
20.0
624.0
1.0
1.0
2.0
1.0
1.0
1.0
3.0
7.0
326.0
1.0
6.0
19.0
3.0
2.0
3.0
1075.0
9.0
22.0
2.0
1.0
10.0
4.0
1776.0
1.0
406.0
421.0
2768.0
13.0
1.0
1.0
1.0
8.0
4.0
46.0
596.0
24.0
1.0
3.0
1.0
11.0
1.0
1.0
1.0
15.0
1.0
368.0
1.0
6.0
17.0
6.0
1.0
1.0
32.0
2.0
48.0
3.0
3.0
32.0
2.0
8.0
1.0
38.0
7.0
11.0
2.0
1.0
2.0
4.0
897.0
1.0
65.0
2.0
1.0
1.0
5.0
2.0
24.0
2568.0
367.0
1.0
1.0
2.0
4.0
2.0
3.0
501.0
104.0
3.0
16.0
102.0
1.0
250.0
3.0
9.0
2.0
3.0
3.0
7.0
22.0
31.0
34.0
6.0
5.0
3.0
1214.0
36.0
563.0
421.0
4.0
1.0
2.0
2.0
11.0
2.0
1.0
1.0
1.0
2.0
112.0
24.0
7124.0
17.0
1.0
10.0
1.0
3.0
1.0
100.0
2.0
526.0
779.0
4.0
507.0
1.0
1.0
2.0
3.0
49.0
1.0
1.0
3.0
1.0
3.0
1.0
1.0
13.0
3.0
1.0
23.0
1.0
5.0
2.0
225.0
14.0
3.0
1.0
1.0
1.0
1.0
1.0
133.0
1.0
14.0
3.0
2.0
3.0
621.0
30.0
1.0
3.0
867.0
1.0
3.0
4590.0
11.0
1.0
73.0
2.0
12.0
1.0
9.0
1.0
373.0
2.0
1.0
1350.0
1689.0
3.0
1.0
189.0
4.0
2.0
1.0
1514.0
2.0
2.0
116.0
24.0
1.0
1.0
10.0
25.0
1.0
1.0
30.0
3.0
1.0
3.0
938.0
7.0
1.0
3.0
3.0
4.0
1.0
3.0
3.0
3.0
60.0
22.0
3.0
313.0
34.0
3.0
1.0
313.0
5.0
4.0
3.0
2.0
3.0
2.0
3.0
3.0
2.0
1.0
2762.0
1.0
9.0
1.0
366.0
3.0
1.0
1.0
10.0
3.0
264.0
1.0
3.0
3.0
4.0
25.0
7.0
3.0
3.0
58.0
4.0
112.0
1.0
468.0
1.0
73.0
90.0
1.0
1.0
372.0
1.0
3.0
2.0
24.0
1.0
5.0
2.0
3.0
2.0
1.0
2.0
1.0
4457.0
2.0
3.0
1.0
4.0
2.0
9.0
5.0
4.0
2.0
92.0
58.0
1.0
1.0
90.0
480.0
1.0
9.0
32.0
1.0
3.0
25.0
1.0
1.0
1.0
797.0
334.0
1.0
1.0
1.0
65.0
1.0
1.0
1.0
6.0
1.0
4.0
3.0
1.0
1.0
3.0
1.0
1018.0
1.0
2.0
2.0
1.0
1.0
19.0
1.0
6.0
1.0
10.0
8.0
1.0
5.0
3.0
194.0
1.0
207.0
204.0
16.0
1.0
65.0
1735.0
13.0
4.0
2.0
1.0
8.0
3.0
605.0
1.0
2.0
179.0
2.0
1.0
1.0
1.0
576.0
15.0
2.0
2.0
5.0
3.0
359.0
6.0
3.0
14.0
2909.0
3.0
18.0
1.0
1175.0
1999.0
1.0
7.0
3.0
1.0
1.0
1.0
286.0
2.0
1.0
1.0
3.0
898.0
3.0
1.0
2.0
3.0
1.0
1.0
1.0
1.0
22.0
4.0
90.0
3.0
1.0
87.0
1.0
1.0
742.0
62.0
4.0
2.0
3.0
1.0
7653.0
4.0
7.0
20.0
3.0
1.0
14.0
3.0
2.0
3.0
7.0
7.0
25.0
1.0
6.0
4.0
9.0
4.0
1.0
351.0
1.0
3.0
14.0
28.0
1.0
2.0
4.0
3.0
1.0
1.0
3.0
1737.0
29.0
2.0
5.0
3.0
23.0
4.0
84.0
1.0
1.0
1.0
1.0
3.0
3.0
4.0
1.0
1.0
4.0
2.0
2.0
11.0
2.0
1.0
3.0
1.0
1.0
3.0
1.0
1.0
10.0
516.0
1.0
1.0
3.0
85.0
5.0
666.0
1.0
3.0
36.0
768.0
2.0
4.0
32.0
10.0
4.0
3.0
171.0
1.0
24.0
35.0
5.0
7.0
3.0
2.0
2.0
49.0
3.0
1.0
1.0
329.0
91.0
5.0
1.0
17.0
955.0
9.0
77.0
3.0
3.0
1.0
47.0
2.0
105.0
3.0
11.0
91.0
513.0
3.0
8.0
1.0
596.0
3.0
19.0
242.0
4.0
65.0
119.0
30.0
18.0
242.0
2156.0
3.0
3.0
1.0
57.0
106.0
3.0
6.0
9.0
1.0
1047.0
15.0
1.0
3.0
3.0
1.0
60.0
1.0
591.0
55.0
2.0
2.0
1.0
3.0
6072.0
1.0
21.0
3.0
9.0
8955.0
2.0
1.0
4.0
24.0
5.0
1.0
1.0
1.0
3.0
271.0
3.0
80.0
2.0
1.0
25.0
2.0
3.0
34.0
1.0
1.0
11.0
1.0
7.0
344.0
3.0
13.0
1.0
6.0
25.0
6.0
56.0
31.0
1.0
2.0
12.0
3.0
3.0
3.0
1.0
2.0
12.0
33.0
282.0
3.0
91.0
3.0
8.0
3.0
4.0
10.0
1.0
3.0
4.0
368.0
3.0
17.0
19.0
91.0
3.0
1.0
1.0
7.0
1.0
6.0
4.0
272.0
1.0
14.0
1.0
3.0
21.0
1.0
1.0
2.0
3.0
1415.0
2.0
109.0
8.0
292.0
2.0
5340.0
446.0
1.0
853.0
1.0
10.0
552.0
1.0
22.0
2.0
1.0
2.0
2.0
12.0
3.0
1.0
1.0
1.0
361.0
26.0
762.0
17.0
12.0
1.0
3.0
5.0
7.0
3.0
1.0
4.0
1.0
37.0
8.0
1.0
927.0
3.0
203.0
1.0
3.0
26.0
1.0
2.0
1.0
1.0
1.0
1.0
4.0
6.0
1.0
3.0
13.0
12.0
6.0
1.0
6.0
1.0
104.0
59.0
19.0
5.0
1.0
8.0
5.0
1.0
1.0
190.0
453.0
173.0
1.0
1.0
9.0
1.0
65.0
292.0
33.0
1.0
1.0
1.0
3.0
1.0
9.0
1.0
1.0
1863.0
3.0
1.0
1434.0
1.0
6.0
9.0
7.0
3.0
18.0
3.0
31.0
1.0
24.0
30.0
3.0
1.0
3.0
2.0
1.0
3.0
9.0
4.0
6.0
7.0
2.0
3.0
1.0
34.0
65.0
3.0
8.0
2.0
17.0
1814.0
2.0
1.0
14.0
16.0
3.0
359.0
889.0
3.0
8.0
3.0
1.0
1.0
4.0
1.0
30.0
129.0
8.0
19.0
2.0
11.0
22.0
1139.0
4.0
441.0
1.0
36.0
1.0
1.0
3.0
2.0
8.0
4.0
1.0
615.0
2.0
4.0
35.0
5.0
6.0
1.0
705.0
1.0
3.0
3.0
9.0
3.0
2.0
11.0
1.0
338.0
17.0
3.0
2927.0
6.0
38.0
1606.0
3.0
1.0
17.0
1.0
60.0
1.0
2.0
1.0
3.0
961.0
55.0
1018.0
3.0
66.0
2.0
4.0
2.0
9.0
2.0
4.0
3.0
2.0
861.0
1.0
1.0
4.0
29.0
5.0
763.0
108.0
1.0
4.0
2.0
2.0
3.0
1.0
3.0
1.0
961.0
1.0
38.0
2390.0
3.0
1.0
3.0
1.0
1.0
2.0
3.0
731.0
1.0
24.0
1.0
1.0
2.0
3.0
1.0
113.0
14385.0
416.0
5.0
200.0
1.0
2869.0
3.0
1.0
1.0
25.0
2.0
5.0
13.0
5.0
2.0
6.0
19.0
164.0
1.0
81.0
3.0
1078.0
30.0
342.0
2.0
2.0
1.0
658.0
7.0
132.0
66.0
1.0
3.0
1.0
19.0
421.0
1.0
1.0
3.0
2.0
3.0
3.0
168.0
9.0
6.0
10.0
288.0
3.0
1.0
65.0
3.0
4.0
1.0
4.0
2.0
100.0
1.0
1.0
1.0
117.0
210.0
32.0
70.0
5.0
1.0
1.0
1.0
9.0
3.0
1.0
3.0
9.0
3.0
3.0
1.0
1.0
8.0
1182.0
2.0
287.0
8.0
369.0
1.0
10.0
7.0
1.0
17.0
3.0
2093.0
1.0
1.0
3.0
1.0
1.0
1.0
1.0
3.0
1830.0
27.0
1.0
1.0
2.0
2.0
23.0
4.0
1.0
3249.0
9.0
1.0
4.0
3.0
322.0
3.0
6.0
440.0
1.0
1.0
3.0
7.0
2.0
120.0
3.0
3.0
646.0
46.0
2.0
2.0
2.0
3.0
1.0
282.0
1.0
69.0
1.0
1.0
1.0
17.0
344.0
2.0
2.0
15.0
36.0
1.0
1.0
2.0
4.0
409.0
1.0
3.0
85.0
5.0
518.0
24.0
17.0
3.0
1.0
4.0
3.0
1.0
1.0
1172.0
5.0
12.0
3.0
50.0
1.0
9.0
1.0
3.0
1.0
7.0
17.0
3.0
25.0
1.0
1667.0
3.0
15.0
1.0
1.0
58.0
21.0
19.0
3.0
1.0
3.0
707.0
3.0
4.0
338.0
2.0
55.0
1.0
4.0
75.0
839.0
1.0
1.0
6.0
2.0
3.0
1.0
1.0
5.0
3.0
1.0
3.0
6.0
37.0
1.0
3.0
73.0
1.0
1.0
3.0
24.0
3.0
4.0
1.0
430.0
1.0
41.0
19.0
35.0
2.0
1.0
2.0
3.0
8.0
1.0
7.0
2.0
806.0
11.0
1.0
4.0
1.0
3.0
3.0
3.0
119.0
232.0
720.0
342.0
4.0
4.0
39.0
2.0
8.0
2.0
413.0
3.0
80.0
3.0
3.0
1.0
637.0
1.0
20.0
30.0
3.0
6.0
16.0
1.0
1.0
4.0
9.0
14.0
3.0
5.0
1.0
2.0
24.0
3.0
31.0
3.0
42.0
12.0
1.0
1130.0
1.0
3.0
1.0
24.0
50.0
70.0
1.0
1855.0
805.0
3.0
1.0
4.0
1.0
1.0
26.0
1.0
1.0
8.0
3.0
9.0
390.0
3.0
3.0
73.0
264.0
67.0
1.0
1.0
1.0
1.0
2.0
3.0
2.0
2.0
5.0
1.0
9.0
122.0
1.0
7.0
92.0
6.0
1.0
20.0
1.0
24.0
1.0
1113.0
128.0
282.0
1.0
2.0
1.0
5.0
10.0
3.0
125.0
3.0
279.0
11991.0
19.0
7.0
2.0
3.0
108.0
1.0
2.0
754.0
4.0
46.0
1.0
932.0
3.0
2.0
1.0
8.0
1.0
108.0
1.0
65.0
3.0
2.0
4.0
116.0
1899.0
1.0
1.0
9.0
1803.0
1.0
2.0
2.0
2118.0
1.0
1794.0
29.0
18.0
3.0
378.0
6.0
7.0
3.0
5.0
36.0
3.0
764.0
370.0
75.0
3.0
3.0
1.0
87.0
1.0
1.0
3.0
3.0
46.0
2.0
1.0
4.0
3.0
3.0
1.0
1.0
3.0
50.0
1.0
1.0
114.0
36.0
111.0
328.0
1.0
44.0
1.0
6.0
1.0
4.0
3.0
67.0
3.0
125.0
3.0
24.0
1.0
1.0
1.0
36.0
8.0
304.0
4.0
1.0
1.0
4.0
2.0
1.0
3.0
42.0
3.0
585.0
1.0
1.0
75.0
1.0
374.0
2785.0
44.0
2.0
1.0
24.0
25.0
14.0
2.0
3.0
3.0
32.0
11279.0
552.0
1.0
5.0
845.0
80.0
61.0
6.0
1.0
3.0
1.0
54.0
1830.0
12.0
1.0
1.0
3.0
29.0
282.0
9.0
1.0
345.0
4.0
24.0
4.0
66.0
21.0
1.0
596.0
2.0
3.0
1.0
1.0
948.0
599.0
5.0
1.0
3.0
2.0
5.0
2.0
3.0
991.0
1170.0
1.0
1.0
17.0
1.0
1.0
3.0
75.0
2.0
20.0
9.0
12.0
5.0
6.0
2.0
4.0
2.0
44.0
2.0
2.0
13.0
4.0
1.0
27.0
24.0
125.0
1.0
2.0
4.0
22.0
1.0
2.0
9.0
12.0
31.0
3.0
1.0
3.0
47.0
1.0
3.0
1.0
386.0
1.0
1.0
14.0
1.0
7.0
2.0
41.0
1.0
2.0
4.0
83.0
118.0
412.0
2.0
2.0
319.0
1.0
159.0
19.0
3.0
1.0
260.0
1.0
6.0
1626.0
288.0
1629.0
1921.0
1.0
3.0
11.0
1.0
150.0
257.0
23.0
446.0
2.0
24.0
3.0
350.0
1.0
13.0
94.0
2.0
1.0
4.0
1.0
38.0
2.0
7.0
1.0
102.0
3.0
1873.0
1.0
1.0
27.0
1.0
6.0
3.0
3.0
2.0
1.0
3.0
15.0
1.0
69.0
1.0
70.0
25.0
37.0
465.0
1.0
17.0
1.0
173.0
296.0
313.0
334.0
1.0
2273.0
938.0
4.0
2.0
5.0
4.0
19.0
1.0
2.0
3.0
1.0
1.0
3.0
1018.0
615.0
69.0
626.0
3.0
326.0
1.0
3.0
1.0
130.0
1.0
2.0
1.0
52.0
1.0
4.0
7.0
1.0
1.0
3.0
611.0
3.0
4.0
1.0
6.0
1305.0
1.0
3.0
60.0
2.0
5.0
18.0
1402.0
65.0
24.0
9.0
3.0
4.0
25.0
2.0
1.0
72.0
370.0
1.0
21956.0
9.0
3.0
1.0
23.0
1.0
3.0
2.0
1.0
1.0
1.0
10.0
13.0
1.0
65.0
72.0
2.0
4.0
19.0
1.0
9.0
3.0
1.0
6.0
10101.0
9.0
14.0
23.0
108.0
1.0
2476.0
1.0
3.0
9.0
11.0
65.0
124.0
16.0
1.0
8.0
19.0
3.0
1.0
1.0
1.0
29.0
3.0
24.0
8.0
30.0
26.0
866.0
6.0
1.0
351.0
1.0
1.0
3.0
227.0
659.0
19.0
6.0
8.0
1.0
1.0
3.0
3.0
3.0
2.0
4.0
2.0
3.0
1.0
292.0
19.0
727.0
164.0
819.0
1.0
2.0
1.0
5.0
30.0
1.0
14.0
181.0
1251.0
3.0
354.0
3.0
33.0
157.0
9.0
3.0
3.0
1.0
17.0
8.0
1.0
14.0
1.0
47.0
4.0
257.0
4.0
299.0
2.0
3.0
1.0
145.0
3.0
229.0
1.0
1.0
113.0
137.0
34.0
4.0
1.0
1.0
1.0
4.0
1.0
1.0
240.0
1.0
9.0
737.0
1.0
1235.0
160.0
3.0
8.0
1057.0
80.0
1.0
3.0
3.0
5.0
1.0
404.0
85.0
14.0
4.0
102.0
1.0
34.0
2.0
3.0
2.0
2.0
3.0
1.0
1.0
95.0
8.0
1.0
1.0
13.0
1.0
1402.0
12.0
236.0
170.0
19.0
71.0
1.0
1.0
1.0
8.0
60.0
129.0
3.0
40.0
351.0
11.0
11.0
1.0
32.0
51.0
2.0
2.0
1.0
19.0
8.0
6.0
1.0
351.0
1.0
1.0
10.0
1.0
6.0
5.0
6.0
11.0
3.0
636.0
1.0
1.0
1317.0
1.0
1.0
22.0
68.0
8.0
1.0
318.0
40.0
3.0
17.0
3.0
3.0
583.0
3.0
4.0
4.0
3.0
14.0
1.0
5.0
1.0
2896.0
8.0
1.0
1.0
3.0
3.0
1.0
1.0
2.0
3.0
3.0
2.0
2.0
1.0
5.0
27.0
9.0
3.0
14.0
50.0
3.0
2.0
1.0
3.0
1.0
1.0
313.0
1.0
5.0
2.0
1.0
17.0
257.0
16.0
10.0
8.0
7.0
7678.0
2.0
35.0
1536.0
3.0
1.0
3.0
3.0
66.0
3.0
11.0
208.0
446.0
1506.0
3.0
3.0
7736.0
1.0
1.0
7.0
1.0
3.0
1.0
7.0
3.0
3.0
1916.0
372.0
40.0
2.0
1.0
5.0
1.0
3.0
3.0
1.0
2.0
37.0
5.0
3.0
9.0
193.0
961.0
3.0
3.0
1.0
1.0
23.0
2.0
1.0
3.0
1.0
12.0
2.0
1.0
1.0
19.0
2040.0
619.0
1.0
2.0
3.0
18.0
129.0
1.0
1.0
2.0
42.0
7.0
3.0
90.0
3.0
5.0
3.0
1.0
1.0
13.0
1117.0
193.0
4.0
1.0
3.0
2.0
1.0
3.0
38.0
1.0
3.0
5.0
2.0
6.0
34.0
1.0
2.0
1.0
3.0
7.0
863.0
5.0
2.0
41.0
1.0
1.0
3.0
3.0
31.0
4.0
1.0
9.0
13.0
1.0
3535.0
3.0
19.0
3.0
9.0
3.0
24.0
33.0
13.0
3.0
2.0
2.0
14.0
1.0
3.0
5.0
1.0
551.0
112.0
1.0
1.0
1.0
1.0
45.0
6.0
1.0
392.0
388.0
418.0
1.0
255.0
709.0
15.0
61.0
1.0
101.0
5.0
1.0
1.0
2.0
1.0
5.0
3.0
374.0
1.0
4.0
40.0
1.0
4.0
3.0
7.0
2.0
24.0
19.0
1.0
48410.0
1478.0
2.0
2.0
116.0
5.0
2092.0
66.0
57.0
3.0
1.0
375.0
40.0
2.0
4.0
318.0
7.0
2.0
1.0
4.0
942.0
19.0
3.0
3.0
3.0
10.0
1.0
7.0
2.0
27.0
124.0
3.0
1.0
6.0
129.0
2.0
5.0
1422.0
3.0
3.0
9.0
3.0
14.0
5.0
17.0
1.0
2.0
1.0
3596.0
3.0
401.0
3.0
44.0
3.0
1.0
1.0
3.0
16.0
1.0
3.0
65.0
101.0
201.0
1.0
23.0
51.0
260.0
1.0
3.0
52.0
23.0
1.0
1.0
9.0
4.0
1.0
2.0
117.0
182.0
1.0
3.0
2.0
5.0
1.0
48.0
18.0
1.0
1.0
1.0
611.0
4.0
1.0
1.0
3356.0
3.0
93.0
31.0
1.0
1.0
3.0
571.0
54.0
801.0
272.0
3.0
3.0
1.0
3.0
9.0
4.0
21.0
24.0
1.0
1.0
2.0
3.0
1.0
2.0
2.0
2.0
1.0
6.0
2.0
192.0
2.0
3.0
12205.0
2.0
5.0
59.0
1.0
2.0
1.0
3.0
17.0
1.0
11.0
232.0
4.0
3.0
38.0
1.0
33.0
214.0
489.0
2.0
3.0
1.0
13.0
5.0
27.0
16.0
6.0
1.0
3.0
204.0
13.0
14.0
3.0
1.0
105.0
1.0
1.0
3.0
4453.0
3.0
3.0
1.0
6.0
1553.0
2.0
6.0
1.0
1.0
932.0
1.0
11.0
1.0
10.0
10.0
6.0
31.0
1.0
3.0
2.0
2.0
8.0
2.0
48.0
1213.0
19.0
90.0
2.0
110.0
1.0
7.0
1.0
449.0
1.0
3.0
1049.0
1.0
3.0
2.0
2.0
5.0
2.0
3.0
366.0
9.0
3.0
1130.0
2.0
3.0
20.0
901.0
26.0
587.0
18.0
1.0
38.0
596.0
9.0
3.0
1.0
3.0
2.0
1.0
2.0
66.0
9.0
3.0
6.0
56.0
697.0
3.0
714.0
3.0
1.0
25.0
110.0
1.0
2.0
1.0
3.0
605.0
3.0
2.0
6.0
4.0
1.0
2.0
3.0
1.0
37.0
1.0
12.0
2.0
1.0
3.0
1.0
6.0
3.0
6.0
3.0
2032.0
1.0
4403.0
1.0
7.0
1.0
1.0
1.0
3.0
1.0
3.0
3.0
12.0
1.0
3.0
1.0
1.0
5.0
3.0
3650.0
176.0
23.0
12.0
2.0
8.0
1.0
4.0
1.0
20.0
1.0
2.0
338.0
972.0
1.0
5.0
9.0
127.0
26.0
1.0
797.0
1.0
8.0
15.0
1.0
3.0
131.0
316.0
3.0
1.0
61.0
3.0
4.0
1.0
4.0
1479.0
186.0
89.0
1.0
13.0
44.0
1.0
2.0
687.0
3.0
3.0
9.0
1.0
7.0
1.0
1.0
1.0
3.0
5.0
1.0
3.0
3.0
51.0
1.0
1.0
8.0
1.0
32.0
132.0
3.0
1.0
1.0
3.0
139.0
15.0
1.0
4.0
1.0
4.0
13.0
332.0
288.0
137.0
102.0
4.0
101.0
179.0
2.0
2.0
33.0
3.0
10.0
7.0
1.0
1.0
1.0
1.0
1.0
1.0
795.0
265.0
6.0
451.0
5.0
82.0
6.0
12.0
3.0
9.0
1.0
27.0
6.0
1.0
46.0
3.0
4.0
2.0
2.0
1321.0
1.0
5.0
82.0
4.0
1.0
1.0
1.0
5.0
2.0
24.0
2.0
3074.0
5.0
2.0
1123.0
688.0
44.0
21.0
13.0
1.0
305.0
1.0
3.0
4.0
1.0
3.0
1.0
1.0
1.0
2.0
1.0
5229.0
2.0
287.0
3.0
15.0
5.0
16.0
451.0
7.0
4.0
4.0
13.0
5.0
2.0
3.0
36.0
2.0
3.0
16.0
1.0
50.0
9.0
17.0
2.0
1.0
2.0
2.0
43.0
2.0
381.0
3.0
3.0
3.0
1.0
3.0
1.0
1.0
4.0
3.0
261.0
1.0
1.0
3.0
7.0
15.0
1.0
3.0
2.0
6.0
3.0
3.0
1.0
3.0
164.0
4.0
520.0
2.0
2.0
9.0
2.0
3.0
9.0
11.0
15.0
1.0
12.0
5.0
109.0
131.0
946.0
3.0
2.0
1.0
1.0
714.0
6.0
1.0
3.0
1.0
1501.0
560.0
3.0
24.0
3.0
3.0
1.0
1.0
2.0
2.0
1.0
1.0
1.0
33.0
804.0
3.0
1.0
2.0
1.0
1.0
4.0
1.0
14.0
2.0
8.0
557.0
1355.0
204.0
1.0
1.0
4.0
1.0
116.0
1.0
3.0
389.0
371.0
1.0
17165.0
4.0
4.0
1.0
2.0
596.0
3.0
7.0
1.0
3.0
889.0
87.0
1.0
5.0
8.0
1.0
3.0
1.0
2.0
31.0
122.0
3.0
1.0
9.0
2.0
3.0
10.0
14.0
2.0
2.0
69.0
2.0
1081.0
6.0
1.0
16.0
4.0
3.0
1.0
31.0
1.0
103.0
2.0
9081.0
19.0
3.0
2.0
2.0
3.0
62.0
1.0
381.0
2.0
626.0
3.0
9.0
1.0
7.0
9.0
1.0
3.0
1.0
24.0
1.0
4.0
1.0
1.0
2.0
2.0
1.0
516.0
1.0
4.0
2.0
16.0
93.0
19.0
11.0
65.0
1117.0
1.0
1101.0
1.0
1.0
126.0
1.0
6.0
4753.0
3.0
3.0
401.0
3.0
12.0
3442.0
2.0
1.0
99.0
1.0
65.0
575.0
17.0
1.0
4706.0
5.0
5.0
589.0
2.0
6.0
2.0
512.0
3.0
1.0
3.0
14.0
4.0
4.0
3.0
49.0
8.0
1.0
3.0
1275.0
3.0
54.0
3.0
93945.0
842.0
12.0
46.0
12.0
5.0
4.0
10.0
36.0
17.0
38.0
83.0
15.0
1.0
9.0
2.0
2.0
6.0
3.0
2.0
8.0
3.0
27.0
1.0
33.0
4.0
38.0
75.0
2.0
2.0
2411.0
1.0
6.0
16.0
1.0
1.0
760.0
769.0
1.0
1.0
3.0
3.0
3.0
2.0
1.0
1.0
1.0
3.0
2.0
4.0
123.0
2.0
3.0
6.0
3.0
5.0
1.0
86.0
7.0
1.0
21.0
2.0
263.0
10.0
1.0
8.0
7.0
1.0
1.0
4.0
3.0
116.0
12.0
2.0
1.0
3.0
2.0
1.0
3.0
10.0
3.0
2.0
391.0
1.0
6.0
2.0
79.0
1.0
3.0
4.0
1.0
2.0
453.0
348.0
46.0
7.0
1.0
305.0
3.0
8.0
277.0
1.0
5.0
1.0
75.0
5.0
1.0
22.0
3.0
1066.0
16.0
21.0
3.0
1.0
11409.0
288.0
1.0
1798.0
16.0
10.0
1.0
281.0
1.0
56.0
1.0
6.0
1.0
1593.0
24.0
1.0
4.0
1189.0
2.0
2028.0
2.0
1.0
3.0
24.0
398.0
771.0
3.0
3.0
7.0
78.0
17.0
453.0
23.0
1.0
3.0
1.0
668.0
3.0
14385.0
31.0
2.0
2.0
11.0
1.0
15.0
19.0
10.0
1601.0
1338.0
657.0
1.0
2.0
2.0
384.0
3544.0
8.0
4.0
3.0
5719.0
2.0
7.0
1205.0
288.0
20.0
1.0
8.0
506.0
1.0
3.0
10.0
9179.0
1.0
5607.0
58.0
6.0
17.0
159.0
1.0
2.0
7.0
4.0
3.0
28.0
2.0
1.0
4.0
1.0
2.0
1.0
1.0
5.0
3.0
2.0
688.0
2.0
2.0
1.0
3.0
10.0
1088.0
2.0
1.0
581.0
1.0
25.0
1.0
3.0
12.0
282.0
713.0
5.0
1.0
8.0
79.0
598.0
1142.0
1.0
2347.0
16.0
2.0
1.0
2.0
58.0
3.0
1.0
33.0
3.0
2.0
546.0
3.0
1.0
2.0
1.0
2.0
11.0
1.0
3.0
6.0
4.0
1032.0
1.0
2.0
940.0
11.0
1.0
1.0
1.0
7.0
1.0
2.0
9.0
1.0
4.0
1.0
2.0
322.0
1.0
3.0
3.0
1.0
1.0
3.0
4.0
3.0
5.0
1099.0
96.0
1.0
282.0
10.0
9.0
5.0
5.0
1.0
2.0
3.0
2.0
1.0
3.0
65.0
17.0
24.0
81.0
573.0
3.0
685.0
2.0
4.0
1002.0
582.0
17.0
4.0
3.0
1.0
2.0
5.0
2.0
5.0
2.0
1.0
7.0
2.0
3.0
22.0
94.0
2.0
2.0
2.0
1.0
2.0
9.0
1.0
1.0
2.0
3.0
9.0
10.0
6.0
2.0
1.0
1.0
1.0
70.0
929.0
3.0
1373.0
1.0
78.0
1.0
9.0
3.0
4.0
12.0
318.0
3.0
719.0
71.0
1.0
1.0
1.0
1.0
2.0
9.0
2.0
5.0
87.0
3.0
1.0
1.0
521.0
25.0
1.0
3.0
1.0
6.0
8.0
8.0
7.0
106.0
6.0
3266.0
546.0
6.0
19.0
1569.0
1.0
5.0
6.0
22.0
2.0
148.0
3.0
62.0
351.0
33.0
101.0
88.0
76.0
198.0
2.0
8.0
197.0
246.0
159.0
1.0
2.0
3.0
1.0
5.0
2.0
1.0
2182.0
75.0
2.0
27.0
12.0
1.0
77.0
25.0
1.0
2.0
1.0
1.0
3.0
49.0
3.0
3.0
2.0
3.0
8.0
2.0
2.0
285.0
9.0
21.0
4.0
3.0
271.0
1.0
5.0
2.0
1401.0
3.0
240.0
1.0
4.0
4.0
3.0
3.0
8.0
37.0
36.0
2941.0
109.0
2.0
6.0
41.0
1.0
1.0
2.0
30.0
123.0
1817.0
3.0
4.0
2.0
9.0
1.0
171.0
3.0
972.0
3.0
3.0
21352.0
1.0
453.0
1.0
1.0
2713.0
242.0
445.0
2.0
1.0
1.0
32.0
3046.0
121.0
3.0
3.0
2.0
1278.0
3.0
370.0
313.0
1.0
2.0
1.0
38.0
75.0
2.0
1.0
3.0
3.0
4.0
9.0
99.0
3.0
1.0
1.0
366.0
2465.0
74.0
68.0
2.0
24.0
3.0
284.0
233.0
33.0
3.0
3.0
7.0
460.0
1.0
1.0
351.0
19.0
1.0
2.0
15.0
1.0
1.0
2.0
948.0
2.0
18.0
1.0
17.0
3574.0
2.0
2.0
1.0
8.0
5.0
1.0
18.0
1.0
3.0
9.0
8.0
6.0
6.0
17.0
1.0
791.0
3.0
5.0
1225.0
6.0
287.0
6.0
1.0
1.0
5.0
4.0
15.0
7.0
3.0
3.0
1.0
28.0
1384.0
6.0
5.0
1.0
1419.0
31.0
29.0
1.0
30.0
9.0
106.0
6.0
1.0
1.0
1284.0
1.0
1.0
2.0
215.0
2.0
6.0
32.0
826.0
3.0
7.0
2.0
3.0
59.0
1.0
24.0
1.0
432.0
1.0
1.0
84.0
1.0
63.0
73.0
3.0
2.0
1.0
1.0
1.0
19.0
30.0
1.0
2.0
1.0
3.0
18.0
1.0
4.0
1.0
12.0
8.0
133.0
6.0
142.0
5.0
6.0
1.0
2.0
4.0
20.0
1.0
1.0
16.0
1.0
186.0
3.0
10.0
7.0
3.0
7.0
54.0
9.0
25.0
113.0
7.0
1.0
1.0
3.0
1.0
2.0
3.0
6.0
264.0
11.0
3.0
1.0
1.0
4.0
714.0
3.0
56.0
7.0
1.0
20.0
78.0
102.0
5.0
2.0
4.0
6.0
66.0
9.0
3.0
1.0
1.0
2.0
1.0
1938.0
6.0
1.0
1.0
44.0
1.0
3.0
4.0
3.0
8.0
2.0
2.0
11.0
1.0
62.0
1.0
961.0
3.0
334.0
5.0
75.0
3.0
17.0
1.0
2.0
8.0
3.0
3.0
3.0
19.0
3.0
5.0
3.0
1.0
1.0
22.0
3.0
4.0
549.0
2.0
3.0
1.0
17.0
631.0
223.0
66.0
18.0
6.0
4.0
4.0
17.0
1.0
9.0
3.0
1.0
267.0
4770.0
587.0
1.0
1.0
618.0
3.0
48.0
424.0
351.0
1.0
3.0
1.0
3.0
2.0
1.0
510.0
5.0
2.0
7.0
541.0
1.0
351.0
4.0
3.0
1.0
1431.0
4.0
137.0
2058.0
1570.0
1.0
1.0
3.0
1.0
269.0
456.0
311.0
1105.0
4.0
1.0
5.0
76.0
2.0
1.0
1303.0
1.0
3.0
2.0
2.0
7.0
1.0
1790.0
249.0
6.0
1.0
3.0
102.0
6.0
8.0
1.0
8.0
9.0
9.0
1.0
3.0
1333.0
719.0
2470.0
3.0
2.0
66.0
62.0
5.0
1.0
2.0
4902.0
11.0
4.0
4.0
28.0
2.0
4.0
1.0
1.0
299.0
132.0
32.0
2.0
1.0
1.0
22.0
44.0
3.0
1.0
3.0
3.0
3.0
1.0
6.0
421.0
2.0
282.0
1.0
2.0
2.0
2.0
1708.0
2.0
12.0
1.0
2.0
296.0
1.0
3.0
28.0
351.0
1.0
57.0
3.0
36.0
23.0
3.0
19.0
1.0
14.0
3.0
3.0
3.0
23.0
12.0
1.0
21.0
7.0
160.0
52.0
5.0
292.0
1.0
75.0
1.0
1.0
2.0
53.0
53213.0
3.0
17.0
4.0
5.0
3.0
7.0
3.0
8.0
12.0
1.0
21.0
1.0
19.0
2.0
444.0
36.0
16.0
1.0
5.0
1.0
9.0
83.0
131.0
10001.0
2.0
1.0
3485.0
3835.0
232.0
3.0
3.0
4.0
21.0
3.0
20.0
1.0
2.0
2.0
1.0
9.0
185.0
1.0
1.0
3.0
9.0
3.0
3.0
17.0
150.0
886.0
2.0
814.0
1.0
17.0
7.0
1.0
5.0
2.0
1.0
2.0
2.0
1.0
31.0
432.0
338.0
2.0
1.0
3.0
5731.0
471.0
1.0
25.0
838.0
1.0
2.0
1.0
16.0
9.0
8.0
1.0
1178.0
92.0
3.0
685.0
1.0
4.0
3.0
4.0
351.0
288.0
1.0
16.0
1.0
1.0
3.0
2.0
1.0
4.0
26.0
216.0
11.0
10.0
33.0
1.0
1.0
5.0
8.0
52.0
1.0
1.0
151.0
454.0
6.0
3.0
3.0
3.0
16.0
11.0
292.0
1.0
1.0
50.0
4.0
11.0
10.0
6.0
3.0
3.0
124.0
7.0
47.0
3.0
9.0
1.0
318.0
4.0
7.0
2000.0
1.0
10.0
1.0
7.0
2.0
41.0
2.0
33.0
14.0
13.0
9.0
1305.0
1.0
5.0
1.0
9.0
2.0
262.0
1.0
39.0
1.0
4.0
1.0
1.0
1.0
3.0
18169.0
1.0
7.0
6.0
1.0
5.0
2.0
21.0
1.0
4.0
45.0
37.0
1.0
8.0
116.0
1.0
2.0
1.0
1.0
5.0
473.0
1239.0
24.0
79.0
1.0
19.0
4.0
1.0
3.0
3.0
2.0
8.0
11.0
3.0
2.0
24.0
719.0
45.0
10.0
19.0
8.0
17.0
3.0
394.0
6245.0
2.0
128.0
3.0
3.0
704.0
5.0
1.0
23.0
2.0
2358.0
65.0
1.0
1.0
1.0
58.0
260.0
1523.0
1.0
3165.0
51.0
185.0
5.0
2.0
3.0
3.0
1.0
3.0
1.0
148.0
1.0
129.0
229.0
4.0
22.0
3.0
3.0
1.0
1.0
4.0
3.0
4.0
1.0
9.0
4004.0
97.0
4.0
3.0
33.0
15.0
60.0
1.0
51.0
1.0
8.0
1.0
180.0
5.0
1.0
1.0
6.0
1605.0
28.0
19.0
497.0
65.0
34.0
1.0
3.0
3.0
3.0
2.0
168.0
2.0
1442.0
1.0
241.0
3.0
124.0
3.0
1.0
13.0
67.0
116.0
6.0
10.0
1.0
3.0
3.0
5.0
2.0
10.0
6.0
1.0
3.0
4.0
9.0
1.0
3.0
60.0
203.0
38.0
1.0
1.0
33.0
7.0
3.0
20.0
443.0
1570.0
14.0
102.0
43.0
2.0
5.0
1.0
1.0
2.0
1203.0
110.0
1.0
5.0
62.0
4.0
1449.0
427.0
1.0
4.0
296.0
1.0
1.0
1.0
278.0
124.0
427.0
2.0
1.0
1.0
351.0
3.0
3.0
333.0
22.0
3.0
3.0
3.0
3.0
1.0
1.0
1.0
1.0
638.0
573.0
3.0
3.0
1436.0
1.0
2.0
20.0
3.0
3.0
278.0
3.0
1.0
118.0
560.0
5.0
3.0
1871.0
1.0
1.0
3.0
17.0
65.0
2440.0
1.0
1.0
3.0
24.0
2.0
1.0
1.0
3.0
506.0
5.0
28.0
19.0
2.0
17.0
144.0
7.0
3.0
1488.0
66.0
1.0
2.0
1388.0
3.0
1.0
3.0
1073.0
14.0
5.0
661.0
1.0
1.0
71.0
1.0
38.0
2180.0
7.0
1.0
1.0
2.0
3799.0
2.0
1.0
128.0
8.0
3.0
62.0
3.0
1.0
120.0
6.0
252.0
1.0
37.0
5.0
1.0
3.0
1.0
117.0
1.0
23.0
4.0
3.0
2.0
1.0
5.0
4.0
121.0
30.0
1.0
12.0
1.0
1.0
1.0
152.0
3.0
2.0
1.0
40.0
7.0
3.0
7.0
462.0
3.0
4.0
7.0
21.0
1.0
6.0
239.0
15.0
4.0
3.0
8.0
2.0
1.0
3.0
3.0
7.0
15.0
4.0
3.0
1.0
2.0
3.0
726.0
13.0
55.0
1.0
11.0
2.0
7.0
1.0
1.0
1.0
2.0
2.0
1.0
1.0
142.0
56.0
2.0
130.0
491.0
1.0
17.0
3.0
5.0
69.0
20.0
8.0
25.0
3.0
1.0
19.0
418.0
15.0
36.0
5.0
8.0
6.0
1.0
34.0
69.0
1.0
19.0
1.0
1398.0
1.0
1.0
3.0
1.0
10965.0
3.0
19.0
3.0
6.0
757.0
1.0
7.0
3.0
3.0
1562.0
121.0
1479.0
278.0
16.0
6.0
3.0
5.0
36.0
19.0
19.0
1.0
1.0
1.0
1.0
125.0
3.0
371.0
3.0
7.0
1.0
4.0
1.0
4.0
1.0
1.0
2.0
11.0
1.0
8.0
1.0
1.0
216.0
1.0
2.0
10.0
4.0
21.0
3.0
3.0
2.0
292.0
53.0
230.0
1.0
1.0
4.0
18.0
354.0
1.0
42.0
5.0
3.0
156.0
1.0
1616.0
1.0
1.0
6165.0
1008.0
4.0
2.0
25.0
14.0
13.0
1.0
4.0
3.0
2.0
1.0
8.0
357.0
45.0
1.0
74.0
1.0
26.0
3.0
5.0
1184.0
3.0
68.0
530.0
166.0
24.0
1.0
2.0
197.0
13.0
6.0
3.0
1.0
1.0
3.0
1.0
1.0
3.0
1.0
3.0
3.0
1.0
1.0
3.0
21.0
23.0
3.0
1.0
583.0
3.0
3.0
67.0
37.0
484.0
3.0
632.0
3.0
1.0
126.0
64.0
94.0
3.0
1.0
2.0
2.0
1.0
11.0
1.0
1.0
1.0
2.0
11.0
3.0
16.0
320.0
256.0
11.0
6.0
2.0
4.0
25.0
3.0
1.0
15.0
1.0
3.0
9.0
3.0
3.0
1305.0
17.0
2.0
3.0
8.0
1.0
1.0
2.0
1.0
8.0
2.0
7.0
1.0
20.0
117.0
74.0
9.0
11.0
17.0
3.0
1.0
2.0
1.0
1.0
1.0
1.0
1.0
1.0
52.0
21.0
1.0
635.0
28.0
4.0
6288.0
879.0
1.0
306.0
2.0
105.0
38.0
3.0
3.0
17.0
2.0
3.0
3.0
59.0
1.0
2.0
2.0
4.0
43.0
1.0
3.0
1.0
14.0
15.0
1.0
54.0
1.0
3.0
3.0
3.0
9.0
87.0
4.0
34.0
13.0
1.0
2.0
5.0
351.0
2.0
1.0
130.0
1.0
33.0
1.0
6.0
5.0
20.0
1.0
8688.0
12.0
4.0
33.0
2.0
9.0
9.0
3.0
2.0
71.0
9.0
9.0
3.0
4.0
1.0
7586.0
1047.0
1.0
1.0
17.0
1.0
7.0
21.0
1.0
2.0
92.0
270.0
776.0
1.0
35.0
3.0
16.0
5.0
1.0
475.0
4.0
1.0
65.0
240.0
3.0
172.0
1.0
21.0
4.0
1.0
2.0
718.0
2.0
417.0
13.0
1.0
2.0
10.0
3.0
3211.0
3.0
1.0
10.0
750.0
4.0
3.0
3.0
3.0
9.0
1.0
1.0
3.0
1.0
3.0
94.0
7.0
3.0
1.0
5.0
6.0
2.0
19.0
3.0
3.0
269.0
960.0
129.0
2.0
8.0
3.0
157.0
2.0
1.0
1.0
16.0
187.0
3.0
1.0
1.0
1.0
1.0
1735.0
5.0
1.0
4.0
1.0
1.0
3.0
1409.0
757.0
36.0
15.0
2.0
3.0
3.0
23.0
2.0
4.0
7.0
13.0
1.0
70.0
2.0
3.0
493.0
6.0
2.0
96.0
35.0
2.0
55.0
39.0
1.0
2.0
211.0
3.0
28.0
355.0
3.0
1.0
2.0
25.0
1.0
9.0
1.0
421.0
5.0
200.0
21.0
1.0
9.0
3.0
1.0
1.0
4.0
121.0
77.0
8.0
292.0
1.0
1.0
3.0
1.0
1.0
4.0
3.0
8.0
938.0
1.0
22.0
16.0
1.0
407.0
5.0
211.0
1.0
70.0
1.0
3.0
1427.0
1.0
67.0
10.0
1.0
24.0
1.0
1.0
3.0
5.0
5.0
194.0
28.0
7.0
4.0
7.0
1.0
779.0
5.0
5.0
1.0
317.0
3.0
2.0
1.0
2.0
1.0
106.0
36.0
1.0
3.0
2.0
10.0
7.0
1.0
1.0
789.0
451.0
1.0
8.0
1.0
1514.0
1.0
4.0
1.0
1.0
1.0
2.0
42.0
48.0
11.0
51.0
199.0
11.0
1.0
3.0
358.0
1.0
20.0
1.0
2.0
7.0
2.0
1429.0
3.0
6.0
15.0
3.0
1.0
395.0
4.0
3.0
31.0
9.0
607.0
961.0
1.0
2.0
24.0
1.0
21.0
1.0
2.0
19.0
1.0
549.0
16.0
10472.0
2.0
3.0
5.0
3851.0
241.0
405.0
1.0
2.0
2.0
136.0
1.0
1.0
22.0
3.0
1.0
3.0
1.0
1.0
275.0
3.0
18.0
3.0
1.0
1010.0
1.0
2.0
1.0
442.0
182.0
288.0
103.0
1.0
3.0
1.0
1.0
5.0
23.0
6.0
50.0
513.0
3.0
9.0
1.0
609.0
2264.0
2.0
3.0
8674.0
10.0
1.0
5.0
2407.0
136.0
46.0
2.0
35.0
1411.0
1550.0
4963.0
1.0
2.0
3.0
3.0
4.0
3.0
1.0
2.0
1.0
10.0
2.0
9.0
19.0
7.0
19.0
3.0
3.0
3.0
2.0
6.0
3.0
5.0
1.0
739.0
1.0
1.0
3.0
3.0
13.0
54.0
3.0
1.0
513.0
1.0
3.0
9.0
2.0
2.0
1949.0
1.0
3.0
2857.0
61.0
1.0
2.0
1.0
14189.0
65.0
3.0
3.0
4.0
1.0
265.0
5.0
1.0
2.0
1018.0
12.0
8.0
2.0
3.0
2.0
1.0
1.0
2.0
1.0
1.0
1.0
23.0
1.0
382.0
4.0
2.0
10.0
66.0
310.0
38.0
3.0
6.0
29.0
2.0
1.0
3.0
84.0
119.0
2.0
17.0
1.0
8.0
85.0
4.0
1.0
2.0
75.0
3.0
247.0
1.0
8.0
25.0
1.0
3.0
4.0
7.0
25.0
1.0
1326.0
76.0
121.0
200.0
1.0
7.0
2.0
2.0
4.0
720.0
857.0
1.0
11.0
3.0
4.0
1.0
798.0
1.0
203.0
5.0
2.0
3.0
5.0
24.0
1.0
3.0
24.0
10.0
4.0
2.0
1.0
366.0
24.0
13875.0
4998.0
3.0
66.0
3.0
60.0
43.0
19.0
1.0
1.0
1.0
24.0
727.0
10.0
1.0
594.0
9.0
1.0
300.0
7.0
30.0
3.0
20.0
69.0
1.0
41.0
6.0
1.0
1.0
477.0
10.0
1708.0
7.0
5.0
1.0
1.0
3.0
53.0
1.0
47.0
1619.0
344.0
1.0
3.0
3.0
2.0
1465.0
162.0
75.0
1.0
3.0
1.0
4.0
2.0
13.0
1.0
1.0
50.0
2.0
2.0
25.0
1010.0
281.0
1.0
4.0
1.0
65.0
19.0
2.0
26.0
2.0
18.0
1.0
3.0
17.0
748.0
1.0
1.0
2.0
1.0
1.0
1.0
3.0
7.0
6.0
26.0
9.0
1.0
194.0
16.0
1154.0
17648.0
1.0
24.0
3.0
1.0
19.0
3.0
13.0
1.0
1.0
1.0
1.0
74.0
2.0
19.0
1.0
1.0
336.0
2.0
1.0
4.0
1.0
3.0
1.0
54.0
1.0
73.0
351.0
7.0
1.0
2154.0
3.0
4.0
222.0
141.0
5.0
1.0
1.0
84.0
66.0
4.0
442.0
1.0
3.0
5.0
3.0
61.0
43.0
24.0
1.0
1.0
99.0
12.0
7.0
1.0
34.0
105.0
1.0
17.0
1.0
130.0
1.0
25.0
3.0
2.0
1.0
3.0
5.0
5.0
1.0
15.0
3.0
5.0
1.0
1.0
48.0
1.0
65.0
913.0
2.0
1.0
3.0
3.0
1.0
283.0
56.0
17.0
10.0
570.0
3.0
86.0
421.0
3.0
15.0
1.0
53.0
25.0
3.0
3.0
1.0
1.0
126.0
7.0
4.0
3.0
12.0
4.0
1.0
1.0
1.0
2.0
3.0
1.0
1669.0
717.0
1.0
4.0
3.0
3.0
3.0
7.0
10.0
2.0
1.0
36.0
38.0
717.0
3.0
3.0
102.0
12.0
3.0
344.0
35.0
30.0
3.0
173.0
130.0
7.0
402.0
2.0
1653.0
1.0
7.0
876.0
29.0
2.0
2.0
1.0
1018.0
23.0
2.0
34.0
16.0
327.0
1.0
1.0
1.0
2.0
16.0
3.0
3.0
9.0
65.0
4.0
1.0
1.0
3.0
2.0
12.0
3.0
2.0
65.0
2.0
4.0
2.0
1.0
4.0
1.0
1.0
2.0
1.0
6.0
1.0
9.0
4.0
17.0
329.0
4.0
1.0
3.0
1.0
3.0
164.0
943.0
69.0
279.0
2672.0
3.0
1.0
3.0
6.0
9.0
643.0
22.0
298.0
2.0
45.0
1.0
1.0
1.0
695.0
1.0
3.0
296.0
404.0
11.0
4.0
7.0
1.0
47.0
71.0
61.0
536.0
17.0
4.0
1.0
111.0
76.0
1.0
1.0
7.0
44.0
45.0
29.0
1.0
1432.0
7.0
4.0
2343.0
1.0
1.0
4.0
2.0
3.0
64.0
6.0
274.0
1.0
747.0
15.0
3.0
2.0
288.0
16.0
1.0
2.0
1566.0
3246.0
17.0
3.0
3.0
19793.0
1.0
884.0
1.0
3.0
1.0
3.0
16.0
4.0
3.0
3.0
50.0
1.0
64.0
7170.0
2.0
4.0
4.0
1.0
4.0
45.0
587.0
2.0
370.0
1.0
3.0
3.0
4.0
4.0
1.0
3.0
5.0
3.0
1.0
3.0
3.0
1082.0
2.0
3.0
1.0
1.0
2.0
442.0
1.0
1.0
1029.0
60.0
3.0
10.0
1.0
3.0
1.0
14.0
1.0
3.0
14189.0
3.0
39.0
5.0
1.0
2.0
3.0
1.0
3.0
3.0
4.0
757.0
2.0
1.0
4.0
1.0
12.0
27.0
33.0
2.0
1.0
58.0
2.0
1.0
274.0
1619.0
17.0
1.0
3.0
7.0
1.0
2.0
2.0
19.0
3.0
9.0
15.0
3.0
3.0
7429.0
1.0
808.0
16.0
180.0
9.0
1047.0
1.0
2.0
1066.0
4.0
1.0
5.0
9.0
367.0
9.0
2.0
24.0
15.0
5.0
2.0
5.0
376.0
1.0
17.0
167.0
2.0
10.0
6.0
2.0
1.0
1.0
54.0
3.0
1.0
17.0
1.0
1.0
10.0
3.0
1348.0
38.0
1.0
14385.0
22.0
707.0
2.0
764.0
3.0
2.0
2.0
1.0
19.0
139.0
1.0
1.0
1.0
5.0
3.0
224.0
1.0
351.0
73.0
1.0
1.0
894.0
88.0
78.0
1.0
2.0
7.0
3.0
351.0
2.0
125.0
1.0
67.0
1.0
1.0
3.0
2.0
6.0
12.0
6.0
2.0
1.0
1.0
38.0
3.0
1.0
1.0
3.0
3.0
3.0
19.0
76.0
1.0
1.0
16.0
38.0
1.0
3.0
9.0
9.0
697.0
3.0
973.0
3.0
1.0
1.0
17.0
3.0
6.0
3.0
3.0
293.0
1.0
36.0
4.0
3.0
3.0
1.0
1.0
3.0
14.0
31.0
3.0
2366.0
16.0
3.0
28.0
7.0
20.0
1118.0
21.0
3.0
48.0
39.0
2.0
2.0
3294.0
2.0
1.0
951.0
3.0
1.0
4.0
2.0
36.0
3.0
5.0
7.0
6.0
12.0
1.0
7.0
1.0
8.0
196.0
23.0
5.0
6.0
44.0
2.0
1.0
3.0
1499.0
5.0
298.0
8.0
50.0
6.0
3.0
4.0
91.0
3.0
9.0
1.0
1.0
2.0
1.0
3.0
6.0
351.0
1.0
1.0
941.0
3.0
1.0
658.0
3.0
4.0
421.0
8.0
77.0
54.0
1.0
3.0
1224.0
3.0
108.0
3.0
4.0
1.0
4.0
9.0
1.0
11.0
1.0
94.0
3.0
1.0
8.0
3.0
3.0
1.0
816.0
14.0
3.0
3.0
236.0
3.0
4.0
19.0
1.0
1421.0
236.0
2.0
533.0
5.0
46.0
596.0
3.0
369.0
2.0
489.0
24.0
2.0
105.0
15.0
1.0
288.0
3.0
2.0
5988.0
4.0
5.0
81.0
591.0
1.0
19.0
2.0
305.0
350.0
43.0
24.0
9.0
2.0
3.0
3.0
3.0
1.0
9.0
2.0
67.0
24.0
18.0
1.0
56.0
144.0
9.0
2.0
65.0
2.0
24.0
11.0
29.0
1.0
3.0
5.0
30.0
4.0
3.0
580.0
1.0
7985.0
2196.0
23.0
1.0
71.0
41.0
128.0
4.0
109.0
2.0
4207.0
39.0
7.0
176.0
3.0
1.0
4.0
4.0
3.0
77.0
1.0
1.0
6.0
3.0
3.0
7.0
1.0
1.0
1.0
19.0
42.0
8.0
272.0
3.0
3.0
3.0
1.0
1.0
6.0
12.0
25.0
1.0
2.0
3.0
1350.0
2305.0
9.0
1.0
7.0
2.0
3.0
3.0
1.0
12.0
1.0
522.0
1.0
62.0
2.0
2.0
105.0
15.0
10.0
1.0
1.0
3.0
3.0
130.0
1.0
3.0
7.0
19.0
25.0
29.0
4.0
2.0
8.0
31.0
1.0
31.0
1.0
5.0
6.0
1.0
18.0
85.0
9.0
3.0
87.0
398.0
1631.0
1.0
2.0
859.0
1.0
1.0
4.0
3.0
145.0
36.0
1.0
7.0
1.0
1.0
3416.0
1.0
4.0
1.0
5.0
1160.0
2.0
6.0
2.0
151.0
47.0
1.0
8.0
1.0
3.0
1.0
3.0
2.0
1.0
4.0
4.0
10.0
9.0
156.0
3.0
1.0
1.0
4.0
923.0
53.0
934.0
21.0
9.0
5.0
32.0
3.0
1.0
3.0
1.0
42.0
1.0
1.0
1.0
1.0
6.0
1.0
2.0
5.0
1.0
17.0
1.0
2.0
3.0
1.0
3.0
1113.0
4.0
3.0
4.0
5.0
2.0
3.0
1.0
10727.0
4.0
16465.0
8.0
55.0
2.0
1.0
1.0
1.0
1.0
100.0
29.0
3.0
3.0
2.0
3.0
17.0
1.0
34.0
4.0
1.0
1.0
1.0
18.0
3.0
1.0
3.0
2.0
7.0
279.0
3.0
80.0
2.0
2.0
146.0
11.0
4.0
1.0
160.0
33.0
1.0
1.0
3.0
6.0
2.0
33.0
1.0
6.0
1.0
3.0
1707.0
961.0
15.0
7.0
14.0
1.0
10.0
1.0
304.0
3.0
1.0
1.0
2.0
11.0
28.0
2.0
6.0
66.0
24.0
1.0
6.0
86.0
2.0
1736.0
36.0
4.0
4.0
19.0
1.0
3.0
3.0
37275.0
2094.0
2.0
556.0
1.0
16.0
2.0
3.0
3.0
203.0
1.0
576.0
13465.0
21.0
1609.0
1.0
3719.0
4.0
1.0
3.0
421.0
1.0
21.0
14.0
3.0
2.0
21.0
2.0
5.0
1.0
4.0
607.0
1.0
3.0
1.0
58.0
1.0
1590.0
7.0
1.0
1.0
94.0
6.0
23.0
224.0
447.0
3.0
125.0
6.0
1.0
18.0
2.0
3.0
182.0
203.0
232.0
5.0
8.0
255.0
5.0
23.0
2.0
11.0
46.0
9.0
3.0
3.0
1.0
7.0
172.0
1.0
1.0
1.0
3.0
3.0
1.0
1.0
13.0
7.0
351.0
213.0
3.0
3.0
1.0
949.0
50.0
3989.0
15.0
1.0
1.0
1.0
1.0
4.0
21.0
342.0
1.0
140.0
1.0
5.0
1.0
1.0
39.0
3.0
1.0
19.0
1.0
504.0
1.0
658.0
1.0
2.0
3.0
2.0
1.0
1.0
240.0
65.0
320.0
3.0
1.0
29.0
82.0
7906.0
34.0
3.0
7.0
2.0
13.0
66.0
763.0
3.0
3.0
428.0
1818.0
1.0
17.0
33.0
3.0
1.0
1010.0
722.0
20.0
1.0
1.0
1.0
2.0
362.0
1.0
17.0
2.0
6.0
1.0
1.0
1.0
14977.0
186.0
3.0
56.0
19.0
11.0
1.0
4.0
3.0
1.0
421.0
1.0
3.0
3.0
1.0
2.0
1638.0
2.0
28.0
6.0
2.0
2.0
28.0
1.0
2.0
87.0
3.0
1.0
3.0
3.0
8.0
20492.0
1.0
1042.0
3.0
3.0
3.0
3.0
1.0
3.0
35.0
388.0
3.0
23.0
1285.0
1.0
24.0
54.0
2.0
298.0
3.0
2.0
3.0
11.0
3.0
3.0
9.0
5.0
6.0
182.0
35.0
3.0
2641.0
6.0
1.0
2.0
7.0
6308.0
2.0
1.0
1.0
1.0
3.0
60.0
6.0
1.0
222.0
10.0
1.0
11278.0
1101.0
56.0
1.0
2.0
2.0
1083.0
211.0
1.0
9.0
1.0
1.0
3.0
3985.0
39.0
15.0
8.0
685.0
2.0
10.0
33.0
76.0
2.0
1.0
3.0
146.0
4.0
1.0
17.0
1.0
5.0
9.0
1.0
1.0
2.0
14.0
19.0
9.0
697.0
18.0
5.0
3.0
2.0
4.0
9.0
1.0
105.0
105.0
17.0
2.0
261.0
4.0
3.0
2.0
1.0
4.0
8.0
1.0
224.0
3.0
6.0
116.0
53.0
2.0
2.0
8.0
1.0
21.0
1195.0
1.0
2.0
45.0
3.0
4.0
1.0
33.0
10.0
1.0
1.0
5.0
5.0
3.0
2.0
1.0
2.0
1.0
74.0
1.0
3574.0
33.0
17.0
289.0
121.0
14.0
3.0
72.0
1.0
1.0
1.0
351.0
1.0
1.0
6.0
1018.0
486.0
1.0
12.0
8.0
761.0
3.0
4.0
3.0
1.0
3.0
2.0
11.0
2.0
10.0
1.0
1602.0
14.0
6.0
1.0
2.0
1.0
782.0
1.0
1.0
1120.0
1.0
9.0
14385.0
1.0
2.0
172.0
3.0
1.0
9.0
3.0
1.0
1.0
2.0
1.0
1.0
1.0
7.0
3.0
5.0
9.0
5.0
36.0
1.0
4.0
3.0
17.0
3.0
2.0
84.0
1.0
216.0
1.0
3.0
1314.0
1.0
166.0
1.0
1.0
5.0
55.0
439.0
2.0
1.0
1.0
3.0
6.0
884.0
156.0
21.0
14189.0
3.0
3.0
24.0
1.0
4.0
303.0
50.0
1427.0
1.0
1.0
1.0
76.0
1.0
51.0
3.0
231.0
1.0
6.0
1.0
1.0
29.0
7.0
3.0
10.0
1.0
19.0
2617.0
1.0
3.0
363.0
7.0
1.0
47.0
2.0
38.0
1.0
5.0
3.0
1.0
6.0
36.0
1.0
36.0
565.0
2.0
1.0
11.0
1.0
1.0
10.0
227.0
52.0
1.0
338.0
5962.0
12.0
1.0
3.0
3.0
1.0
1.0
817.0
14.0
28.0
1.0
473.0
218.0
3.0
366.0
3.0
3.0
1529.0
596.0
98.0
3.0
106.0
1.0
152.0
4.0
10.0
1.0
4.0
1.0
258.0
1.0
2.0
876.0
2.0
3.0
576.0
1.0
1.0
1.0
3.0
1.0
33.0
12.0
8.0
9.0
39.0
4.0
11.0
7.0
6.0
1.0
441.0
51.0
2.0
2.0
61.0
13.0
1.0
5.0
2.0
8.0
1.0
5.0
2.0
1389.0
282.0
44.0
1.0
3973.0
11.0
1041.0
1.0
99.0
1.0
10.0
3.0
15.0
1.0
5.0
18.0
41.0
1.0
27.0
1.0
1.0
1.0
78.0
2.0
58.0
1.0
2.0
111.0
282.0
24.0
5.0
8677.0
1.0
2.0
1.0
2.0
1.0
4.0
1.0
1.0
8.0
66.0
20.0
3.0
42.0
6.0
1.0
22.0
12.0
75.0
1022.0
1.0
73.0
391.0
1.0
1.0
2.0
291.0
2.0
3094.0
4.0
1.0
3.0
4.0
3.0
152.0
3.0
3.0
2.0
15.0
2.0
1.0
7.0
5.0
651.0
3.0
87.0
1.0
1.0
55.0
2.0
1.0
4.0
31.0
1.0
5.0
1.0
6.0
2.0
29.0
1.0
775.0
121.0
1.0
596.0
3.0
5.0
1.0
232.0
91.0
17.0
3.0
1.0
1.0
436.0
5284.0
4.0
467.0
1.0
14.0
7.0
419.0
7289.0
1.0
686.0
36.0
24274.0
3.0
3.0
2.0
8.0
1417.0
8.0
282.0
3.0
1734.0
3.0
37.0
282.0
3.0
5.0
1122.0
1.0
59.0
3.0
3.0
733.0
3.0
213.0
1.0
1.0
29.0
1.0
1.0
125.0
19.0
25.0
2.0
22.0
3.0
2.0
3.0
1.0
3.0
5.0
3.0
3.0
47.0
2.0
1.0
68.0
4.0
5.0
3.0
5.0
2.0
3.0
7.0
6.0
3.0
3837.0
1051.0
718.0
1.0
65.0
72.0
1.0
3.0
1.0
1.0
4.0
2.0
7.0
15.0
14.0
6.0
11.0
2.0
321.0
727.0
358.0
17.0
6.0
1.0
53.0
99.0
1.0
1.0
22.0
3.0
3.0
1018.0
3.0
58.0
4.0
8.0
3.0
3.0
1.0
349.0
10.0
29.0
8045.0
5.0
1.0
1.0
2.0
228.0
3.0
14.0
3.0
6.0
9.0
5.0
11.0
3.0
1.0
2.0
3446.0
25.0
57.0
1.0
33.0
1.0
1.0
3.0
3.0
5.0
3.0
596.0
2.0
1.0
165.0
4.0
7.0
1.0
3.0
3.0
1.0
1.0
33.0
1.0
4.0
1.0
1.0
19.0
351.0
3.0
5.0
3.0
1.0
1.0
1.0
1185.0
95.0
2.0
3.0
42.0
2.0
33.0
1889.0
1000.0
3.0
1.0
1.0
31.0
1.0
1.0
33.0
1.0
33.0
1.0
3.0
4.0
1.0
1.0
9.0
61.0
2.0
28.0
1.0
1.0
1.0
3.0
10.0
2.0
745.0
49.0
1.0
1.0
4.0
24.0
19.0
1.0
1.0
1.0
1.0
20.0
4.0
8.0
6.0
68.0
292.0
1825.0
1.0
1.0
177.0
313.0
6.0
23.0
14.0
14.0
1.0
3.0
117.0
686.0
2.0
46.0
10.0
3.0
2.0
2.0
6.0
1.0
3.0
10.0
24.0
5.0
87.0
1.0
2.0
3.0
1.0
3.0
1.0
1.0
1.0
3.0
3.0
464.0
2.0
2.0
1.0
1069.0
48.0
3.0
3.0
1073.0
10.0
62.0
5.0
31.0
1.0
1.0
1.0
16.0
1.0
6.0
1.0
3.0
1.0
89.0
6.0
46.0
124.0
68.0
25.0
2.0
1.0
3.0
4.0
1.0
1.0
2.0
58.0
1159.0
1.0
1.0
3.0
1.0
30.0
1.0
1.0
1.0
1.0
10.0
6.0
3.0
2.0
369.0
2.0
1.0
2.0
4.0
9.0
76.0
55.0
1.0
1.0
43.0
131.0
3.0
8.0
2.0
3.0
1.0
1.0
1.0
5.0
2.0
2.0
1.0
3.0
2.0
2.0
1354.0
2.0
2.0
3.0
2.0
12.0
3.0
4.0
3.0
5.0
166.0
2.0
16.0
12.0
1.0
4.0
1.0
4.0
3.0
1.0
3.0
21.0
3.0
1.0
233.0
282.0
1.0
1.0
23.0
1.0
127.0
1.0
50.0
2.0
10.0
44.0
65.0
142.0
1.0
2.0
3.0
1.0
3.0
1.0
33.0
5.0
19.0
11.0
205.0
1.0
2.0
12.0
10.0
3.0
61154.0
1.0
154.0
279.0
2.0
1.0
443.0
4.0
146.0
65.0
345.0
2.0
8.0
194.0
1.0
3.0
3.0
3.0
24.0
1.0
138.0
2.0
2.0
3.0
2.0
1.0
3.0
1.0
2.0
1.0
1.0
3.0
24.0
1.0
2.0
3.0
3.0
10.0
1.0
1.0
535.0
58.0
146.0
3.0
88.0
1.0
75.0
3.0
68.0
338.0
17.0
1.0
13.0
1.0
1500.0
1.0
15.0
1.0
108.0
12.0
6.0
313.0
26.0
3.0
19.0
1.0
103.0
288.0
1.0
16.0
22.0
11.0
1.0
62.0
53.0
364.0
2.0
249.0
2.0
4.0
24.0
5.0
9.0
44.0
1.0
365.0
1.0
1.0
9.0
1.0
9.0
76.0
1.0
1.0
1.0
1.0
1.0
2.0
1.0
3.0
1.0
282.0
1.0
9.0
5.0
1.0
2.0
42.0
70.0
27.0
160.0
1.0
9.0
119.0
15.0
1413.0
1.0
68.0
1.0
57.0
552.0
1.0
3.0
3.0
6.0
3.0
177.0
198.0
1314.0
1.0
493.0
720.0
1.0
9.0
1.0
9.0
1.0
2.0
22.0
110.0
1.0
1077.0
565.0
4.0
1.0
25.0
1517.0
1.0
1.0
3.0
4.0
16.0
1.0
6.0
31.0
934.0
1.0
444.0
10.0
28.0
1464.0
1.0
3.0
3.0
2.0
699.0
13.0
1.0
22.0
3.0
44.0
2.0
3.0
7.0
3.0
1428.0
61.0
8.0
347.0
43.0
4.0
7.0
1.0
15.0
5.0
3.0
2.0
1.0
1.0
117.0
1.0
2.0
8.0
3.0
1.0
5.0
1.0
3.0
1.0
1.0
1735.0
67.0
351.0
1.0
578.0
1.0
66.0
4.0
3.0
1.0
4.0
17.0
87.0
897.0
1311.0
21.0
1.0
943.0
2.0
17.0
10.0
1.0
4.0
1.0
1.0
3.0
1.0
1.0
2.0
6.0
5.0
3.0
3.0
3.0
3.0
2.0
1.0
24.0
2486.0
1.0
11.0
44.0
1.0
3.0
1.0
1.0
3.0
1.0
4.0
2.0
10.0
1.0
2.0
4261.0
27.0
11.0
31.0
1.0
1.0
8.0
5.0
28.0
4.0
2.0
3.0
948.0
2.0
17.0
1.0
3.0
2.0
2.0
3.0
65.0
52.0
1.0
10.0
509.0
4.0
10.0
10.0
16.0
2.0
1.0
3.0
3.0
9.0
6.0
3.0
17.0
10.0
1.0
135.0
108.0
3.0
2.0
75.0
2.0
9.0
7.0
16.0
735.0
2.0
322.0
16.0
2.0
3.0
1.0
1.0
3.0
3894.0
32.0
67.0
1.0
24.0
9.0
75.0
2.0
30.0
76.0
64.0
16.0
1.0
8.0
49.0
5.0
3.0
5.0
1.0
13.0
24.0
1.0
1.0
29563.0
2.0
1.0
3.0
216.0
4.0
56.0
16.0
55.0
1.0
3.0
388.0
1.0
2.0
2.0
2.0
1.0
9.0
3.0
99.0
512.0
7.0
1.0
3.0
1.0
53.0
30.0
429.0
14.0
479.0
29.0
19.0
4.0
2.0
57.0
7.0
3.0
14.0
5.0
45.0
1.0
1.0
1.0
3.0
674.0
76.0
85.0
3.0
5.0
1.0
3.0
4.0
1.0
9.0
2.0
3.0
90.0
344.0
2.0
53.0
1.0
19.0
152.0
136.0
5.0
1.0
4.0
5.0
1.0
1.0
2.0
1.0
6.0
543.0
2.0
8.0
3.0
4.0
1.0
3.0
1.0
1.0
2.0
6.0
1.0
3716.0
1.0
1.0
1.0
98.0
30.0
250.0
2.0
3.0
7.0
14385.0
4.0
3.0
1.0
1.0
3.0
3.0
3.0
3.0
2.0
1.0
804.0
3.0
23.0
1.0
3.0
8.0
2.0
959.0
1.0
2529.0
7.0
2.0
1.0
1.0
4.0
1.0
351.0
6050.0
1.0
24.0
3.0
1.0
1.0
154.0
1.0
1.0
1.0
9.0
1.0
16.0
35.0
19.0
49.0
2.0
20.0
3.0
23.0
3.0
48.0
8.0
291.0
1.0
3.0
1.0
3.0
2.0
1.0
1.0
113.0
53.0
138.0
11.0
2.0
1.0
7.0
2.0
353.0
169.0
17.0
9.0
11.0
34.0
301.0
2.0
5.0
1071.0
1.0
174.0
8.0
21.0
1.0
72.0
1.0
2.0
3.0
1.0
19.0
77.0
596.0
3.0
848.0
2.0
145.0
232.0
23.0
1.0
3.0
3.0
1.0
1.0
2.0
3.0
831.0
32.0
17.0
4.0
18.0
18.0
1810.0
6.0
3.0
4.0
2.0
3.0
11366.0
20.0
9.0
1.0
3189.0
1.0
8.0
2.0
3.0
5.0
3.0
1.0
2.0
4.0
3.0
4.0
2.0
21.0
3.0
5.0
3.0
1.0
17.0
1.0
11.0
962.0
107.0
41.0
2.0
11.0
6.0
12.0
7.0
8.0
1.0
6.0
11.0
1.0
2.0
1.0
4.0
118.0
7.0
6.0
7.0
3.0
740.0
1.0
1.0
1.0
4.0
1513.0
1.0
31.0
16.0
1.0
1.0
4.0
3.0
1.0
4.0
1.0
17.0
1.0
14.0
4.0
1.0
1.0
9.0
1.0
472.0
22.0
2.0
1.0
33.0
599.0
1.0
1031.0
1.0
1.0
21.0
5.0
14.0
1.0
4.0
12.0
2.0
3.0
5.0
1.0
227.0
4.0
2.0
2.0
1.0
122.0
689.0
1.0
964.0
2.0
3.0
260.0
1.0
1.0
9.0
3.0
3.0
3.0
1.0
3.0
23.0
2.0
1.0
2.0
1.0
1.0
3.0
7.0
3.0
4.0
82.0
302.0
2.0
10.0
3.0
22.0
1.0
1.0
31.0
841.0
1.0
3.0
1.0
1.0
7.0
10.0
3.0
6.0
1.0
25.0
3.0
12.0
1.0
4.0
3.0
1.0
1.0
1.0
9.0
4.0
2.0
2.0
235.0
311.0
2.0
2.0
1.0
65.0
3.0
3.0
370.0
4.0
1.0
28.0
981.0
1.0
3.0
15.0
75.0
1.0
1.0
3.0
3.0
2.0
1.0
10.0
1483.0
20.0
2.0
3.0
1.0
445.0
1.0
2.0
2.0
2.0
3.0
3.0
282.0
2.0
284.0
1.0
2.0
114.0
3.0
19.0
3.0
19.0
3.0
5.0
2.0
3.0
1.0
1.0
1.0
2.0
26.0
9.0
4.0
2.0
2.0
3.0
31.0
1.0
1.0
44.0
2.0
82.0
842.0
3.0
2.0
3.0
3.0
21.0
1.0
9.0
2.0
1.0
3.0
30.0
4.0
1.0
32.0
1205.0
2.0
1.0
4.0
5.0
1.0
2.0
3.0
5.0
25.0
22.0
1.0
4.0
1228.0
2.0
2123.0
12.0
1.0
3.0
5.0
6.0
4.0
1.0
12904.0
1.0
2.0
1.0
23.0
19.0
1.0
103.0
1.0
1.0
2.0
3.0
4.0
1.0
1.0
3.0
1.0
14189.0
1.0
1.0
394.0
1.0
696.0
1.0
2.0
170.0
2.0
1.0
1.0
2.0
1.0
4.0
1.0
1.0
2.0
1.0
11.0
102.0
1.0
3.0
35.0
1.0
1.0
3.0
1289.0
1.0
2.0
1.0
5.0
2.0
1.0
50.0
1.0
24.0
3.0
41.0
278.0
2.0
1.0
13.0
4.0
1027.0
106.0
7.0
9.0
1512.0
1.0
1.0
1.0
75.0
8.0
404.0
6.0
3.0
1.0
1.0
1330.0
3.0
10.0
3.0
1.0
3.0
7.0
4.0
3.0
3.0
3.0
1229.0
23.0
29.0
8.0
7.0
1271.0
11.0
354.0
1.0
4.0
31.0
22.0
1.0
3.0
3.0
1.0
2.0
7.0
45.0
56.0
2.0
2.0
3.0
370.0
21.0
6.0
2.0
3.0
1.0
1.0
2.0
6.0
42.0
1.0
17.0
3.0
1.0
3.0
1.0
288.0
12.0
8.0
2.0
2950.0
10.0
1.0
4.0
3.0
3.0
3.0
420.0
1.0
8.0
2.0
924.0
1.0
2.0
1.0
1.0
16.0
19.0
2094.0
108.0
1.0
4.0
89.0
1.0
4.0
415.0
1.0
1.0
3.0
6.0
1.0
2.0
310.0
3.0
1.0
36.0
2.0
4.0
187.0
4.0
697.0
3.0
2.0
729.0
205.0
524.0
10.0
7.0
2.0
3.0
1.0
223.0
24.0
5.0
3.0
14.0
18.0
3.0
1.0
2.0
961.0
4.0
44.0
277.0
4.0
225.0
2.0
1.0
4.0
2.0
4.0
2.0
240.0
4.0
2.0
1.0
85.0
1.0
1.0
1419.0
3.0
1.0
1.0
279.0
3.0
2.0
12.0
7.0
3.0
315.0
7.0
2.0
28.0
142.0
5.0
34.0
7.0
2.0
60.0
1.0
3.0
1.0
19.0
55.0
1078.0
7.0
571.0
9.0
67.0
1.0
1.0
9.0
14.0
8.0
218.0
264.0
71.0
1.0
1.0
13.0
29.0
1.0
92.0
20.0
222.0
2.0
415.0
9.0
1.0
1.0
1.0
4.0
3.0
1.0
2.0
102.0
1800.0
51.0
12.0
1.0
5.0
3.0
2.0
57.0
1.0
5.0
4.0
2.0
3.0
23.0
48.0
1.0
127.0
3.0
24.0
1.0
1.0
2.0
18.0
1.0
23.0
10.0
1.0
3.0
4.0
4.0
3.0
3.0
65.0
7.0
50.0
2.0
4.0
75.0
3.0
3.0
1.0
80.0
33.0
3.0
1.0
3.0
3.0
2.0
539.0
160.0
3.0
3.0
49.0
23.0
258.0
1.0
1.0
2.0
2.0
22.0
1.0
7.0
51.0
1.0
916.0
1.0
1.0
981.0
1.0
2.0
75.0
5.0
1222.0
45.0
1019.0
166.0
3.0
6.0
280.0
3.0
3.0
1990.0
1.0
1102.0
19.0
3.0
4.0
5.0
24.0
30.0
2.0
3.0
1.0
2.0
3.0
5.0
3.0
1.0
3.0
2.0
3.0
5.0
1.0
1.0
134.0
5.0
18.0
1.0
14385.0
3.0
1018.0
1.0
25.0
5.0
2.0
11.0
38.0
32.0
23.0
3.0
1.0
88.0
3.0
3.0
2.0
1.0
961.0
1.0
4.0
301.0
2.0
107.0
627.0
596.0
1.0
821.0
3.0
1379.0
589.0
3.0
1.0
189.0
14.0
24.0
2.0
1.0
3.0
2.0
3.0
1.0
6.0
2.0
57.0
1.0
1.0
4.0
1.0
1.0
5.0
1.0
8.0
3.0
1.0
205.0
24.0
2.0
6.0
10.0
29.0
83.0
239.0
4.0
1693.0
50.0
214.0
3.0
85.0
1.0
168.0
5.0
3.0
2.0
5.0
1.0
3.0
198.0
24.0
2.0
24.0
1.0
7.0
105.0
12.0
1.0
20.0
871.0
680.0
218.0
1916.0
1.0
1.0
11.0
3.0
2455.0
3.0
231.0
241.0
3.0
2.0
1.0
1.0
24.0
8.0
8.0
28.0
2.0
3.0
70.0
69.0
6.0
3.0
2.0
1.0
5.0
320.0
8.0
9.0
2.0
1.0
29.0
11.0
3.0
1.0
3.0
16.0
1.0
16.0
1.0
22.0
1.0
3.0
7.0
184.0
4.0
3.0
22.0
11.0
3.0
16.0
512.0
1.0
43.0
3.0
1.0
2.0
3.0
1.0
3.0
5.0
8.0
1.0
2.0
2.0
118.0
1.0
1.0
2.0
38.0
4.0
3.0
4.0
9.0
111.0
1.0
34.0
1.0
1.0
9.0
39.0
15.0
33.0
3.0
3.0
3.0
2308.0
13.0
3.0
2.0
160.0
1172.0
3.0
2.0
1.0
83.0
3.0
6.0
3.0
35.0
2.0
4.0
1.0
104.0
3.0
2.0
4.0
1.0
28.0
4.0
298.0
4.0
7.0
8.0
4.0
1.0
2.0
1.0
130.0
2.0
16528.0
152.0
19.0
7.0
1.0
14.0
688.0
351.0
3.0
282.0
9.0
23.0
24.0
1.0
5.0
60.0
3.0
73.0
2.0
1.0
1010.0
2.0
2.0
8.0
2280.0
8.0
533.0
17.0
129.0
548.0
5.0
991.0
1.0
235.0
7.0
34.0
105.0
9.0
1565.0
1.0
4.0
2.0
130.0
4.0
99.0
502.0
3.0
1.0
4.0
589.0
2.0
6.0
1.0
2.0
20.0
11.0
3.0
2775.0
1.0
26.0
2.0
2.0
55.0
3.0
3.0
1.0
282.0
250.0
4.0
17.0
3.0
31.0
54.0
1.0
1.0
10.0
1.0
2.0
5.0
3.0
3.0
3.0
56.0
8.0
61.0
4.0
8.0
25.0
1.0
2.0
47.0
1.0
3.0
3.0
2.0
1.0
39.0
1486.0
3.0
20.0
20.0
2.0
8.0
1.0
4.0
16.0
7956.0
1.0
2.0
5.0
59.0
71.0
3.0
49.0
2555.0
3.0
13.0
596.0
2.0
6.0
6.0
3.0
234.0
67.0
4.0
2.0
2.0
3.0
2.0
1.0
24.0
2.0
1.0
20.0
2.0
42.0
6.0
509.0
180.0
55.0
1.0
3.0
2.0
3.0
1.0
400.0
15.0
1.0
1.0
662.0
5.0
1.0
20.0
3.0
1.0
1.0
24.0
1.0
19.0
3.0
127.0
23.0
840.0
1422.0
15.0
3574.0
3.0
1.0
1.0
3.0
81.0
2.0
5.0
4.0
319.0
21.0
4.0
9.0
231.0
77.0
145.0
578.0
3.0
2.0
1.0
1.0
7.0
3.0
20.0
1.0
3.0
9.0
2.0
1.0
267.0
7.0
3.0
141.0
110.0
1.0
13.0
1.0
1.0
10.0
1581.0
6.0
1.0
2.0
6.0
3.0
3.0
2.0
432.0
2.0
108.0
12.0
14.0
2695.0
169.0
1.0
46.0
3.0
1.0
87.0
1.0
1.0
3.0
1.0
338.0
55.0
282.0
1.0
1.0
3.0
1.0
4.0
319.0
5.0
1.0
1.0
9.0
1.0
313.0
47.0
64.0
1.0
66.0
1.0
2.0
89.0
1.0
3.0
3.0
1083.0
443.0
1.0
25.0
1.0
3.0
1.0
105.0
1.0
1.0
3.0
3.0
8.0
1733.0
43.0
3.0
1.0
245.0
1.0
3.0
2.0
2.0
1.0
528.0
51.0
1.0
17.0
3.0
1.0
696.0
6.0
596.0
4.0
3.0
3.0
13.0
2480.0
58.0
3.0
3.0
344.0
1.0
3.0
16.0
1.0
37.0
3.0
3.0
3.0
1.0
1.0
270.0
535.0
121.0
3.0
1.0
1.0
60.0
3.0
55.0
2.0
3.0
40.0
1.0
8.0
3.0
24.0
493.0
9.0
1.0
9.0
14.0
8.0
1.0
1018.0
1.0
2.0
2.0
5.0
1857.0
1.0
1278.0
688.0
37.0
3.0
74.0
3.0
1.0
23.0
23.0
15.0
56.0
65.0
3.0
313.0
3.0
1.0
1.0
2.0
20.0
205.0
12366.0
7.0
3.0
1.0
4.0
4.0
1.0
1559.0
23.0
3.0
1.0
9.0
106.0
3.0
4.0
1200.0
11.0
1.0
1.0
1.0
2.0
14.0
2.0
223.0
4.0
2.0
4.0
27.0
1.0
5.0
101.0
4.0
3.0
3.0
4.0
3.0
102.0
3.0
2085.0
1.0
4.0
3.0
584.0
1.0
7.0
2.0
5.0
3.0
1.0
4.0
10.0
12.0
426.0
377.0
1.0
602.0
24.0
66.0
1.0
6.0
28.0
1062.0
3.0
5.0
1.0
46.0
3.0
1.0
8.0
103.0
3.0
1.0
1.0
11.0
3.0
8.0
1.0
231.0
2.0
6.0
19.0
2.0
1.0
232.0
67.0
1.0
346.0
2.0
1.0
14.0
1.0
857.0
351.0
41.0
86.0
80.0
3.0
1.0
2.0
3.0
3.0
672.0
2.0
5.0
668.0
3.0
1125.0
2.0
228.0
3.0
2478.0
1.0
1.0
1.0
32.0
1124.0
699.0
132.0
832.0
1.0
4.0
68.0
2.0
3.0
1.0
21.0
3.0
3.0
3.0
16479.0
13.0
1302.0
39.0
4.0
6.0
5.0
120.0
117.0
3.0
2.0
2.0
2.0
46.0
12.0
4.0
118.0
2.0
1.0
2.0
1.0
1.0
1.0
1.0
97.0
10.0
1.0
3.0
2.0
2.0
2.0
10.0
20.0
1.0
16507.0
596.0
2.0
1.0
74.0
101.0
2.0
4.0
54.0
3.0
1.0
16736.0
4.0
14.0
81.0
8302.0
1.0
5.0
2.0
42.0
5.0
2.0
1.0
9.0
3.0
1.0
1.0
596.0
3.0
1.0
1.0
2.0
1.0
2.0
19.0
31.0
38.0
655.0
2.0
1358.0
111.0
31.0
3.0
33.0
10.0
2.0
34.0
1.0
2.0
24.0
2.0
1.0
94.0
479.0
1.0
19.0
1.0
996.0
3.0
3.0
282.0
1000.0
3.0
3.0
33.0
4.0
4.0
20.0
281.0
515.0
4.0
270.0
8.0
3.0
1.0
4.0
4.0
1083.0
4.0
2.0
1.0
268.0
25.0
7.0
150.0
6.0
1.0
197.0
579.0
1.0
11.0
16.0
2426.0
53.0
1.0
737.0
4.0
1.0
2.0
9.0
1.0
3.0
5.0
33.0
531.0
1130.0
10.0
737.0
3.0
1.0
2753.0
3.0
1.0
3.0
262.0
2.0
3.0
3.0
3.0
50.0
3.0
585.0
1.0
39.0
16.0
1082.0
118.0
395.0
19.0
4.0
1.0
1.0
10.0
29.0
30.0
731.0
2.0
2.0
3.0
1.0
645.0
3.0
1.0
1.0
1827.0
22.0
3.0
1.0
2.0
1.0
13.0
133.0
1.0
372.0
1.0
17.0
1.0
9.0
4.0
1.0
4.0
251.0
8.0
1.0
288.0
4.0
2.0
14.0
128.0
1.0
8.0
1.0
13.0
5.0
3.0
12.0
326.0
2.0
886.0
1.0
1328.0
454.0
2.0
1.0
94.0
4.0
5.0
2.0
1.0
196.0
10.0
1.0
190.0
1084.0
1.0
4.0
20.0
1.0
4.0
5.0
3.0
3.0
1.0
25.0
1.0
1.0
3.0
55.0
3171.0
3.0
5.0
3.0
4.0
2.0
3.0
1.0
3.0
178.0
3.0
313.0
3.0
6.0
3.0
6.0
3.0
2.0
10.0
1.0
1.0
5.0
1.0
3.0
3.0
1.0
128.0
22.0
1.0
5.0
1.0
4.0
5.0
4.0
1.0
2.0
1.0
33.0
3.0
4.0
24.0
3.0
1.0
3.0
2.0
3.0
2.0
1.0
1.0
7.0
5.0
5.0
32.0
1.0
3.0
8.0
12.0
1.0
3.0
3.0
24.0
15.0
1.0
1.0
1.0
4.0
3.0
8.0
8.0
10.0
1702.0
3.0
2.0
1.0
1.0
1.0
2.0
4.0
1.0
1.0
2.0
834.0
3.0
13.0
1.0
4.0
104.0
6.0
1.0
2.0
1876.0
2.0
6.0
3.0
24.0
45.0
5.0
1.0
381.0
13.0
1.0
1.0
1.0
4.0
21.0
2.0
3.0
2.0
11.0
8.0
1.0
177.0
4.0
3.0
1.0
1.0
31.0
21.0
3.0
1.0
8.0
4.0
82.0
41.0
9.0
1.0
1.0
2.0
7.0
2.0
538.0
8.0
2.0
97.0
689.0
220.0
2.0
3.0
16453.0
3.0
1.0
1.0
2.0
5.0
3.0
97.0
9.0
2.0
56.0
2.0
1.0
10.0
528.0
1.0
961.0
66.0
18.0
1794.0
45.0
1.0
6608.0
22.0
1.0
2.0
5.0
9.0
12.0
1.0
58.0
49.0
7.0
87.0
3.0
7.0
2.0
7.0
1.0
1.0
51.0
19.0
11.0
4.0
1.0
1.0
24.0
2.0
20.0
1.0
9.0
2.0
351.0
3.0
3.0
3.0
1.0
16.0
2.0
6.0
3.0
1.0
1.0
3.0
1.0
1.0
122.0
3.0
69.0
1.0
1.0
11.0
39.0
1.0
29.0
45.0
1.0
8.0
1.0
1.0
223.0
173.0
1.0
1.0
1.0
87.0
1.0
14354.0
1.0
7.0
2.0
6.0
59.0
108.0
1.0
250.0
3.0
4.0
2.0
3.0
1.0
351.0
1.0
4343.0
1.0
4.0
9.0
3.0
1308.0
1.0
1.0
1198.0
20.0
2.0
36.0
1.0
2.0
1040.0
1303.0
15.0
1.0
624.0
1.0
457.0
3.0
1.0
4.0
19.0
3.0
19.0
3.0
1.0
87.0
1.0
1.0
3.0
1.0
16.0
2.0
2.0
10.0
1.0
2.0
8.0
130.0
3.0
3.0
1.0
1.0
4.0
67.0
1.0
6.0
2.0
1.0
886.0
131.0
13.0
2.0
1.0
3.0
1.0
1.0
3.0
1.0
701.0
1.0
7.0
2.0
7.0
4.0
3.0
3.0
1.0
1.0
2.0
1.0
110.0
1.0
1.0
9.0
25.0
1.0
539.0
3.0
17.0
2.0
251.0
26.0
2.0
1.0
1.0
1.0
6.0
1.0
3.0
65.0
4.0
1.0
17.0
10.0
5.0
1.0
731.0
39.0
1.0
15.0
625.0
2.0
279.0
14.0
3100.0
2.0
1.0
1362.0
4.0
31.0
2.0
132.0
3.0
14.0
1.0
190.0
1.0
3.0
3.0
2.0
3.0
75.0
4.0
1.0
1.0
46.0
24.0
24.0
66.0
2.0
30.0
8.0
132.0
3.0
229.0
2.0
3.0
1.0
2.0
8.0
1.0
6.0
1.0
7.0
1.0
10.0
3.0
3.0
5.0
1.0
9.0
7.0
9.0
15.0
3.0
2.0
4.0
6.0
801.0
496.0
1.0
1.0
1.0
175.0
10.0
8.0
1.0
4.0
728.0
9.0
8.0
102.0
9.0
310.0
1.0
6.0
118.0
1.0
512.0
3.0
5.0
1.0
2248.0
400.0
128.0
468.0
3.0
13.0
16.0
3.0
77.0
4.0
19.0
2.0
596.0
1.0
3.0
1.0
4.0
46.0
1.0
1.0
3.0
2.0
70.0
9.0
189.0
7685.0
2.0
1.0
240.0
5.0
1.0
1318.0
4.0
1.0
485.0
5.0
7.0
13.0
3.0
27.0
1111.0
21.0
1.0
2.0
1.0
4.0
2.0
8.0
5.0
19.0
1.0
3.0
176.0
47.0
841.0
11.0
364.0
16.0
30.0
3083.0
79.0
68602.0
1.0
8.0
7.0
8.0
990.0
1.0
1.0
12.0
3.0
3.0
361.0
16.0
3.0
16.0
1.0
1.0
3.0
3079.0
100.0
1153.0
1.0
27.0
1.0
841.0
2.0
553.0
3.0
19.0
3.0
2.0
19.0
3.0
10839.0
8.0
5.0
8.0
353.0
6.0
6.0
7.0
12.0
8.0
2.0
1.0
10.0
37.0
1.0
1.0
1.0
2.0
1.0
1.0
2.0
14354.0
1401.0
3.0
1.0
4.0
3.0
3.0
8.0
1.0
9.0
5.0
1.0
170.0
2.0
24.0
351.0
5.0
1.0
1.0
1.0
24.0
1319.0
232.0
19.0
6.0
1.0
4.0
17.0
5.0
3.0
677.0
2.0
116.0
1.0
3.0
3.0
3.0
65.0
1802.0
12.0
1.0
1.0
17.0
1714.0
1027.0
25.0
7.0
14.0
2.0
1.0
3.0
842.0
550.0
3.0
1.0
4.0
281.0
3.0
3.0
90.0
9.0
23.0
1803.0
6.0
2.0
56.0
1.0
1.0
1.0
1.0
147.0
1.0
3.0
4.0
2.0
1.0
5.0
351.0
8.0
100.0
3.0
2.0
23.0
60.0
555.0
3.0
5.0
2.0
113.0
2.0
6.0
6.0
4.0
6.0
535.0
50.0
7.0
463.0
2.0
19.0
9.0
4.0
1.0
1.0
790.0
49.0
2.0
26.0
10.0
2.0
3.0
6.0
2.0
963.0
11585.0
45.0
421.0
2931.0
3.0
7.0
550.0
2.0
1.0
1.0
41.0
1.0
1.0
8.0
3.0
33.0
6.0
3.0
41.0
39.0
9.0
16.0
9.0
1.0
3.0
2.0
1.0
5.0
3.0
32.0
1.0
2.0
28.0
713.0
1.0
4.0
295.0
399.0
7.0
96.0
1.0
3.0
9.0
1.0
1.0
1.0
1.0
2.0
383.0
3.0
28.0
1.0
2.0
1.0
20.0
2.0
2.0
218.0
1.0
51.0
192.0
1.0
1.0
1.0
9.0
92.0
4.0
1.0
1.0
1.0
963.0
3.0
1.0
29.0
3.0
1.0
223.0
2.0
4.0
16.0
51.0
8.0
1.0
428.0
612.0
1.0
1.0
1.0
101.0
217.0
3.0
1.0
3.0
9.0
7.0
1687.0
6.0
3.0
11.0
1.0
1093.0
4.0
3.0
2.0
4.0
50.0
542.0
1.0
10.0
1.0
1.0
9.0
2.0
1.0
1.0
19.0
10.0
1.0
173.0
612.0
16.0
1.0
9.0
3.0
282.0
1.0
3.0
1.0
1.0
11.0
24.0
3.0
3.0
2.0
4.0
7.0
17.0
60.0
3.0
115.0
2.0
4.0
1696.0
1.0
1.0
3.0
6.0
9.0
4.0
1.0
198.0
3.0
6.0
1.0
109.0
2003.0
770.0
1.0
3.0
43.0
70.0
3.0
1.0
1.0
1.0
3.0
1.0
1.0
16.0
2.0
2.0
3.0
1.0
3.0
1.0
2.0
4.0
3.0
1.0
2.0
1.0
311.0
1288.0
3.0
22.0
42.0
1.0
1.0
9619.0
1.0
2.0
1451.0
124.0
51.0
215.0
3.0
2.0
3.0
3574.0
2.0
48.0
3.0
17.0
258.0
1.0
7.0
4.0
4.0
3.0
6.0
4.0
3.0
1.0
19.0
1.0
8.0
228.0
4.0
156.0
581.0
800.0
3.0
1.0
28.0
2.0
7.0
1.0
63.0
1067.0
8.0
299.0
67.0
12.0
6.0
42.0
1.0
1.0
4.0
14.0
2.0
1.0
1.0
3.0
8.0
36.0
2.0
3.0
158.0
3.0
9.0
15.0
110.0
1.0
10.0
7.0
159.0
2.0
2.0
4.0
4.0
4.0
1.0
3.0
3.0
3.0
1178.0
3.0
1.0
420.0
2.0
1.0
1.0
4.0
1.0
10.0
3.0
1974.0
351.0
11.0
3.0
655.0
150.0
2.0
3.0
516.0
2.0
20.0
2.0
8.0
1.0
113.0
34.0
4.0
1.0
4.0
8.0
3.0
1.0
14.0
3.0
1.0
11.0
1.0
7.0
961.0
338.0
3.0
3.0
1.0
2.0
9.0
36.0
1.0
41.0
1.0
1478.0
465.0
24.0
9.0
24.0
3.0
292.0
1.0
9.0
6.0
596.0
1.0
3.0
3.0
1.0
3.0
1.0
15.0
31.0
1.0
347.0
1.0
465.0
1.0
1.0
17.0
57.0
5.0
1.0
1.0
43.0
1.0
1.0
1.0
1896.0
3.0
1.0
1.0
5.0
3.0
1.0
3.0
3.0
3.0
77.0
685.0
3.0
1.0
40.0
1.0
13.0
3.0
11.0
6.0
1057.0
1.0
5.0
2.0
16.0
1.0
2.0
3.0
32.0
3.0
1.0
7.0
6.0
5.0
2400.0
3.0
21.0
3.0
2.0
1.0
691.0
41.0
3.0
5.0
103.0
2.0
43.0
79.0
2.0
1.0
18.0
2.0
3.0
2.0
1095.0
2.0
4.0
7190.0
454.0
75.0
1.0
3.0
1.0
3.0
27.0
13.0
55.0
9.0
3.0
2.0
25.0
3.0
1.0
1.0
36.0
1000.0
8.0
1.0
1225.0
1.0
102.0
1.0
8.0
2.0
21.0
1.0
2.0
1154.0
1.0
13.0
3.0
1.0
8.0
1.0
40.0
1.0
9.0
23.0
27.0
979.0
43.0
50.0
8.0
19.0
2.0
2.0
4.0
102.0
7.0
98.0
3.0
2.0
5.0
879.0
1.0
1.0
24.0
5.0
3.0
2.0
6.0
1.0
1.0
3.0
4.0
35.0
19.0
351.0
69.0
17.0
1.0
9.0
31.0
76.0
1.0
1397.0
3.0
3.0
351.0
2.0
1.0
1.0
2.0
1.0
75.0
76.0
1.0
1.0
1.0
3.0
83.0
1.0
28.0
107.0
4.0
21.0
1.0
823.0
1.0
3.0
1.0
1.0
3.0
74.0
3.0
1.0
3.0
1257.0
1458.0
4.0
115.0
2.0
5.0
5.0
11548.0
77.0
4.0
186.0
3.0
282.0
105.0
152.0
1.0
9.0
3.0
5228.0
1.0
3.0
2.0
1.0
22.0
38.0
351.0
14.0
1.0
8.0
7.0
3.0
448.0
1.0
3.0
16.0
1.0
467.0
809.0
3.0
146.0
1.0
12.0
6.0
426.0
543.0
1.0
3.0
1.0
8.0
3.0
3.0
3.0
1.0
61.0
4.0
1.0
112.0
105.0
2.0
512.0
119.0
1.0
3.0
351.0
2.0
1.0
6.0
44.0
1.0
1.0
369.0
1.0
24.0
36.0
5.0
2.0
226.0
46.0
400.0
2.0
509.0
76.0
17.0
6.0
17.0
3.0
4.0
1.0
1.0
3.0
6.0
43.0
1.0
7.0
1.0
14.0
102.0
100.0
24.0
12.0
29.0
10.0
9.0
3.0
5.0
1.0
30.0
1.0
5.0
426.0
5.0
1.0
2.0
2.0
467.0
1.0
1.0
3.0
58.0
680.0
50.0
2.0
1.0
19.0
28.0
5.0
2386.0
3.0
167.0
1.0
286.0
6317.0
167.0
1.0
4.0
6.0
1.0
1.0
783.0
1.0
11.0
3.0
1.0
4.0
3.0
3.0
75.0
4.0
5.0
342.0
8.0
806.0
2.0
4.0
1.0
5.0
7.0
2.0
3.0
1.0
3688.0
1.0
2.0
23.0
3.0
3.0
1.0
542.0
3.0
12.0
372.0
21.0
8.0
3.0
2878.0
2.0
2.0
1.0
6.0
109.0
7.0
1148.0
2.0
3.0
17.0
1.0
1.0
550.0
2.0
1.0
1.0
3.0
1.0
6.0
1.0
1.0
4.0
2619.0
101.0
4.0
17.0
1.0
24.0
3.0
8.0
1.0
14.0
1.0
1.0
2.0
4.0
1.0
33.0
3.0
1.0
8.0
5.0
3.0
8.0
1.0
1.0
292.0
3.0
1.0
33.0
179.0
3.0
1.0
2.0
2.0
1.0
4.0
1.0
3.0
1.0
951.0
30.0
3.0
1.0
2.0
6.0
82.0
4.0
2.0
288.0
36.0
1.0
1.0
118.0
1.0
192.0
661.0
19.0
6.0
2.0
138.0
72.0
346.0
174.0
1.0
288.0
32.0
1.0
1.0
1.0
255.0
1.0
1.0
4.0
1.0
9.0
1.0
100.0
6.0
35.0
3.0
4.0
1.0
1.0
20.0
65.0
1.0
6.0
5.0
6.0
6.0
8.0
2.0
1.0
4.0
1.0
1.0
1.0
17.0
287.0
308.0
3.0
232.0
43.0
148.0
17.0
3.0
1.0
12.0
23.0
9.0
1.0
5.0
457.0
18.0
281.0
961.0
2.0
207.0
1.0
2.0
1.0
2.0
3.0
24.0
3.0
85.0
1.0
13.0
4.0
6.0
1.0
1.0
3.0
12.0
1.0
1027.0
1.0
47.0
3.0
1.0
19.0
16.0
6.0
1.0
438.0
454.0
4.0
1004.0
1.0
70.0
444.0
38.0
1.0
76.0
1.0
4.0
1.0
386.0
38.0
586.0
10.0
1.0
41.0
779.0
1.0
5.0
1.0
28.0
1871.0
1.0
3.0
2.0
1.0
676.0
338.0
288.0
1.0
1.0
3.0
72.0
1.0
1.0
377.0
1.0
13.0
1.0
9.0
3.0
359.0
8.0
52.0
1.0
8.0
1.0
81.0
1.0
116.0
1.0
4.0
1.0
1.0
1.0
3.0
3.0
1.0
5.0
65.0
1.0
1.0
11.0
5.0
2.0
1.0
1.0
134.0
1.0
2.0
4.0
46.0
21.0
351.0
3.0
1.0
3.0
255.0
2.0
1.0
1.0
8.0
8.0
67.0
2.0
1.0
3.0
1.0
3.0
3.0
38.0
1.0
2.0
16.0
2.0
11.0
1.0
417.0
338.0
67.0
2.0
1.0
10.0
1.0
6.0
13.0
26.0
1.0
4.0
1.0
1012.0
2.0
4.0
2.0
3.0
1.0
3.0
3.0
15.0
206.0
1.0
7.0
1.0
5.0
84.0
1.0
278.0
23.0
1.0
3.0
2.0
59.0
296.0
517.0
2.0
1.0
2.0
3.0
7.0
3.0
6.0
22.0
594.0
1.0
3.0
1264.0
3.0
152.0
1.0
2.0
1192.0
2.0
8.0
42.0
6.0
2.0
4.0
24.0
2.0
4.0
2.0
374.0
3.0
3.0
1.0
3.0
2.0
44.0
1.0
2.0
7.0
142.0
5.0
11.0
18.0
643.0
3.0
1.0
29.0
2.0
1.0
160.0
70.0
348.0
8.0
27.0
1.0
1.0
1238.0
4.0
1.0
2.0
1.0
1.0
7.0
4.0
1.0
1.0
16465.0
9.0
1.0
1.0
4.0
14175.0
2.0
1.0
811.0
6.0
1.0
86.0
375.0
714.0
3.0
1.0
9.0
290.0
2.0
1.0
444.0
1.0
3.0
64.0
19.0
1.0
15.0
2.0
1.0
4081.0
1.0
351.0
1.0
1.0
7355.0
3.0
1.0
5.0
1.0
6.0
1072.0
3.0
1.0
1.0
1.0
24.0
7.0
4445.0
2.0
16.0
1.0
1.0
8.0
2.0
351.0
3.0
4.0
3.0
12.0
1.0
2.0
157.0
2.0
1.0
1.0
804.0
1.0
24.0
1.0
1.0
3.0
7.0
1.0
1.0
4.0
1.0
3.0
1833.0
1.0
1.0
1.0
187.0
3.0
172.0
2.0
5.0
20.0
22.0
61.0
1.0
2.0
480.0
1432.0
5.0
961.0
3.0
1.0
1.0
12.0
3.0
33.0
1.0
4.0
22.0
4.0
13.0
1.0
3.0
2.0
7.0
3.0
611.0
1.0
2.0
7.0
10.0
1.0
32.0
2.0
80.0
7.0
1.0
1.0
1.0
3.0
2.0
44.0
2.0
62.0
1.0
5.0
1.0
291.0
8.0
4.0
8.0
3.0
1624.0
24.0
1.0
1.0
1.0
11.0
3.0
3.0
2.0
3.0
3.0
84.0
9.0
3.0
3.0
5.0
1.0
4.0
1.0
12.0
1.0
22.0
1.0
3.0
3.0
2.0
1.0
1.0
3.0
17.0
1.0
81.0
1.0
1.0
9.0
1.0
1.0
4.0
16.0
49.0
350.0
22.0
1.0
9.0
3.0
376.0
3.0
2.0
3.0
97.0
374.0
2678.0
1.0
3.0
17.0
1.0
1.0
22.0
1.0
44.0
550.0
3.0
1.0
2.0
17.0
13.0
284.0
31.0
1055.0
1.0
1.0
11.0
19.0
5.0
2.0
957.0
91.0
18.0
20.0
1.0
52.0
3.0
399.0
2.0
1.0
3.0
15.0
882.0
1.0
1.0
5.0
1.0
1.0
2.0
1.0
11.0
2.0
14385.0
3.0
2.0
3.0
4.0
1.0
5.0
3.0
18.0
117.0
1.0
97.0
1143.0
4.0
3.0
1177.0
2.0
8.0
1735.0
3.0
5.0
6.0
1.0
91.0
3.0
1.0
1.0
5.0
2.0
9.0
2.0
1.0
1.0
35.0
31.0
2.0
28.0
3.0
3.0
70.0
55.0
9.0
4.0
3.0
8.0
34.0
457.0
1.0
1.0
3.0
21.0
3251.0
4.0
3.0
10.0
1.0
3.0
2.0
1.0
1.0
52.0
1.0
3.0
3.0
48.0
158.0
43.0
68.0
45.0
686.0
4.0
99.0
3.0
17.0
3.0
2.0
3.0
105.0
9.0
49.0
4.0
1.0
17.0
64.0
298.0
3.0
142.0
3.0
1.0
1.0
7.0
12.0
4.0
10.0
3.0
1.0
68.0
45.0
19.0
16.0
4.0
56.0
4.0
6.0
379.0
4.0
1.0
1.0
1.0
1.0
1.0
1.0
2.0
1.0
1849.0
66.0
1.0
1.0
785.0
1002.0
5.0
1.0
1579.0
3.0
1.0
1582.0
1.0
34.0
1.0
32.0
464.0
680.0
22.0
1.0
2656.0
7.0
313.0
12.0
19.0
2769.0
3.0
589.0
14.0
10.0
2.0
355.0
2.0
64.0
4.0
2.0
3.0
1.0
3.0
1.0
4.0
3.0
4.0
3.0
1.0
1.0
1292.0
110.0
789.0
4.0
1.0
296.0
21.0
3.0
1592.0
2.0
3.0
4.0
9.0
1.0
3.0
282.0
34.0
1.0
2.0
5.0
1.0
1.0
1.0
1449.0
69.0
1500.0
1.0
9.0
10.0
1.0
3.0
1.0
3.0
300.0
3.0
59.0
1831.0
4.0
40.0
3.0
7.0
3.0
3.0
1.0
3.0
2.0
1.0
406.0
8.0
1388.0
77.0
2.0
1.0
29.0
6.0
1.0
3.0
1.0
185.0
8.0
3.0
1.0
3.0
1.0
167.0
11.0
39.0
77.0
524.0
1.0
154.0
399.0
3.0
1.0
1.0
1.0
1.0
1.0
3.0
150.0
2.0
3.0
5.0
88.0
10.0
2.0
3.0
607.0
118.0
1.0
139.0
1.0
688.0
57.0
3.0
1.0
1.0
115.0
3.0
1.0
20.0
1.0
3.0
1.0
21.0
11.0
155.0
17.0
1.0
1.0
1755.0
1.0
815.0
249.0
1.0
3.0
43.0
138.0
3.0
11.0
1.0
1.0
1.0
95.0
3.0
45.0
77.0
5.0
1.0
11.0
1.0
1.0
12.0
66.0
24.0
1.0
3.0
1.0
1.0
1.0
2.0
1.0
1.0
2.0
12.0
11.0
3.0
1.0
1.0
3.0
1.0
1.0
414.0
3.0
1.0
1.0
10.0
1.0
65.0
3.0
3.0
3.0
798.0
3005.0
34.0
442.0
3.0
3.0
426.0
1.0
51.0
290.0
17.0
1.0
13.0
8.0
1.0
445.0
3.0
53.0
3.0
1.0
1.0
1.0
14.0
1.0
1612.0
1.0
11.0
2.0
2.0
351.0
2.0
1.0
5.0
9.0
1.0
282.0
3.0
1192.0
2.0
2.0
793.0
5.0
3.0
1.0
1.0
1378.0
129.0
6.0
1.0
58.0
98.0
3.0
24.0
8.0
24.0
5.0
8.0
5.0
31.0
26.0
21.0
1.0
2.0
13.0
1.0
1.0
3.0
1.0
837.0
1.0
6.0
1511.0
1.0
112.0
1.0
1.0
6.0
3.0
1.0
2.0
2.0
8.0
8.0
574.0
1.0
17.0
42.0
1.0
3.0
18.0
2601.0
18.0
8.0
4.0
14.0
4.0
51.0
2.0
11.0
1.0
1.0
6348.0
9.0
125.0
3.0
10.0
45.0
3.0
1.0
7.0
1.0
2.0
6.0
48.0
3.0
4.0
3.0
1310.0
3.0
3.0
1.0
2.0
1.0
15.0
1.0
261.0
1.0
12.0
2575.0
1.0
1.0
246.0
696.0
1.0
20.0
230.0
365.0
1.0
94.0
3.0
8.0
1.0
1.0
1.0
17.0
13.0
1.0
2.0
2.0
1.0
203.0
6.0
3525.0
12.0
3.0
1.0
73.0
1264.0
5.0
675.0
8.0
3.0
33.0
9.0
3.0
2.0
1.0
1.0
1.0
3.0
3.0
1.0
611.0
6.0
2.0
3.0
9.0
1.0
3.0
67.0
19.0
3.0
5.0
446.0
2.0
1.0
1.0
3.0
3.0
715.0
3.0
2.0
2.0
2.0
18.0
3.0
35.0
2.0
4.0
21.0
1.0
21.0
2.0
2.0
1.0
3.0
444.0
142.0
1.0
1.0
3.0
1178.0
3.0
3.0
1.0
1.0
1.0
8.0
2.0
3.0
1.0
3.0
3.0
1.0
2.0
19.0
1.0
1.0
1.0
3.0
2.0
1.0
1.0
1.0
1.0
1.0
9.0
10.0
297.0
89.0
137.0
36.0
6.0
178.0
28.0
38.0
24.0
7.0
1.0
1.0
19.0
5.0
1.0
148.0
12.0
22.0
9.0
2.0
2.0
10.0
2.0
4.0
3.0
1.0
1.0
3.0
5124.0
109.0
14.0
1224.0
3.0
2.0
79.0
2.0
43.0
4.0
8.0
1.0
10.0
18.0
4.0
878.0
2.0
8.0
2.0
1.0
138.0
31.0
1.0
3.0
102.0
1.0
679.0
2.0
1.0
19.0
3.0
3.0
1314.0
1.0
4.0
3.0
1.0
5.0
8.0
16.0
3.0
1.0
2.0
35.0
5.0
3.0
460.0
1.0
3.0
2.0
7.0
1.0
1.0
1.0
1.0
246.0
1.0
1966.0
1.0
3.0
1.0
31.0
2.0
1.0
1.0
3.0
1.0
1.0
4.0
1.0
4.0
1049.0
3.0
2116.0
128.0
758.0
16.0
8.0
1029.0
4530.0
37.0
8.0
7446.0
1.0
9.0
12.0
1.0
2.0
2.0
3.0
1.0
3.0
4.0
1.0
3.0
1.0
1.0
6207.0
1.0
1.0
1.0
1.0
31.0
1.0
7.0
4.0
10.0
1.0
1.0
6.0
31.0
5.0
5.0
1.0
3.0
338.0
8.0
3.0
4.0
5.0
15.0
9.0
1109.0
92.0
9.0
2.0
2.0
1.0
1.0
24.0
3.0
42.0
3.0
1.0
2.0
580.0
1.0
5.0
74.0
3.0
1.0
1.0
1.0
2.0
1.0
1.0
1608.0
74.0
1.0
1.0
13.0
2.0
55.0
116.0
29.0
2.0
34.0
14.0
3.0
8.0
8.0
2.0
1.0
36.0
9.0
1.0
1.0
703.0
240.0
50.0
1.0
1.0
1497.0
777.0
1.0
9.0
959.0
2.0
32.0
1.0
20.0
5.0
6.0
138.0
3.0
1.0
66.0
2.0
1018.0
288.0
1.0
2.0
1.0
70.0
66.0
2.0
12.0
19.0
3.0
1.0
1.0
3.0
323.0
31.0
20.0
1.0
1.0
1.0
1.0
1.0
1.0
549.0
165.0
4.0
4.0
3.0
7.0
3.0
16.0
5.0
1420.0
8.0
5.0
20.0
3.0
8.0
2.0
9.0
1.0
657.0
17.0
2.0
65.0
30.0
211.0
3.0
18.0
2.0
311.0
1.0
2.0
4.0
1.0
5.0
87.0
77.0
3.0
1.0
1.0
1.0
1.0
50.0
1.0
1.0
282.0
21.0
3.0
23.0
5.0
3.0
3.0
25.0
1.0
4.0
387.0
26.0
3.0
15.0
225.0
2.0
3.0
93.0
18.0
19.0
1.0
3.0
1.0
1.0
13.0
24.0
15.0
10.0
8.0
7.0
90.0
2.0
4.0
253.0
45.0
15.0
1.0
17.0
4.0
3.0
1.0
289.0
1.0
123.0
4.0
370.0
1.0
1.0
9.0
1.0
621.0
104.0
1.0
3.0
5.0
1.0
1.0
3.0
123.0
16.0
1.0
43.0
4.0
14.0
2.0
3.0
3.0
2.0
1.0
1.0
1.0
5.0
84.0
17.0
1.0
129.0
1.0
1.0
31.0
3.0
1.0
5.0
40.0
1.0
1.0
1.0
1155.0
12.0
2.0
106.0
1.0
72.0
2.0
191.0
101.0
2.0
1.0
2.0
365.0
3.0
5.0
3.0
2.0
6.0
2.0
24.0
7.0
14.0
28.0
737.0
1.0
34.0
1139.0
2.0
301.0
6391.0
17.0
13.0
105.0
26.0
17.0
3.0
9.0
5.0
2.0
4.0
22.0
3.0
15.0
4.0
98.0
2.0
864.0
2.0
2.0
18.0
1.0
1.0
3.0
2.0
3.0
3.0
81.0
8.0
47.0
2.0
1.0
1.0
1.0
48.0
13.0
1.0
4.0
31.0
1.0
4.0
1.0
3.0
1.0
3.0
14.0
512.0
4.0
1.0
1.0
33.0
4.0
7.0
21.0
1.0
1.0
376.0
1.0
31.0
1.0
1.0
3.0
697.0
38.0
2.0
1.0
6.0
1.0
15.0
3.0
2.0
8.0
1.0
1.0
2.0
1.0
47.0
4.0
3.0
21.0
3.0
14.0
1.0
7.0
15.0
5.0
1.0
1820.0
1.0
40.0
2.0
16.0
1606.0
5.0
4.0
1691.0
5.0
2.0
25.0
1.0
2.0
1.0
1.0
6.0
2.0
10.0
3.0
416.0
2.0
256.0
6.0
2.0
638.0
1.0
10.0
1.0
664.0
2.0
3.0
72.0
2.0
4.0
1.0
24.0
1341.0
3.0
1.0
1.0
3.0
1.0
2.0
288.0
1.0
1.0
245.0
1.0
24.0
441.0
3.0
3.0
18.0
1.0
12.0
4.0
1.0
3.0
319.0
1683.0
1.0
233.0
3.0
1.0
5.0
1.0
31.0
119.0
1.0
7.0
1.0
7.0
21.0
1.0
1444.0
44.0
2.0
628.0
7.0
6.0
2.0
2.0
3.0
10.0
1009.0
2.0
1.0
1.0
1.0
79.0
1.0
2.0
5.0
9.0
1.0
6.0
156.0
927.0
7114.0
5.0
3.0
153.0
4.0
5.0
1.0
32.0
2.0
62.0
4.0
1.0
670.0
11.0
31.0
4.0
5.0
674.0
3.0
3.0
12.0
22.0
4.0
4.0
6.0
4.0
1.0
1.0
149.0
16.0
1.0
3766.0
236.0
3.0
13.0
1.0
79.0
1.0
3.0
5.0
3.0
326.0
3.0
10002.0
68.0
9.0
2.0
1.0
117.0
3.0
282.0
5.0
410.0
274.0
4.0
436.0
2.0
2.0
3.0
4.0
2.0
52.0
7.0
1.0
15.0
1.0
16.0
1.0
10.0
64.0
2.0
14.0
1.0
3.0
10.0
2.0
1324.0
1.0
3.0
99.0
24.0
5.0
16.0
1.0
3.0
3.0
4516.0
19.0
1.0
642.0
7.0
3.0
158.0
1.0
965.0
64.0
66.0
2.0
7.0
3.0
19.0
65.0
1.0
578.0
140.0
4566.0
193.0
47.0
47.0
1.0
65.0
2.0
164.0
12.0
3.0
7.0
596.0
3.0
17.0
1.0
3.0
1.0
1.0
16.0
1.0
1.0
20404.0
2.0
2.0
13.0
16.0
4.0
15.0
858.0
10.0
3644.0
84.0
16.0
31.0
7.0
1.0
8.0
254.0
3.0
3.0
13.0
8.0
3.0
1.0
11.0
809.0
1.0
2.0
1.0
1.0
1.0
1.0
21.0
224.0
9.0
9.0
2.0
75.0
17.0
1.0
496.0
4.0
16.0
1.0
3427.0
282.0
28.0
1496.0
178.0
2.0
2.0
1.0
1.0
2.0
2.0
278.0
24.0
402.0
562.0
1.0
1.0
17.0
1.0
2.0
24.0
276.0
3.0
2.0
1.0
2.0
1.0
1.0
3.0
8.0
1.0
3.0
3.0
3.0
1.0
1.0
10.0
3.0
105.0
3.0
3.0
10.0
2.0
4.0
2.0
1.0
1.0
1.0
81.0
73.0
596.0
1.0
45.0
3.0
2.0
173.0
2.0
1.0
19.0
1.0
119.0
64.0
2.0
7.0
1.0
3.0
1.0
51.0
932.0
3.0
1.0
1.0
379.0
1.0
102.0
1.0
1087.0
2.0
27.0
1.0
18.0
1449.0
13.0
12.0
21.0
2.0
2.0
2.0
3.0
1.0
512.0
14.0
22.0
5.0
5.0
5.0
79.0
80.0
3.0
5.0
3.0
3.0
149.0
3.0
4.0
1.0
3.0
31.0
4.0
9.0
19.0
1314.0
4.0
24.0
1.0
6.0
172.0
3.0
6.0
1.0
194.0
4.0
1.0
4.0
2.0
1.0
3.0
5.0
12.0
143.0
40.0
11.0
2.0
42.0
2.0
3.0
5.0
2.0
1.0
16.0
4051.0
13690.0
1.0
1486.0
5.0
1.0
4.0
758.0
1.0
5.0
8.0
1623.0
3.0
1.0
10.0
1588.0
1.0
21.0
216.0
2.0
41.0
1.0
76.0
3.0
9.0
1.0
2.0
6.0
2.0
41.0
2.0
7.0
806.0
2.0
17.0
3.0
3.0
3.0
272.0
147.0
87.0
1.0
1.0
3.0
4.0
2.0
2.0
46.0
3.0
1.0
1.0
2.0
337.0
286.0
9.0
1.0
3.0
3.0
1.0
106.0
2.0
2.0
2.0
3.0
2.0
3.0
6.0
1.0
311.0
1.0
1.0
1.0
6.0
10.0
1.0
96.0
16.0
8.0
2.0
1.0
1.0
284.0
279.0
2.0
3.0
1.0
3.0
326.0
6.0
71.0
1.0
12.0
2.0
2.0
1.0
132.0
1.0
9.0
1.0
1.0
4.0
2.0
24.0
24.0
421.0
67.0
166.0
1.0
980.0
1.0
3.0
5.0
3.0
2.0
1.0
34.0
3.0
3.0
1.0
1384.0
1.0
1.0
632.0
23.0
10.0
1.0
3.0
31.0
3.0
24.0
1.0
19.0
10.0
3.0
2.0
10.0
8.0
2.0
3.0
1.0
119.0
2147.0
182.0
1.0
115.0
2907.0
3.0
1472.0
3.0
13.0
12.0
3.0
1.0
29.0
3.0
28.0
4.0
1.0
3.0
3.0
1.0
100.0
36.0
2.0
13.0
124.0
12.0
2.0
2.0
59.0
6.0
2.0
1.0
2.0
3.0
244.0
1.0
1902.0
1.0
2.0
7.0
1.0
1.0
1.0
1.0
1.0
5992.0
3.0
1.0
1.0
1.0
32.0
3.0
10.0
13.0
3.0
1.0
783.0
5.0
6.0
3.0
1.0
106.0
33.0
1.0
8.0
3.0
5492.0
1.0
2.0
1.0
1.0
1.0
2033.0
211.0
217.0
1207.0
1063.0
1.0
3.0
1.0
3.0
3.0
3.0
22.0
2.0
1.0
3.0
303.0
22.0
193.0
4.0
1097.0
1.0
1.0
1.0
1.0
2.0
3166.0
221.0
6.0
1.0
1.0
156.0
15.0
13.0
162.0
5.0
4.0
2.0
165.0
370.0
138.0
6.0
8.0
720.0
83.0
4.0
1.0
105427.0
467.0
21358.0
4.0
3.0
4.0
1.0
16.0
3.0
1.0
1.0
2.0
7.0
17.0
1.0
205.0
4.0
596.0
2.0
20.0
1.0
3.0
6.0
6.0
3.0
4.0
1.0
3.0
6.0
5.0
3.0
3204.0
1.0
1.0
4.0
3.0
4.0
1.0
5.0
6.0
4.0
1.0
23.0
5.0
1.0
95.0
2.0
4.0
1.0
1.0
1.0
2.0
1.0
133.0
3.0
797.0
258.0
152.0
8.0
3.0
3.0
1018.0
6.0
1.0
2.0
281.0
11564.0
3.0
40.0
482.0
3.0
8.0
127.0
1.0
4.0
187.0
3.0
703.0
9.0
2.0
28.0
897.0
372.0
3.0
39.0
19.0
2.0
46.0
8.0
3.0
8.0
1.0
2584.0
3.0
40.0
2605.0
1.0
1.0
1.0
71.0
3.0
1.0
13.0
40.0
1.0
3.0
3.0
1314.0
34.0
1.0
22.0
2.0
5.0
9.0
1.0
115.0
51.0
1.0
46.0
59.0
1.0
3.0
13.0
948.0
4.0
2.0
1.0
2.0
8.0
1.0
178.0
33.0
9.0
5.0
1.0
97.0
62.0
596.0
36.0
2.0
1616.0
6.0
12.0
16.0
135.0
1.0
33.0
1075.0
17.0
9.0
3.0
1.0
7.0
3.0
3.0
3.0
1.0
1.0
2.0
164.0
16.0
1.0
1.0
1.0
64.0
1.0
1.0
3.0
283.0
19.0
1.0
12.0
29.0
1761.0
454.0
5.0
1.0
3.0
1.0
19.0
1.0
1.0
2306.0
209.0
3.0
10.0
17.0
1.0
10.0
82.0
6.0
12.0
2.0
1.0
1.0
1.0
91.0
85.0
1.0
1.0
23.0
3.0
10.0
2.0
147.0
2.0
1.0
10.0
1.0
4.0
10.0
3.0
142.0
2547.0
107.0
5.0
2.0
2.0
685.0
3.0
14.0
1.0
1.0
1.0
2.0
1.0
3.0
2.0
3.0
3.0
2.0
866.0
143.0
1507.0
2.0
579.0
1.0
12.0
8.0
1.0
5.0
45.0
3.0
5.0
19.0
1.0
2.0
1.0
232.0
1.0
65.0
868.0
1.0
1.0
3.0
4.0
1225.0
22.0
4.0
199.0
2.0
34.0
509.0
6.0
2.0
1.0
1.0
201.0
1.0
1.0
13.0
4.0
1.0
14.0
2.0
3.0
232.0
1.0
172.0
779.0
63.0
1.0
5.0
1.0
1.0
3.0
1.0
25.0
13.0
9.0
2.0
516.0
3.0
1.0
2.0
3.0
19.0
69.0
308.0
3.0
1384.0
3.0
1.0
3.0
19.0
2.0
3.0
60.0
1.0
1.0
1.0
3.0
2.0
9.0
1.0
3.0
6.0
9.0
1.0
138.0
16.0
9.0
2201.0
2.0
3.0
660.0
1.0
48.0
3.0
5.0
3.0
553.0
5.0
23.0
3.0
2.0
87.0
1.0
3.0
2.0
571.0
167.0
3.0
108.0
1647.0
2.0
1.0
1.0
741.0
1.0
722.0
2.0
123.0
1.0
2.0
3.0
2.0
2.0
278.0
2.0
161.0
1.0
3.0
1.0
1.0
9.0
19.0
288.0
1.0
1120.0
1.0
1.0
82.0
18.0
2819.0
11.0
3.0
1.0
3.0
9.0
1.0
1.0
3.0
1.0
176.0
2.0
6.0
43.0
254.0
1.0
978.0
538.0
11.0
1.0
6.0
7.0
1.0
3.0
8.0
62.0
1.0
11.0
10.0
7.0
1.0
5.0
9.0
1.0
586.0
5.0
6.0
3.0
895.0
1194.0
1.0
1.0
3.0
136.0
2.0
205.0
1.0
7.0
21.0
1666.0
749.0
3.0
1.0
1.0
3.0
1.0
9.0
14.0
4.0
609.0
2.0
4.0
1587.0
90.0
4.0
1.0
13.0
7.0
1.0
3.0
2.0
84.0
60.0
11.0
23.0
2.0
1.0
1.0
1.0
248.0
2.0
3.0
1.0
16.0
1940.0
2.0
1.0
3.0
157.0
41.0
3.0
1.0
114.0
110.0
296.0
1.0
4.0
1.0
1.0
3.0
47.0
5.0
7.0
1.0
704.0
1.0
2.0
464.0
24.0
6.0
9.0
2.0
3.0
1.0
1940.0
40.0
21.0
3.0
240.0
2.0
3.0
1.0
3.0
3.0
3.0
6.0
1209.0
262.0
1.0
33.0
1.0
5.0
2.0
2.0
47.0
57.0
1.0
1.0
710.0
116.0
17.0
638.0
45.0
28.0
1.0
4.0
1.0
3.0
17.0
2.0
6745.0
3.0
1.0
1.0
3.0
3.0
2.0
1100.0
2.0
878.0
124.0
3.0
2.0
1.0
305.0
3.0
3.0
24.0
1.0
1.0
57.0
3.0
658.0
1.0
3.0
66.0
2.0
9.0
1.0
13145.0
1.0
1.0
1.0
1.0
3.0
72.0
22.0
1.0
1.0
1.0
23.0
4.0
3.0
1.0
4.0
52.0
1.0
1.0
4.0
3.0
3.0
9.0
1.0
2.0
1.0
65.0
2.0
316.0
4.0
3.0
3.0
1.0
8.0
2.0
9.0
65.0
1.0
1.0
401.0
8.0
4.0
4.0
279.0
16.0
28.0
1.0
2.0
1.0
3.0
8.0
1.0
85.0
24.0
5.0
1.0
46.0
7.0
793.0
8.0
1.0
5.0
8.0
3.0
2.0
3.0
808.0
12.0
4.0
214.0
666.0
1.0
2.0
1.0
3.0
19.0
24.0
3.0
1126.0
2.0
1.0
24.0
43.0
1.0
83.0
2.0
7.0
1.0
3.0
30.0
69.0
3.0
18.0
15.0
1.0
35.0
6.0
43.0
55.0
7.0
3.0
2.0
3.0
1.0
12.0
13.0
3.0
3.0
30.0
10.0
1.0
265.0
1.0
6.0
1.0
56.0
3.0
1.0
9.0
1.0
2.0
338.0
1.0
3.0
1.0
70.0
31.0
12.0
6.0
5.0
1.0
24.0
3.0
4.0
1.0
2.0
1.0
1303.0
1.0
104.0
51.0
3.0
3.0
3.0
1723.0
30.0
24.0
2.0
12.0
49.0
4.0
7.0
1.0
1.0
2.0
111.0
3.0
2.0
11088.0
2.0
2105.0
3.0
23.0
2.0
3.0
46.0
14385.0
2.0
12.0
7.0
3.0
4.0
14.0
4.0
7.0
1.0
6.0
310.0
4.0
21.0
481.0
3.0
1.0
5.0
2.0
1.0
4.0
5.0
1456.0
2.0
1.0
2.0
4.0
3.0
3.0
11.0
1.0
475.0
1.0
1.0
3.0
415.0
1.0
1.0
1.0
3.0
5.0
31.0
2.0
3.0
53.0
1.0
1.0
383.0
7.0
12.0
19.0
3.0
3.0
13.0
5.0
27.0
1.0
1.0
1.0
3.0
4168.0
63.0
1.0
4.0
1.0
44.0
2.0
3.0
11.0
1320.0
246.0
5.0
1.0
2277.0
1.0
1.0
543.0
301.0
4.0
3.0
3.0
1.0
3.0
6.0
4.0
23.0
26.0
4.0
696.0
1.0
351.0
1.0
3.0
1.0
1.0
6.0
3.0
69.0
30.0
3.0
1.0
1.0
3.0
109.0
1.0
1.0
1.0
3.0
1.0
8.0
10.0
1.0
14.0
1.0
1.0
13714.0
91.0
540.0
2139.0
3.0
82.0
1.0
34.0
1.0
3.0
3.0
4.0
4.0
13.0
33.0
1.0
1.0
3.0
1.0
2.0
3.0
2.0
1.0
1.0
9.0
6.0
288.0
1.0
2.0
1.0
1.0
229.0
69.0
114.0
7.0
19.0
26.0
108.0
1.0
4.0
1.0
1.0
202.0
4.0
2594.0
543.0
1.0
2.0
619.0
1.0
9.0
2.0
2.0
2.0
2.0
19.0
3.0
59.0
1.0
11.0
1.0
1.0
1.0
1.0
3.0
1.0
3640.0
3.0
1.0
5.0
19.0
86.0
630.0
6.0
2.0
4.0
2.0
2.0
3.0
51.0
3.0
1.0
1.0
1.0
1.0
98.0
3.0
2.0
1.0
56.0
1.0
58.0
11265.0
9.0
1.0
13.0
1.0
32.0
7.0
920.0
9.0
85.0
2.0
138.0
485.0
1.0
69.0
1260.0
10.0
1.0
23.0
52.0
3.0
13.0
17.0
75.0
1.0
2.0
112.0
16528.0
1.0
206.0
285.0
2.0
346.0
10.0
4.0
2.0
1.0
9.0
13.0
1296.0
12.0
1.0
38.0
1.0
575.0
29.0
2.0
1.0
2.0
2.0
1.0
1.0
18.0
45.0
512.0
394.0
2.0
10.0
1.0
1342.0
1.0
1.0
42.0
6.0
1.0
2.0
1.0
3.0
26.0
3.0
1.0
11.0
914.0
2.0
6.0
11.0
1.0
9.0
2.0
282.0
794.0
2.0
186.0
3.0
52.0
2.0
299.0
1.0
12.0
5.0
2.0
1.0
3.0
2.0
1742.0
3.0
32.0
4.0
1.0
34.0
1.0
1.0
3.0
9.0
370.0
405.0
102.0
734.0
232.0
1.0
65.0
1.0
9.0
7.0
38.0
7.0
1.0
1.0
5.0
4.0
2.0
2.0
9.0
2.0
8.0
1.0
19.0
2.0
1.0
1.0
374.0
1.0
5.0
351.0
2.0
22.0
7.0
102.0
3.0
1.0
2.0
3.0
2.0
14.0
122.0
2.0
205.0
551.0
1.0
38.0
3.0
51.0
5.0
1.0
1.0
1.0
86.0
1.0
27.0
1.0
3.0
830.0
2.0
555.0
32.0
602.0
9.0
24.0
3.0
10520.0
1018.0
4.0
1.0
2.0
1.0
2.0
1494.0
14385.0
14.0
3.0
1.0
39.0
886.0
5.0
16.0
11.0
1.0
3.0
1.0
4.0
3.0
3.0
1829.0
3.0
3.0
1203.0
14.0
4.0
2.0
1.0
1.0
19.0
5.0
2.0
1.0
10.0
24.0
2.0
3.0
377.0
3.0
428.0
8.0
2.0
9.0
8.0
3.0
3.0
43.0
18.0
3.0
1.0
163.0
1.0
3.0
13.0
3.0
1.0
702.0
3.0
1632.0
3.0
3.0
1.0
2615.0
1.0
30.0
3.0
569.0
1.0
1.0
24.0
5562.0
4500.0
91.0
1.0
19.0
4444.0
2.0
2.0
71.0
1.0
404.0
5.0
2.0
26.0
10.0
3.0
2.0
22.0
30.0
1674.0
3.0
3.0
3.0
1.0
18.0
3.0
1.0
1.0
2.0
53.0
67.0
35.0
65.0
217.0
283.0
3.0
3.0
1.0
6.0
1.0
2.0
3.0
2.0
20.0
8.0
1.0
4.0
1.0
123.0
4.0
3.0
2.0
2.0
1.0
3.0
1.0
65.0
7379.0
2.0
1.0
23.0
61.0
5.0
1.0
1.0
5601.0
1.0
1.0
3.0
4.0
1.0
635.0
1.0
2.0
1.0
119.0
1.0
3.0
10.0
3.0
1.0
1225.0
31.0
72.0
663.0
2.0
1.0
1.0
2.0
3.0
9.0
9.0
2.0
42.0
1.0
1002.0
3.0
98.0
2.0
38.0
3.0
328.0
2.0
34.0
1.0
3.0
1.0
2.0
1.0
18.0
231.0
1.0
1696.0
12.0
413.0
1.0
48.0
36.0
1736.0
3.0
1.0
3.0
3.0
1.0
1.0
20.0
61.0
31.0
1.0
4.0
3.0
3.0
37.0
2.0
427.0
649.0
2.0
1.0
1.0
1.0
3.0
3.0
1.0
28.0
2.0
1.0
2.0
1.0
4.0
1755.0
2.0
1.0
8.0
5.0
1306.0
8.0
293.0
3.0
2.0
1.0
3.0
1.0
11.0
821.0
3.0
13.0
1.0
1.0
8.0
12.0
1.0
2.0
33.0
1.0
11.0
44.0
1.0
3.0
136.0
1.0
3.0
1.0
2.0
27.0
10.0
3.0
68.0
682.0
70.0
3.0
972.0
19.0
5.0
860.0
884.0
1.0
19.0
97.0
3.0
260.0
1.0
1.0
1.0
14.0
50.0
1.0
399.0
3.0
3.0
21.0
1093.0
1.0
128.0
1593.0
62.0
147.0
3.0
157.0
1.0
1.0
6.0
6.0
1891.0
10.0
1.0
2.0
279.0
166.0
3960.0
7.0
27.0
736.0
11.0
17.0
351.0
58.0
4.0
1.0
3.0
1.0
1.0
2.0
24.0
3.0
56.0
2.0
4.0
8.0
1.0
2.0
4.0
32.0
16.0
3.0
351.0
1.0
106.0
6.0
1.0
4.0
59.0
1296.0
2.0
26.0
2.0
1.0
2.0
1049.0
132.0
1.0
1.0
3.0
1.0
6.0
5.0
7.0
194.0
278.0
1.0
158.0
3.0
51.0
19.0
45.0
555.0
153.0
84.0
264.0
351.0
21.0
918.0
79.0
789.0
9.0
3.0
3.0
1.0
23.0
22.0
1.0
1.0
1.0
6.0
2.0
327.0
4.0
3.0
293.0
3.0
1.0
1.0
2.0
2.0
1.0
1331.0
5.0
9.0
3.0
22.0
3.0
330.0
3.0
351.0
181.0
8.0
8.0
3.0
1.0
12.0
207.0
53.0
3.0
3.0
17.0
294.0
2.0
3.0
5.0
457.0
102.0
9.0
3.0
1.0
43.0
338.0
3.0
171.0
30.0
30.0
1.0
47.0
3.0
3.0
1.0
2.0
98.0
19.0
3.0
1.0
5.0
1.0
16.0
351.0
1.0
471.0
1505.0
3.0
1.0
2.0
1.0
3.0
2.0
3.0
969.0
8.0
3.0
3.0
73.0
638.0
22.0
1.0
1.0
4.0
9.0
53.0
10.0
10.0
2171.0
2.0
5.0
1.0
1.0
5.0
27.0
236.0
1018.0
2.0
672.0
3.0
1343.0
40.0
1.0
4.0
4.0
1.0
3.0
870.0
150.0
64.0
1.0
24.0
1.0
2.0
12.0
1.0
854.0
3.0
546.0
3.0
7.0
1.0
28.0
17.0
16.0
9.0
1.0
1.0
14.0
10.0
3.0
1.0
3.0
5.0
1.0
7.0
6.0
9.0
1.0
2.0
4.0
3.0
3.0
10.0
195.0
3.0
3.0
7.0
244.0
1.0
3.0
73.0
7.0
1.0
3.0
1.0
2.0
1.0
543.0
439.0
3.0
21.0
1.0
1018.0
9.0
2185.0
3.0
348.0
9.0
3.0
1.0
4.0
3.0
6.0
363.0
1.0
1.0
3.0
706.0
1.0
2.0
26.0
1.0
1.0
1.0
33.0
9.0
116.0
5.0
214.0
121.0
1.0
2.0
33.0
8.0
45.0
3.0
3.0
3.0
24.0
162.0
5.0
3.0
351.0
1806.0
10.0
3.0
1.0
13.0
2.0
1.0
1.0
7.0
1.0
5.0
252.0
17.0
4445.0
11.0
1.0
39.0
15.0
2.0
2.0
55.0
86.0
32.0
1.0
1.0
103.0
15.0
56.0
71.0
1.0
2.0
1.0
167.0
10.0
4.0
3.0
1.0
73.0
797.0
40.0
3.0
9.0
802.0
200.0
3.0
1.0
9.0
3.0
1.0
14.0
2.0
1.0
5.0
9.0
4.0
1.0
959.0
364.0
1.0
2.0
2.0
3.0
405.0
1.0
12.0
4.0
12.0
17.0
3.0
1.0
1.0
4.0
3.0
3.0
3.0
130.0
11.0
1.0
14.0
1735.0
1.0
3.0
622.0
1.0
9.0
13.0
5.0
3.0
3.0
1.0
1.0
1.0
77.0
100.0
9.0
1.0
1.0
3.0
2.0
2.0
1.0
23.0
97.0
15.0
5.0
18.0
119.0
2.0
2325.0
3.0
6.0
1.0
1325.0
1.0
16.0
14.0
48.0
61.0
236.0
61.0
15.0
1.0
3.0
10.0
166.0
3.0
1.0
101.0
195.0
85.0
105.0
1.0
13.0
5.0
3.0
2.0
1.0
25.0
1.0
94.0
5.0
3.0
1.0
7.0
3.0
48.0
6.0
1.0
4.0
51.0
236.0
2.0
2.0
2.0
1.0
20.0
2.0
1.0
3.0
1.0
957.0
779.0
2440.0
10.0
50.0
45.0
1.0
2.0
4.0
32.0
1300.0
1.0
21.0
1.0
1.0
3.0
13.0
82.0
4.0
2.0
5.0
56.0
2.0
3.0
9.0
3.0
14.0
1.0
1.0
1.0
3.0
4.0
3.0
3.0
1.0
8.0
1.0
2.0
1.0
2.0
18.0
41.0
3.0
1.0
17.0
3.0
3.0
3.0
24.0
1.0
1.0
6.0
9.0
2.0
65.0
3.0
1.0
5.0
28.0
4.0
1.0
1.0
17.0
1.0
8.0
3.0
54.0
3.0
3.0
1.0
3.0
2.0
1.0
3.0
39.0
11.0
34.0
1.0
1.0
23043.0
1.0
123.0
256.0
298.0
261.0
6.0
10.0
88.0
4.0
1.0
2.0
3.0
5.0
2.0
65.0
24.0
229.0
313.0
4.0
1.0
3.0
1.0
2.0
2.0
2.0
1.0
1.0
1.0
1301.0
4.0
3.0
655.0
2.0
1.0
4.0
6.0
28.0
1.0
2.0
1686.0
2057.0
1.0
6.0
9.0
2.0
3.0
2.0
32.0
1.0
1.0
3.0
1008.0
2.0
1.0
8.0
129.0
1117.0
1.0
920.0
1.0
1.0
311.0
1.0
2.0
20.0
2.0
1.0
3.0
1.0
1.0
5.0
3.0
7.0
2.0
319.0
46.0
356.0
1.0
1.0
737.0
1.0
3.0
18.0
2.0
13.0
1.0
1.0
20.0
1.0
17.0
2.0
7.0
7.0
3.0
7.0
1.0
1.0
5.0
1.0
17.0
2.0
1.0
2.0
5.0
1.0
961.0
281.0
151.0
3.0
1428.0
1.0
96.0
58.0
1.0
207.0
3.0
1.0
2.0
3.0
55.0
1.0
24.0
17.0
465.0
3.0
1001.0
3.0
1.0
3.0
16.0
1.0
1.0
1.0
376.0
172.0
4.0
1.0
2.0
1025.0
83.0
2.0
6.0
8.0
3.0
4.0
1.0
935.0
38.0
18.0
121.0
1.0
2.0
4.0
666.0
5.0
1.0
1.0
1.0
25.0
75.0
1.0
4.0
1.0
3.0
69.0
2.0
948.0
3.0
51.0
1.0
4.0
4.0
5.0
3.0
3.0
1.0
1.0
5.0
1.0
2.0
1.0
17.0
847.0
1.0
116.0
1256.0
30.0
543.0
1017.0
3.0
5098.0
1.0
1.0
2.0
1225.0
3.0
1.0
3.0
1.0
48.0
697.0
2.0
1.0
3.0
9.0
2.0
2437.0
1.0
3.0
15.0
3.0
3.0
3.0
2.0
2.0
54.0
387.0
1.0
3.0
1083.0
3.0
3.0
1.0
335.0
1.0
130.0
51.0
2.0
1.0
3.0
1.0
3.0
7.0
2.0
296.0
22.0
1.0
5.0
1.0
134.0
281.0
78.0
27.0
4665.0
3.0
2.0
451.0
1.0
1.0
200.0
192.0
4.0
137.0
1.0
39.0
338.0
427.0
3.0
1.0
3.0
13.0
2.0
24.0
2.0
24.0
83.0
3.0
24.0
2.0
5.0
1.0
1.0
6.0
4.0
3.0
1.0
14.0
16.0
1117.0
1.0
63.0
1.0
3.0
361.0
1.0
397.0
524.0
1.0
1.0
1.0
2.0
4.0
2.0
17.0
2.0
1.0
1.0
3.0
578.0
2.0
1.0
588.0
1.0
3.0
1.0
1.0
2.0
17.0
1.0
1.0
305.0
24.0
59.0
3.0
6.0
76.0
1.0
125.0
3122.0
1.0
74.0
1.0
23.0
3.0
1.0
10.0
18.0
1.0
41.0
7.0
2.0
1.0
1.0
24.0
934.0
3.0
1021.0
2.0
259.0
26.0
3.0
28.0
1.0
104.0
60.0
122.0
70.0
1.0
3.0
3.0
879.0
838.0
24.0
1.0
1902.0
12.0
3.0
6.0
11.0
3.0
2.0
19.0
1.0
24.0
2434.0
5576.0
2.0
23.0
1.0
874.0
3.0
3675.0
3.0
57.0
83.0
17.0
36.0
61.0
104.0
1.0
1.0
3.0
1.0
1.0
1.0
1.0
629.0
10.0
2.0
3.0
2.0
8.0
16.0
41.0
1.0
553.0
129.0
3.0
4.0
243.0
1.0
105.0
10.0
23.0
2.0
2.0
4.0
21.0
3.0
102.0
448.0
334.0
3.0
1.0
315.0
1.0
223.0
1998.0
112.0
4.0
10.0
1.0
1.0
3.0
44.0
1.0
3.0
21.0
19.0
15.0
10.0
1.0
1.0
1.0
1080.0
2.0
1.0
1.0
51.0
11.0
3234.0
351.0
21.0
2.0
2.0
1.0
12.0
22.0
2.0
9.0
1.0
1.0
1.0
8.0
323.0
1.0
9.0
248.0
5.0
8.0
58.0
3.0
3.0
1.0
1.0
8.0
7.0
1.0
60.0
1.0
7.0
1.0
73.0
1.0
6.0
3.0
1.0
4.0
4.0
1.0
3.0
14.0
3.0
1.0
15.0
466.0
41.0
5.0
3.0
3.0
3.0
14.0
1.0
3.0
3.0
2.0
41.0
3.0
20.0
255.0
1.0
109.0
13.0
3.0
41.0
762.0
3.0
8.0
1.0
65.0
20.0
13.0
1.0
3.0
323.0
157.0
19.0
4.0
211.0
240.0
1.0
6.0
92.0
680.0
1.0
18.0
1.0
45.0
1.0
24.0
1.0
8.0
720.0
7.0
1.0
3.0
230.0
126.0
1.0
10.0
1805.0
479.0
1999.0
64.0
71.0
2.0
1.0
4.0
3.0
84.0
3.0
4.0
1.0
1.0
1.0
9.0
319.0
1.0
7.0
2.0
3.0
27.0
1.0
3.0
1.0
3.0
11.0
1.0
13.0
1.0
3.0
496.0
3.0
1303.0
1.0
341.0
12.0
1.0
5.0
9.0
1.0
1.0
1.0
2.0
2.0
3881.0
11.0
3.0
1.0
1.0
3.0
58.0
63.0
3.0
2.0
2.0
3.0
1.0
5.0
15.0
4.0
2.0
7.0
2.0
18.0
1.0
1.0
43.0
3.0
3.0
281.0
4.0
120.0
2.0
2.0
22.0
1.0
33.0
14.0
3.0
2.0
5.0
14.0
156.0
7.0
9.0
135.0
1.0
1.0
1.0
2.0
4227.0
236.0
1.0
5.0
2.0
678.0
2.0
5.0
10.0
5.0
17.0
1.0
2.0
3.0
2.0
11.0
959.0
2.0
369.0
1.0
743.0
2.0
23.0
1.0
3.0
2.0
18.0
3.0
3.0
147.0
2.0
2.0
57.0
3.0
1029.0
466.0
12.0
116.0
294.0
139.0
2.0
3.0
121.0
1.0
16.0
122.0
544.0
92.0
9.0
1.0
697.0
3.0
1.0
801.0
2.0
2.0
51.0
3.0
17.0
3.0
17.0
590.0
32.0
17.0
2.0
2.0
1.0
31.0
1.0
5.0
3.0
1.0
1.0
4.0
1.0
1.0
1.0
108.0
3.0
47.0
12.0
5.0
19.0
1.0
3.0
1272.0
5.0
3.0
1.0
16.0
11.0
2.0
14.0
3.0
25.0
1.0
15.0
1.0
9.0
1.0
1.0
714.0
24.0
1.0
1428.0
1.0
20.0
1.0
1.0
35.0
1640.0
51.0
104.0
4.0
4.0
3.0
1.0
2.0
1.0
16.0
3.0
5.0
421.0
42.0
2.0
3.0
2.0
1.0
6007.0
8.0
303.0
129.0
39.0
5.0
1.0
3.0
1.0
475.0
1.0
802.0
26.0
3.0
3.0
9.0
33.0
3.0
477.0
8.0
37.0
338.0
85.0
4.0
577.0
62.0
1.0
32.0
1.0
3.0
1.0
2.0
75.0
229.0
1.0
438.0
5.0
14.0
123.0
1.0
2.0
1.0
948.0
674.0
2.0
2.0
7.0
1.0
9.0
3.0
177.0
3.0
2.0
17.0
16.0
6850.0
2.0
21.0
7.0
1.0
4.0
3.0
21.0
19.0
31.0
24.0
2.0
3.0
2.0
5.0
1.0
1.0
1.0
55.0
12.0
2620.0
15.0
1.0
3.0
7.0
19.0
11.0
1.0
2.0
68.0
2695.0
1070.0
4.0
2.0
321.0
7.0
17.0
2.0
1.0
282.0
3.0
65.0
299.0
1.0
331.0
10.0
1.0
1.0
1.0
79.0
7.0
463.0
472.0
16.0
2.0
1.0
194.0
4.0
43.0
4.0
2.0
238.0
1633.0
1.0
4.0
1.0
1.0
15.0
18.0
32.0
1.0
1.0
786.0
119.0
4.0
1.0
2.0
2.0
30.0
5.0
2.0
5.0
837.0
3.0
4.0
2.0
1.0
1.0
3.0
7.0
19.0
13.0
1.0
63.0
3.0
47.0
1.0
3.0
3.0
19.0
3.0
1.0
3.0
2.0
1.0
1.0
3.0
3.0
25.0
452.0
1.0
2.0
3.0
505.0
1.0
1.0
9.0
3.0
1.0
1.0
1.0
2.0
2.0
45.0
5.0
157.0
1.0
404.0
1.0
8.0
94.0
2.0
1146.0
29.0
1.0
3.0
88432.0
783.0
4.0
7.0
1595.0
1952.0
1078.0
1.0
2.0
1.0
1.0
3.0
3.0
3.0
1.0
4.0
35.0
145.0
351.0
1574.0
2.0
10.0
10.0
1.0
696.0
7633.0
1.0
1.0
8.0
9.0
1.0
2.0
4.0
1.0
1.0
9.0
7.0
1.0
556.0
8.0
24.0
1.0
3.0
13.0
2.0
2.0
1.0
1.0
9.0
2.0
1.0
11.0
371.0
10.0
16.0
2.0
43.0
3.0
5.0
5.0
2.0
68.0
21.0
2.0
6.0
5.0
1.0
87.0
2.0
1.0
3.0
1.0
67.0
3.0
1.0
29.0
1.0
4.0
1.0
1.0
46.0
2.0
3.0
91.0
4.0
1.0
12.0
2.0
1.0
4.0
4.0
4.0
3.0
1.0
24.0
23.0
11.0
11.0
1179.0
1.0
1.0
2548.0
2.0
1.0
534.0
112.0
697.0
1.0
261.0
13.0
3.0
2.0
3.0
1.0
3.0
5.0
19.0
1.0
25.0
5.0
3.0
3.0
5.0
5.0
1.0
2.0
2.0
4.0
106.0
2.0
12359.0
611.0
5.0
3.0
3.0
1.0
13.0
1.0
2.0
240.0
8.0
7076.0
2.0
45.0
1.0
5743.0
1.0
3.0
3.0
2.0
5.0
2.0
987.0
13.0
680.0
596.0
34.0
1.0
5.0
1.0
2332.0
1.0
1.0
30.0
2.0
33.0
24.0
255.0
24.0
24.0
1.0
1.0
3.0
1.0
530.0
2.0
1.0
3.0
27962.0
434.0
2.0
576.0
21.0
2.0
8.0
1.0
1.0
2.0
323.0
28.0
820.0
2.0
5.0
1.0
1.0
871.0
1.0
6.0
50.0
1.0
24.0
389.0
1.0
3.0
1.0
3.0
1.0
1.0
2.0
1.0
1.0
1.0
7.0
1.0
8.0
44.0
217.0
1.0
8.0
29.0
2.0
2.0
13.0
2.0
6.0
3.0
1.0
3.0
193.0
1.0
351.0
3.0
3.0
1.0
1.0
146.0
864.0
165.0
9760.0
133.0
15.0
217.0
2.0
1.0
1.0
3.0
1.0
3.0
4.0
493.0
1.0
20.0
1.0
366.0
24.0
306.0
1262.0
1.0
4.0
1.0
2.0
34.0
932.0
3.0
50.0
125.0
3.0
65.0
30.0
2.0
107.0
230.0
3.0
1.0
402.0
1.0
20.0
10.0
18.0
71.0
4.0
3.0
73.0
106.0
578.0
2.0
1.0
12.0
1.0
3.0
15.0
33.0
2.0
65.0
91.0
128.0
14354.0
1.0
476.0
210.0
1.0
716.0
5.0
2.0
2.0
299.0
1.0
1.0
3.0
3.0
3.0
5.0
1.0
4.0
3.0
2.0
6.0
341.0
6.0
1.0
3.0
1.0
1.0
1.0
3.0
535.0
2.0
1.0
2.0
3.0
3.0
8.0
2.0
3.0
1.0
1.0
33.0
1.0
203.0
73.0
2.0
4.0
1.0
33.0
2.0
738.0
36.0
3.0
3.0
1659.0
21.0
13.0
8.0
2.0
3.0
4.0
199.0
8.0
1.0
11.0
4.0
8.0
12.0
3.0
217.0
39.0
240.0
58.0
1.0
1.0
23.0
1078.0
1.0
1.0
149.0
3.0
11.0
1.0
1.0
57.0
1.0
1.0
1.0
145.0
1.0
925.0
117.0
88.0
1.0
1.0
1.0
1.0
4.0
1.0
1.0
1413.0
1.0
3.0
3.0
55.0
13.0
1.0
47.0
567.0
2.0
1.0
49.0
1.0
1.0
1.0
84.0
1.0
3.0
36.0
1.0
4.0
2.0
65.0
81.0
1.0
4.0
2.0
1112.0
3.0
92.0
102.0
1.0
5.0
5.0
1.0
3.0
76.0
3.0
3.0
10.0
5.0
1.0
2.0
1.0
19.0
296.0
3.0
1459.0
324.0
508.0
312.0
22.0
1.0
1.0
1.0
81.0
288.0
29.0
1.0
3.0
4.0
1736.0
6.0
13.0
1.0
3.0
3.0
1.0
46.0
317.0
1.0
696.0
2.0
24.0
12.0
3000.0
9.0
1.0
40.0
1.0
3.0
1.0
3.0
1.0
3.0
1.0
4.0
3.0
919.0
1.0
2.0
599.0
1252.0
2.0
6.0
135.0
2.0
9.0
1.0
3.0
95.0
1935.0
11.0
1.0
2925.0
3.0
84.0
1.0
38.0
6.0
24.0
2.0
22195.0
2.0
1.0
5.0
3.0
3.0
1.0
4.0
1.0
4.0
7.0
1.0
3.0
1.0
279.0
10.0
1.0
27.0
79.0
2.0
13.0
5.0
569.0
4.0
1.0
96.0
5.0
3.0
9.0
2.0
1.0
355.0
1.0
4.0
2.0
45.0
13.0
761.0
1129.0
1.0
287.0
2.0
3.0
21.0
117.0
2.0
3.0
2.0
2.0
1.0
3.0
3.0
6.0
276.0
1.0
1.0
2.0
9.0
1.0
1.0
1.0
1.0
75.0
1.0
2.0
1.0
1.0
1.0
948.0
1.0
17.0
3.0
2.0
81.0
2.0
1.0
1.0
1.0
2.0
8.0
1.0
1.0
3.0
13.0
3.0
622.0
3.0
1.0
9.0
3.0
213.0
63.0
31.0
1.0
524.0
3.0
3.0
3.0
4.0
1.0
2.0
370.0
2.0
3.0
2.0
2809.0
2.0
148.0
1.0
55.0
36.0
4.0
3.0
47.0
19.0
506.0
1.0
1.0
44.0
4646.0
102.0
2.0
40.0
404.0
3.0
1.0
1.0
1.0
1.0
4.0
3.0
2.0
149.0
1.0
1.0
5.0
4.0
16.0
2.0
2.0
1.0
4.0
1.0
3.0
3.0
75.0
3.0
170.0
8.0
58.0
1.0
1.0
1.0
3.0
3033.0
7.0
30.0
3.0
1134.0
74.0
6.0
3.0
8.0
1.0
443.0
1.0
2.0
1.0
1.0
160.0
31.0
6.0
1.0
3.0
6.0
1.0
51.0
1.0
7.0
6.0
71.0
6.0
1.0
1244.0
33.0
1655.0
1.0
11.0
9.0
1.0
2.0
3.0
712.0
24.0
2.0
2.0
1.0
1.0
119.0
3.0
1121.0
282.0
1.0
38.0
23.0
1.0
1.0
1.0
6124.0
2.0
19.0
5.0
3.0
1.0
2.0
3.0
3.0
3.0
421.0
2.0
8.0
4.0
1.0
2.0
660.0
2.0
1518.0
3.0
3.0
2.0
14.0
1.0
614.0
37.0
3.0
2.0
6.0
1.0
4.0
66.0
64.0
66.0
104.0
6.0
3.0
7489.0
237.0
1.0
2.0
85.0
7.0
1.0
657.0
4.0
23.0
1.0
886.0
1.0
3.0
12.0
5.0
1.0
1357.0
19.0
16.0
6.0
9.0
1.0
3.0
1.0
5.0
21.0
596.0
3.0
42.0
2.0
20.0
1.0
13.0
1.0
2.0
1.0
5.0
165.0
5.0
16.0
1.0
5.0
1.0
1046.0
3.0
7.0
1.0
55.0
1941.0
2.0
36.0
1.0
1.0
906.0
4.0
2.0
292.0
3.0
22.0
1.0
25.0
10.0
6.0
50.0
3.0
3.0
1.0
3482.0
67.0
3.0
518.0
2.0
1.0
39.0
2.0
4.0
3.0
3.0
1.0
2.0
24.0
3.0
1.0
3.0
1.0
1.0
2.0
1.0
2.0
1.0
8.0
17.0
1.0
1.0
3.0
4.0
3.0
1.0
3.0
308.0
3.0
20.0
9.0
1.0
3.0
1037.0
46.0
7.0
89.0
15.0
1.0
1027.0
2.0
9.0
111.0
2.0
94.0
1.0
7.0
1.0
3.0
1.0
3.0
217.0
1.0
3.0
1.0
46723.0
103.0
81.0
258.0
3.0
46.0
1.0
8.0
26.0
3.0
2.0
5.0
1.0
3.0
2.0
3.0
4.0
1.0
66.0
3.0
130.0
3.0
3.0
2242.0
75.0
24.0
655.0
13.0
3.0
1.0
606.0
3.0
1.0
6.0
3.0
1.0
7.0
23.0
6.0
1.0
7.0
199.0
1.0
1.0
30.0
2.0
2.0
3.0
17.0
778.0
3.0
1.0
26.0
1.0
119.0
55.0
1.0
92270.0
6.0
171.0
24.0
1.0
2.0
3.0
1.0
1.0
2.0
1.0
9.0
59.0
12.0
1.0
22.0
2.0
25.0
3.0
2.0
149.0
36.0
1.0
4.0
5.0
4.0
1.0
17.0
3.0
1027.0
820.0
6.0
313.0
6.0
18.0
1.0
7.0
1.0
2.0
1.0
3.0
8.0
668.0
1.0
2.0
84.0
12.0
1.0
3.0
4.0
3.0
3.0
2.0
5.0
3.0
2.0
4.0
1.0
1.0
2.0
1173.0
8.0
33.0
78.0
1390.0
1.0
6.0
3.0
24.0
9.0
2.0
52.0
7.0
66.0
24.0
2.0
157.0
2.0
3.0
3.0
1.0
84.0
1.0
1.0
2.0
351.0
26.0
167.0
4612.0
3.0
4.0
3.0
2731.0
5.0
1.0
1.0
2.0
11.0
3.0
96.0
4.0
13.0
288.0
2.0
10.0
18.0
242.0
1.0
9.0
1.0
1.0
34.0
2.0
1.0
5.0
371.0
2.0
546.0
4.0
19.0
345.0
17.0
1.0
1.0
101.0
3.0
18.0
129.0
3.0
1181.0
14231.0
3.0
16.0
6.0
3.0
5.0
44.0
3.0
2.0
15.0
87.0
2152.0
12.0
1.0
1.0
4.0
1.0
1.0
7.0
3.0
347.0
1.0
1.0
3.0
8.0
6.0
1.0
1.0
1.0
1018.0
5.0
1.0
1.0
20.0
67.0
3.0
17.0
38.0
3.0
1.0
9.0
31.0
102.0
218.0
1.0
3.0
22.0
3.0
593.0
10.0
5.0
430.0
1.0
1.0
1.0
154.0
7.0
1.0
3.0
25.0
2.0
12.0
2.0
5.0
1.0
35.0
3.0
4.0
1.0
1.0
230.0
5.0
3.0
1.0
3.0
28.0
2.0
34.0
6.0
3.0
288.0
102.0
1.0
30.0
66.0
1.0
1.0
32.0
1.0
171.0
1.0
1.0
1018.0
7.0
8.0
5.0
520.0
3.0
1.0
579.0
74.0
105.0
1.0
23.0
1.0
2.0
494.0
470.0
422.0
16.0
124.0
2.0
1283.0
1.0
5.0
1.0
4.0
63.0
1.0
31.0
4.0
1.0
1703.0
1.0
1.0
1.0
32.0
2999.0
3.0
6.0
5.0
1.0
2.0
10.0
16.0
1.0
1.0
4.0
932.0
64.0
98.0
1.0
1.0
317.0
1.0
7.0
23.0
1.0
1.0
3.0
3.0
29.0
24.0
28.0
4.0
94.0
149.0
5.0
42.0
4.0
87.0
1.0
1.0
1.0
13.0
2.0
1.0
2.0
3.0
519.0
19.0
399.0
5.0
1.0
2.0
3.0
172.0
97.0
241.0
31370.0
14.0
1.0
313.0
19.0
1.0
1.0
1.0
4.0
240.0
1.0
3.0
2.0
3.0
282.0
10.0
7.0
5.0
4.0
5.0
2.0
28.0
282.0
6.0
1.0
1.0
596.0
3.0
7.0
3.0
1.0
3.0
3.0
38.0
7.0
19.0
8522.0
1.0
1.0
11.0
401.0
1.0
1.0
4.0
1.0
274.0
4.0
1.0
1.0
109.0
27.0
16.0
9.0
150.0
4.0
422.0
2.0
1.0
475.0
295.0
5.0
3.0
1.0
4.0
9.0
1.0
1.0
3.0
75.0
1.0
1.0
10.0
19.0
18.0
23.0
7.0
157.0
1.0
19.0
1.0
1.0
1.0
264.0
15.0
6957.0
281.0
19.0
1.0
25.0
3.0
10.0
2.0
1.0
1.0
2.0
7.0
2.0
970.0
17.0
1.0
3.0
119.0
2.0
1.0
30.0
3.0
294.0
2.0
16.0
1.0
750.0
116.0
20.0
282.0
2.0
2.0
4594.0
19.0
1.0
70.0
2.0
1.0
458.0
1.0
7.0
1.0
3.0
293.0
1.0
1.0
1471.0
4.0
4.0
3.0
57.0
1.0
2.0
36.0
1.0
3.0
20.0
4993.0
23.0
3.0
2.0
4.0
330.0
3.0
18.0
19.0
1.0
2.0
3.0
5.0
2.0
2.0
15.0
1.0
2.0
14.0
3.0
2.0
3.0
7.0
3.0
90.0
13.0
101.0
10.0
3.0
10.0
2261.0
20.0
1.0
1.0
1.0
1329.0
1140.0
2.0
2.0
5.0
60.0
948.0
20.0
99.0
3.0
100.0
37.0
218.0
210.0
20.0
1.0
296.0
1.0
451.0
34.0
3.0
3.0
8.0
3.0
6.0
1.0
3.0
157.0
9.0
1888.0
1185.0
2.0
1.0
1.0
1.0
1.0
19.0
293.0
11.0
1.0
3.0
2.0
15.0
123.0
1.0
9.0
3.0
7.0
4.0
16.0
3.0
4.0
306.0
2.0
1.0
889.0
13.0
3.0
1.0
1.0
1.0
1.0
1.0
2.0
1.0
3.0
3.0
2.0
2.0
1.0
47.0
1.0
2.0
624.0
1.0
2.0
9.0
51.0
3.0
3.0
37.0
502.0
1.0
31.0
3.0
1.0
3.0
2.0
1.0
117.0
1899.0
1.0
13.0
4.0
58.0
3.0
14.0
737.0
1.0
1517.0
17.0
20.0
19.0
24.0
1.0
2.0
2.0
10968.0
512.0
1.0
6.0
2.0
375.0
1.0
3.0
69.0
14.0
6.0
72.0
4.0
10.0
1.0
1944.0
24.0
5.0
1.0
1.0
46.0
3.0
2.0
3.0
3.0
1.0
1306.0
3.0
3.0
1.0
5.0
2.0
3.0
395.0
6.0
2.0
279.0
24.0
1.0
117.0
23.0
40.0
10.0
5.0
158.0
23.0
1.0
1.0
1.0
8.0
22.0
7.0
348.0
1.0
858.0
3.0
62.0
5.0
2.0
23.0
91.0
351.0
4.0
427.0
2.0
7.0
115.0
2.0
1.0
67.0
3.0
3.0
4.0
259.0
3.0
2.0
1.0
4.0
65.0
6.0
1.0
34.0
128.0
484.0
2.0
1.0
3.0
2.0
3.0
2.0
2.0
1.0
579.0
3.0
354.0
32.0
5.0
2.0
3.0
1.0
185.0
44.0
448.0
2.0
19.0
2.0
194.0
1.0
1.0
11.0
8.0
53.0
3.0
3.0
2.0
1.0
6.0
10.0
198.0
3.0
3.0
4.0
19.0
2.0
17.0
2.0
8.0
7.0
50.0
959.0
40.0
1.0
16.0
2.0
1.0
166.0
12.0
2.0
596.0
4.0
1.0
6.0
2.0
104.0
48.0
1.0
1004.0
12.0
3.0
94.0
3.0
34.0
108.0
8.0
946.0
422.0
1.0
98.0
212.0
4.0
1018.0
2.0
241.0
290.0
25.0
3.0
2.0
7.0
3.0
3.0
8.0
7.0
218.0
147.0
14.0
1.0
8.0
2.0
1.0
2.0
6.0
19.0
157.0
15.0
49.0
1.0
42.0
1.0
1.0
7.0
1.0
1.0
450.0
1.0
96.0
8.0
19.0
604.0
3.0
1.0
2.0
49.0
1.0
13.0
1.0
46.0
5.0
2.0
1.0
87.0
1.0
1.0
70.0
3.0
3.0
1.0
17.0
3.0
34.0
5.0
1.0
1.0
9.0
7.0
4.0
5.0
485.0
2.0
1.0
1536.0
1.0
1.0
145.0
2.0
5.0
3.0
48.0
1.0
164.0
88.0
1.0
2.0
2.0
47.0
1.0
1.0
201.0
1.0
28.0
51.0
1.0
3.0
8.0
308.0
2.0
402.0
2.0
4.0
24.0
1121.0
1.0
3.0
26.0
1428.0
1.0
64.0
3.0
3.0
164.0
6.0
5.0
697.0
27.0
404.0
3.0
231.0
1.0
1.0
3.0
1.0
12.0
1.0
2440.0
1.0
381.0
16.0
2.0
182.0
24.0
66.0
1.0
695.0
7.0
3.0
6.0
4.0
1.0
1.0
1.0
1.0
14385.0
1.0
3.0
584.0
4.0
19.0
4519.0
3.0
2.0
15.0
2.0
1606.0
19.0
19.0
1.0
7.0
1.0
1.0
1.0
6.0
25.0
13.0
211.0
1.0
31.0
24.0
3.0
1246.0
9.0
292.0
7.0
1.0
3.0
3.0
678.0
1.0
2059.0
338.0
2.0
1.0
3.0
1.0
1.0
1.0
1.0
1.0
76.0
2.0
1.0
23.0
3.0
1.0
25.0
74.0
108.0
3.0
48410.0
254.0
47.0
16.0
16.0
1.0
3.0
1.0
2.0
84.0
2.0
5.0
2.0
1.0
1.0
1.0
4.0
1.0
55.0
1.0
1.0
2.0
57.0
3.0
46.0
7.0
1.0
2.0
13.0
1204.0
2.0
4.0
22.0
3.0
3.0
1.0
507.0
652.0
3.0
34.0
1.0
14.0
2.0
2.0
2.0
2.0
580.0
85.0
15.0
2.0
1018.0
5.0
1.0
9.0
8.0
641.0
3.0
1178.0
4.0
4.0
1.0
292.0
3.0
2.0
3.0
2.0
2.0
6.0
1.0
2992.0
1763.0
1.0
1.0
1078.0
1.0
1.0
1.0
3.0
942.0
3.0
6.0
21.0
193.0
3.0
1.0
17.0
3.0
4.0
2.0
3.0
457.0
1.0
1216.0
24.0
128.0
3.0
32.0
553.0
1.0
93.0
1.0
3.0
2.0
20.0
1.0
2.0
4.0
1.0
1.0
263.0
1978.0
2.0
1.0
33.0
596.0
1.0
28.0
1.0
309.0
1.0
1.0
85.0
5.0
63.0
4.0
3248.0
11.0
8.0
4.0
12.0
2.0
47.0
4.0
17.0
1.0
1.0
17.0
34.0
2.0
231.0
5.0
2.0
1.0
3.0
1.0
141.0
3.0
2439.0
483.0
3.0
3.0
3.0
1.0
7.0
293.0
4.0
1719.0
3.0
1.0
3.0
1.0
3.0
1.0
977.0
8.0
7.0
1574.0
27.0
5.0
571.0
1.0
3.0
3.0
3.0
111.0
2.0
185.0
8.0
270.0
363.0
1.0
5.0
1544.0
1.0
508.0
57.0
1.0
232.0
9.0
1.0
194.0
40.0
8.0
4.0
5.0
2.0
3.0
1.0
5.0
17.0
3.0
6.0
71.0
18.0
923.0
5.0
3.0
12.0
3.0
741.0
1.0
2.0
2.0
1514.0
1.0
1.0
1.0
31.0
22.0
1.0
2.0
1.0
1.0
5.0
50.0
184.0
65.0
14.0
102.0
1.0
2.0
24.0
1.0
1.0
17.0
1.0
1.0
189.0
3.0
1.0
236.0
43.0
3.0
1.0
93.0
3.0
21.0
18.0
1.0
260.0
23.0
1267.0
421.0
2.0
299.0
14385.0
3.0
4.0
2.0
3.0
3.0
3.0
3.0
42.0
2.0
3.0
1228.0
1.0
1.0
1762.0
9.0
9.0
4.0
3786.0
15.0
10.0
1.0
59.0
375.0
3.0
2.0
1.0
1360.0
14.0
1.0
1.0
3.0
1.0
2.0
319.0
3.0
492.0
2.0
3.0
2.0
65.0
3.0
1.0
3.0
58.0
505.0
9.0
1.0
48.0
5.0
17.0
1.0
7.0
76.0
189.0
1.0
274.0
9.0
3.0
3.0
2.0
3.0
1.0
1.0
22.0
1.0
1.0
3.0
13.0
1.0
1.0
15.0
5.0
2.0
9.0
3.0
8.0
13.0
3.0
12.0
9.0
5.0
1.0
2.0
997.0
2073.0
2.0
19.0
3.0
11.0
1.0
1.0
40.0
2.0
1727.0
1.0
1.0
45.0
5.0
2.0
2.0
3.0
24.0
1.0
5621.0
15.0
752.0
1.0
7.0
205.0
441.0
3.0
73.0
1325.0
12.0
154.0
3.0
24.0
2.0
34.0
4.0
2.0
1.0
2.0
8.0
86.0
3.0
638.0
1.0
19.0
15.0
735.0
3.0
351.0
167.0
1.0
3.0
4.0
9.0
6566.0
3.0
47.0
19.0
3.0
8.0
5.0
978.0
2.0
83.0
2.0
3.0
1.0
20.0
1.0
1.0
1.0
3.0
1.0
351.0
3.0
1.0
933.0
25.0
5.0
2.0
3.0
4.0
11807.0
3.0
1.0
3.0
3.0
1.0
2.0
55.0
24.0
647.0
2.0
2.0
2.0
1.0
4.0
3.0
1.0
18.0
697.0
1.0
1.0
1.0
18.0
1.0
24.0
6.0
1.0
1.0
977.0
1.0
2844.0
1.0
1.0
1.0
2.0
8.0
6.0
2062.0
1.0
2.0
3.0
17.0
3.0
1185.0
31.0
1.0
2.0
16.0
5.0
2.0
34.0
3.0
3.0
41.0
25.0
9.0
23.0
16.0
7.0
213.0
1.0
2222.0
2.0
9.0
9.0
1.0
4.0
45.0
84.0
3.0
6.0
1.0
1.0
1.0
2.0
2.0
31.0
3.0
3.0
3.0
2.0
1.0
3.0
356.0
519.0
1.0
14.0
1.0
1.0
1.0
58.0
10.0
340.0
14.0
110.0
3.0
3.0
240.0
283.0
1.0
42.0
842.0
13.0
18.0
3.0
1.0
20.0
1.0
6.0
1.0
7.0
4.0
51.0
1.0
51.0
39.0
759.0
1.0
22076.0
4.0
1.0
2198.0
1.0
1.0
2.0
61.0
2.0
3.0
4.0
1608.0
20.0
12.0
2.0
5.0
2.0
1018.0
4.0
24.0
1.0
3.0
3.0
2.0
13.0
8.0
3.0
8.0
1.0
1.0
16.0
5.0
318.0
9.0
2.0
3.0
1.0
2.0
2.0
3.0
1.0
5.0
3.0
1.0
24.0
20.0
983.0
16.0
3.0
2.0
9.0
3.0
60.0
13.0
5.0
99.0
10.0
51.0
3.0
5.0
107.0
1047.0
20.0
80.0
1.0
88.0
9.0
2.0
16.0
2.0
3.0
1.0
1.0
1.0
8.0
9.0
230.0
1.0
177.0
3.0
18.0
10.0
7.0
1496.0
1.0
576.0
591.0
906.0
4.0
2.0
1.0
5.0
2.0
712.0
1.0
1.0
48.0
711.0
3.0
3.0
2.0
3.0
74.0
2.0
1.0
1239.0
498.0
1.0
2.0
1154.0
4.0
7.0
278.0
3.0
1235.0
5.0
4.0
5.0
404.0
1.0
3.0
601.0
3.0
3.0
3233.0
14.0
17.0
2.0
3.0
24.0
1.0
2094.0
1.0
176.0
8.0
2.0
3.0
33.0
16.0
1.0
2.0
2.0
1.0
2.0
75.0
2.0
29.0
351.0
3.0
1.0
9.0
3.0
1180.0
2132.0
288.0
1.0
4.0
9.0
1.0
1.0
4.0
448.0
1.0
17.0
1.0
7.0
23.0
3.0
7.0
208.0
3.0
11565.0
6.0
3.0
5.0
1.0
7.0
5.0
1.0
114.0
104.0
2.0
3.0
113.0
369.0
3.0
38.0
3.0
723.0
1.0
44.0
769.0
3.0
117.0
1.0
14.0
351.0
16.0
5.0
2.0
18.0
4.0
358.0
2.0
90.0
3.0
319.0
816.0
10.0
1.0
380.0
6.0
80.0
21.0
580.0
23.0
1.0
2218.0
3.0
3.0
442.0
3.0
1111.0
1.0
19.0
6033.0
27.0
3.0
2.0
29.0
2462.0
204.0
3.0
5.0
4.0
1.0
1.0
9.0
696.0
1.0
1.0
1.0
3.0
23.0
28.0
539.0
31.0
3.0
1207.0
1.0
86.0
1.0
1.0
1907.0
3.0
1146.0
110.0
6.0
219.0
3.0
3.0
20.0
18.0
6.0
448.0
57.0
1.0
2.0
2.0
1.0
37.0
6.0
11.0
241.0
3.0
3.0
62.0
3.0
1.0
97.0
576.0
3.0
6.0
4.0
86.0
1.0
27.0
1.0
3.0
1.0
4.0
2.0
4.0
1.0
20.0
22.0
50.0
3.0
2.0
2.0
1.0
374.0
62.0
1041.0
5515.0
2.0
6.0
32.0
1.0
596.0
1.0
2.0
1.0
1.0
6.0
17.0
19.0
1.0
3.0
3861.0
3.0
16.0
905.0
370.0
1.0
13.0
1.0
596.0
15.0
3.0
2587.0
4.0
696.0
3.0
305.0
2.0
5.0
373.0
1.0
23.0
8672.0
25.0
1.0
8.0
1.0
1.0
1018.0
3200.0
25.0
1574.0
3.0
53.0
25.0
818.0
2.0
1.0
36.0
25.0
1.0
1.0
1.0
1.0
3.0
104.0
3.0
6.0
6.0
2.0
1.0
4.0
1.0
341.0
2.0
2.0
2.0
1.0
1.0
2.0
2.0
1.0
1.0
18.0
58.0
4.0
3.0
10.0
1300.0
27.0
1.0
1.0
1.0
513.0
5.0
1649.0
115.0
2.0
362.0
2.0
4.0
548.0
16.0
3.0
3.0
2.0
32.0
3.0
1.0
15.0
2400.0
236.0
5.0
3.0
4.0
7.0
1.0
1.0
4.0
1.0
1.0
16.0
2.0
1.0
502.0
1.0
3.0
9.0
1.0
239.0
3.0
2.0
7.0
2.0
1.0
19.0
6.0
16.0
381.0
809.0
956.0
1.0
1.0
3.0
1.0
1.0
3.0
7.0
3.0
1094.0
213.0
66.0
58.0
4.0
12.0
5.0
1016.0
2.0
8.0
3.0
264.0
1.0
33.0
7.0
3.0
7.0
2.0
2.0
6.0
2.0
3.0
2071.0
52.0
1.0
34.0
31.0
1.0
1.0
936.0
2.0
2.0
37.0
58.0
1.0
3.0
6.0
2.0
24.0
8.0
99.0
80.0
760.0
1.0
118.0
1.0
3.0
1.0
1.0
12.0
3.0
2.0
3.0
260.0
4.0
2.0
1.0
1.0
22.0
4.0
959.0
1.0
1.0
1.0
1.0
3.0
162.0
1.0
1.0
1008.0
6.0
3.0
3.0
348.0
407.0
2.0
2.0
70.0
3.0
378.0
4.0
46972.0
3.0
3.0
236.0
3.0
1484.0
22.0
2.0
3.0
3.0
50.0
1.0
143.0
1.0
3.0
2.0
1089.0
51.0
125.0
1.0
20.0
1.0
13840.0
29.0
980.0
1.0
3.0
1.0
1738.0
1.0
1.0
5.0
4.0
1.0
640.0
15.0
67.0
2.0
83.0
2.0
1.0
199.0
1.0
2.0
2.0
4.0
418.0
3.0
3.0
13.0
1.0
3.0
3.0
8.0
2.0
1139.0
678.0
1.0
14.0
9.0
2.0
2.0
332.0
7.0
295.0
3.0
1.0
3.0
880.0
1.0
141.0
3.0
4.0
7197.0
2.0
1.0
323.0
3.0
64.0
2755.0
5.0
5.0
1265.0
1.0
1.0
42.0
6.0
50.0
36.0
1.0
44.0
186.0
315.0
5.0
10.0
2.0
1.0
75.0
3.0
4.0
1.0
1.0
53.0
1.0
11.0
3.0
880.0
3.0
13.0
1.0
1.0
3.0
11.0
1.0
1.0
4.0
7.0
13.0
31.0
2.0
33.0
1.0
6.0
66.0
1.0
27.0
2.0
1070.0
491.0
13.0
68.0
2702.0
21.0
3.0
1291.0
553.0
1.0
16.0
2.0
482.0
2.0
1.0
3.0
714.0
1.0
3.0
2.0
19.0
4.0
1.0
4.0
89.0
423.0
198.0
6.0
1.0
961.0
1236.0
86.0
2.0
1.0
1.0
1.0
2.0
9.0
13.0
71.0
2.0
96.0
1.0
3.0
22.0
81.0
80.0
5.0
2.0
1.0
1.0
6.0
20.0
3.0
1.0
9.0
1.0
12.0
3.0
21.0
16.0
22.0
2.0
17.0
2.0
1.0
152.0
7.0
1106.0
1.0
3.0
2.0
381.0
351.0
12.0
30.0
17.0
9.0
5.0
1.0
1.0
1.0
2.0
1.0
1.0
6.0
2277.0
3.0
28.0
1.0
14.0
1.0
19.0
10.0
1.0
1.0
1.0
4.0
8.0
3.0
9.0
1.0
1.0
1.0
3.0
214.0
52.0
1.0
113.0
9.0
3.0
977.0
4.0
3.0
3.0
5.0
12.0
726.0
20.0
9.0
2.0
1.0
9.0
3.0
4.0
2.0
70.0
3.0
1.0
7.0
1.0
10.0
34.0
351.0
9.0
50.0
8.0
2.0
1859.0
2.0
42.0
1.0
3.0
571.0
1.0
30.0
3.0
4.0
19.0
1.0
4.0
963.0
2.0
1.0
9.0
1.0
292.0
3.0
36.0
4.0
1.0
3.0
85.0
1.0
1.0
107.0
115.0
9.0
1.0
2.0
2.0
230.0
1.0
3.0
1.0
1.0
3.0
2.0
8.0
12.0
271.0
1.0
5.0
3.0
1.0
2.0
1.0
21.0
1.0
6.0
1018.0
6.0
23.0
1.0
1.0
6.0
37.0
18.0
4.0
1.0
1.0
3.0
977.0
2.0
2.0
1.0
1729.0
1.0
3.0
3.0
1.0
1.0
1.0
2.0
14.0
1.0
592.0
260.0
1.0
4.0
17.0
1.0
7.0
5745.0
133.0
3.0
7.0
3.0
1.0
1.0
132.0
3.0
20.0
376.0
64.0
351.0
1.0
8.0
1.0
2.0
3.0
2.0
199.0
3568.0
3.0
9.0
374.0
596.0
450.0
198.0
3.0
16.0
19.0
24.0
760.0
1.0
1230.0
2.0
16.0
3.0
1.0
3.0
2.0
3.0
1.0
1.0
3.0
19.0
9381.0
1.0
89.0
3.0
3.0
1.0
2.0
2.0
2.0
1.0
24.0
1.0
23.0
1.0
212.0
24.0
4.0
4.0
1.0
1.0
1.0
3.0
344.0
1.0
2.0
726.0
3.0
3.0
21.0
3.0
5.0
1.0
3.0
23.0
8.0
31.0
8.0
282.0
1.0
9.0
1509.0
1.0
21.0
1.0
4.0
1.0
3.0
6.0
32.0
6.0
1.0
19.0
1.0
884.0
15.0
1.0
3.0
1.0
1.0
1.0
26.0
132.0
4.0
1.0
3.0
1.0
1.0
14385.0
2.0
49.0
3.0
130.0
1.0
24.0
3.0
6.0
2.0
26.0
1.0
1447.0
1.0
2.0
2.0
1.0
114.0
3.0
4.0
2.0
1.0
79.0
359.0
4.0
4.0
3.0
9.0
12.0
352.0
3.0
239.0
3.0
103.0
1.0
484.0
1.0
6.0
1.0
3.0
1.0
2.0
243.0
8.0
10.0
981.0
1396.0
2.0
16.0
62.0
21.0
1.0
271.0
38.0
34.0
2.0
7.0
2.0
187.0
81.0
4.0
3.0
9.0
3.0
12.0
1.0
2.0
3.0
2.0
1.0
361.0
2.0
1.0
1.0
2.0
1.0
257.0
3.0
1.0
2.0
1.0
3.0
3.0
9.0
45.0
1.0
3.0
17.0
1.0
4.0
2.0
27.0
2.0
242.0
4.0
1.0
46.0
2.0
68.0
1.0
6.0
1.0
6.0
5655.0
26.0
52.0
33.0
2.0
34.0
883.0
336.0
66.0
2.0
31.0
14.0
3.0
1.0
1.0
1.0
86.0
19.0
12.0
2.0
9.0
948.0
31.0
3.0
4.0
1.0
1.0
3.0
2.0
5.0
12.0
6.0
1.0
1.0
3.0
59.0
1.0
1.0
6.0
1.0
1.0
1.0
2.0
22.0
1.0
840.0
7731.0
6.0
218.0
1.0
14189.0
287.0
186.0
1.0
1.0
1.0
35.0
160.0
17.0
69.0
454.0
2.0
6.0
1330.0
4464.0
8.0
2.0
3.0
20.0
42.0
1.0
4.0
9.0
596.0
3.0
5.0
3.0
1.0
34.0
963.0
68.0
1.0
512.0
1.0
13.0
3.0
2.0
2.0
46.0
166.0
5.0
583.0
1.0
1154.0
28.0
4.0
3.0
1049.0
3.0
1.0
4.0
10.0
52.0
1.0
2310.0
55.0
55.0
254.0
6.0
1.0
1225.0
3.0
1.0
1.0
1.0
1.0
8.0
5.0
7.0
9.0
768.0
1.0
175.0
1.0
55.0
1.0
4.0
3.0
14.0
12.0
1.0
3.0
1.0
4.0
1352.0
1.0
74.0
1.0
10.0
1.0
2.0
41.0
27.0
9.0
5.0
194.0
3.0
12.0
1.0
1.0
3.0
2.0
2.0
4.0
2.0
5.0
1401.0
342.0
132.0
1.0
65.0
7.0
3.0
4641.0
5.0
16.0
2.0
107.0
68.0
1.0
6.0
4270.0
48.0
200.0
3.0
129.0
1.0
1.0
3.0
9.0
4250.0
3.0
1.0
4.0
5.0
3.0
82.0
9.0
24.0
9.0
14.0
2.0
3.0
2.0
10.0
10.0
16.0
1.0
17.0
7876.0
31.0
839.0
3.0
608.0
1.0
8.0
124.0
2.0
24.0
2.0
1.0
55.0
24.0
31.0
1.0
6.0
2.0
1644.0
448.0
2.0
3.0
30.0
11.0
1.0
2.0
3.0
270.0
1.0
3.0
2.0
2.0
1.0
4.0
1.0
1.0
1.0
12.0
1.0
1739.0
1.0
12.0
695.0
37.0
3.0
8.0
3.0
7.0
15.0
344.0
1.0
1.0
3.0
2.0
2.0
2.0
1.0
4.0
1729.0
1350.0
3.0
3.0
983.0
8.0
1.0
1.0
1.0
4.0
2.0
335.0
65.0
8.0
2965.0
1.0
1530.0
582.0
2.0
1.0
4.0
676.0
25.0
29.0
596.0
1978.0
1.0
3.0
1094.0
124.0
3.0
2.0
9.0
7.0
58.0
4.0
6.0
8.0
13.0
2.0
1.0
5.0
10.0
1.0
1.0
1.0
7.0
3.0
2.0
312.0
1.0
4.0
17.0
138.0
4.0
1.0
33.0
123.0
3.0
18.0
2.0
153.0
6.0
1.0
4.0
3.0
1.0
1.0
1.0
3.0
21.0
1.0
761.0
1.0
737.0
1.0
9.0
351.0
2.0
3.0
696.0
1.0
8.0
1.0
1.0
1.0
59.0
1.0
3.0
10.0
10.0
8.0
15.0
2.0
72.0
1.0
3145.0
2.0
1.0
8.0
136.0
1.0
262.0
9.0
3121.0
1.0
38.0
5.0
286.0
2.0
12.0
2.0
516.0
2.0
737.0
46.0
2.0
64.0
1.0
2.0
3.0
5.0
3.0
1.0
837.0
9.0
34.0
1.0
1.0
1.0
732.0
25.0
1.0
158.0
51.0
13.0
3.0
3.0
391.0
7.0
3.0
148.0
1.0
1.0
241.0
997.0
3.0
17.0
188.0
29.0
1.0
5.0
244.0
12.0
228.0
6.0
1.0
14.0
84.0
104.0
406.0
88.0
381.0
47.0
218.0
1.0
1.0
1.0
1.0
1.0
1403.0
9.0
3.0
2715.0
2.0
15.0
23.0
1.0
2.0
1.0
1.0
1274.0
148.0
101.0
19.0
1190.0
3.0
3.0
1.0
7.0
2.0
39.0
3.0
2.0
45.0
483.0
3.0
162.0
1.0
2.0
2.0
26.0
4.0
8.0
461.0
1.0
1935.0
16.0
65.0
6.0
1.0
4.0
21.0
3.0
129.0
1.0
23.0
6.0
2.0
1.0
2.0
339.0
54.0
2731.0
727.0
8.0
39789.0
2985.0
2.0
4.0
24.0
1.0
3.0
1.0
1.0
4.0
6.0
3.0
4.0
3.0
22.0
3.0
1.0
13.0
1.0
1.0
4.0
10.0
127.0
4.0
278.0
1.0
56.0
1.0
1.0
1.0
34.0
169.0
1.0
9.0
1.0
3.0
3.0
1.0
3.0
1.0
16.0
1434.0
3.0
3.0
13.0
2.0
40.0
1.0
1.0
3.0
22.0
34.0
2.0
3.0
157.0
26.0
1.0
3.0
19.0
115.0
1.0
2.0
494.0
9.0
719.0
1.0
1.0
1.0
3.0
3.0
14354.0
3.0
3.0
1.0
3.0
5.0
282.0
1.0
3.0
27.0
3.0
1.0
8.0
4009.0
2.0
3.0
2.0
7.0
19.0
13.0
3.0
1.0
3.0
15.0
6.0
3.0
1.0
101.0
1.0
6.0
4.0
28.0
1.0
3.0
1.0
65.0
2.0
1.0
2.0
1.0
3.0
1.0
3.0
2.0
16.0
454.0
1.0
3.0
90.0
1.0
50.0
1.0
3.0
1.0
2498.0
5.0
2.0
1.0
194.0
3.0
4.0
2.0
16.0
2.0
133.0
337.0
58.0
2.0
435.0
1.0
1.0
1.0
1.0
1.0
9.0
1.0
3.0
2.0
3.0
15.0
1.0
2.0
4.0
3.0
17.0
13.0
4735.0
2.0
3.0
329.0
2796.0
6.0
83.0
4936.0
7.0
3.0
6.0
3.0
351.0
3.0
3.0
5.0
3.0
1.0
2.0
31.0
1.0
1.0
9.0
3.0
1080.0
1249.0
4.0
1.0
1.0
19.0
168.0
24.0
1.0
21.0
1.0
3.0
1.0
1.0
15.0
111.0
1.0
3.0
8.0
23.0
959.0
1.0
110.0
3.0
7.0
3.0
219.0
3.0
65.0
3.0
306.0
91.0
7.0
3706.0
409.0
3.0
1.0
1.0
1.0
1.0
1.0
3.0
40.0
64.0
45.0
146.0
218.0
1.0
1.0
3.0
3.0
1.0
3.0
1.0
1.0
2.0
23.0
1.0
73.0
1225.0
4.0
1.0
234.0
1.0
1.0
2740.0
1.0
3136.0
1.0
1.0
1.0
2.0
232.0
1.0
3.0
3.0
19.0
3.0
1.0
81.0
1.0
3.0
1.0
4.0
8.0
3.0
4.0
1.0
1.0
17.0
100.0
3.0
2.0
102.0
6.0
768.0
1.0
8.0
61.0
1.0
36.0
278.0
800.0
7.0
669.0
2.0
1.0
86.0
3.0
2.0
345.0
3075.0
3.0
28.0
1.0
3.0
10.0
1.0
16.0
2.0
2.0
9.0
4.0
3.0
2.0
7.0
175.0
85.0
474.0
213.0
1.0
561.0
128.0
105.0
4.0
2.0
1.0
1.0
930.0
10.0
1.0
9.0
3.0
17.0
186.0
3.0
9.0
17.0
2.0
1.0
1.0
1.0
399.0
203.0
2.0
313.0
1.0
2.0
3.0
884.0
1235.0
1.0
141.0
2.0
436.0
516.0
15.0
4.0
1.0
14.0
2.0
1.0
1.0
1.0
2.0
1.0
19.0
3.0
906.0
3.0
3.0
3.0
28.0
3.0
2.0
6.0
22.0
15.0
7.0
3.0
9.0
2132.0
35.0
1018.0
106.0
2.0
18.0
2.0
6.0
3.0
1.0
7008.0
367.0
1.0
3.0
10.0
1.0
12.0
3.0
2.0
8.0
3.0
2.0
46.0
282.0
1.0
101.0
3.0
2.0
79.0
162.0
389.0
2.0
4.0
5.0
3.0
332.0
1349.0
1.0
199.0
22.0
1.0
2175.0
4.0
3.0
1.0
2.0
3.0
3.0
3.0
1.0
30.0
1.0
181.0
9.0
1.0
3.0
1.0
1.0
1.0
3.0
119.0
1.0
6.0
1.0
1.0
1.0
1.0
1111.0
22.0
4.0
1.0
8.0
6.0
571.0
129.0
4.0
4.0
2.0
30.0
1147.0
351.0
1.0
3.0
1.0
10001.0
51.0
10.0
3.0
4.0
3.0
3.0
2.0
2.0
768.0
2.0
1.0
2.0
33.0
6.0
1.0
3.0
1.0
1.0
63.0
3.0
3.0
1.0
2.0
1.0
1.0
7.0
6.0
1.0
701.0
5.0
1.0
18.0
43.0
1.0
3.0
1.0
1.0
1.0
2.0
2.0
1.0
19.0
6.0
16.0
1.0
1.0
9.0
17.0
4018.0
2.0
4.0
19.0
3.0
1.0
683.0
12333.0
1.0
1229.0
5.0
6.0
4.0
36.0
4.0
148.0
1.0
1.0
11.0
3.0
3.0
1.0
1.0
1.0
8.0
8.0
2.0
4.0
11.0
113.0
1.0
3.0
17.0
3.0
4.0
5.0
566.0
7.0
1.0
1.0
17.0
5.0
2.0
1.0
1.0
2.0
1693.0
160.0
3.0
1.0
542.0
88.0
3.0
1.0
2.0
6.0
458.0
8.0
3.0
10.0
1.0
4.0
14.0
1.0
86.0
10.0
4.0
3.0
35.0
1.0
8.0
845.0
6.0
1.0
24.0
1587.0
1.0
9.0
1.0
13.0
1.0
2.0
4.0
410.0
81.0
6.0
1.0
58.0
238.0
1.0
2.0
3.0
3.0
4.0
1.0
19.0
3.0
1010.0
1.0
1.0
1.0
3.0
1.0
3.0
1.0
351.0
1.0
2.0
490.0
3.0
1360.0
3.0
3.0
1.0
88.0
1.0
3.0
2.0
1.0
3.0
3.0
9.0
1.0
1.0
5.0
2.0
1.0
3.0
3.0
1.0
11.0
6.0
610.0
2.0
3.0
14.0
1.0
65.0
1763.0
3.0
19.0
1850.0
932.0
1.0
1.0
3.0
1.0
1.0
3.0
8.0
1.0
445.0
74.0
57.0
3.0
1.0
4.0
40.0
8.0
28.0
6.0
24.0
1.0
692.0
8.0
396.0
1.0
980.0
1.0
55.0
373.0
3.0
4.0
3.0
2.0
3.0
9.0
1.0
167.0
8.0
351.0
36.0
1.0
15.0
705.0
89.0
160.0
1.0
3.0
3.0
42.0
2.0
29.0
9.0
2.0
8.0
48.0
26.0
6.0
31.0
2.0
11.0
8.0
152.0
149.0
4.0
3.0
1.0
10.0
33.0
17.0
399.0
3.0
34.0
3.0
1.0
1690.0
14.0
641.0
24.0
6.0
1.0
1.0
1.0
2.0
1.0
6.0
125.0
2.0
1.0
51.0
13.0
19.0
19.0
47.0
1.0
175.0
23.0
1.0
44.0
1.0
4.0
737.0
1.0
86.0
24.0
7.0
4.0
3.0
131.0
3.0
1018.0
3.0
17.0
3.0
8069.0
112.0
5.0
1.0
3.0
1.0
215.0
4.0
8.0
11.0
1260.0
64.0
2.0
3.0
2.0
1.0
11.0
16.0
3.0
1.0
1.0
1.0
1.0
2.0
1.0
3.0
2316.0
4.0
46.0
249.0
2.0
1.0
1.0
12.0
1.0
35.0
2.0
9.0
1112.0
39.0
281.0
18.0
2.0
1.0
27108.0
239.0
10.0
1.0
2.0
8.0
10.0
2.0
5.0
6.0
1.0
527.0
1.0
7.0
1.0
7.0
202.0
9.0
10.0
4.0
1.0
3.0
3.0
3.0
3.0
3.0
835.0
2.0
1.0
20.0
1.0
39.0
2.0
2.0
245.0
467.0
45.0
4.0
1.0
1.0
1.0
10.0
1676.0
3.0
1.0
75.0
4.0
2.0
1642.0
19.0
14.0
275.0
1.0
1.0
1.0
1.0
2.0
1.0
16.0
3.0
24.0
2.0
3.0
13.0
145.0
1.0
130.0
4.0
1.0
3.0
12.0
1.0
3.0
1.0
3.0
7.0
33.0
1.0
177.0
3.0
20.0
871.0
1.0
39.0
8.0
3.0
8.0
2.0
462.0
542.0
3.0
1.0
2.0
17.0
22.0
18.0
5.0
3.0
1.0
461.0
4.0
2040.0
228.0
1.0
1.0
1.0
3.0
7.0
1.0
33.0
5.0
2.0
22.0
188.0
3.0
3.0
16.0
1360.0
1.0
2.0
5.0
1.0
3.0
4.0
1.0
17.0
14.0
2449.0
1.0
3.0
465.0
2.0
1.0
19.0
3.0
5.0
2.0
28.0
991.0
31.0
118.0
1.0
1.0
3.0
83.0
4.0
1.0
3.0
1.0
2.0
7.0
19.0
5795.0
1.0
4819.0
7.0
1.0
2.0
10.0
3.0
3.0
1.0
3.0
3.0
3.0
50.0
216.0
1.0
3.0
14.0
99.0
1.0
5.0
929.0
12.0
1.0
31.0
3.0
19.0
62.0
13000.0
1690.0
1.0
1.0
1.0
649.0
3.0
132.0
1.0
3.0
16.0
2.0
40.0
401.0
5.0
1.0
268.0
5.0
4452.0
1.0
21.0
3.0
9.0
23.0
1.0
177.0
1.0
1.0
3.0
3.0
296.0
1.0
3.0
8.0
1134.0
1.0
66.0
1.0
3.0
3.0
2.0
3.0
22.0
10.0
952.0
1.0
1006.0
6.0
1.0
28.0
1.0
569.0
421.0
3.0
7.0
1.0
2.0
29.0
135.0
3.0
1.0
22.0
2.0
1018.0
98.0
3.0
3.0
11.0
273.0
1.0
3.0
5.0
22.0
2.0
1415.0
2.0
81.0
7.0
1.0
1.0
13.0
1.0
1.0
2.0
8.0
1.0
129.0
134.0
1698.0
9.0
566.0
18.0
4.0
1.0
8.0
31.0
50.0
292.0
30.0
2.0
48.0
1.0
1097.0
2.0
4136.0
2.0
67.0
3.0
15.0
1.0
3.0
3.0
3271.0
177.0
23.0
1.0
57.0
104.0
3.0
4.0
1.0
3.0
2.0
10.0
410.0
1.0
180.0
1.0
3.0
338.0
2.0
3.0
43.0
5.0
3151.0
34.0
1.0
29.0
3.0
1.0
22.0
1.0
1.0
197.0
67.0
9.0
86.0
1.0
43.0
24.0
2.0
2.0
24.0
1.0
5.0
11.0
2.0
1.0
327.0
20.0
6.0
3.0
1.0
590.0
24341.0
1.0
1.0
1.0
10.0
1.0
459.0
1.0
33.0
8.0
1295.0
4.0
9.0
1.0
2.0
15.0
1.0
3.0
8.0
88.0
2.0
2.0
1.0
1.0
8.0
1.0
1.0
4.0
1.0
20.0
2.0
2.0
1.0
3.0
1.0
1.0
1.0
4.0
2323.0
3.0
3.0
3.0
25.0
215.0
3.0
8.0
19.0
1.0
1.0
5.0
1.0
9.0
123.0
2.0
9.0
2.0
1.0
3.0
6748.0
10.0
3.0
11.0
75.0
8.0
52.0
2.0
1.0
70.0
5.0
9.0
1.0
3.0
3.0
1.0
1.0
3.0
74.0
1.0
3.0
1.0
8.0
3.0
88.0
7.0
1.0
1.0
1.0
8025.0
59.0
12.0
1.0
643.0
4612.0
1.0
1.0
3.0
4.0
1.0
889.0
1943.0
45.0
3.0
1.0
2.0
82.0
3.0
1.0
2.0
1.0
5.0
2.0
11.0
16.0
278.0
26.0
1.0
3.0
3.0
1107.0
8.0
21.0
3.0
102.0
4.0
3.0
1.0
8.0
89.0
2.0
3.0
3.0
3.0
3.0
72.0
87.0
5.0
1.0
878.0
1.0
3.0
2.0
62.0
70.0
8.0
18.0
3.0
1.0
1.0
250.0
7.0
2.0
8.0
19.0
1.0
3.0
2.0
19.0
1.0
3.0
8.0
2.0
113.0
1.0
9.0
134.0
589.0
22.0
16.0
1.0
4.0
3.0
1.0
3.0
1.0
7.0
8.0
3.0
54.0
1.0
1.0
472.0
36.0
1.0
31.0
2.0
1.0
160.0
1.0
134.0
2.0
21.0
44.0
1606.0
15.0
1.0
1.0
1.0
3.0
8.0
3.0
14.0
1.0
3.0
3.0
23.0
1512.0
3.0
2.0
2.0
5.0
24.0
3.0
3.0
17.0
9.0
2.0
3.0
10.0
2.0
3.0
1.0
120.0
7.0
1.0
4079.0
3.0
1.0
339.0
2.0
9.0
1.0
1.0
53.0
1.0
3.0
4.0
1.0
24.0
2.0
636.0
6.0
4.0
3.0
2.0
9.0
1.0
1.0
42.0
1.0
20.0
9.0
1.0
241.0
1.0
1.0
2.0
4.0
8.0
1.0
261.0
59.0
3.0
22.0
2334.0
835.0
3.0
4.0
1.0
16.0
1.0
13.0
65.0
9.0
3.0
21.0
19.0
6.0
2.0
1.0
10.0
536.0
10.0
3.0
1.0
3.0
2.0
21.0
313.0
1.0
12.0
12.0
1.0
6.0
1.0
3.0
11.0
1.0
145.0
21.0
3.0
9.0
1.0
1.0
1.0
1.0
3.0
979.0
3.0
1.0
44.0
1.0
1.0
351.0
3.0
2.0
34.0
51.0
5.0
1.0
19.0
1022.0
3.0
3.0
16.0
17.0
4.0
15.0
2.0
1241.0
2.0
22.0
24.0
1.0
585.0
55.0
2.0
3.0
1.0
23.0
36.0
9.0
5.0
3.0
1.0
2.0
1.0
16.0
3.0
3.0
1.0
3.0
1.0
1.0
5.0
20.0
2.0
576.0
3.0
6666.0
8.0
6.0
6.0
7961.0
1.0
1.0
1.0
1.0
1.0
4.0
9.0
1.0
132.0
1.0
12.0
1.0
1.0
9.0
1.0
1.0
3.0
1.0
414.0
1.0
1.0
1.0
64.0
2.0
1.0
1136.0
3.0
101.0
7.0
1.0
13.0
3.0
2288.0
124.0
1.0
1.0
3.0
2.0
3.0
3453.0
1.0
9.0
3.0
1.0
439.0
6.0
2.0
118.0
1.0
3.0
10.0
693.0
1.0
99.0
35.0
3.0
1.0
33.0
7.0
894.0
2.0
1.0
2.0
344.0
2.0
1307.0
1.0
1.0
1.0
26.0
2.0
1761.0
1.0
3.0
4.0
1.0
1.0
3.0
9.0
43.0
10.0
1.0
3.0
2.0
3.0
5291.0
1.0
82.0
4.0
3.0
2.0
1401.0
11.0
3.0
24.0
23.0
1.0
28.0
199.0
1.0
10.0
3.0
6.0
47.0
3.0
17.0
5.0
2.0
33.0
1.0
16.0
1.0
7.0
1.0
2391.0
2.0
961.0
12.0
1.0
1.0
4.0
3.0
4.0
2.0
2.0
13.0
1.0
605.0
1.0
3.0
12.0
88.0
3.0
5.0
3.0
3.0
1.0
2.0
3.0
1314.0
19.0
1.0
28.0
6.0
2.0
1.0
131.0
1.0
4.0
1049.0
1415.0
1.0
1.0
1.0
328.0
1.0
1.0
2.0
36.0
88.0
433.0
6.0
4.0
1606.0
2.0
386.0
1.0
563.0
1.0
1159.0
1.0
1.0
1.0
3.0
4.0
6.0
23.0
2.0
11.0
1.0
3.0
23.0
14.0
1.0
5.0
11.0
5.0
6.0
1.0
386.0
1.0
3.0
1.0
302.0
2.0
1.0
27.0
5.0
26.0
25.0
12.0
1.0
1349.0
3.0
75.0
3.0
5.0
206.0
3.0
3.0
236.0
242.0
1.0
1.0
2.0
1.0
2.0
115.0
3.0
30.0
2.0
24.0
1.0
18.0
3.0
1.0
1.0
1.0
426.0
164.0
122.0
7.0
19.0
3.0
8.0
1.0
110.0
385.0
2.0
4.0
31.0
5665.0
1.0
1.0
2.0
1.0
17.0
36.0
2.0
4.0
13.0
17.0
4193.0
150.0
1.0
237.0
2.0
10.0
8.0
45.0
1.0
10.0
96.0
2.0
4.0
3.0
8.0
24.0
17.0
2.0
213.0
258.0
1.0
11.0
5.0
34.0
1.0
60.0
635.0
5.0
4.0
6.0
3.0
2462.0
12.0
1.0
2.0
1.0
7.0
2.0
2.0
1.0
1.0
2.0
1.0
19.0
1.0
4.0
21.0
2.0
3.0
1.0
1.0
3.0
74.0
12.0
7.0
5.0
1.0
51.0
100.0
1.0
12.0
40.0
43.0
70.0
1.0
1.0
1136.0
11.0
20.0
2.0
1.0
24.0
1.0
1.0
3.0
3.0
5610.0
1.0
4.0
11.0
10.0
2.0
99.0
5.0
2.0
1.0
282.0
1.0
22.0
335.0
1.0
516.0
801.0
1.0
8683.0
2.0
1.0
1.0
3.0
2.0
1.0
2.0
1.0
1.0
3.0
1.0
1.0
9.0
100.0
129.0
7.0
216.0
19.0
6.0
3.0
2013.0
5.0
1845.0
1.0
3.0
1.0
6.0
7.0
1606.0
292.0
1.0
2.0
1.0
502.0
12.0
3.0
5.0
2.0
2.0
3.0
42.0
120.0
1.0
1.0
71.0
80.0
6.0
62.0
16.0
9.0
854.0
24.0
2.0
1.0
337.0
1.0
334.0
4.0
1.0
1.0
11.0
3.0
1.0
3.0
1.0
1.0
5.0
1.0
3.0
65.0
1.0
967.0
1.0
15.0
1.0
4.0
1.0
2.0
3.0
3.0
1.0
7124.0
1.0
3350.0
333.0
961.0
4.0
6.0
81.0
1.0
3.0
4.0
2.0
1.0
12.0
3.0
3.0
453.0
3.0
2.0
33.0
1.0
1.0
351.0
722.0
11.0
17.0
1.0
21.0
3.0
71.0
3.0
5.0
8.0
1.0
35.0
2.0
748.0
2.0
117.0
4.0
3.0
472.0
8.0
3.0
585.0
1.0
3.0
3.0
3.0
1.0
1.0
2.0
103.0
1.0
3.0
9.0
3.0
4.0
42.0
111.0
538.0
115.0
3.0
1.0
337.0
35.0
1.0
34.0
100.0
1.0
3.0
3.0
87.0
2.0
2.0
23.0
1.0
12.0
3.0
5.0
2.0
3.0
2477.0
3.0
44.0
3.0
14.0
573.0
1.0
5.0
2892.0
297.0
75.0
1.0
1.0
50.0
3.0
1.0
4.0
1031.0
12.0
675.0
2.0
3.0
8.0
3.0
3.0
53.0
4.0
866.0
1.0
14.0
351.0
1.0
2.0
743.0
1.0
1.0
1.0
2.0
2.0
2.0
29.0
3.0
1.0
1.0
3616.0
351.0
43.0
38.0
10.0
58369.0
2874.0
8.0
536.0
1.0
58.0
4.0
1.0
5.0
3.0
39.0
4704.0
3.0
2943.0
2.0
143.0
2.0
1.0
1.0
5.0
3.0
39.0
244.0
3.0
1.0
45.0
2.0
1.0
1.0
1.0
66.0
1.0
1.0
4.0
25.0
16.0
1.0
9.0
18443.0
3.0
13.0
1.0
1.0
3.0
29.0
28.0
1.0
3.0
447.0
2.0
1.0
4.0
2.0
5.0
1.0
51.0
1.0
3.0
139.0
1399.0
37.0
72.0
9.0
783.0
588.0
16.0
56.0
86.0
35.0
2.0
1018.0
6.0
2.0
1.0
512.0
2.0
1.0
16.0
183.0
8.0
3.0
5.0
1.0
3.0
4.0
3.0
23.0
244.0
1.0
2.0
1.0
2.0
4.0
1828.0
1.0
5.0
1.0
4.0
8.0
1.0
3.0
2891.0
5.0
33.0
165.0
3564.0
32.0
10.0
1.0
3.0
46.0
8.0
33.0
1.0
737.0
5.0
248.0
1.0
443.0
1.0
3.0
59.0
371.0
3.0
3.0
22.0
6.0
33.0
4.0
1.0
4.0
59.0
67.0
634.0
2.0
14.0
201.0
10.0
4.0
2.0
1007.0
1.0
2.0
1.0
5.0
1.0
12.0
3.0
3033.0
19.0
1.0
50.0
212.0
2.0
352.0
88.0
2.0
1.0
122.0
50.0
1.0
1.0
111.0
3.0
295.0
3.0
10.0
2.0
1.0
3.0
351.0
7.0
960.0
3.0
271.0
1.0
2.0
191.0
17.0
3.0
2.0
1.0
1.0
2.0
1.0
3.0
1.0
4.0
4.0
31.0
10.0
11.0
1.0
8.0
2.0
1.0
327.0
1.0
5.0
1034.0
44.0
1257.0
2.0
3.0
11.0
494.0
5.0
2.0
2.0
3.0
1.0
2.0
1.0
3.0
5.0
49.0
3.0
22.0
3.0
224.0
932.0
230.0
25.0
421.0
821.0
1.0
1.0
4.0
1.0
1.0
5.0
564.0
370.0
1.0
1.0
4.0
6.0
401.0
6.0
2.0
2.0
2.0
1.0
3.0
697.0
1.0
1.0
6.0
5.0
14354.0
3.0
4.0
4.0
3.0
3.0
1.0
6.0
2.0
1.0
1.0
31.0
4.0
3.0
19.0
476.0
488.0
5.0
1.0
2.0
52.0
408.0
4.0
42.0
3.0
10.0
7.0
4.0
840.0
86.0
4.0
1.0
13.0
1.0
1.0
1.0
24.0
1.0
3.0
3.0
181.0
2.0
7.0
1.0
5.0
457.0
255.0
216.0
106.0
244.0
40.0
20.0
149.0
3.0
2.0
1.0
3.0
3.0
1.0
1198.0
16.0
4.0
3.0
2.0
1308.0
2.0
12.0
2.0
2.0
3.0
69.0
49.0
4.0
32.0
34.0
1.0
457.0
1.0
3.0
9.0
230.0
3.0
4.0
1001.0
3.0
4682.0
462.0
1.0
1.0
1.0
1.0
3.0
160.0
175.0
1.0
3.0
5661.0
2.0
2.0
15.0
30.0
3.0
1.0
1514.0
2.0
2.0
56.0
8.0
3.0
9.0
32.0
1.0
3.0
2.0
2.0
3.0
1.0
1060.0
1.0
3.0
3.0
1.0
67.0
1.0
1.0
3.0
15.0
1.0
8.0
3.0
1.0
1.0
299.0
101.0
1.0
1139.0
172.0
32.0
1.0
465.0
1.0
1.0
15.0
8.0
1.0
9.0
4.0
2.0
1.0
1.0
3.0
435.0
3.0
507.0
3.0
2.0
9.0
3.0
1.0
1.0
8.0
81.0
5.0
4.0
638.0
1.0
1.0
16.0
74.0
13.0
4.0
1.0
2.0
4.0
1.0
1.0
3.0
1.0
1.0
9.0
1.0
3.0
1.0
1.0
1.0
3.0
1.0
38.0
3.0
4.0
3.0
55.0
58.0
9.0
1.0
247.0
1.0
2.0
703.0
1.0
1.0
6.0
3.0
17.0
1.0
24.0
3.0
11.0
2.0
16.0
1.0
1.0
1.0
3.0
5.0
1.0
3.0
71.0
2.0
3.0
586.0
1.0
31.0
1274.0
143.0
4.0
7.0
2.0
8.0
1.0
2.0
728.0
16.0
66.0
1.0
4.0
4424.0
19.0
3.0
330.0
5.0
1.0
25.0
24.0
1.0
4.0
2.0
43.0
2224.0
1.0
9.0
3.0
2.0
3.0
2.0
66.0
3.0
952.0
1.0
3.0
1.0
1.0
2619.0
1.0
2.0
871.0
3.0
7.0
4.0
22.0
3.0
445.0
4.0
3.0
3.0
2357.0
3.0
1.0
8.0
2.0
8.0
79.0
29.0
3.0
1.0
7.0
40.0
1.0
10.0
2.0
17.0
3.0
4.0
3.0
1.0
1.0
2.0
21.0
15.0
5.0
2.0
8.0
2.0
3.0
1.0
4.0
1.0
338.0
55.0
537.0
1.0
1.0
9.0
3.0
3.0
8.0
2.0
4.0
2.0
4.0
1.0
2.0
3.0
32.0
14.0
10.0
10.0
1.0
2.0
6.0
8.0
1390.0
2.0
4.0
3.0
1.0
389.0
6.0
2.0
2.0
1.0
173.0
10.0
44.0
8.0
589.0
3.0
3168.0
2.0
1.0
275.0
1.0
20.0
3.0
1.0
1.0
39.0
542.0
1.0
1038.0
16.0
32.0
1.0
1.0
2.0
63.0
6.0
3.0
3.0
13.0
2.0
46.0
4.0
1.0
79.0
33.0
345.0
3.0
155.0
161.0
74.0
8.0
1.0
1018.0
874.0
2.0
8.0
1880.0
1.0
3.0
18.0
2.0
1.0
3.0
1069.0
69.0
1.0
3.0
24.0
1.0
8.0
223.0
13.0
28.0
3.0
26.0
2.0
6.0
666.0
512.0
1.0
24452.0
23.0
205.0
1.0
3.0
3.0
3.0
2.0
4.0
24.0
55.0
1.0
66.0
1.0
88.0
1.0
19.0
1.0
8.0
5.0
3.0
1089.0
3.0
1.0
1.0
4.0
3.0
3.0
2.0
25.0
668.0
1.0
20.0
696.0
1.0
1.0
8.0
1422.0
3.0
1007.0
1523.0
3.0
5.0
1083.0
374.0
635.0
116.0
21.0
1.0
37.0
1.0
4.0
3.0
1.0
316.0
1175.0
2.0
1.0
6.0
31.0
2.0
2.0
20.0
1.0
9.0
779.0
2.0
10.0
4.0
86.0
3.0
2.0
1.0
2023.0
330.0
3.0
1.0
1.0
1.0
1.0
1.0
3.0
2.0
3.0
1.0
1.0
1.0
3.0
14.0
12.0
282.0
1.0
222.0
1.0
42.0
1.0
117.0
298.0
9.0
4.0
31.0
5090.0
10.0
35.0
112.0
3.0
180.0
1.0
14.0
2.0
8.0
1.0
2.0
24.0
50.0
247.0
3.0
139.0
1.0
3.0
74.0
1.0
76.0
9.0
9.0
23.0
1.0
11366.0
31.0
177.0
14.0
1.0
3.0
1787.0
2.0
18.0
678.0
8.0
3.0
596.0
49.0
1.0
2.0
32.0
70.0
6.0
2.0
2.0
41.0
120.0
34.0
3.0
2.0
3.0
832.0
4.0
1.0
12.0
44.0
1.0
5.0
3.0
1.0
2.0
46.0
1.0
1.0
3.0
52.0
8.0
3.0
3.0
1.0
3.0
3965.0
223.0
24.0
1.0
24.0
66.0
1.0
1.0
14.0
7.0
8.0
1.0
14385.0
6.0
633.0
2.0
12.0
38.0
62.0
1.0
2381.0
3.0
6.0
1.0
2.0
17.0
1.0
164.0
1.0
236.0
1.0
3.0
171.0
10.0
1161.0
16.0
22.0
3.0
366.0
7.0
1.0
19.0
7.0
1.0
3.0
431.0
204.0
1.0
4.0
123.0
2.0
3.0
1.0
3.0
162.0
1.0
3.0
2.0
3.0
20.0
19.0
23.0
1.0
4.0
2.0
5.0
64.0
2054.0
3.0
1.0
4521.0
3.0
3.0
5.0
35.0
29.0
2.0
2.0
2.0
61.0
1.0
4.0
1.0
2.0
29.0
1.0
6.0
83.0
38.0
3.0
7.0
20.0
2.0
1.0
3.0
10.0
8.0
3.0
15.0
331.0
1.0
17.0
1.0
2.0
3.0
124.0
74.0
1.0
533.0
2.0
11.0
351.0
1.0
1.0
886.0
5.0
39.0
3.0
6.0
3745.0
3.0
1.0
4.0
3.0
3.0
1.0
1.0
1178.0
7.0
29.0
1238.0
1.0
212.0
9.0
42.0
2.0
1293.0
2.0
12.0
1.0
4.0
2.0
3.0
1.0
24.0
1.0
4.0
1.0
1.0
21.0
5.0
41.0
20.0
71.0
1.0
992.0
492.0
2.0
1.0
2.0
44.0
14.0
1.0
1.0
24.0
56.0
6.0
3.0
1.0
4.0
6.0
241.0
115.0
63.0
1.0
3.0
3.0
1.0
1.0
1.0
89.0
40.0
1.0
1469.0
2.0
1.0
1.0
3.0
24.0
3.0
1.0
12.0
1.0
104.0
52.0
2.0
4.0
861.0
8.0
3.0
2.0
87.0
1596.0
3.0
3.0
86.0
1.0
288.0
3.0
1739.0
10.0
9.0
4.0
143.0
82.0
1.0
66.0
1.0
1.0
1.0
3.0
1284.0
17.0
218.0
354.0
2.0
9.0
9.0
8.0
2.0
3.0
1.0
3.0
1.0
6.0
3.0
5.0
1957.0
3.0
1.0
4.0
1.0
1.0
18.0
5402.0
1.0
561.0
2.0
3.0
138.0
15.0
1.0
1.0
2.0
3.0
3.0
1075.0
2.0
40.0
1.0
232.0
18.0
34.0
2.0
5.0
21.0
1.0
351.0
1.0
1121.0
148.0
1.0
21.0
1.0
5.0
1.0
2847.0
1120.0
21.0
3.0
89.0
3.0
5.0
1.0
144.0
3.0
3.0
1.0
3.0
38.0
2.0
4.0
7.0
3.0
48.0
3.0
18.0
179.0
3.0
1.0
7.0
2990.0
1.0
15.0
1.0
1.0
3.0
1.0
1.0
4.0
13.0
17.0
54.0
1.0
36.0
2.0
59.0
3.0
3.0
2.0
35.0
4.0
2.0
2.0
181.0
3.0
3.0
16.0
1.0
4.0
25.0
3.0
112.0
3.0
291.0
5.0
3.0
3.0
351.0
1.0
1.0
8.0
3.0
65.0
1.0
1.0
3.0
41.0
1.0
18.0
12.0
1.0
43.0
2.0
1.0
2.0
1.0
1.0
5.0
1.0
1.0
10.0
3.0
1.0
591.0
53.0
450.0
19.0
5.0
6.0
3.0
2.0
1.0
3.0
1.0
9.0
2412.0
2.0
3.0
20.0
3.0
6.0
1.0
697.0
2.0
1.0
1.0
7.0
212.0
37.0
8.0
94.0
6.0
82.0
1.0
1.0
139.0
382.0
7.0
3.0
3.0
3.0
226.0
260.0
6.0
1878.0
2.0
1.0
9398.0
103.0
3.0
3729.0
32.0
3.0
3.0
74.0
1.0
6.0
1.0
2.0
3.0
1.0
7.0
25.0
17.0
59.0
10.0
3.0
4.0
52.0
1.0
2.0
19.0
4.0
3.0
596.0
76.0
37.0
20.0
24.0
2.0
17.0
1526.0
3.0
4.0
4.0
1.0
2.0
1971.0
1.0
7.0
3.0
421.0
13116.0
45.0
18.0
7.0
3.0
188.0
3.0
31.0
1.0
3.0
4806.0
1.0
3.0
8.0
3.0
592.0
3.0
679.0
3.0
28.0
41.0
3.0
74.0
2.0
1.0
1735.0
1.0
3.0
4.0
152.0
12.0
84.0
87.0
5.0
1.0
2.0
2.0
351.0
1.0
1.0
2.0
9.0
7.0
3.0
1.0
1.0
3.0
6.0
194.0
2.0
2.0
122.0
682.0
3.0
1008.0
26.0
3.0
1.0
3.0
19.0
16.0
2.0
382.0
202.0
1.0
4255.0
174.0
63.0
2.0
8.0
1.0
9.0
3.0
2.0
1.0
4227.0
49.0
1.0
1.0
1.0
1.0
18.0
81.0
338.0
5.0
783.0
894.0
238.0
1292.0
2.0
1.0
30.0
8.0
1.0
3.0
1.0
10.0
1.0
1183.0
13.0
1.0
1.0
2.0
1.0
2.0
2.0
17.0
8.0
1032.0
2.0
459.0
3.0
1.0
2.0
1.0
3.0
190.0
2.0
2.0
1.0
3.0
3.0
9.0
4.0
65.0
24.0
329.0
1.0
2.0
1.0
2.0
15.0
22.0
2.0
16.0
68.0
4.0
421.0
1.0
45.0
1.0
162.0
66.0
2.0
3.0
1.0
142.0
7.0
11.0
1164.0
42.0
25.0
21.0
6.0
105.0
2.0
1.0
79.0
54.0
23.0
174.0
187.0
2994.0
43.0
1.0
3.0
412.0
1.0
48.0
340.0
1594.0
2.0
242.0
9.0
1.0
1.0
5.0
64.0
261.0
5.0
5.0
1.0
9.0
1.0
1.0
9.0
8.0
10.0
2.0
1.0
28.0
1.0
288.0
12.0
635.0
455.0
1.0
2.0
8.0
158.0
9203.0
72.0
1.0
3.0
79.0
607.0
86.0
1.0
1.0
3.0
2.0
17.0
591.0
56.0
1.0
528.0
3.0
21.0
2.0
2.0
3.0
3.0
951.0
21.0
2.0
4.0
1.0
1.0
8.0
457.0
1.0
7.0
1.0
48.0
22.0
7.0
1.0
30.0
4920.0
3.0
74.0
16.0
3.0
203.0
1.0
10.0
4.0
4.0
87.0
1.0
87.0
2.0
5.0
3.0
1.0
7.0
1.0
3.0
1150.0
2.0
1.0
39.0
6.0
2.0
2.0
1.0
221.0
6.0
1155.0
23.0
4.0
171.0
2.0
3.0
4.0
837.0
145.0
1.0
6.0
1.0
7.0
512.0
2.0
1.0
2421.0
1.0
3.0
8.0
9.0
2.0
3.0
4.0
1.0
3.0
2.0
3.0
1.0
2.0
92.0
8.0
6.0
71.0
20.0
180.0
65.0
17.0
3.0
3.0
2.0
1.0
8.0
12.0
1.0
3.0
3.0
3.0
1.0
3.0
1.0
472.0
1.0
156.0
19.0
5.0
53.0
1.0
235.0
1.0
2.0
1.0
1.0
39.0
2.0
2.0
1.0
1.0
17.0
8.0
419.0
2.0
1.0
4.0
1.0
3.0
3.0
784.0
3.0
3.0
1.0
5.0
1.0
418.0
16.0
6.0
6965.0
1039.0
3.0
32.0
21.0
1.0
6.0
2.0
1.0
9.0
3.0
12.0
1.0
38.0
46.0
254.0
264.0
1.0
2.0
240.0
5.0
3.0
1.0
512.0
35.0
1.0
3.0
75.0
141.0
4.0
3.0
22.0
1.0
4.0
660.0
3558.0
97.0
1.0
3.0
1.0
8.0
2.0
1.0
14.0
57.0
2.0
10.0
4.0
3.0
1.0
515.0
1.0
1.0
24.0
6.0
1.0
2239.0
1.0
12.0
1.0
115.0
107.0
3.0
13.0
4.0
4.0
1.0
1.0
818.0
15.0
2.0
105.0
538.0
1.0
1.0
1562.0
91.0
2.0
451.0
1.0
2339.0
3.0
172.0
1.0
1.0
4.0
4.0
4.0
1.0
1.0
1.0
3.0
23.0
580.0
1.0
2.0
3.0
2.0
1.0
1.0
153.0
50.0
1.0
1.0
44.0
3.0
930.0
1.0
15.0
1553.0
4.0
3.0
41.0
2.0
8.0
1.0
877.0
1.0
83.0
3.0
4.0
12.0
1.0
11.0
571.0
29.0
12.0
15.0
31.0
8.0
28.0
1.0
4.0
313.0
9.0
3.0
770.0
2.0
1.0
1.0
2.0
5.0
1.0
1.0
3.0
1.0
1.0
952.0
2.0
780.0
17.0
1.0
1.0
5.0
30.0
1.0
2.0
36.0
1.0
18.0
108.0
3.0
20.0
4.0
1108.0
2.0
9.0
31.0
1.0
15.0
7.0
444.0
573.0
4.0
2478.0
7.0
1.0
14.0
51.0
3.0
6.0
129.0
3.0
217.0
1.0
41.0
3.0
1.0
3.0
12.0
7.0
1.0
1.0
12.0
1.0
3.0
3.0
67.0
3.0
1.0
8.0
2.0
2.0
3.0
13.0
2.0
1.0
3.0
1.0
82.0
24.0
1.0
14.0
2.0
1.0
2.0
3.0
1.0
4.0
282.0
38.0
2.0
2.0
66.0
3.0
671.0
3.0
1.0
1.0
1.0
5.0
3.0
4.0
10.0
1.0
949.0
1264.0
1.0
16.0
972.0
3.0
20.0
151.0
3.0
2.0
87.0
20.0
53.0
28.0
3.0
977.0
1.0
73.0
1.0
6.0
482.0
4.0
351.0
1.0
2.0
16.0
9.0
7.0
3.0
22.0
17.0
24.0
1.0
651.0
20.0
333.0
34.0
3.0
17.0
2.0
2.0
30.0
1.0
2112.0
687.0
2.0
1.0
5.0
92.0
12.0
24.0
1.0
1.0
166.0
4.0
2.0
353.0
97.0
17.0
1.0
10.0
313.0
2.0
3.0
1.0
1.0
605.0
5739.0
8.0
366.0
2.0
25.0
5.0
151.0
3.0
4.0
1050.0
1.0
17.0
2.0
6.0
4.0
1471.0
1.0
57.0
3.0
19.0
358.0
1.0
172.0
8.0
1.0
16.0
39.0
1.0
1253.0
3.0
1.0
4.0
6.0
9.0
1.0
12.0
741.0
7.0
82.0
2.0
62.0
6.0
191.0
20.0
1.0
1.0
2.0
47.0
1183.0
9.0
1.0
2.0
2473.0
3.0
2.0
16.0
3.0
1.0
5.0
2235.0
24.0
94.0
1.0
450.0
11.0
69.0
3.0
2613.0
4.0
4.0
5.0
232.0
1073.0
2.0
1.0
9.0
1.0
10.0
381.0
12.0
7.0
9.0
55.0
3.0
15.0
320.0
4.0
3.0
1.0
2.0
3.0
3.0
1.0
159.0
5.0
6.0
1.0
6.0
1.0
5.0
15.0
7.0
39.0
37.0
1.0
3.0
17.0
626.0
135.0
2.0
2.0
3.0
31.0
1.0
131.0
2.0
984.0
6.0
3.0
1.0
1.0
1.0
70.0
3.0
1.0
25.0
3.0
2.0
3.0
993.0
6.0
3.0
2.0
32.0
18.0
3.0
2.0
2.0
73.0
43.0
199.0
9.0
1.0
5.0
3.0
3.0
4.0
5.0
1.0
1.0
2.0
4.0
79.0
15.0
75.0
1.0
1.0
1671.0
1.0
6.0
1.0
3.0
1.0
1.0
2.0
1.0
12.0
1078.0
159.0
4.0
4.0
1.0
1.0
3.0
42.0
3.0
5.0
3.0
1.0
3.0
2.0
1.0
1.0
3.0
2.0
1.0
14.0
163.0
1.0
1.0
1.0
47.0
4.0
44.0
167.0
22.0
1.0
346.0
288.0
19.0
41.0
837.0
8.0
22.0
1.0
23.0
1.0
34.0
1.0
295.0
17.0
1.0
46.0
46.0
1.0
58.0
1203.0
1.0
186206.0
2.0
6.0
17.0
1.0
444.0
23.0
1.0
599.0
1.0
1.0
1.0
9.0
341.0
28.0
172.0
5.0
29.0
50.0
696.0
583.0
28.0
3.0
3.0
623.0
10.0
2557.0
2.0
16.0
24.0
2.0
7709.0
1.0
69.0
4.0
15.0
234.0
3.0
1.0
2.0
1.0
106.0
674.0
1.0
1.0
1.0
1.0
1.0
2.0
10.0
4.0
62.0
1900.0
1.0
104.0
3.0
5.0
3.0
1.0
27.0
124.0
1.0
194.0
4.0
154.0
1.0
3.0
1.0
3.0
1.0
3.0
5.0
50.0
1.0
2.0
14.0
759.0
1.0
1.0
2142.0
3.0
984.0
73.0
3.0
1.0
1.0
4.0
3.0
23.0
2.0
4.0
2.0
1.0
1.0
60.0
3.0
1.0
3.0
1.0
1152.0
10.0
4.0
1.0
1.0
1.0
1.0
1.0
96.0
9.0
25.0
17.0
2.0
139.0
4.0
1.0
5.0
19.0
160.0
2.0
72.0
1.0
3.0
14.0
1.0
3.0
23.0
1.0
45.0
8.0
2.0
1607.0
6.0
103.0
44.0
9.0
1.0
9.0
9.0
1.0
1.0
2.0
1.0
1.0
6.0
3.0
3.0
1.0
3.0
2.0
6.0
31.0
10967.0
20.0
1.0
41.0
1.0
10.0
3.0
421.0
1.0
1.0
1.0
5.0
157.0
3.0
39.0
146.0
1.0
1.0
1.0
51.0
1.0
3.0
1.0
31.0
1.0
1.0
1.0
3.0
1.0
7.0
4.0
1.0
1.0
2.0
86.0
1.0
3.0
5.0
735.0
1.0
2.0
26.0
3.0
1.0
722.0
3.0
1.0
1.0
3.0
129.0
2.0
13.0
1.0
43.0
5.0
1.0
44.0
1.0
1.0
25.0
42.0
1.0
114.0
9.0
3680.0
74.0
4.0
3.0
3.0
2.0
1.0
593.0
1.0
385.0
1.0
6.0
129.0
2.0
1.0
4.0
35.0
8.0
3.0
22.0
96.0
4.0
1.0
5.0
24.0
101.0
7.0
1.0
40.0
46.0
292.0
473.0
3787.0
1.0
2.0
1219.0
3.0
5.0
46.0
2.0
70.0
1.0
1.0
2.0
8.0
6.0
1.0
1.0
3.0
30989.0
1.0
2.0
3.0
12.0
1.0
1.0
90.0
1.0
1504.0
119.0
208.0
1.0
736.0
34.0
959.0
1.0
1781.0
14.0
1402.0
114.0
3.0
3.0
4.0
450.0
1.0
1241.0
9.0
2.0
49.0
2.0
2.0
1.0
24.0
75.0
2847.0
3.0
1.0
1488.0
1.0
3.0
1.0
2.0
3.0
1.0
3.0
89.0
1.0
173.0
137.0
482.0
2.0
3928.0
2.0
3.0
576.0
22.0
233.0
1.0
1523.0
3.0
4.0
3.0
1704.0
11.0
683.0
208.0
1.0
3.0
200.0
2604.0
1.0
209.0
3.0
98.0
27.0
1386.0
408.0
11.0
1553.0
2.0
25.0
467.0
3.0
174.0
56.0
1.0
2.0
87.0
1.0
9.0
411.0
2.0
1.0
3.0
7.0
17.0
1.0
2.0
105.0
8.0
1.0
2.0
3.0
1.0
1.0
58.0
19.0
4445.0
871.0
3.0
3.0
2.0
19.0
11.0
528.0
1.0
1.0
1.0
3.0
1.0
2.0
39.0
59.0
4.0
3.0
15.0
2.0
1.0
69.0
1.0
1029.0
3.0
147.0
22.0
1.0
4.0
6.0
1.0
1.0
1.0
1.0
1.0
25.0
5.0
2.0
2.0
797.0
1.0
6.0
1.0
1.0
838.0
3.0
1.0
1.0
1.0
3.0
25.0
2.0
3.0
7.0
322.0
2.0
6.0
11.0
1.0
32.0
3.0
1.0
1.0
3.0
9.0
1.0
21.0
6.0
2.0
1.0
3.0
3.0
1.0
20.0
233.0
1866.0
22.0
175.0
1.0
5.0
2.0
2836.0
1.0
105.0
8.0
12.0
3.0
5.0
23.0
3.0
1.0
3.0
116.0
90.0
6.0
2.0
1.0
2.0
2.0
48.0
3.0
33.0
1.0
2.0
1.0
29.0
4.0
3.0
428.0
1.0
10.0
1.0
1.0
1.0
181.0
3.0
14.0
21.0
24.0
2.0
1.0
2.0
1.0
1.0
270.0
1.0
1779.0
1.0
344.0
3.0
9.0
23.0
3.0
2.0
65.0
4.0
3.0
2.0
1.0
11.0
1827.0
3.0
6.0
62.0
28.0
31.0
3054.0
1.0
3.0
4.0
2.0
1.0
2.0
1.0
1.0
1.0
1.0
1.0
5.0
10.0
1.0
172.0
259.0
13.0
1.0
1.0
7347.0
97.0
1.0
5.0
5.0
1.0
2.0
1.0
8.0
759.0
1.0
117.0
2.0
1.0
1.0
5909.0
2.0
2.0
4.0
10.0
134.0
1.0
18.0
1.0
2.0
2.0
1.0
34.0
3.0
249.0
105.0
3.0
1.0
3.0
241.0
3.0
9.0
15.0
43.0
3.0
683.0
5.0
467.0
36.0
4272.0
30654.0
9.0
965.0
3.0
4.0
185.0
2.0
64.0
67.0
8.0
1.0
2.0
7.0
41.0
19.0
1.0
3.0
3.0
1.0
10.0
4.0
1.0
4.0
3.0
469.0
1.0
19.0
288.0
9.0
2.0
17.0
4.0
42.0
3.0
674.0
375.0
1.0
2.0
10.0
10.0
1.0
1229.0
1.0
3.0
24.0
66.0
3.0
2.0
12.0
1.0
3.0
1.0
37.0
115.0
581.0
1.0
3.0
1121.0
672.0
226.0
1.0
2.0
1.0
4884.0
683.0
1.0
7.0
6.0
33.0
977.0
148.0
19.0
6.0
12.0
3.0
1.0
4016.0
3.0
3.0
112.0
46.0
1.0
117.0
2.0
285.0
5.0
1.0
10.0
1261.0
23.0
3.0
1.0
4948.0
3.0
1.0
3.0
2.0
180.0
7.0
77.0
1.0
1.0
1335.0
420.0
2.0
1.0
2.0
64.0
74.0
11.0
1.0
2.0
3.0
1.0
1.0
862.0
6.0
10165.0
2776.0
7.0
1.0
4.0
1.0
90.0
1.0
3.0
1.0
1.0
1759.0
1.0
35.0
2.0
24.0
3.0
3.0
16.0
15.0
1.0
897.0
4.0
1.0
3.0
1.0
1.0
49.0
3.0
38.0
1.0
2.0
1.0
145.0
2.0
13.0
1.0
1.0
1.0
9.0
1.0
7590.0
3.0
24.0
3.0
25.0
3.0
179.0
1.0
2310.0
2.0
1.0
13.0
55.0
1.0
6.0
1.0
1.0
1.0
224.0
152.0
14.0
3.0
3.0
1.0
2.0
19.0
249.0
77.0
9.0
1105.0
340.0
3.0
1.0
159.0
23.0
1.0
3.0
32.0
1.0
11.0
3.0
572.0
46.0
2.0
3.0
1.0
950.0
3.0
1.0
13.0
1.0
1.0
3.0
60.0
2.0
40.0
8.0
2.0
8.0
1.0
2.0
10.0
1.0
3.0
2.0
219.0
3.0
2.0
24.0
1.0
1.0
1.0
2.0
2.0
1.0
1.0
3.0
148.0
1.0
2.0
2.0
1.0
1.0
22.0
1.0
1.0
6.0
1.0
2.0
2.0
8.0
950.0
28.0
7.0
4.0
1.0
102.0
2.0
5.0
3.0
2.0
4.0
3.0
61.0
3.0
2.0
4.0
1.0
1.0
7.0
2.0
1.0
8.0
1.0
4.0
1.0
3.0
1.0
3.0
52.0
1.0
447.0
19.0
60.0
3.0
1.0
1.0
677.0
3307.0
38.0
46.0
1.0
1.0
133.0
3.0
1.0
36.0
8.0
1.0
1.0
1.0
1.0
7.0
26.0
1.0
3.0
8.0
19.0
3.0
36.0
2.0
8.0
13.0
28.0
2.0
157.0
596.0
2.0
3.0
36.0
2.0
1.0
5.0
2.0
1.0
10.0
384.0
1.0
249.0
3.0
523.0
1.0
1.0
4.0
1.0
1.0
3.0
1.0
10.0
2.0
5.0
8.0
3.0
1.0
33.0
29.0
2.0
14.0
1.0
3.0
2.0
214.0
3.0
2.0
3.0
596.0
9.0
2858.0
2.0
25.0
1.0
1.0
4.0
1.0
638.0
5.0
58.0
1.0
185.0
15.0
3.0
3.0
4.0
20.0
1.0
1274.0
201.0
23.0
1.0
24.0
19.0
503.0
2.0
4.0
1.0
7.0
11.0
14.0
1266.0
3.0
5.0
3.0
2.0
1.0
66.0
3.0
961.0
8753.0
313.0
3.0
4.0
1.0
361.0
11.0
255.0
21.0
3.0
1.0
1.0
1.0
1.0
1.0
6.0
255.0
17.0
6.0
335.0
11.0
2.0
3.0
1237.0
57.0
45.0
1.0
29.0
4391.0
1.0
22.0
3.0
199.0
10.0
1.0
17.0
1.0
2.0
1.0
1.0
1.0
10.0
465.0
2.0
23.0
889.0
3.0
2.0
29.0
6.0
3.0
93.0
16.0
1102.0
76.0
4.0
28.0
7.0
961.0
29.0
12.0
19.0
4.0
1.0
37843.0
2.0
2.0
1.0
3.0
472.0
50.0
2.0
3.0
393.0
1.0
863.0
3.0
1.0
1.0
5.0
1.0
1.0
2.0
5.0
1.0
3.0
17.0
901.0
2.0
1.0
3.0
3.0
351.0
6.0
8.0
2.0
7.0
34.0
1.0
5555.0
7.0
65.0
1.0
9.0
14.0
9.0
397.0
3.0
10.0
772.0
1.0
2.0
3.0
2.0
1.0
59399.0
1.0
1.0
1.0
3.0
1.0
1.0
3.0
1.0
9.0
1.0
156.0
2.0
65.0
1.0
3.0
1.0
1.0
1.0
62.0
1.0
2.0
7.0
101.0
14.0
5.0
11.0
3.0
1.0
67.0
1.0
86.0
1.0
1.0
5.0
1.0
2.0
2.0
102.0
3.0
696.0
120.0
3.0
3.0
169.0
4.0
1.0
112.0
29.0
7.0
541.0
313.0
4.0
4429.0
6.0
15.0
1.0
3.0
2118.0
2.0
5599.0
3593.0
3.0
67.0
9.0
82.0
1.0
30.0
24.0
1.0
36.0
1.0
5.0
875.0
3.0
6.0
1.0
3.0
42.0
7.0
1.0
261.0
4.0
6.0
700.0
1.0
3.0
14.0
29.0
2.0
9.0
1.0
3.0
8682.0
30.0
67.0
1.0
3.0
1.0
1.0
132.0
4.0
3.0
23.0
2.0
1.0
4.0
342.0
4.0
55.0
3.0
3.0
719.0
1.0
17.0
1.0
121.0
24.0
146.0
2.0
1.0
9.0
1.0
3.0
3.0
3.0
170.0
3.0
5.0
1.0
8.0
28.0
3.0
1.0
1.0
3.0
314.0
4.0
2.0
1.0
14.0
4.0
2.0
7.0
12.0
266.0
55.0
1.0
51.0
4.0
222.0
8.0
1.0
30.0
3.0
1.0
1.0
5.0
596.0
1151.0
3.0
3.0
10.0
5.0
1.0
13.0
2.0
28.0
2.0
6.0
1.0
2.0
2.0
3.0
1002.0
742.0
2.0
1.0
2.0
3.0
1003.0
6.0
85.0
2015.0
2.0
972.0
3.0
880.0
1.0
2.0
32.0
7.0
2.0
62.0
3.0
2.0
8.0
9.0
1.0
3.0
370.0
239.0
1.0
9.0
3.0
62.0
1.0
292.0
4349.0
451.0
191.0
12.0
46.0
3.0
3.0
1.0
15502.0
4.0
1.0
3.0
1.0
8.0
1.0
9.0
2.0
2.0
2.0
8.0
10.0
5347.0
75.0
801.0
6.0
4.0
2.0
4.0
2.0
35.0
86.0
24.0
797.0
2.0
3.0
7060.0
5499.0
10.0
3.0
4.0
16.0
1.0
66.0
2.0
2.0
3.0
166.0
1.0
931.0
3.0
8.0
1.0
42.0
1.0
3.0
3.0
16.0
7.0
3.0
2.0
4.0
7.0
3.0
3.0
3.0
2.0
11.0
1314.0
1.0
30.0
2.0
1.0
44.0
696.0
1.0
2611.0
1.0
158.0
77.0
38.0
2.0
2.0
24.0
72.0
4.0
5.0
4.0
1.0
1.0
2.0
1018.0
3.0
3.0
3.0
11.0
1004.0
2.0
2.0
6.0
3.0
3.0
673.0
1546.0
3.0
20.0
3.0
3.0
3.0
37.0
1.0
102.0
32949.0
3.0
2.0
1.0
4.0
25.0
97.0
1.0
21.0
1.0
51.0
3.0
17.0
243.0
1.0
4.0
12.0
3.0
1.0
2.0
1.0
8.0
3.0
4.0
11.0
2.0
134.0
128.0
3.0
2.0
39.0
1.0
29.0
1.0
5.0
755.0
1.0
87.0
8.0
19.0
8.0
3.0
24.0
9.0
3.0
1.0
75.0
1.0
9.0
1.0
4.0
482.0
1.0
14.0
13.0
690.0
1.0
353.0
6.0
19.0
2384.0
4.0
427.0
1.0
1.0
41.0
282.0
2.0
1.0
27.0
3.0
2.0
2.0
34.0
3.0
281.0
5.0
62.0
2.0
2.0
1.0
2.0
1.0
8.0
4180.0
3.0
302.0
1.0
5.0
1.0
21.0
5.0
8.0
1.0
75.0
3.0
3.0
1185.0
3.0
1.0
24.0
6.0
2.0
21.0
1.0
3.0
3.0
293.0
4.0
16.0
3.0
1.0
2.0
1.0
39.0
36.0
5.0
1.0
3.0
6.0
148.0
3965.0
1.0
1.0
11.0
2.0
1.0
1.0
1.0
7.0
55.0
1361.0
59.0
80.0
373.0
2.0
2.0
3.0
1.0
1.0
1.0
30.0
1.0
36.0
1.0
50.0
1184.0
1.0
797.0
17.0
8.0
17.0
2.0
14.0
8.0
1.0
8.0
5.0
890.0
4.0
3.0
30.0
3.0
1.0
6.0
2.0
5.0
31.0
3.0
14.0
3.0
1.0
21.0
2893.0
10.0
614.0
280.0
2.0
4.0
800.0
1.0
44.0
1.0
3.0
8.0
2.0
131.0
7.0
1.0
6.0
1.0
4.0
1.0
1.0
1.0
3.0
1106.0
52.0
2.0
3.0
14.0
7.0
3.0
205.0
1.0
3.0
5.0
1.0
1.0
3.0
4.0
6.0
3.0
24.0
4.0
1.0
8.0
10.0
1.0
1.0
2.0
78.0
3.0
25.0
10.0
3.0
1.0
1.0
4.0
2.0
11.0
2.0
3.0
149.0
3.0
1888.0
1.0
2.0
4.0
6.0
10.0
1.0
1.0
3.0
1.0
351.0
3.0
1.0
11.0
75.0
6.0
1.0
1.0
9.0
3.0
883.0
9.0
3.0
3.0
60.0
1.0
6.0
1.0
4.0
6.0
4.0
1988.0
1.0
764.0
2.0
65.0
2.0
3.0
3.0
1.0
1.0
321.0
16.0
1.0
222.0
12.0
4.0
1.0
12.0
1722.0
9811.0
4448.0
78.0
3.0
29.0
2.0
44.0
181.0
1.0
2.0
1.0
65.0
2.0
1.0
57.0
104.0
6.0
3.0
1.0
8.0
27.0
913.0
1.0
64.0
33.0
7.0
1.0
2433.0
1.0
4.0
2.0
1.0
768.0
2.0
3.0
2.0
1.0
17.0
602.0
74.0
3.0
578.0
97.0
3.0
109.0
1.0
24.0
2.0
1.0
25.0
8.0
181.0
3.0
1.0
97.0
3.0
3.0
1.0
3.0
2.0
2.0
963.0
1.0
2.0
3.0
1.0
23.0
2.0
1.0
606.0
3.0
38.0
4.0
1.0
1.0
1.0
2.0
1.0
1.0
65.0
24.0
1.0
2.0
528.0
3.0
2.0
2.0
674.0
4.0
33.0
2.0
1.0
1.0
1.0
758.0
1.0
263.0
284.0
3.0
6.0
2.0
13.0
424.0
1.0
3.0
12.0
1.0
1.0
1.0
26.0
5.0
69.0
44.0
1.0
2.0
305.0
2.0
47.0
681.0
3.0
167.0
121.0
3.0
3.0
3.0
3.0
22.0
178.0
1.0
36.0
1374.0
1.0
90.0
1.0
4.0
3.0
1.0
1.0
14.0
24.0
10.0
11.0
5.0
3.0
40.0
3.0
3.0
41.0
2.0
4.0
1.0
16.0
1.0
1.0
725.0
3.0
14.0
6.0
3.0
19.0
2.0
382.0
3.0
3.0
1.0
38.0
51.0
3.0
86.0
4.0
5.0
180.0
2.0
65.0
44.0
2.0
1.0
2.0
2.0
4.0
2.0
22.0
3.0
9.0
1.0
3.0
9.0
3.0
1458.0
1.0
1.0
205.0
3.0
1.0
1116.0
3.0
4.0
1.0
58.0
953.0
5.0
8.0
103.0
1.0
3.0
1.0
9.0
3.0
1.0
316.0
3.0
1.0
23.0
1.0
2.0
4.0
1.0
4.0
64.0
1.0
4.0
3.0
147.0
3.0
12.0
45.0
4.0
14.0
2.0
1.0
2.0
18.0
25.0
1.0
1.0
1.0
295.0
1.0
1.0
2.0
11.0
18.0
1.0
10.0
8932.0
6.0
1.0
3.0
4.0
1.0
81.0
3.0
1.0
1.0
1.0
2.0
1.0
1.0
248.0
1.0
491.0
3.0
20.0
3.0
2.0
4.0
65.0
2.0
463.0
1.0
1.0
3330.0
3.0
4.0
1.0
4.0
1.0
3.0
3603.0
13.0
9.0
3.0
470.0
990.0
1.0
3.0
1.0
117.0
3.0
1.0
1.0
9.0
2618.0
507.0
7.0
1.0
1.0
4.0
133.0
4.0
7.0
1.0
3.0
4.0
1.0
3.0
180.0
1.0
3.0
1.0
1.0
3.0
4.0
1.0
3.0
6.0
22.0
2.0
3.0
25.0
3.0
28.0
4.0
81.0
2.0
3.0
3.0
18.0
121.0
230.0
99.0
5.0
188.0
3.0
20.0
11.0
258.0
89.0
200.0
3.0
9.0
139.0
3.0
2.0
8.0
1.0
88.0
3.0
1.0
7.0
611.0
3.0
4.0
1.0
3.0
3.0
9.0
1.0
289.0
278.0
259.0
4.0
4.0
3.0
745.0
82.0
1.0
1.0
3.0
3.0
4.0
1.0
17.0
2.0
1.0
1.0
1.0
4.0
306.0
63.0
1.0
19.0
1.0
3.0
3.0
1.0
16.0
1.0
3.0
596.0
3.0
1.0
6.0
3.0
919.0
4.0
301.0
1.0
690.0
2.0
1.0
16.0
3.0
2.0
1.0
237.0
6.0
4.0
8.0
1407.0
5.0
62.0
2.0
2.0
3.0
311.0
1.0
3.0
4.0
36.0
1.0
50.0
24.0
15.0
44.0
17.0
1.0
32.0
1.0
885.0
1.0
4.0
1.0
1.0
351.0
1.0
4.0
3.0
10.0
3.0
4.0
4.0
9.0
115.0
9.0
2743.0
5.0
1.0
3.0
1.0
16.0
2666.0
3.0
202.0
1.0
1.0
3.0
9.0
7.0
1.0
8.0
2.0
1.0
1.0
2.0
4.0
1.0
3.0
2.0
16.0
2.0
77.0
3.0
169.0
3.0
536.0
4.0
65.0
1.0
1.0
17.0
668.0
1.0
1.0
164.0
2.0
3.0
21.0
107.0
3.0
3.0
3.0
3.0
1.0
3.0
9.0
2.0
3.0
73.0
3.0
57.0
202.0
26.0
6.0
3.0
573.0
512.0
19.0
6605.0
1.0
4.0
44845.0
12.0
1.0
1.0
2.0
1.0
4.0
1.0
18.0
1.0
815.0
3.0
4.0
22.0
1.0
150.0
3.0
1.0
14.0
3.0
195.0
1064.0
557.0
1.0
66.0
6.0
102.0
19.0
4.0
1.0
17.0
829.0
565.0
19.0
29.0
7.0
1.0
42.0
445.0
16.0
7.0
4305.0
105.0
3.0
2.0
23.0
6.0
1.0
3.0
1.0
1.0
5.0
1.0
27.0
5.0
651.0
3.0
2.0
2.0
1.0
1460.0
7.0
3.0
8.0
32.0
3.0
1.0
11.0
1018.0
5.0
1.0
319.0
54.0
1.0
3.0
2.0
3778.0
1.0
9.0
34.0
9.0
27.0
1.0
49.0
1.0
1.0
1.0
29.0
1.0
1.0
1.0
1.0
76.0
1.0
129.0
17.0
5.0
8.0
1.0
1.0
55.0
9.0
1.0
11.0
1461.0
139.0
3.0
1.0
1.0
35.0
1373.0
3.0
5756.0
44.0
17.0
1.0
34.0
2.0
1.0
350.0
1.0
34.0
1.0
66.0
13.0
1.0
29.0
4.0
4.0
5.0
429.0
8.0
1.0
6.0
3.0
24.0
2.0
3.0
8.0
79.0
55.0
2.0
3.0
10.0
1.0
3.0
1.0
3.0
1.0
1.0
3.0
1.0
2259.0
1.0
3.0
1.0
2.0
1.0
3910.0
1.0
2.0
1.0
164.0
3.0
1.0
696.0
1883.0
1.0
121.0
42.0
15.0
17.0
2.0
1.0
2.0
1.0
2.0
1.0
2.0
9.0
12.0
5.0
14.0
13.0
1.0
3.0
2468.0
1346.0
581.0
7.0
1.0
3.0
3.0
2.0
32.0
3.0
18.0
315.0
23.0
31.0
3.0
3.0
1600.0
330.0
1.0
1.0
7.0
3.0
79.0
3.0
5.0
2.0
1.0
1.0
4.0
1.0
3.0
4.0
4.0
1927.0
3.0
7.0
23.0
3.0
1.0
3.0
41.0
2.0
48.0
5.0
1.0
2.0
1.0
6.0
3.0
282.0
5.0
3.0
1225.0
2.0
637.0
1.0
1.0
3.0
2.0
74.0
3.0
1.0
1.0
2.0
1.0
216.0
1.0
5.0
3.0
1.0
3.0
40.0
2.0
8.0
1.0
1.0
1.0
1.0
105.0
2.0
347.0
6.0
2.0
2.0
1.0
1.0
3.0
79.0
7.0
3.0
1.0
25.0
257.0
1.0
244.0
1.0
601.0
1.0
2.0
41.0
3.0
7.0
4.0
14.0
1.0
13310.0
8.0
1.0
1.0
1.0
1.0
421.0
376.0
1.0
19.0
3.0
3.0
6.0
1288.0
5.0
1.0
1.0
7424.0
59.0
17.0
1.0
1.0
1.0
5.0
3.0
3.0
18.0
512.0
19.0
2.0
2.0
3.0
2.0
3.0
2011.0
293.0
1675.0
378.0
2.0
483.0
2.0
1.0
23.0
1.0
3.0
4.0
866.0
1.0
1.0
1.0
166.0
1.0
1213.0
28.0
8.0
1155.0
351.0
44.0
114.0
1.0
1.0
789.0
457.0
1.0
2.0
4.0
1.0
77.0
4.0
3.0
1617.0
6.0
123.0
1.0
516.0
69.0
3.0
1.0
1.0
10.0
3.0
1.0
12.0
2.0
1.0
739.0
1.0
1.0
3.0
9.0
3.0
5.0
9.0
1.0
5.0
7.0
2.0
13.0
1.0
5.0
10.0
259.0
56.0
3.0
137.0
886.0
1.0
4.0
3.0
510.0
540.0
28.0
1.0
6.0
1.0
1.0
401.0
1.0
2.0
1022.0
3.0
8.0
7.0
1.0
333.0
1.0
68.0
1.0
5.0
1.0
33.0
5.0
1.0
1.0
5067.0
1.0
1.0
1.0
1.0
4.0
1.0
2.0
3.0
23.0
2.0
78.0
1.0
3.0
3.0
211.0
5.0
2.0
2.0
2.0
60.0
1.0
23.0
69.0
391.0
24.0
30.0
5.0
4589.0
10.0
1.0
593.0
1.0
152.0
2.0
1523.0
9.0
1.0
11.0
2.0
2.0
923.0
5.0
3.0
1.0
2.0
387.0
13.0
1.0
2.0
51.0
6.0
85.0
6.0
3.0
1.0
1.0
1018.0
1.0
3.0
4.0
2.0
24.0
1.0
1.0
45.0
443.0
1879.0
3.0
1.0
1.0
17.0
3.0
24.0
64.0
3.0
3.0
3.0
40.0
1.0
1136.0
182.0
1.0
4.0
123.0
1.0
69.0
2.0
3.0
4.0
1.0
9.0
1.0
1.0
3.0
3.0
161.0
4.0
2.0
2.0
2.0
261.0
3.0
1388.0
1.0
1.0
65.0
529.0
77.0
1.0
3.0
2.0
14.0
1.0
370.0
242.0
5048.0
2.0
154.0
2.0
92.0
2.0
2.0
3.0
24.0
1.0
1.0
6.0
5.0
3.0
100.0
3.0
55.0
2.0
10.0
2.0
2.0
1241.0
2.0
2.0
3.0
1.0
215.0
17.0
7.0
5.0
2.0
1.0
102.0
2.0
3.0
10.0
3.0
18.0
1.0
1.0
1.0
1.0
24.0
64.0
4.0
3.0
3.0
83.0
1.0
11.0
27.0
1.0
3.0
24.0
27.0
1.0
3.0
3.0
20.0
272.0
4.0
6.0
1.0
4.0
3.0
1.0
1.0
1.0
102.0
238.0
1.0
65.0
5.0
1435.0
21.0
1.0
59.0
1.0
28.0
1.0
1544.0
1.0
2.0
9.0
196.0
1.0
1400.0
252.0
10.0
351.0
1.0
1.0
329.0
7.0
311.0
53.0
129.0
3.0
5.0
6.0
4.0
1.0
1.0
5.0
292.0
1.0
1.0
1.0
3.0
1.0
3.0
66.0
2310.0
5.0
19.0
1.0
19.0
4.0
1225.0
334.0
1800.0
3.0
2518.0
2.0
7.0
1.0
2.0
1.0
351.0
9.0
1539.0
3.0
14.0
1.0
3.0
54.0
5567.0
295.0
74.0
50.0
36.0
4633.0
7.0
154.0
5.0
3.0
68.0
1.0
13.0
66.0
2508.0
900.0
1.0
1.0
3.0
12.0
7.0
1.0
685.0
70.0
9.0
6.0
1.0
8.0
378.0
4.0
3.0
3326.0
3.0
19.0
1.0
1.0
2626.0
3.0
13.0
1477.0
2.0
28.0
10430.0
1.0
1.0
1018.0
3.0
1.0
784.0
71.0
1.0
1.0
2.0
22.0
1.0
7.0
1735.0
9.0
2.0
15.0
3.0
206.0
25.0
10.0
69.0
9.0
1.0
3.0
3.0
1.0
1.0
1.0
13.0
1.0
282.0
33.0
1.0
6.0
5.0
5029.0
3.0
69.0
3040.0
1.0
1939.0
1.0
1308.0
5.0
1.0
31.0
3.0
2.0
3.0
235.0
379.0
66.0
3.0
1.0
1.0
7.0
3.0
5.0
23.0
7.0
7.0
1.0
2.0
6.0
2.0
3.0
288.0
5342.0
3.0
1.0
130.0
1.0
5.0
303.0
2.0
1.0
1.0
1.0
1.0
6.0
282.0
65.0
8.0
5.0
1.0
1.0
79.0
118.0
3.0
1.0
1.0
4.0
1.0
15.0
8.0
18.0
9.0
3.0
2.0
76.0
1.0
12.0
29.0
3.0
1.0
2.0
9.0
1.0
3.0
4.0
2.0
174.0
3.0
4.0
3.0
5.0
70.0
203.0
32.0
1299.0
4.0
1.0
1.0
1.0
1.0
23.0
10.0
1.0
31.0
3.0
1.0
34.0
4.0
1.0
3.0
3.0
3969.0
653.0
1.0
754.0
106.0
1.0
1.0
262.0
7.0
3.0
2.0
2.0
84.0
1.0
66.0
5.0
1.0
17.0
27.0
4.0
4.0
242.0
170.0
3.0
9.0
54.0
1.0
458.0
58.0
5.0
40.0
1.0
2.0
183.0
3.0
2.0
1.0
2.0
4.0
1.0
370.0
4.0
10.0
1.0
4.0
3.0
1.0
5.0
19.0
1.0
694.0
1.0
4.0
2.0
72.0
1.0
1.0
31.0
1.0
5.0
16.0
1.0
1.0
13.0
8.0
1.0
1.0
4.0
1.0
2.0
10.0
3.0
1.0
2.0
3.0
4.0
1.0
1.0
6.0
9.0
4.0
12.0
1.0
20.0
7.0
7.0
1.0
3.0
6.0
7.0
9.0
4.0
45.0
2.0
71.0
1.0
4.0
3.0
2940.0
199.0
101.0
42.0
104.0
3.0
3.0
1.0
1.0
5.0
1.0
5.0
1.0
58.0
82.0
2.0
1.0
209.0
1.0
116.0
24.0
1.0
19.0
2494.0
170.0
3.0
2.0
37.0
1.0
15.0
3.0
477.0
4.0
33.0
2.0
1.0
879.0
7.0
227.0
46.0
1.0
10.0
450.0
1401.0
1.0
5.0
3.0
1.0
8.0
1.0
8.0
19.0
19.0
76.0
11.0
87.0
1.0
5.0
2.0
40.0
1.0
1.0
1.0
33.0
7.0
2.0
7.0
796.0
9.0
3.0
1.0
4.0
16.0
3.0
1.0
19.0
4.0
2.0
3.0
2.0
3.0
3.0
1.0
6.0
5.0
4.0
980.0
1.0
14.0
3.0
2.0
36.0
578.0
2.0
4.0
997.0
1.0
3.0
137.0
13.0
2.0
266.0
2.0
2.0
2.0
605.0
86.0
2.0
1.0
3.0
9.0
4.0
282.0
1.0
19.0
13.0
14385.0
1.0
1.0
1.0
3.0
3.0
2.0
3.0
685.0
11.0
1.0
2.0
3.0
60.0
10.0
3.0
1.0
1.0
1.0
3.0
3.0
1.0
6.0
1.0
14385.0
2671.0
1.0
3.0
1.0
3.0
1.0
1.0
164.0
3.0
2.0
3.0
1.0
17.0
2.0
10.0
17.0
3.0
113.0
69.0
424.0
1.0
1.0
369.0
7.0
2.0
3.0
1.0
11.0
1.0
2.0
549.0
118.0
12.0
1.0
3.0
1.0
1.0
1.0
1.0
625.0
3.0
2.0
4.0
3.0
19.0
4.0
1.0
1.0
19.0
2.0
3.0
5.0
9.0
99.0
3.0
8.0
1.0
3.0
8.0
6.0
1.0
5.0
1.0
938.0
3.0
3.0
859.0
4499.0
3.0
3.0
1.0
4.0
5.0
549.0
12.0
5.0
3.0
10968.0
1.0
1.0
160.0
397.0
1.0
526.0
1.0
1.0
6.0
94.0
34.0
70.0
45.0
1.0
3.0
1.0
1226.0
252.0
77.0
4.0
58.0
5.0
10.0
1.0
1.0
1.0
56.0
2.0
47.0
1.0
1.0
35.0
2396.0
23.0
3.0
1.0
1.0
4.0
48.0
1.0
1.0
6.0
20.0
588.0
1.0
3.0
172.0
2812.0
1.0
3.0
6.0
3.0
3.0
2.0
1.0
74.0
31.0
2.0
3.0
9.0
33.0
27.0
1.0
262.0
1.0
3.0
1.0
2193.0
102.0
3.0
74.0
1905.0
22.0
3.0
2.0
2.0
1.0
3.0
1.0
13.0
13.0
3.0
66.0
3.0
2.0
105.0
65.0
3.0
119.0
3.0
24.0
19.0
2.0
1.0
4.0
1.0
1.0
4.0
17.0
147.0
3.0
644.0
3138.0
17.0
33.0
288.0
6143.0
34.0
1.0
1.0
2.0
1.0
1.0
5.0
694.0
10.0
1.0
7.0
3.0
4.0
3.0
6.0
1.0
23.0
2.0
2815.0
1.0
1.0
47.0
3.0
4.0
1.0
12.0
3.0
2.0
3.0
17.0
2.0
2.0
2.0
1530.0
3.0
24.0
1.0
3.0
1.0
1.0
5.0
3.0
1.0
35.0
1.0
6.0
32.0
9.0
923.0
1.0
100.0
3.0
8.0
1.0
773.0
10.0
767.0
1.0
9.0
1.0
8.0
29.0
3.0
215.0
1280.0
250.0
1.0
1654.0
2.0
19.0
3.0
1.0
4130.0
4.0
81.0
1.0
288.0
13.0
5.0
4.0
3.0
3.0
3.0
3.0
106.0
1.0
4.0
31.0
1.0
2.0
4.0
124.0
3.0
1.0
67.0
37.0
2.0
15.0
1.0
6.0
1.0
25.0
11.0
6.0
10.0
25.0
1.0
2.0
4.0
1.0
1.0
1.0
132.0
4.0
1.0
1.0
1.0
1.0
131.0
73.0
4.0
1.0
4.0
1.0
1.0
2.0
1.0
3.0
1.0
5.0
1.0
27.0
3.0
1.0
11.0
8.0
1.0
3.0
166.0
2.0
7.0
14385.0
1.0
3.0
8.0
3.0
16.0
2.0
217.0
1.0
109.0
805.0
1514.0
24.0
1.0
1.0
2.0
4.0
1.0
9987.0
4.0
24.0
39.0
5469.0
521.0
2.0
7.0
1.0
4.0
3.0
289.0
3.0
1.0
19.0
1.0
2.0
3.0
3.0
1.0
9639.0
459.0
1.0
3.0
1.0
10.0
16.0
1.0
138.0
2.0
1.0
47.0
25.0
25.0
3.0
2.0
6.0
3.0
7.0
1.0
4.0
1.0
2.0
49.0
48.0
2.0
3.0
4.0
1.0
5.0
1.0
1.0
1.0
1.0
2.0
1.0
9.0
1.0
129.0
21.0
1.0
9.0
1.0
3.0
3.0
9.0
1.0
3.0
4598.0
23.0
1.0
2.0
191.0
9.0
288.0
9.0
1.0
1.0
17.0
3.0
445.0
1.0
49.0
6.0
1.0
3.0
34.0
9.0
147.0
31.0
12.0
2.0
972.0
3.0
2.0
1.0
1.0
5.0
678.0
233.0
57.0
1.0
3.0
3.0
1.0
1.0
3.0
4.0
3.0
129.0
10.0
1.0
7.0
3.0
11.0
1.0
3.0
50.0
1093.0
39.0
6.0
6.0
4.0
3.0
1.0
1069.0
227.0
845.0
2.0
4.0
3.0
2.0
3.0
11.0
359.0
2.0
3.0
1512.0
12.0
1.0
65.0
4.0
3.0
1.0
1.0
1.0
4.0
103.0
283.0
106.0
2356.0
89.0
3.0
16.0
2.0
9.0
2.0
2.0
36.0
1.0
1.0
1.0
1.0
2.0
866.0
558.0
1.0
1.0
1.0
91.0
3.0
418.0
3340.0
8.0
565.0
1.0
9.0
6.0
7.0
3.0
1.0
15.0
73.0
224.0
1.0
1.0
24.0
1.0
5.0
2.0
8.0
1.0
14385.0
6.0
296.0
11.0
167.0
1.0
7.0
3.0
1.0
2.0
6.0
1.0
1.0
10.0
16.0
7.0
3.0
48.0
3.0
39.0
10.0
282.0
11.0
2.0
1.0
2.0
4.0
109.0
1.0
14.0
3.0
1.0
1473.0
1.0
1.0
1.0
171.0
264.0
92.0
680.0
3.0
9.0
2.0
16.0
14497.0
110.0
149.0
3.0
1337.0
3.0
1.0
8.0
1.0
20.0
1363.0
69.0
5.0
3.0
3.0
2.0
2.0
4.0
4.0
3.0
32.0
1464.0
1.0
1.0
1.0
7.0
2.0
1.0
2.0
833.0
12.0
7.0
315.0
17.0
1.0
110.0
1.0
1.0
4.0
4351.0
1.0
230.0
1.0
2.0
31.0
242.0
1.0
3.0
2.0
1.0
312.0
2.0
2.0
16.0
1.0
102.0
1.0
17.0
2.0
4.0
1.0
1.0
1083.0
1.0
1.0
92.0
6.0
408.0
6.0
65.0
51.0
9.0
37.0
24.0
3.0
3.0
9.0
1.0
304.0
6.0
3.0
2.0
108.0
961.0
52.0
3.0
1.0
3.0
4.0
56.0
28.0
2.0
8672.0
1.0
3.0
292.0
45.0
24548.0
2.0
24.0
1.0
80.0
57.0
1.0
3.0
1.0
8.0
2.0
1.0
62.0
1.0
457.0
20.0
19.0
6.0
3.0
1.0
240.0
11.0
89.0
3.0
3.0
3.0
1.0
1985.0
5288.0
24.0
76.0
76.0
137.0
1.0
1.0
13.0
2.0
7.0
3.0
5.0
17.0
58.0
1.0
50.0
36.0
452.0
1.0
14.0
3.0
13.0
3.0
2.0
8.0
3.0
3.0
2.0
3.0
16.0
2.0
34.0
2.0
1.0
1.0
3.0
2.0
2.0
22.0
3.0
3.0
1.0
3.0
3.0
117.0
4.0
4.0
12.0
11.0
268.0
2.0
1.0
4.0
2.0
3.0
13.0
8.0
4.0
2544.0
2.0
162.0
62.0
1.0
1.0
3.0
1.0
63.0
22.0
2.0
15.0
4.0
1439.0
13.0
3.0
3.0
2.0
1.0
38.0
1.0
2.0
1.0
3.0
1.0
1.0
45.0
1.0
3.0
13.0
248.0
4.0
3.0
24.0
1.0
1.0
2.0
1.0
3.0
369.0
656.0
6.0
1763.0
351.0
1.0
91.0
69.0
14.0
27.0
4.0
9.0
1.0
63.0
1.0
4.0
7.0
1.0
32.0
3.0
1.0
1.0
46.0
4.0
3.0
1.0
8.0
3.0
1.0
4.0
22.0
8.0
3.0
3.0
8.0
2.0
19.0
4.0
107.0
1.0
27.0
8.0
4.0
2.0
54.0
5.0
52.0
406.0
1018.0
1.0
3.0
1.0
182.0
3.0
297.0
3.0
5.0
3.0
189.0
245.0
7.0
121.0
1.0
37.0
2.0
20.0
1.0
14.0
1.0
6.0
2.0
1.0
1.0
1.0
7.0
35.0
4.0
1.0
3.0
8.0
472.0
5.0
1.0
3.0
1.0
123.0
2.0
40.0
4.0
4.0
3.0
2.0
250.0
1.0
10.0
3.0
93.0
3.0
69.0
1.0
3.0
658.0
31.0
1458.0
1.0
1.0
9.0
10.0
32.0
10.0
3.0
103.0
4.0
364.0
886.0
1.0
69.0
1.0
2.0
1.0
3.0
3.0
2.0
780.0
20.0
92.0
1.0
1.0
287.0
3.0
9.0
19.0
2.0
8.0
3.0
3.0
42.0
2.0
81.0
3.0
1.0
5.0
10.0
1.0
3.0
68.0
2.0
648.0
8687.0
1.0
7.0
1.0
2.0
31.0
48.0
20.0
1.0
3.0
2.0
33.0
15.0
2.0
4.0
2.0
3.0
1.0
2.0
2.0
2.0
999.0
103.0
1527.0
14.0
24.0
2.0
3.0
1.0
4950.0
17.0
5.0
4.0
3.0
104.0
4.0
4.0
32.0
3.0
20.0
1.0
1009.0
47.0
188.0
583.0
3.0
8618.0
3.0
20.0
10.0
55.0
1.0
4.0
1.0
37.0
1437.0
3.0
4.0
53.0
3.0
2.0
58.0
20.0
125.0
779.0
2.0
67.0
1.0
3.0
1.0
2.0
3.0
1.0
3.0
51.0
1.0
1490.0
1.0
1.0
1780.0
3.0
79.0
2.0
2.0
269.0
3.0
2.0
1.0
3.0
19.0
1967.0
75.0
1.0
3.0
1.0
11.0
72.0
24.0
1.0
6.0
3.0
2.0
3.0
23.0
4.0
1.0
1.0
371.0
3.0
4.0
2.0
4.0
4.0
66.0
4.0
3.0
3.0
1.0
860.0
65.0
755.0
73.0
1.0
3.0
1.0
3.0
1.0
3.0
3.0
3.0
16.0
2.0
4.0
1.0
5.0
5.0
4923.0
1.0
2.0
6.0
116.0
2.0
9.0
3.0
3.0
3.0
3.0
1.0
277.0
2.0
1.0
5521.0
8.0
3.0
1.0
63.0
1.0
2.0
9.0
1.0
101.0
2.0
17.0
2.0
76.0
1.0
23.0
612.0
3.0
2.0
3.0
100.0
11.0
3.0
8.0
24.0
305.0
5.0
1.0
1.0
1.0
128.0
24.0
1.0
1.0
9.0
575.0
399.0
320.0
4.0
4.0
1.0
3.0
1.0
1.0
1.0
8.0
1.0
10.0
1.0
1.0
75.0
8.0
183.0
76.0
5707.0
1656.0
119.0
1.0
40.0
1.0
4.0
19.0
25.0
2005.0
1.0
280.0
1.0
1.0
866.0
3.0
101.0
1.0
1.0
14.0
3.0
4.0
13.0
33.0
1.0
4.0
1.0
233.0
6.0
32.0
1.0
3.0
19.0
2.0
2.0
381.0
3.0
800.0
8.0
2.0
1.0
1.0
3.0
3.0
4.0
1.0
7.0
9.0
5.0
1.0
1013.0
2.0
1.0
3.0
2.0
1.0
48.0
9.0
292.0
2.0
1.0
3.0
611.0
97.0
2.0
3.0
7.0
125.0
2224.0
114.0
30.0
1.0
3.0
24.0
9.0
14.0
10.0
18.0
2.0
3.0
1.0
1.0
4.0
1.0
1034.0
13.0
1.0
17.0
3.0
2.0
25.0
24.0
4.0
7.0
15.0
110.0
409.0
14.0
338.0
9.0
3.0
3.0
19.0
12.0
2.0
129.0
3.0
1.0
1.0
3.0
1.0
2.0
46.0
3.0
188.0
516.0
977.0
3.0
93.0
9.0
429.0
1.0
1.0
112.0
9.0
1.0
8.0
42.0
1122.0
3.0
2.0
14.0
4.0
3.0
237.0
16.0
3.0
9.0
1.0
1.0
1.0
1019.0
617.0
38.0
189.0
3.0
2.0
2.0
2.0
525.0
1714.0
6.0
2.0
1.0
3.0
1826.0
1018.0
1.0
1.0
1.0
1.0
19.0
4.0
111.0
3.0
3.0
828.0
1.0
8.0
2.0
37.0
3.0
241.0
16.0
364.0
35.0
1018.0
24.0
74.0
6.0
3.0
1.0
1.0
3.0
1.0
5.0
960.0
88.0
1.0
241.0
9.0
770.0
287.0
1.0
2.0
101.0
2.0
49.0
2963.0
31.0
19.0
1.0
30.0
4.0
2.0
3.0
398.0
1.0
2.0
1.0
9.0
6.0
13.0
2.0
150.0
1.0
3.0
2.0
1.0
1.0
76.0
1.0
571.0
11215.0
28.0
7.0
10.0
18.0
3.0
3.0
5.0
1.0
1.0
107.0
496.0
218.0
3.0
1.0
1.0
1.0
1.0
1.0
1.0
30.0
1.0
186.0
1.0
189.0
2.0
86.0
1.0
3.0
1.0
17.0
7902.0
2.0
1.0
685.0
1.0
4550.0
2021.0
6.0
1.0
4.0
3.0
4.0
5.0
2.0
24.0
1.0
2.0
11499.0
3.0
9.0
288.0
28.0
11.0
423.0
274.0
1.0
1.0
1.0
3.0
1.0
2.0
374.0
1.0
104.0
99.0
2.0
2.0
8.0
13.0
47.0
349.0
5.0
1.0
1.0
4.0
21.0
977.0
109.0
2.0
64.0
3.0
55.0
1.0
6.0
3.0
1.0
23.0
2.0
4.0
24.0
42.0
123.0
23.0
1.0
3.0
7.0
8.0
4.0
1.0
3.0
3.0
5.0
3.0
1.0
1.0
10.0
1.0
292.0
3.0
397.0
139.0
1.0
1444.0
1.0
1.0
69.0
62.0
65.0
1.0
23.0
24.0
19.0
3.0
1.0
1.0
5.0
251.0
14502.0
11.0
42.0
28.0
2.0
4.0
3.0
1.0
1629.0
31.0
2.0
541.0
281.0
3.0
2434.0
1.0
5.0
1.0
1.0
1.0
3.0
1.0
7.0
5439.0
1.0
2.0
1.0
1.0
19.0
73.0
1.0
3.0
1.0
7.0
44.0
1.0
8.0
2.0
34.0
2.0
17.0
3.0
1.0
370.0
61.0
2.0
307.0
3.0
257.0
11.0
16.0
3.0
14.0
9.0
1274.0
4.0
7.0
2209.0
3.0
1.0
351.0
3134.0
1.0
1.0
9.0
1.0
2.0
1303.0
21.0
12.0
2.0
288.0
3.0
3.0
6.0
87.0
5.0
1.0
3.0
766.0
1.0
8.0
1.0
64.0
3.0
15.0
1.0
14.0
3.0
1.0
308.0
1.0
1.0
1.0
949.0
3.0
2.0
1.0
1.0
3.0
5.0
38.0
1.0
3.0
103.0
242.0
4.0
1111.0
1.0
2.0
34.0
2.0
24.0
1094.0
74.0
17.0
3.0
129.0
7.0
17.0
9.0
6.0
1.0
21.0
7.0
9.0
21.0
56.0
2.0
27.0
60.0
3.0
519.0
1.0
8.0
2.0
2.0
3.0
1.0
4.0
1.0
1.0
3.0
1114.0
3.0
6.0
1.0
1.0
1.0
1649.0
3.0
9.0
3.0
2.0
432.0
2.0
15.0
5.0
2.0
8.0
3.0
1.0
46.0
1.0
29.0
8.0
3.0
594.0
1680.0
3.0
1.0
1.0
3.0
1.0
3.0
2.0
22.0
1.0
1.0
3.0
890.0
441.0
1.0
90.0
17.0
12.0
2.0
2754.0
7.0
2.0
1.0
2.0
2.0
9.0
1.0
49.0
28.0
1.0
2.0
19.0
1.0
271.0
1.0
2.0
1.0
589.0
943.0
51.0
3.0
3294.0
4.0
12.0
1.0
9.0
1.0
1029.0
179.0
2.0
10.0
20.0
108.0
2.0
9.0
189.0
6.0
749.0
1.0
1.0
4.0
6.0
2.0
2.0
1.0
2.0
1.0
3.0
1.0
3.0
1827.0
3.0
147.0
3.0
376.0
1.0
298.0
1.0
600.0
1.0
1.0
1.0
2.0
3.0
1.0
1.0
240.0
2.0
12.0
3918.0
3.0
2.0
2087.0
1.0
3.0
2.0
6.0
3.0
5.0
3.0
270.0
1022.0
3.0
19.0
11.0
3.0
2.0
87.0
1.0
4.0
2.0
1.0
491.0
3.0
1.0
2.0
3.0
475.0
2462.0
1.0
10.0
67.0
172.0
2.0
25.0
4.0
1.0
3.0
138.0
1.0
2.0
1.0
3.0
131.0
3.0
1.0
1.0
2.0
1.0
576.0
1.0
9.0
12.0
24.0
1.0
1.0
3.0
1.0
1.0
1.0
6.0
1.0
1.0
113.0
8.0
3.0
3.0
9.0
1.0
70.0
14.0
127.0
30.0
4.0
188.0
1.0
266.0
424.0
1.0
319.0
30.0
1.0
1.0
1.0
1.0
2.0
19.0
2.0
1.0
4.0
6.0
6.0
3.0
3.0
749.0
202.0
4.0
2.0
1.0
1.0
1.0
2.0
38.0
6.0
1.0
6.0
7.0
3.0
1.0
149.0
24.0
2.0
3.0
86.0
1104.0
3.0
97.0
106.0
1.0
5.0
4.0
24.0
18.0
59.0
1.0
5181.0
3.0
1.0
59.0
2.0
138.0
7.0
351.0
1.0
4.0
3.0
418.0
1.0
186.0
533.0
2.0
6.0
3.0
3.0
3.0
2.0
4.0
24.0
2.0
3.0
3.0
3.0
1.0
2.0
4.0
3.0
21.0
4.0
9.0
1.0
1.0
3.0
1.0
64.0
32.0
2.0
166.0
3.0
977.0
5.0
1.0
122.0
1.0
480.0
26.0
172.0
2838.0
3.0
20.0
300.0
72.0
1.0
2.0
1.0
2.0
1.0
1.0
3.0
4.0
4.0
11.0
12.0
3.0
3.0
3.0
1.0
2.0
13.0
2.0
4.0
3.0
25.0
18.0
2.0
1.0
1.0
8.0
408.0
3.0
1.0
5.0
3.0
288.0
21.0
19.0
57.0
8.0
263.0
3.0
1.0
3.0
1.0
3.0
295.0
2.0
1.0
506.0
113.0
308.0
1.0
1.0
52.0
2.0
1.0
16.0
696.0
2.0
1.0
1.0
7.0
43.0
8.0
4.0
1.0
9.0
4.0
4.0
3.0
2.0
3.0
1.0
1.0
1.0
1.0
31.0
1773.0
2.0
8.0
7.0
4.0
3037.0
1.0
3.0
1.0
4020.0
1.0
1.0
1002.0
3.0
2.0
2.0
3.0
1.0
1.0
441.0
14.0
3.0
348.0
13.0
7.0
1.0
4.0
3.0
72.0
282.0
1.0
50.0
7.0
60.0
1.0
190.0
251.0
9.0
12.0
1.0
2.0
196.0
3.0
3.0
1.0
3.0
1.0
1.0
9.0
2.0
1.0
1.0
899.0
1.0
1.0
434.0
1.0
1.0
6.0
2.0
291.0
1.0
1.0
1.0
1.0
11.0
3.0
2.0
574.0
1.0
1.0
1.0
1451.0
7.0
1.0
8.0
1.0
1.0
22.0
1.0
1.0
1.0
130.0
9.0
2.0
9.0
22.0
2.0
17.0
2.0
3.0
1.0
3.0
2.0
12.0
2.0
5.0
1.0
2.0
1.0
65.0
1.0
1.0
7.0
2.0
1.0
3.0
3.0
14.0
1.0
1.0
24.0
5.0
475.0
5.0
1.0
9.0
43.0
9.0
1.0
2.0
42.0
19.0
2.0
1.0
371.0
10.0
2.0
1.0
1.0
689.0
6.0
9.0
29.0
1.0
1.0
1.0
79.0
2.0
216.0
1.0
1.0
2.0
3.0
14.0
1.0
492.0
129.0
8.0
2.0
10.0
702.0
3.0
1.0
3.0
1.0
1.0
2.0
1.0
3.0
961.0
183.0
46.0
9.0
125.0
1.0
4.0
3.0
3.0
1079.0
242.0
1204.0
399.0
1.0
11.0
1.0
30.0
2301.0
1.0
4.0
1.0
88.0
1889.0
3.0
325.0
3.0
1.0
23.0
3801.0
1.0
1.0
4.0
1.0
1.0
220.0
8.0
3.0
596.0
10.0
1.0
2.0
4.0
1515.0
4.0
2.0
18.0
1.0
2.0
14.0
2.0
5.0
10.0
3.0
269.0
1.0
1.0
1.0
2.0
13.0
3.0
2667.0
1.0
3.0
1.0
1.0
1.0
860.0
1.0
491.0
3.0
1.0
3.0
1.0
10.0
5.0
1298.0
1.0
3.0
128.0
3.0
1.0
3.0
1.0
697.0
509.0
19.0
4.0
483.0
940.0
5.0
19.0
1.0
19.0
1.0
714.0
1.0
2.0
155.0
1.0
2.0
34.0
1.0
34.0
2.0
1.0
21.0
11.0
51.0
59.0
1.0
3.0
3.0
2.0
15.0
3.0
3.0
1.0
32.0
611.0
17.0
615.0
1.0
1.0
2.0
1018.0
3.0
746.0
1.0
257.0
65.0
8.0
1865.0
7.0
4.0
6.0
17.0
24.0
559.0
2.0
3.0
9.0
1.0
2.0
2.0
3.0
75.0
435.0
1.0
2.0
160.0
20.0
1.0
1.0
30.0
20.0
1.0
3.0
9.0
2.0
2.0
1.0
2.0
601.0
1.0
3.0
1.0
12.0
1024.0
461.0
1.0
1.0
39.0
42.0
1.0
1.0
24.0
2.0
5.0
1.0
3.0
232.0
3.0
14385.0
287.0
1266.0
1.0
1.0
1.0
1.0
5.0
228.0
9.0
133.0
1.0
857.0
1.0
3.0
51.0
1.0
1.0
7.0
1.0
3.0
2.0
449.0
1.0
1.0
3.0
292.0
760.0
68.0
1.0
27.0
1.0
2.0
7.0
2.0
1.0
5.0
2.0
1.0
1.0
108.0
6.0
2.0
8.0
674.0
1.0
282.0
1.0
3.0
565.0
1.0
6.0
1.0
2.0
21.0
5.0
1.0
5.0
1.0
25.0
395.0
10.0
1.0
2.0
1.0
10.0
1.0
13.0
29.0
3.0
78.0
1.0
1.0
6.0
1.0
3.0
3.0
142.0
262.0
179.0
3.0
1.0
8.0
8.0
14.0
2.0
1.0
2.0
15.0
2.0
85.0
2.0
1.0
1.0
1.0
2.0
1414.0
3.0
1.0
87.0
4152.0
3.0
129.0
5.0
17598.0
3.0
1.0
1.0
1.0
8.0
2.0
3.0
23.0
1.0
3.0
12.0
72.0
3.0
2.0
3.0
27.0
16.0
8.0
1.0
12.0
10.0
4.0
2.0
71.0
1.0
7.0
1323.0
6.0
2.0
1.0
8.0
3.0
625.0
1018.0
9.0
1.0
77.0
3.0
1.0
4.0
2.0
1018.0
3.0
1.0
1.0
1.0
17.0
39.0
1.0
2324.0
15.0
1.0
1.0
3.0
2.0
10.0
48.0
3.0
636.0
24.0
11.0
3.0
1.0
2845.0
3.0
2.0
1846.0
1.0
82.0
632.0
132.0
1.0
3.0
3.0
23.0
9.0
3.0
797.0
3.0
330.0
2.0
9.0
1.0
120.0
60.0
1.0
4.0
18.0
10.0
5.0
738.0
1.0
14.0
167.0
596.0
3.0
119.0
2.0
8.0
23.0
54.0
17.0
79.0
8.0
2.0
1.0
5.0
34.0
569.0
1.0
2.0
3.0
2.0
1.0
3.0
2274.0
4.0
5.0
93.0
1.0
236.0
70.0
17.0
7.0
2.0
341.0
4352.0
2.0
4.0
3.0
2.0
1.0
6.0
3.0
1.0
1.0
2.0
2.0
2.0
3.0
9.0
57.0
7.0
1.0
21.0
114.0
20.0
3.0
1.0
7.0
186.0
1.0
1.0
3.0
3.0
97.0
1.0
2.0
1.0
4887.0
162.0
3.0
23.0
1.0
5.0
3.0
34.0
65.0
720.0
5.0
2.0
399.0
10.0
10.0
3.0
1.0
4.0
6.0
21.0
1.0
64.0
218.0
1.0
3.0
3.0
2.0
157.0
1.0
1.0
1.0
2.0
10.0
129.0
1.0
8.0
4646.0
1.0
3.0
1.0
58.0
18.0
3.0
14.0
780.0
1.0
5.0
67.0
1.0
297.0
49.0
8.0
924.0
653.0
1.0
2.0
3.0
2.0
3.0
1.0
2082.0
8.0
9.0
22.0
3.0
4.0
22.0
1.0
9.0
98.0
3.0
144.0
3.0
1.0
1.0
3.0
1.0
1.0
23.0
3.0
1.0
3.0
3.0
1050.0
1822.0
54.0
1010.0
3.0
147.0
1.0
712.0
4.0
3.0
12.0
30.0
868.0
8.0
6.0
282.0
3.0
9.0
4.0
11.0
1.0
375.0
2.0
3.0
3.0
300.0
4.0
2.0
70.0
15.0
1.0
932.0
1.0
313.0
3.0
1.0
1.0
2.0
3.0
1.0
2.0
4.0
1.0
1.0
3.0
1.0
79.0
24.0
13.0
3.0
1.0
8.0
10.0
3.0
3.0
4622.0
2.0
4.0
3.0
311.0
943.0
1.0
3.0
3.0
188.0
1.0
2.0
2.0
1.0
17.0
1.0
1.0
3.0
1.0
1.0
7122.0
83.0
3.0
1.0
3.0
2.0
1538.0
1191.0
684.0
107.0
3.0
27.0
18.0
146.0
4.0
1.0
17.0
1.0
536.0
24.0
1.0
6.0
1.0
3.0
351.0
12.0
19.0
2.0
45.0
7.0
5.0
2048.0
2.0
65.0
21.0
5.0
124.0
18.0
2.0
4.0
24.0
3.0
93.0
791.0
374.0
2.0
10.0
1.0
2054.0
1.0
11.0
6.0
2.0
2.0
1.0
3495.0
1.0
10.0
354.0
1.0
3.0
351.0
952.0
110.0
1.0
370.0
11.0
19.0
1.0
31.0
18.0
18.0
3.0
4.0
1.0
300.0
3.0
1.0
1.0
1.0
1.0
9.0
5.0
1050.0
3570.0
19.0
2.0
2.0
1.0
1.0
1.0
12.0
3.0
1.0
2.0
697.0
3.0
1.0
70.0
3.0
1888.0
1.0
535.0
4.0
2.0
1.0
1.0
318.0
1813.0
33.0
55.0
32.0
56.0
24.0
3.0
14.0
1179.0
15.0
409.0
4.0
1.0
7.0
3.0
1.0
3.0
20.0
3.0
6.0
6.0
2.0
3.0
3.0
2.0
7.0
465.0
9.0
3.0
25.0
1.0
3.0
28.0
1.0
162.0
14.0
3.0
9.0
3.0
440.0
3.0
4.0
8.0
1.0
1.0
943.0
5.0
3.0
7.0
1.0
1.0
3.0
494.0
7.0
3.0
1.0
156.0
1.0
8.0
9.0
50.0
1.0
18.0
199.0
2223.0
257.0
87.0
264.0
3.0
288.0
2.0
2.0
65.0
236.0
3.0
253.0
46.0
3.0
1.0
1.0
3.0
4.0
19.0
10.0
4.0
3.0
1.0
3.0
1.0
5.0
112.0
858.0
2.0
804.0
1.0
2.0
1.0
87.0
1.0
116.0
3.0
187.0
13.0
212.0
2.0
2.0
7.0
3.0
3.0
2.0
7.0
1.0
123.0
1.0
3.0
1.0
2829.0
1.0
2.0
17.0
341.0
79.0
24.0
2540.0
6.0
41.0
3.0
1.0
6.0
32.0
292.0
1.0
4.0
3.0
9.0
337.0
1.0
835.0
2.0
1.0
1.0
1.0
20.0
3.0
11.0
3.0
3.0
15.0
23.0
5.0
1.0
6.0
1.0
1.0
1.0
2.0
1.0
8.0
1.0
1.0
29.0
1.0
163.0
7.0
1.0
14189.0
14.0
5.0
1728.0
1.0
9349.0
7.0
1.0
11.0
94.0
33.0
10.0
109.0
1.0
2.0
954.0
15.0
13.0
2.0
1.0
5.0
8.0
157.0
24.0
17.0
10004.0
3.0
12006.0
1.0
2.0
3.0
282.0
3.0
9.0
1.0
10.0
3.0
169.0
6.0
8.0
2.0
16.0
3.0
2.0
4.0
4.0
607.0
6.0
29.0
501.0
9.0
14.0
2.0
2.0
3.0
2.0
2.0
1.0
11.0
25.0
12.0
3.0
3.0
1421.0
1.0
1.0
7.0
3.0
1.0
5.0
2.0
812.0
2.0
3.0
3.0
1.0
8.0
1868.0
3.0
1.0
1.0
1.0
14.0
24.0
789.0
66.0
93.0
3.0
1501.0
3.0
1.0
1.0
1.0
1.0
2.0
3.0
580.0
83.0
24.0
1.0
3.0
3413.0
498.0
219.0
8.0
3.0
2.0
232.0
152.0
738.0
50.0
11.0
1.0
17.0
2.0
1.0
6.0
384.0
3.0
697.0
17.0
3.0
2.0
1.0
24.0
401.0
1801.0
31.0
353.0
1.0
42.0
1.0
4.0
1.0
1.0
2.0
7.0
1.0
5.0
1.0
2448.0
3589.0
2.0
3.0
1.0
4.0
1.0
3.0
1.0
5.0
119.0
3.0
1.0
26.0
1.0
1.0
3.0
2.0
4.0
8.0
1.0
7.0
4.0
1.0
30.0
1.0
1.0
1.0
3093.0
1.0
74.0
108.0
14.0
3.0
20.0
2.0
23.0
5.0
5.0
3.0
3.0
1.0
33.0
1.0
972.0
1.0
1.0
4.0
1.0
70.0
74.0
1.0
4.0
341.0
105.0
1.0
61.0
3.0
3.0
1120.0
596.0
167.0
5.0
1.0
1.0
1.0
2.0
1.0
15.0
108.0
16.0
1.0
4.0
34.0
1.0
1.0
16.0
7.0
3.0
1.0
2015.0
621.0
22.0
93.0
1.0
1.0
1.0
87.0
16.0
152.0
7133.0
7.0
2.0
1.0
3.0
1.0
3.0
121.0
1.0
12.0
1.0
5.0
849.0
3.0
60613.0
2.0
8.0
33.0
19.0
3.0
3.0
231.0
1.0
26.0
524.0
5.0
14.0
17.0
37.0
61.0
24.0
3.0
10.0
2.0
1.0
2.0
1.0
1.0
1.0
1.0
447.0
3471.0
1.0
19.0
40.0
30.0
3.0
421.0
1.0
752.0
901.0
4.0
3.0
10.0
19.0
1.0
24.0
70.0
11.0
3.0
2.0
65.0
2.0
1.0
3.0
23.0
3.0
9.0
2.0
338.0
7.0
3.0
5046.0
126.0
1.0
3.0
10.0
11.0
87.0
4.0
977.0
2.0
2.0
3.0
528.0
1.0
1.0
2.0
74.0
2.0
1.0
1.0
1.0
1.0
32.0
3887.0
3.0
9.0
4.0
11.0
1.0
1.0
1.0
33.0
1.0
2.0
2.0
3.0
1.0
2.0
3.0
2.0
944.0
164.0
2327.0
3.0
124.0
1.0
3.0
1785.0
2.0
243.0
53.0
6.0
1.0
24.0
10.0
126.0
2.0
15.0
328.0
1.0
328.0
2.0
2.0
6.0
1.0
3.0
3.0
14189.0
290.0
5.0
3.0
4.0
1.0
3.0
16.0
5.0
29.0
2.0
13.0
2.0
1.0
1.0
1.0
1.0
767.0
1.0
536.0
2.0
49.0
426.0
3.0
223.0
10.0
1.0
8.0
274.0
2.0
2.0
103.0
2.0
3.0
17.0
1.0
27.0
144.0
31.0
7.0
4.0
5659.0
13008.0
19.0
2.0
615.0
1.0
1830.0
14.0
4.0
2.0
314.0
19.0
49.0
1.0
1.0
18.0
55.0
1.0
1.0
9.0
97.0
1.0
3.0
1.0
1.0
8.0
3.0
74.0
3.0
1.0
6.0
3.0
3.0
1.0
2.0
6.0
1609.0
1.0
3.0
31.0
14.0
3.0
3.0
2.0
9.0
5.0
3.0
1076.0
1.0
5.0
1.0
2.0
1.0
4.0
4.0
18.0
1.0
2.0
3.0
1.0
51.0
1.0
250.0
1.0
1171.0
1.0
1.0
52.0
34.0
3.0
1.0
4612.0
3.0
19.0
3.0
1.0
149.0
1.0
8.0
1.0
1.0
64.0
5.0
1.0
6.0
1.0
1.0
1.0
2.0
5.0
1.0
1.0
1.0
1.0
14.0
1.0
4.0
1.0
1.0
2.0
14.0
18.0
5.0
37.0
13.0
5.0
2.0
1906.0
1243.0
1.0
747.0
1.0
1018.0
2.0
3.0
1.0
9.0
1.0
9.0
174.0
3.0
21.0
3.0
4.0
1.0
11.0
58.0
1.0
2.0
4.0
50.0
1.0
1.0
2.0
1.0
4.0
10.0
6.0
75.0
3.0
1.0
25.0
1.0
678.0
1.0
32.0
3.0
421.0
894.0
1.0
1.0
39.0
2.0
10.0
8.0
11.0
1.0
961.0
161.0
5.0
10.0
1412.0
66.0
5.0
3502.0
6.0
1.0
3.0
1929.0
3.0
5460.0
1.0
678.0
1.0
3.0
29.0
1.0
2.0
5.0
80.0
2664.0
948.0
28.0
1.0
9.0
1.0
1.0
1.0
7.0
1.0
5.0
4.0
13.0
128.0
6.0
2.0
5286.0
5.0
1101.0
1087.0
14.0
6.0
3.0
1.0
4969.0
122.0
1.0
66.0
110.0
2.0
3.0
296.0
3.0
24.0
3.0
44.0
2.0
2.0
16.0
26.0
4.0
49.0
12.0
3.0
576.0
95.0
3477.0
1.0
24.0
1.0
64.0
5.0
3.0
15.0
3.0
2053.0
5.0
3.0
641.0
829.0
1265.0
4.0
1.0
2616.0
3.0
14.0
6.0
4.0
1.0
2.0
1244.0
1.0
1.0
3243.0
282.0
1.0
3.0
6.0
444.0
14.0
1.0
34.0
200.0
1.0
1.0
1032.0
3.0
13.0
3.0
1.0
541.0
3.0
1.0
3.0
1.0
1.0
1.0
2.0
417.0
1.0
3.0
2.0
16.0
969.0
1797.0
9.0
25.0
1.0
117.0
6.0
2.0
1.0
5.0
24.0
745.0
8.0
858.0
579.0
2.0
42.0
932.0
1.0
1696.0
1.0
3.0
3.0
1.0
7.0
1.0
1.0
3.0
509.0
4.0
363.0
1.0
1.0
7.0
1.0
58.0
532.0
9.0
2.0
1.0
3338.0
141.0
77.0
4.0
1458.0
1.0
2793.0
6.0
1.0
1.0
3.0
516.0
4.0
725.0
3.0
245.0
1.0
6.0
7.0
17.0
3.0
23.0
923.0
8.0
1.0
422.0
3.0
1.0
6.0
2424.0
62.0
1.0
8.0
1.0
70.0
12.0
3.0
21.0
3.0
2.0
4.0
3.0
3.0
1.0
771.0
8.0
1024.0
3.0
4171.0
891.0
1.0
511.0
44.0
17.0
21.0
9.0
1.0
1.0
9.0
388.0
3.0
351.0
65.0
7886.0
1.0
1.0
1495.0
1.0
7.0
1.0
1.0
1.0
1.0
34.0
1.0
3.0
4.0
3.0
6.0
9.0
17.0
5.0
2.0
19.0
2.0
3.0
4.0
1.0
4.0
20.0
2.0
13.0
7.0
3.0
2.0
1.0
1.0
4.0
4.0
3.0
104.0
2.0
8.0
314.0
1.0
1.0
160.0
1.0
3.0
70.0
1.0
288.0
26.0
372.0
2.0
5.0
1.0
1.0
1.0
1.0
3.0
3.0
1317.0
24.0
9.0
2184.0
1.0
124.0
3.0
300.0
3.0
26.0
8.0
2112.0
3.0
2.0
136.0
5610.0
1.0
1.0
1.0
5.0
45.0
14.0
2.0
1136.0
31.0
292.0
62.0
2.0
1.0
1.0
11.0
389.0
1.0
596.0
94.0
3.0
1.0
1.0
14.0
25.0
3.0
7.0
121.0
4.0
2.0
65.0
289.0
3.0
12025.0
5.0
63.0
1.0
10.0
100.0
950.0
4.0
3.0
717.0
3.0
3.0
3.0
8.0
37.0
321.0
1.0
4.0
10.0
1.0
1755.0
17.0
186.0
3.0
378.0
3.0
3.0
1.0
132.0
8.0
235.0
4.0
33.0
535.0
7.0
4.0
31.0
3.0
1.0
862.0
1.0
2357.0
8.0
292.0
64.0
4.0
5.0
43.0
6.0
21.0
23.0
1264.0
3.0
5.0
1.0
42.0
522.0
1.0
1.0
3.0
5.0
1.0
1.0
1051.0
1.0
327.0
1386.0
812.0
10.0
8.0
3918.0
73.0
4.0
1.0
1496.0
428.0
8.0
38.0
1.0
914.0
12.0
1.0
899.0
203.0
8.0
6084.0
1.0
1.0
108.0
25.0
24.0
29.0
341.0
1.0
9.0
2.0
10.0
3.0
15.0
1.0
280.0
323.0
6051.0
2424.0
360.0
21.0
4.0
6.0
1075.0
1.0
3.0
1.0
2.0
1.0
1.0
2.0
2.0
1.0
1.0
1.0
9.0
1.0
673.0
8.0
1.0
1.0
1.0
313.0
2.0
177.0
1.0
3.0
1.0
1.0
1.0
3.0
9.0
7.0
71.0
1.0
104.0
1.0
13.0
3080.0
24.0
1200.0
1.0
1.0
3.0
1.0
1.0
1735.0
1.0
1.0
117.0
18.0
19.0
282.0
17.0
3.0
3.0
2.0
3.0
1.0
3.0
1.0
3.0
1.0
1766.0
1.0
3.0
1.0
2.0
1.0
37.0
1.0
1.0
4.0
1.0
642.0
805.0
15.0
219.0
6.0
351.0
289.0
4.0
1.0
9.0
1.0
3.0
301.0
3.0
15.0
58.0
20.0
3.0
1.0
12.0
118.0
222.0
5.0
2.0
157.0
9.0
1.0
8.0
300.0
3.0
1.0
4.0
36.0
140.0
1.0
2.0
3.0
3.0
3386.0
29.0
25.0
1.0
3.0
1.0
2.0
835.0
500.0
10.0
40.0
5604.0
1.0
6.0
110.0
1.0
3.0
4.0
67.0
1.0
5.0
42.0
1201.0
351.0
1.0
4.0
16.0
596.0
1.0
1.0
2.0
1.0
3.0
3.0
1.0
481.0
1.0
6.0
1.0
1.0
1.0
219.0
1.0
12.0
28.0
12.0
3.0
1230.0
282.0
1.0
24.0
130.0
52.0
2.0
3.0
1.0
1.0
20.0
182.0
11.0
3.0
3823.0
1.0
3.0
1.0
810.0
2.0
4.0
1.0
9.0
103.0
74.0
638.0
720.0
1.0
2.0
3.0
817.0
1.0
1.0
37.0
4.0
7.0
6.0
2.0
40.0
39.0
87.0
6.0
3.0
3.0
5.0
2.0
324.0
1.0
13.0
1.0
271.0
1.0
9.0
1.0
1.0
1.0
9.0
4.0
1.0
633.0
17.0
15.0
369.0
3.0
4.0
11.0
21.0
2.0
2.0
1.0
34.0
24.0
3.0
12.0
5.0
36.0
1.0
11.0
25.0
3.0
1.0
1692.0
73.0
4.0
122.0
3218.0
23.0
1.0
4.0
1.0
1.0
431.0
3.0
27.0
4.0
7.0
60.0
4.0
8.0
1.0
1.0
3.0
1.0
1.0
1.0
2.0
1.0
16.0
22.0
2.0
1.0
792.0
337.0
10.0
1.0
1.0
3.0
3.0
29.0
6.0
90.0
3.0
19.0
3.0
1.0
6.0
3.0
65.0
5.0
16.0
5.0
2140.0
338.0
1.0
55.0
2.0
69.0
8.0
76.0
3.0
3.0
3.0
13.0
33.0
3.0
1.0
2.0
1.0
3.0
5.0
104.0
15.0
2.0
4.0
3.0
724.0
8.0
167.0
6.0
3.0
2.0
1.0
2.0
616.0
1.0
1749.0
1.0
5.0
3.0
455.0
115.0
9.0
1018.0
1.0
226.0
60.0
617.0
1322.0
4.0
12.0
1.0
685.0
3.0
2.0
1.0
371.0
37.0
1018.0
14.0
1.0
1.0
2.0
4.0
3.0
1020.0
2.0
3.0
201.0
1.0
676.0
3.0
84.0
1762.0
1.0
2.0
5.0
1873.0
1.0
4.0
39.0
1.0
3.0
18.0
1.0
2.0
1.0
2.0
270.0
1.0
3.0
9.0
4.0
40.0
3.0
204.0
75.0
1.0
1.0
6.0
1.0
232.0
10369.0
23.0
42.0
74.0
1.0
7.0
2.0
1.0
3.0
1.0
1.0
70.0
65.0
16.0
11.0
7.0
2.0
2.0
124.0
2.0
3.0
3.0
1.0
29.0
198.0
1.0
188.0
2.0
9.0
1.0
14385.0
1717.0
3.0
1.0
1.0
759.0
5.0
3.0
205.0
2.0
3.0
2.0
1.0
2.0
3.0
9.0
452.0
1.0
103.0
2047.0
1.0
3.0
2.0
1.0
299.0
7.0
5.0
1748.0
3.0
3.0
3.0
2.0
26.0
3.0
15.0
270.0
2.0
10.0
2.0
1.0
1.0
1.0
70.0
278.0
2.0
4.0
8.0
2.0
138.0
1.0
57.0
168.0
75.0
401.0
1.0
87.0
3.0
8.0
4.0
1.0
352.0
4.0
10.0
124.0
2422.0
1.0
1.0
2.0
93.0
421.0
8.0
2.0
1.0
19.0
293.0
1.0
751.0
298.0
275.0
9.0
24.0
2.0
1.0
33.0
81.0
34.0
123.0
843.0
17.0
1.0
1.0
76.0
15.0
7.0
421.0
29.0
4.0
5.0
3.0
2.0
16.0
3.0
1.0
190.0
3.0
1.0
46.0
4.0
1.0
2.0
1.0
9.0
1.0
6.0
2.0
3.0
3.0
424.0
49.0
3.0
3.0
3.0
9.0
128.0
1.0
321.0
3.0
1.0
1.0
1.0
14.0
16.0
2.0
3.0
2.0
99.0
1.0
1.0
3.0
8.0
14.0
1.0
1.0
5.0
1.0
6.0
2.0
9.0
2.0
7.0
4.0
27.0
1.0
1.0
2.0
82.0
1.0
2.0
2.0
5033.0
1121.0
1018.0
12.0
1.0
2.0
2.0
1.0
2.0
1.0
1.0
3.0
9.0
2.0
616.0
2.0
1.0
1033.0
337.0
7.0
5.0
1229.0
99.0
2.0
24.0
27.0
7.0
1.0
2.0
5630.0
424.0
1.0
6.0
4.0
8.0
23.0
5.0
3.0
1.0
1.0
3.0
5.0
1.0
5.0
3.0
1.0
1.0
132.0
2.0
1.0
4.0
24.0
2.0
1047.0
3.0
6.0
120.0
1.0
4.0
33.0
1.0
126.0
2.0
3.0
4.0
2.0
9.0
10.0
693.0
12.0
1.0
847.0
2.0
2.0
39.0
1374.0
3.0
14.0
1.0
46.0
3.0
3.0
382.0
2.0
1018.0
1.0
199.0
32.0
199.0
6.0
31.0
92.0
2.0
247.0
12.0
2.0
3.0
9.0
19.0
1.0
290.0
3.0
77.0
9.0
1.0
30.0
1.0
9.0
55.0
2.0
3.0
1.0
2.0
1.0
2.0
132.0
1.0
3.0
19.0
115.0
27.0
1.0
4.0
1.0
5.0
2.0
1.0
982.0
1.0
73.0
39.0
254.0
3.0
292.0
1.0
1.0
3.0
6.0
1.0
447.0
2.0
3.0
1.0
3.0
5.0
7.0
306.0
3.0
1.0
1.0
2.0
1271.0
10.0
6.0
13.0
702.0
2.0
3.0
10.0
1.0
1.0
4.0
18.0
19.0
2.0
5.0
1.0
4.0
8.0
3.0
3.0
3.0
3.0
1.0
3.0
19.0
25.0
7.0
1411.0
4.0
9.0
21.0
1.0
1018.0
1.0
1676.0
104.0
25.0
1.0
87.0
10.0
33.0
1.0
3.0
2.0
1288.0
40.0
30.0
1.0
19.0
1.0
3.0
8.0
1.0
4.0
2.0
10.0
4.0
1.0
1.0
90.0
889.0
2.0
2.0
2.0
3.0
457.0
1048.0
14.0
3.0
3.0
457.0
1.0
9.0
696.0
1.0
50.0
14.0
1.0
9.0
10.0
3.0
2.0
8.0
1.0
11.0
2.0
3.0
2.0
450.0
1.0
3.0
59.0
1.0
1.0
1514.0
233.0
3.0
1.0
169.0
1.0
1.0
1.0
1.0
6.0
1.0
1170.0
2.0
25.0
1.0
1.0
1.0
4.0
8.0
2.0
219.0
3.0
1.0
1.0
17.0
1.0
1.0
4.0
122.0
1.0
3.0
3.0
1.0
7.0
155.0
602.0
7.0
1.0
3.0
1.0
3.0
3.0
2.0
4.0
75.0
1002.0
1.0
179.0
4.0
33.0
1.0
3.0
3.0
596.0
3.0
7.0
3.0
5.0
3.0
24.0
16.0
2.0
18.0
1.0
3.0
1.0
102.0
43.0
290.0
3.0
2424.0
7.0
1.0
1.0
462.0
2.0
19.0
1.0
140.0
1.0
2.0
1.0
378.0
4.0
32.0
3.0
1.0
1.0
4.0
1.0
1.0
1.0
11.0
48.0
1.0
4.0
4.0
4.0
16.0
32.0
1.0
1.0
69.0
1.0
1.0
773.0
2.0
3.0
24.0
2.0
1.0
228.0
1.0
501.0
753.0
1.0
24.0
22.0
4.0
1.0
408.0
3.0
1.0
2.0
1225.0
2.0
2.0
3.0
17.0
1.0
7.0
151.0
1.0
1.0
3.0
3.0
32.0
3.0
1.0
2.0
1.0
33.0
1.0
3.0
88.0
9.0
112.0
3.0
142.0
3.0
258.0
451.0
39.0
87.0
1.0
1.0
152.0
148.0
3.0
67.0
1.0
301.0
727.0
3.0
3.0
1.0
3.0
2.0
2.0
2.0
3.0
2.0
3.0
87.0
28.0
1.0
1.0
14.0
7.0
1.0
1.0
1.0
2.0
18.0
4.0
1.0
492.0
19.0
1.0
246.0
73.0
356.0
143.0
4.0
25.0
3.0
2.0
112.0
1.0
2.0
1.0
1.0
1218.0
187.0
3.0
2.0
149.0
25.0
13.0
1.0
1.0
124.0
5.0
21.0
1.0
2.0
1.0
1.0
56.0
7.0
24.0
104.0
1.0
23.0
3.0
664.0
374.0
3.0
1107.0
961.0
66.0
1.0
18.0
56.0
1.0
298.0
16.0
6.0
5.0
5.0
1514.0
61.0
1.0
3.0
5.0
2.0
289.0
6.0
2873.0
2.0
2.0
1.0
1.0
7.0
3.0
4969.0
1.0
1.0
2.0
2.0
4.0
89.0
2.0
721.0
89.0
30.0
1.0
872.0
544.0
3.0
30.0
29.0
22.0
1.0
1.0
1.0
62.0
3.0
1.0
3.0
4.0
9.0
7.0
1.0
1.0
1730.0
11.0
1.0
1.0
2.0
2.0
2.0
9.0
516.0
318.0
4.0
9.0
24.0
1.0
1.0
1.0
47.0
1.0
25.0
3.0
2.0
108.0
2.0
151.0
3.0
1.0
736.0
3.0
3217.0
18.0
4.0
7.0
1.0
2.0
99.0
2.0
7.0
17.0
17.0
162.0
3.0
5.0
3575.0
3.0
4.0
1.0
2.0
2.0
1.0
82.0
2.0
189.0
1.0
3.0
1934.0
316.0
947.0
445.0
3.0
6366.0
3.0
1.0
3.0
950.0
1.0
2.0
18.0
2.0
1.0
17.0
1.0
75.0
3.0
3.0
18.0
11.0
13.0
1882.0
1.0
2.0
110.0
2.0
1.0
246.0
1.0
3.0
758.0
2.0
66.0
23.0
1.0
3.0
2177.0
197.0
6.0
17.0
3.0
1.0
1.0
3.0
3.0
1.0
1.0
1.0
489.0
2.0
1.0
1.0
1.0
358.0
184.0
91.0
1.0
1.0
1.0
361.0
24.0
242.0
10.0
721.0
29.0
1.0
5.0
24.0
1.0
3.0
18.0
2.0
2.0
3.0
2.0
1.0
108.0
269.0
3.0
2.0
2.0
99.0
17.0
1.0
4.0
103.0
666.0
5.0
3.0
9.0
1.0
17.0
2.0
1.0
40.0
3.0
3.0
580.0
272.0
1.0
3.0
278.0
4.0
374.0
1.0
2.0
885.0
3.0
2.0
1.0
8.0
820.0
2.0
18.0
1.0
388.0
516.0
2.0
76.0
670.0
2.0
60.0
40.0
4.0
3.0
1.0
19.0
3.0
1.0
2.0
1027.0
4.0
2409.0
2.0
1.0
1.0
230.0
3.0
1.0
4.0
1.0
3.0
5.0
127.0
1.0
1101.0
1.0
3.0
5.0
1.0
2.0
752.0
6075.0
1.0
1.0
73.0
3.0
356.0
47.0
961.0
10.0
29.0
5.0
54.0
4.0
3.0
2.0
4.0
36.0
2.0
2.0
3.0
1.0
4.0
2314.0
1069.0
1.0
12.0
3.0
281.0
5.0
4.0
1.0
3.0
2.0
1.0
55.0
1.0
4.0
2.0
1.0
11.0
3.0
173.0
1.0
1.0
2.0
9.0
6.0
3.0
1.0
2819.0
1.0
25.0
3.0
3.0
1.0
1.0
15662.0
107.0
2.0
4.0
167.0
1.0
47.0
401.0
2.0
3.0
1.0
1.0
23.0
1.0
10.0
60.0
100.0
91.0
8.0
3.0
33.0
13.0
1.0
1.0
5.0
3.0
3.0
39.0
8.0
9.0
1.0
1.0
743.0
31.0
6.0
5.0
9.0
1.0
2.0
3.0
15.0
1.0
148.0
87.0
23.0
2.0
3.0
25.0
27.0
2.0
15.0
288.0
3.0
917.0
1.0
8.0
4.0
2.0
447.0
1.0
3.0
5.0
2.0
77.0
375.0
9.0
2.0
1.0
4738.0
205.0
1.0
75.0
2.0
1.0
2.0
61.0
152.0
3.0
45.0
1.0
165.0
3.0
4.0
2.0
10.0
2.0
14848.0
351.0
7.0
96.0
2.0
100.0
1.0
69.0
10.0
2.0
1.0
5.0
2.0
2.0
1262.0
11.0
1.0
3.0
2.0
4286.0
6.0
2.0
2.0
1.0
4.0
1.0
3.0
2.0
1.0
404.0
7.0
1.0
2.0
42.0
1.0
7.0
103.0
3.0
2.0
16.0
419.0
1.0
1.0
3.0
1.0
52.0
90.0
2.0
27.0
1763.0
1.0
8644.0
802.0
3.0
3.0
3.0
1.0
1.0
7.0
2.0
1.0
1.0
24.0
2.0
25.0
3.0
2.0
33.0
81.0
125.0
1.0
843.0
1.0
3.0
7.0
24.0
1.0
1.0
862.0
2.0
1.0
3.0
1.0
4.0
1.0
4.0
37.0
1.0
655.0
201.0
113.0
1.0
157.0
115.0
1.0
4.0
1.0
1.0
1.0
3334.0
1.0
11.0
23.0
1.0
65.0
8.0
1.0
3.0
903.0
1.0
1.0
1.0
4.0
141.0
34.0
1.0
2.0
1.0
1.0
8.0
4.0
1.0
3.0
3.0
1.0
2.0
34.0
108.0
4.0
2.0
3.0
1.0
2.0
282.0
1.0
8.0
167.0
3.0
123.0
1.0
1.0
1.0
7.0
2.0
1.0
1.0
30.0
1.0
7.0
391.0
5.0
1.0
3.0
1626.0
1.0
25.0
3.0
5.0
1075.0
1.0
327.0
350.0
864.0
4.0
76.0
1.0
46.0
1.0
6.0
3.0
14385.0
167.0
1.0
292.0
2.0
3976.0
1.0
1.0
26.0
69.0
1304.0
6.0
8.0
1.0
910.0
616.0
12400.0
3.0
4.0
3.0
620.0
4.0
3.0
3.0
2.0
17.0
44.0
8.0
1.0
2.0
1.0
11.0
27.0
6.0
1.0
49.0
77.0
1.0
177.0
24.0
8.0
824.0
1.0
4.0
2.0
22.0
1018.0
2.0
379.0
9.0
185.0
4.0
2.0
3.0
2.0
18.0
12.0
579.0
1.0
1.0
1.0
1.0
1882.0
314.0
1.0
3.0
1.0
2.0
410.0
2.0
4070.0
78.0
100.0
2.0
19.0
3.0
244.0
696.0
2.0
1.0
8.0
15.0
8.0
1.0
3.0
36.0
4.0
21.0
1.0
5.0
2.0
67.0
1.0
82.0
1225.0
1.0
1.0
2.0
1.0
14.0
1.0
1.0
728.0
4.0
3.0
3.0
797.0
6.0
43.0
1.0
2.0
120.0
3.0
3.0
1.0
1.0
55.0
109.0
160.0
3.0
8.0
1388.0
39.0
3.0
59.0
1.0
7.0
435.0
4.0
550.0
1089.0
1.0
1.0
344.0
4.0
6.0
1.0
70.0
1.0
1.0
3.0
1.0
1.0
1089.0
4.0
1.0
4.0
58.0
1.0
2.0
389.0
50.0
1.0
3.0
752.0
12.0
4.0
3.0
5.0
16.0
1.0
3.0
824.0
2.0
3.0
3.0
5.0
1052.0
8.0
4.0
11.0
1.0
3.0
6.0
1.0
3.0
17.0
1.0
1.0
1.0
1.0
7.0
1.0
4.0
1.0
3.0
1.0
3.0
1.0
3.0
1.0
3.0
250.0
3.0
351.0
2.0
900.0
1.0
1113.0
5.0
1.0
50.0
2.0
2.0
1.0
1.0
187.0
6.0
6.0
1.0
17.0
88.0
3.0
105.0
1.0
5.0
1.0
9.0
3.0
3.0
74.0
3.0
19.0
1.0
3.0
1.0
1083.0
79.0
1.0
1.0
5.0
565.0
2.0
1.0
7.0
24.0
55.0
357.0
1.0
82.0
2.0
564.0
1206.0
90.0
19141.0
113.0
1.0
3.0
5.0
1.0
1.0
20.0
1.0
628.0
9.0
13.0
1.0
1.0
900.0
22.0
1.0
2.0
1.0
1.0
18.0
3.0
24.0
87.0
1.0
3.0
3.0
1.0
1.0
2.0
50.0
1.0
1899.0
3.0
2.0
1.0
6.0
3.0
2.0
1.0
287.0
1.0
12.0
2.0
102.0
22.0
34.0
2.0
823.0
1.0
1.0
8.0
52.0
3.0
696.0
4.0
1.0
1.0
3.0
1558.0
1.0
1.0
1089.0
1.0
2.0
747.0
694.0
3.0
4568.0
3.0
67.0
3.0
34.0
6.0
1.0
9.0
2.0
8.0
4.0
5.0
2.0
9.0
970.0
3.0
90.0
3.0
4.0
7.0
1.0
2.0
1.0
1.0
3.0
6.0
292.0
11.0
1.0
10.0
1.0
3.0
18.0
2.0
13.0
5.0
7.0
2.0
3.0
276.0
14.0
3.0
1.0
10.0
2.0
1.0
5.0
1.0
9.0
3.0
351.0
16.0
5.0
8.0
911.0
182.0
10.0
1.0
8671.0
2.0
1.0
2.0
15.0
9.0
3.0
9.0
1.0
1.0
9.0
78.0
11.0
3.0
2.0
1.0
108.0
43.0
6.0
1.0
7.0
6.0
64.0
99.0
5.0
50.0
1.0
27.0
281.0
1.0
2.0
1.0
2.0
3.0
7.0
3.0
2.0
24.0
4.0
1137.0
26.0
10.0
1.0
2.0
3.0
1.0
5.0
1.0
1.0
1.0
3.0
3.0
3.0
101.0
639.0
10.0
2.0
3.0
2.0
4.0
26.0
30.0
1.0
55.0
4.0
80.0
69.0
9.0
1.0
4.0
1.0
115.0
206.0
19.0
1.0
3.0
1.0
3.0
5.0
5.0
140.0
351.0
18.0
1.0
3.0
5.0
776.0
419.0
286.0
3.0
3.0
2.0
1914.0
1.0
1.0
3.0
16.0
9.0
1.0
516.0
137.0
2987.0
1.0
3.0
186.0
2.0
114.0
3.0
1.0
1.0
3.0
1.0
418.0
1.0
306.0
2.0
36.0
2.0
1.0
3.0
229.0
6.0
4.0
1544.0
9.0
1.0
3.0
2.0
4.0
2.0
1.0
690.0
104.0
3.0
1.0
430.0
4.0
185.0
7.0
3.0
5.0
4.0
5.0
1.0
452.0
762.0
8.0
1.0
1.0
69.0
1.0
1.0
19.0
9.0
6.0
1.0
1.0
685.0
4.0
9.0
1.0
17.0
65.0
2.0
2.0
2.0
73.0
454.0
15.0
9.0
7.0
1.0
5.0
1.0
8.0
1.0
3.0
1.0
190.0
1.0
1.0
3.0
1.0
18.0
1.0
1.0
35.0
65.0
2.0
50.0
75.0
3.0
1.0
11.0
2.0
1.0
1.0
3.0
102.0
1.0
3.0
3.0
3.0
5.0
3.0
10.0
6.0
7.0
166.0
1.0
1.0
1.0
2.0
31.0
105.0
11601.0
1.0
5.0
7.0
8.0
2.0
8.0
20.0
3.0
1.0
1.0
61.0
2.0
3.0
3.0
134.0
1.0
1.0
4.0
12.0
1.0
1.0
6.0
3.0
141.0
5.0
1529.0
1.0
3.0
1.0
8.0
2.0
29.0
1272.0
3.0
3.0
1.0
2.0
13.0
1.0
34.0
8.0
3.0
1.0
52.0
2.0
8.0
1.0
7.0
1.0
1.0
3.0
8.0
22.0
3.0
735.0
209.0
13.0
2.0
93.0
4.0
17.0
3.0
2.0
1.0
3.0
1.0
3.0
3057.0
38.0
1.0
1.0
1183.0
7.0
1.0
3.0
3.0
4.0
3.0
1.0
4.0
1.0
1.0
1.0
1.0
7.0
1.0
165.0
2.0
89.0
1.0
50.0
97.0
233.0
1.0
17.0
181.0
1.0
3.0
3.0
23.0
5.0
9.0
1.0
1.0
3.0
29.0
1.0
1.0
127.0
8.0
2.0
34.0
87.0
1.0
3.0
1.0
17.0
4.0
1.0
688.0
2.0
4.0
2.0
910.0
3560.0
11.0
781.0
2.0
3.0
3.0
4.0
3.0
5.0
19.0
1.0
3.0
2.0
21.0
34.0
9.0
3.0
1130.0
3.0
4.0
27.0
23.0
4.0
3.0
2.0
47.0
1.0
1.0
1.0
24.0
2.0
2.0
3.0
344.0
1.0
1.0
1469.0
3.0
1.0
17.0
2.0
49.0
1.0
1.0
38.0
3.0
704.0
24.0
1.0
2.0
65.0
9.0
14.0
11.0
728.0
3.0
1.0
3.0
336.0
6.0
1.0
97.0
1.0
7.0
1.0
2.0
1.0
9.0
3.0
6.0
3.0
33.0
35.0
1.0
2.0
10.0
15.0
40.0
503.0
1.0
19.0
40.0
1.0
3.0
7.0
4.0
1200.0
42.0
77.0
4.0
24.0
7.0
1.0
78.0
3.0
85.0
23.0
1.0
3.0
1.0
3.0
25.0
4.0
42.0
193.0
115.0
2.0
1.0
60.0
530.0
4627.0
4.0
5.0
191.0
11.0
18.0
1.0
1.0
3.0
829.0
1.0
3.0
3.0
316.0
4555.0
3.0
451.0
972.0
2.0
1.0
1.0
1735.0
2.0
23.0
24.0
18.0
5.0
1.0
3.0
6630.0
20.0
58.0
1.0
178.0
1.0
22.0
1.0
23.0
1.0
1.0
2.0
1.0
2.0
2.0
8.0
1733.0
699.0
15.0
27.0
2.0
1.0
1.0
35.0
7.0
43.0
19.0
473.0
3.0
4.0
67.0
2.0
3.0
19.0
121.0
444.0
3.0
537.0
6.0
2.0
2.0
8.0
2.0
96.0
1.0
1.0
1.0
3.0
1.0
10.0
1.0
3.0
1.0
3.0
1.0
1.0
180.0
8.0
1.0
375.0
16.0
24.0
6.0
4.0
578.0
6.0
244.0
21.0
1950.0
2.0
2.0
205.0
1284.0
80.0
7.0
3.0
134.0
3.0
572.0
3.0
1.0
1.0
4.0
1.0
12.0
3.0
27.0
2.0
799.0
4.0
1.0
6.0
18.0
1.0
1.0
53.0
9.0
61.0
1.0
84.0
1.0
3.0
17.0
3.0
1.0
3.0
48.0
1.0
2.0
25.0
4.0
366.0
3.0
75.0
9.0
3.0
7.0
55.0
262.0
281.0
3.0
642.0
2.0
1078.0
50.0
1.0
62.0
8.0
1.0
3130.0
3.0
10.0
214.0
4.0
3.0
4.0
638.0
596.0
561.0
9.0
5.0
5.0
1729.0
31.0
3.0
45.0
18.0
24.0
370.0
65.0
65.0
3.0
6.0
312.0
3.0
41.0
4.0
9.0
517.0
7.0
2.0
2.0
1.0
482.0
1.0
66.0
1.0
11.0
1.0
407.0
33.0
3.0
1.0
56.0
14271.0
2.0
3.0
1.0
323.0
177.0
20.0
5.0
54.0
2.0
1.0
9.0
3.0
1.0
2.0
1.0
1.0
230.0
10.0
1.0
9.0
24.0
5.0
126.0
1.0
1.0
214.0
3.0
12.0
27.0
17.0
4.0
1.0
175.0
467.0
766.0
32.0
1.0
3.0
1.0
3.0
2.0
1.0
1.0
2.0
343.0
1.0
521.0
40.0
1.0
4.0
1.0
3.0
1.0
27.0
2.0
6.0
1.0
30.0
8.0
17.0
2291.0
1.0
67.0
3.0
1.0
32.0
3.0
1.0
53.0
3.0
3.0
10.0
1.0
1.0
2.0
3.0
1.0
317.0
33.0
1.0
40.0
3.0
1.0
1.0
3.0
1.0
8.0
1.0
3.0
1.0
1.0
695.0
1.0
1.0
3.0
1.0
72.0
4.0
5.0
351.0
1.0
22.0
3.0
5.0
3.0
3.0
2.0
11.0
7.0
1.0
1.0
1.0
3.0
3.0
51.0
2.0
148.0
754.0
1.0
2.0
29.0
1.0
3.0
1.0
1.0
7.0
3.0
5.0
3.0
42.0
11.0
63.0
3.0
1.0
1.0
102.0
19.0
289.0
3.0
9.0
3.0
37.0
14.0
3.0
3.0
1.0
1.0
1.0
3.0
9.0
3.0
321.0
3.0
1.0
3.0
1.0
6600.0
53.0
4.0
1.0
2.0
1.0
19.0
24.0
1.0
3.0
6.0
6.0
3.0
1.0
4.0
6.0
1.0
1.0
321.0
1.0
75.0
1.0
3.0
2.0
18.0
7.0
3.0
1.0
5209.0
3.0
1.0
1.0
55.0
3.0
780.0
32.0
2.0
3.0
39.0
3.0
1.0
37.0
1.0
3.0
4.0
4.0
1.0
46.0
3.0
2.0
3.0
1.0
2.0
3.0
3.0
3.0
1.0
5.0
1.0
3.0
96.0
1.0
626.0
9.0
3.0
2.0
3.0
85.0
4.0
3.0
3.0
3.0
3.0
3.0
1.0
1.0
479.0
11.0
24.0
228.0
13.0
130.0
1.0
1.0
963.0
6.0
3.0
4.0
3.0
2.0
9.0
14.0
141.0
1.0
1597.0
1.0
185.0
24.0
1.0
8.0
64.0
1.0
1.0
13.0
16.0
1.0
19.0
3.0
4.0
1.0
2.0
26.0
19.0
469.0
1.0
47.0
4.0
150.0
1.0
962.0
77.0
2.0
8.0
1.0
8.0
9.0
2.0
4.0
3.0
80.0
26.0
7.0
4.0
780.0
2.0
3.0
2.0
9.0
300.0
686.0
3.0
2.0
3.0
3.0
1.0
1.0
1.0
9.0
5.0
1.0
3.0
2.0
1.0
3.0
6.0
108.0
5.0
55.0
91.0
2.0
1363.0
1.0
3.0
4.0
4.0
1.0
1.0
1355.0
89.0
5.0
3.0
1.0
1.0
3.0
2.0
5.0
275.0
1.0
27.0
13.0
6.0
3.0
133.0
52.0
72.0
87.0
2614.0
3.0
4.0
1.0
10.0
3.0
1.0
3.0
20.0
52.0
1.0
2.0
9.0
9.0
2.0
1.0
20.0
1.0
1.0
553.0
1.0
1.0
1.0
252.0
2.0
1.0
1.0
3.0
1.0
1.0
1.0
4.0
37.0
12.0
1.0
1.0
951.0
1.0
17.0
1.0
15.0
195.0
351.0
1.0
9.0
1.0
565.0
2.0
8.0
2.0
1.0
1.0
1.0
28.0
3.0
23.0
5.0
1218.0
24.0
2.0
2099.0
2.0
2.0
8.0
400.0
3.0
1.0
3.0
3.0
1.0
3.0
3.0
6.0
10.0
6.0
1.0
1.0
152.0
3.0
1.0
1.0
2.0
44.0
161.0
3.0
24.0
232.0
1.0
16.0
3.0
3.0
5.0
794.0
19.0
2.0
1.0
64.0
1.0
75.0
21.0
2.0
3.0
1945.0
2.0
381.0
1.0
4970.0
160.0
133.0
491.0
114.0
1.0
1.0
16.0
10.0
1.0
19.0
167.0
8.0
16.0
60.0
1.0
196.0
469.0
16.0
1.0
2.0
19.0
1.0
3.0
2.0
1.0
3.0
1431.0
4.0
4.0
1.0
2.0
4.0
4.0
1.0
135.0
1.0
7.0
1.0
8.0
2.0
3.0
56.0
4.0
1.0
117.0
1024.0
3.0
3.0
17.0
1.0
5.0
2.0
41.0
370.0
3.0
1.0
150.0
1.0
2.0
72.0
1031.0
7.0
692.0
7.0
3.0
96.0
2.0
5.0
19.0
15.0
10.0
2.0
3.0
2.0
2.0
83.0
72.0
3.0
7.0
514.0
125.0
1.0
4.0
137.0
2.0
29.0
3.0
1.0
15.0
1.0
3.0
94.0
5.0
178.0
18.0
15.0
9.0
8.0
6.0
212.0
1.0
1.0
779.0
1.0
2473.0
19.0
3.0
44.0
1.0
9.0
28.0
67.0
4.0
11.0
3.0
75.0
7.0
1.0
78.0
2.0
1.0
199.0
1.0
1.0
1.0
4.0
6.0
1.0
7.0
157.0
7.0
2.0
696.0
7.0
6.0
24.0
24.0
14.0
2.0
412.0
214.0
15.0
264.0
4998.0
5.0
45.0
2.0
3.0
2.0
9.0
1.0
10.0
28.0
3.0
3.0
2.0
433.0
512.0
1.0
3.0
1.0
18.0
82.0
1.0
3.0
143.0
1310.0
11.0
221.0
8.0
2.0
2.0
4.0
2.0
2.0
441.0
889.0
2.0
24.0
445.0
5.0
11.0
1.0
2.0
2.0
218.0
3.0
4.0
778.0
5.0
3.0
2.0
6.0
25.0
3.0
569.0
2.0
1.0
1.0
128.0
515.0
3.0
9.0
1.0
17.0
2.0
138.0
15.0
1.0
74.0
1.0
4.0
2.0
750.0
3.0
5.0
2.0
18.0
1.0
4.0
1.0
3.0
130.0
2172.0
2.0
24.0
1.0
2.0
638.0
1831.0
2353.0
489.0
394.0
3.0
4.0
1139.0
2552.0
533.0
7.0
7.0
22.0
1.0
1482.0
2.0
1.0
956.0
529.0
1.0
1.0
1.0
1018.0
208.0
106.0
4.0
696.0
9.0
76.0
3.0
3.0
2.0
2.0
2.0
3.0
5.0
1.0
3.0
3.0
19.0
3.0
336.0
8.0
9.0
3.0
2.0
1.0
2.0
10.0
4.0
5.0
3.0
5.0
1.0
1.0
899.0
1.0
123.0
37.0
1.0
3.0
1.0
36.0
2.0
1.0
3.0
5.0
11.0
2.0
10.0
2.0
15.0
3.0
3.0
2.0
147.0
1.0
1.0
23.0
52.0
65.0
1.0
3.0
6.0
1.0
2.0
1.0
3.0
7.0
1.0
5.0
1.0
70.0
5.0
1.0
2.0
1.0
2804.0
1.0
1.0
96.0
2.0
3.0
5.0
2.0
4.0
13.0
65.0
1482.0
1.0
2.0
1.0
2981.0
116.0
24.0
47.0
1.0
21.0
1.0
1.0
2.0
18.0
3.0
8.0
3.0
5.0
1.0
5.0
184.0
3.0
2.0
1.0
13.0
3.0
86.0
3.0
4.0
338.0
16.0
7419.0
3.0
3.0
19.0
1.0
3.0
2.0
55.0
94.0
390.0
2.0
3.0
571.0
10.0
21.0
8.0
23.0
2.0
1.0
1.0
1.0
3.0
1.0
2.0
231.0
1.0
3.0
7.0
27.0
1.0
275.0
1.0
2.0
1704.0
1.0
3.0
1.0
16.0
10.0
2.0
9.0
765.0
202.0
66.0
1.0
11.0
1.0
1.0
4.0
3.0
3.0
1704.0
14.0
1.0
3.0
25.0
1.0
115.0
94.0
4.0
1311.0
103.0
3.0
2.0
63.0
1.0
3.0
1.0
1.0
4.0
1.0
371.0
3.0
33.0
274.0
1.0
588.0
4.0
1.0
8.0
3.0
6.0
4.0
1.0
1.0
5.0
1.0
9.0
149.0
1.0
1.0
479.0
3.0
4.0
3.0
3.0
1.0
22.0
60.0
1.0
127.0
3.0
6701.0
3.0
1.0
455.0
2.0
1.0
1.0
53.0
431.0
1172.0
418.0
75.0
6.0
2.0
218.0
12.0
596.0
4.0
1.0
4.0
226.0
386.0
1.0
2.0
57.0
1.0
3.0
1.0
5.0
2.0
79.0
102.0
6.0
1.0
3.0
1.0
61.0
1.0
596.0
7.0
1.0
27.0
4.0
48.0
4.0
56.0
1.0
1.0
57.0
4.0
4.0
3.0
3.0
2.0
46.0
103.0
1.0
8.0
24.0
79.0
1.0
2.0
4.0
2.0
1.0
12.0
1.0
7.0
22.0
750.0
4.0
2.0
5.0
1.0
21.0
702.0
3303.0
65.0
6.0
76.0
1.0
199.0
1.0
1.0
1.0
1.0
1.0
1.0
15.0
1.0
2.0
1915.0
1.0
1.0
2.0
4.0
7.0
1.0
301.0
2.0
3.0
4.0
1.0
129.0
231.0
4.0
23.0
282.0
57.0
1.0
1.0
1.0
1.0
445.0
6.0
1.0
9.0
1.0
4.0
5.0
3.0
4.0
7.0
1437.0
1.0
1.0
1.0
1.0
46.0
288.0
5506.0
1.0
3.0
1.0
838.0
8.0
15.0
1.0
3.0
69.0
1116.0
1.0
6.0
18.0
691.0
5.0
2.0
69.0
63.0
32.0
292.0
1.0
124.0
1.0
17.0
33.0
924.0
1.0
6.0
1.0
1.0
3.0
3.0
110.0
7.0
4.0
4.0
1.0
24.0
1.0
9.0
18.0
451.0
1.0
3.0
2.0
1.0
1.0
251.0
7.0
983.0
1.0
2.0
30.0
1183.0
171.0
1.0
1.0
1092.0
3.0
1.0
11.0
12.0
2.0
1.0
4.0
16.0
1.0
3.0
1.0
2.0
129.0
248.0
33.0
2.0
7.0
2.0
8.0
5.0
1.0
5.0
45.0
43.0
1.0
117.0
1.0
2.0
5.0
1.0
801.0
18.0
94.0
1.0
4003.0
1631.0
51.0
852.0
638.0
17.0
3.0
30.0
2.0
109.0
1.0
1.0
13.0
2.0
7.0
1.0
2.0
1.0
1.0
3.0
3.0
3.0
5.0
1.0
1.0
5.0
23.0
3.0
18.0
1.0
9.0
1.0
3.0
1018.0
2.0
5.0
23.0
650.0
1549.0
3.0
2.0
2.0
1.0
1.0
4.0
36.0
7.0
2.0
666.0
212.0
18.0
1.0
9.0
8.0
32.0
2.0
1.0
3.0
2.0
1.0
3.0
1858.0
172.0
3.0
3.0
1.0
2.0
1.0
4.0
67.0
6.0
2.0
20.0
1.0
1.0
503.0
60.0
3.0
78.0
30.0
1.0
140.0
352.0
1117.0
3.0
5.0
3.0
21.0
1.0
7.0
3.0
1.0
112.0
5.0
4.0
1.0
972.0
2.0
1.0
8.0
37.0
1.0
3.0
1.0
1635.0
6.0
1.0
274.0
366.0
180.0
1.0
2.0
275.0
3.0
274.0
7.0
426.0
9.0
1.0
4.0
3.0
135.0
1.0
181.0
1.0
6.0
50.0
1.0
1.0
19.0
839.0
2.0
11.0
1.0
17.0
7.0
1.0
6.0
3.0
3.0
5.0
19.0
421.0
17.0
1.0
1304.0
699.0
2.0
121.0
5.0
3.0
20.0
2.0
2.0
2.0
24.0
24.0
1.0
3.0
11.0
3.0
5.0
2.0
3.0
16.0
354.0
1.0
3.0
136.0
3.0
1.0
29.0
4.0
1.0
102.0
2.0
19.0
8.0
3.0
2.0
2.0
1951.0
3.0
1.0
1.0
2.0
2.0
1.0
73.0
36.0
2.0
29.0
1.0
5.0
7.0
103.0
1.0
81.0
2.0
157.0
1.0
44.0
90.0
6.0
3.0
3.0
873.0
1.0
111.0
1.0
3.0
65.0
1.0
1.0
3.0
24.0
2.0
360.0
1.0
2.0
435.0
1469.0
1.0
1978.0
32.0
17.0
364.0
4.0
15.0
1.0
4.0
7.0
29.0
2.0
3.0
3.0
1.0
5.0
1.0
184.0
61.0
3.0
1.0
8.0
1657.0
38.0
218.0
6.0
1.0
14.0
3.0
88.0
1.0
9.0
3.0
3.0
1.0
1.0
6.0
16.0
66.0
2.0
7.0
1.0
3.0
1.0
3.0
83.0
10.0
8.0
1.0
4.0
7.0
16.0
1.0
1.0
9.0
3.0
9.0
3.0
13.0
1121.0
3.0
15.0
8.0
11.0
303.0
23.0
7161.0
1808.0
351.0
1.0
1.0
3.0
3.0
2.0
3.0
1.0
5.0
847.0
3.0
1.0
3.0
1.0
3.0
292.0
13.0
2.0
30.0
4.0
1.0
6.0
8.0
2.0
3.0
16402.0
367.0
1.0
19.0
1.0
3.0
6.0
3.0
521.0
23.0
658.0
2.0
1.0
1.0
3.0
2.0
3.0
1.0
848.0
1.0
5.0
72.0
2.0
7.0
3.0
2.0
56.0
1.0
22.0
3.0
6.0
6.0
1.0
9.0
5.0
86.0
127.0
2.0
8.0
1.0
6.0
1.0
8.0
4.0
86.0
2.0
180.0
91.0
21.0
290.0
8.0
33.0
141.0
3.0
9.0
5.0
528.0
2.0
1.0
7.0
3.0
3.0
70.0
72.0
2.0
3.0
2.0
14.0
4.0
1.0
2.0
8.0
1.0
163.0
23.0
7.0
3.0
7.0
3.0
1.0
4.0
12.0
4.0
3.0
85.0
1.0
278.0
3851.0
3.0
3.0
2.0
3.0
3.0
1.0
697.0
3.0
22.0
4.0
137.0
2671.0
9.0
290.0
3.0
4.0
19.0
13.0
1.0
1.0
3.0
977.0
12.0
1.0
63.0
2.0
1.0
2.0
2.0
2.0
1.0
3.0
1.0
3.0
11.0
33.0
1.0
1.0
3.0
12.0
1.0
1.0
3.0
1.0
2.0
3.0
1.0
58.0
3.0
149.0
1.0
5.0
2.0
4.0
4.0
1.0
34.0
34.0
1.0
1.0
30.0
19.0
4.0
4.0
422.0
2.0
24.0
8.0
1843.0
3.0
70.0
14.0
24.0
1.0
3.0
3.0
3.0
3.0
3.0
157.0
1857.0
288.0
1.0
23.0
10.0
3.0
11.0
3.0
1.0
2532.0
1.0
1.0
1.0
3.0
16.0
1.0
1458.0
1.0
86.0
9.0
1.0
2.0
1.0
1.0
128.0
728.0
204.0
9.0
1.0
1.0
9.0
1.0
2.0
2.0
2.0
99.0
1.0
1.0
1.0
4.0
2091.0
182.0
5.0
19.0
1.0
3.0
4.0
1092.0
2.0
93.0
172.0
1.0
2.0
1.0
2.0
3.0
3.0
4.0
2636.0
512.0
3.0
1.0
88.0
147.0
54.0
2.0
1.0
41.0
18.0
3.0
376.0
19.0
2.0
104.0
3.0
1.0
4.0
5.0
3.0
13.0
1.0
5.0
1.0
3.0
1.0
3.0
21.0
1.0
2.0
57.0
49.0
23.0
1765.0
1.0
1.0
2.0
2.0
1.0
2.0
3.0
1.0
1.0
3.0
2.0
1.0
1.0
7.0
45.0
24.0
3.0
3.0
304.0
4.0
480.0
59.0
1.0
1.0
47.0
1.0
115.0
1.0
2.0
1.0
801.0
3.0
53.0
596.0
4.0
1.0
6.0
2.0
338.0
1.0
3.0
5.0
6.0
4.0
274.0
3.0
5.0
1.0
3.0
1.0
288.0
136.0
349.0
1.0
3.0
6.0
52.0
2.0
1.0
1.0
1.0
1.0
633.0
135.0
17.0
1.0
2434.0
1672.0
4.0
1.0
1.0
2.0
1.0
286.0
1.0
3.0
1.0
1.0
1.0
59.0
3.0
4.0
3.0
1.0
3.0
2.0
3667.0
3.0
242.0
5.0
478.0
34.0
1.0
1.0
108.0
46.0
11.0
1.0
3.0
1.0
1.0
1.0
11.0
16.0
5.0
2.0
15.0
16.0
14.0
1.0
414.0
3.0
2.0
5.0
7.0
46.0
1.0
116.0
8.0
1.0
565.0
3.0
2.0
4.0
2.0
13.0
5.0
561.0
4.0
8.0
3.0
5.0
1.0
30.0
119.0
46.0
3.0
3.0
4.0
3.0
266.0
3.0
24.0
961.0
3.0
1311.0
1.0
3.0
32.0
3.0
3.0
1.0
3.0
140.0
22.0
5.0
1.0
1.0
1.0
14.0
11.0
1.0
5.0
402.0
5.0
5.0
2.0
3.0
351.0
4.0
152.0
3.0
2707.0
1.0
9.0
1.0
7.0
1.0
1422.0
1.0
1.0
26.0
1.0
5.0
51.0
1.0
3.0
29.0
19.0
4.0
50.0
16.0
3.0
636.0
14.0
89.0
1.0
1200.0
13.0
46.0
1.0
3.0
116.0
1.0
467.0
15.0
57.0
28.0
1.0
1.0
1.0
24.0
106.0
1076.0
10.0
11.0
11.0
17.0
3.0
1.0
59.0
421.0
9.0
35.0
3.0
1123.0
1.0
1.0
74.0
8.0
12.0
3.0
8.0
2.0
1.0
6.0
8.0
3.0
29.0
19.0
419.0
34.0
1.0
8.0
3.0
31.0
1.0
115.0
3.0
1.0
146.0
1.0
2.0
12.0
177.0
1.0
1.0
207.0
17.0
6.0
1.0
46.0
63.0
5.0
21.0
10.0
2.0
3.0
4445.0
237.0
1.0
20.0
3.0
2.0
2.0
3.0
13.0
12.0
3.0
282.0
416.0
1.0
1.0
1.0
10.0
2.0
1.0
1.0
1.0
1.0
5.0
1671.0
23.0
7.0
8.0
1.0
3.0
2.0
1.0
1.0
6.0
1.0
19.0
3.0
12.0
6.0
43.0
1.0
1.0
4.0
1.0
1.0
50.0
20.0
2.0
103.0
1.0
56.0
4.0
3.0
67.0
2716.0
8.0
5.0
1.0
1.0
5.0
189.0
2.0
332.0
3.0
1.0
15.0
12.0
4331.0
3.0
3.0
23.0
84.0
375.0
3.0
1.0
258.0
3.0
10.0
209.0
3.0
121.0
40.0
5.0
3.0
126.0
21.0
16.0
1.0
6.0
313.0
2.0
134.0
3.0
1.0
1.0
5.0
3.0
2.0
109.0
5.0
1.0
1029.0
33.0
2.0
1.0
4.0
2.0
66.0
25.0
5.0
1.0
56.0
61.0
3.0
1.0
4.0
8.0
1.0
1.0
2.0
1.0
2.0
3.0
7.0
5.0
47.0
1.0
7.0
1.0
334.0
12.0
2087.0
4817.0
1.0
1.0
1.0
4.0
2.0
13.0
2.0
10.0
4.0
1.0
7.0
5.0
2.0
33.0
944.0
11.0
25.0
6.0
1.0
6.0
1.0
3.0
1.0
972.0
80.0
311.0
10.0
10.0
4.0
1.0
63.0
40.0
1.0
7.0
3.0
1.0
2.0
472.0
1.0
3.0
5.0
2.0
7.0
196.0
3.0
8.0
1.0
3.0
1.0
1.0
1.0
3.0
9.0
5.0
90.0
2.0
62.0
66.0
8.0
2.0
29.0
2.0
7.0
3.0
1.0
2.0
3.0
2.0
36.0
74.0
946.0
3.0
144.0
3.0
1.0
143.0
83.0
1.0
3.0
41.0
36.0
21.0
440.0
1174.0
9.0
231.0
19.0
1.0
3.0
5.0
1.0
5.0
31.0
1.0
15.0
2.0
4.0
3.0
1.0
1.0
1.0
35.0
9.0
1.0
4.0
1.0
6.0
6.0
3.0
16.0
1.0
3.0
8.0
1.0
5.0
857.0
1.0
1.0
4.0
616.0
4.0
63.0
3.0
3.0
3.0
1.0
9.0
3.0
3.0
1.0
1343.0
2.0
3.0
3.0
1.0
4.0
41.0
3.0
14.0
8.0
1.0
2.0
2.0
2.0
40.0
1.0
2.0
2.0
10.0
2.0
1.0
5.0
211.0
172.0
65.0
20.0
159.0
2.0
1.0
20.0
61.0
24.0
1.0
1.0
495.0
43.0
1.0
1.0
1.0
26.0
3.0
27.0
2.0
1.0
6.0
3177.0
3.0
1.0
1.0
3.0
3.0
41.0
17.0
3.0
65.0
4.0
3.0
4.0
3.0
1840.0
4.0
3.0
10.0
1.0
5.0
1.0
2.0
1.0
6.0
32.0
107.0
5.0
523.0
535.0
3.0
1.0
7.0
3.0
1.0
1.0
943.0
63.0
255.0
1.0
1.0
4.0
1.0
257.0
160.0
1.0
3.0
87.0
3.0
61.0
3.0
3.0
2.0
4.0
508.0
1.0
3.0
41.0
659.0
1.0
34.0
1.0
576.0
11.0
357.0
28.0
2.0
2.0
3.0
67.0
1.0
3.0
4.0
1.0
26.0
1.0
3.0
247.0
3.0
330.0
90.0
6.0
9021.0
1.0
35.0
14.0
3.0
116.0
1.0
2346.0
272.0
4.0
1.0
190.0
4.0
5.0
17.0
3.0
19.0
2.0
3.0
8.0
17.0
268.0
3.0
3.0
2.0
3.0
21.0
679.0
1.0
2119.0
1.0
2.0
51.0
28.0
1528.0
603.0
2.0
2.0
11.0
1.0
4.0
5.0
1.0
9.0
2.0
1.0
8.0
4.0
1.0
3.0
1.0
2860.0
2.0
65.0
3.0
5.0
774.0
16.0
1.0
3.0
4.0
3.0
6.0
1.0
45.0
10.0
2.0
351.0
988.0
66.0
66.0
3.0
382.0
1.0
2.0
28.0
3.0
1.0
16.0
2.0
4.0
1.0
1.0
259.0
1.0
82.0
3.0
5.0
1.0
208.0
1.0
4.0
3.0
9.0
2.0
1.0
2.0
2.0
9.0
2.0
747.0
1.0
1.0
2.0
2.0
2.0
1.0
1.0
1.0
1.0
42.0
24.0
3.0
4.0
1424.0
24.0
3.0
1.0
1.0
1.0
3.0
241.0
1.0
1.0
2.0
2.0
1.0
133.0
2.0
52.0
4.0
243.0
1.0
3.0
3.0
82.0
1.0
1.0
2.0
35.0
25.0
1.0
1.0
3.0
2.0
2.0
19.0
1.0
3.0
3.0
4.0
9.0
176.0
1.0
1.0
4.0
1.0
2.0
2.0
10.0
4.0
1.0
32.0
795.0
9.0
8.0
2.0
3.0
713.0
2.0
2.0
3.0
1.0
75.0
742.0
5.0
1.0
921.0
35.0
1.0
1069.0
24.0
1018.0
3.0
486.0
3.0
4.0
4.0
1.0
395.0
773.0
18.0
4.0
3.0
1.0
28.0
24.0
1629.0
3.0
1.0
1.0
244.0
22.0
8.0
1.0
3.0
6.0
4.0
65.0
3.0
19.0
210.0
2.0
1.0
522.0
3.0
10.0
5.0
177.0
19.0
596.0
5.0
1.0
22.0
1190.0
3.0
19.0
39.0
1.0
52.0
3.0
4.0
1.0
543.0
5.0
28.0
1.0
8.0
1.0
1064.0
3.0
117.0
19.0
7.0
8.0
4.0
104.0
2418.0
7.0
12.0
1.0
3.0
21.0
629.0
2.0
1.0
1.0
3.0
339.0
24.0
24.0
133.0
10.0
37.0
2.0
22.0
124.0
7.0
15.0
4.0
13.0
1.0
232.0
64.0
2086.0
2.0
2.0
8.0
5.0
67.0
987.0
44.0
3.0
1.0
3.0
3.0
4.0
50.0
1.0
1.0
19.0
93.0
5.0
4.0
3.0
1.0
271.0
36.0
58.0
1.0
2.0
51.0
1.0
1.0
122.0
9.0
176.0
4.0
161.0
1.0
242.0
5.0
2.0
23.0
1.0
13.0
3.0
1.0
8.0
7.0
92.0
1.0
4.0
1.0
150.0
8.0
20.0
19.0
1.0
1.0
8.0
45.0
3.0
5.0
2.0
1.0
21.0
3.0
35.0
8.0
7.0
3.0
24.0
11117.0
36.0
1.0
1.0
2.0
3.0
2.0
2.0
3.0
5.0
25.0
1.0
39.0
4.0
3.0
1.0
3.0
3.0
24.0
7.0
14.0
1.0
24.0
3.0
2.0
138.0
1.0
6.0
3.0
4.0
1.0
1.0
42.0
37.0
1.0
8.0
239.0
1.0
7.0
3.0
4.0
122.0
2.0
74.0
1.0
1.0
1.0
1.0
3.0
3.0
3.0
1232.0
23.0
1.0
2.0
2.0
2890.0
84.0
6.0
1119.0
6.0
129.0
104.0
20.0
1.0
1.0
5.0
2.0
5.0
1.0
1.0
3.0
17.0
1.0
1.0
1.0
13.0
114.0
1.0
229.0
99.0
1081.0
38.0
328.0
2.0
1.0
3.0
38.0
3.0
2.0
5.0
29.0
2.0
249.0
771.0
1.0
1.0
6.0
21.0
2.0
1.0
1.0
1.0
3.0
1502.0
2.0
3.0
30.0
3.0
1.0
31.0
292.0
3.0
2.0
1.0
1563.0
8.0
17.0
18.0
1114.0
2.0
11.0
1.0
374.0
2.0
23.0
675.0
32.0
10.0
35.0
1.0
3.0
458.0
3.0
7.0
1.0
3.0
3.0
2.0
4.0
9.0
8471.0
14.0
102.0
4.0
43.0
13000.0
3.0
1.0
13.0
3.0
261.0
3.0
9.0
821.0
398.0
4.0
27.0
3.0
404.0
1.0
18483.0
47.0
53.0
11.0
1.0
73.0
1225.0
3.0
3.0
3.0
50178.0
346.0
1.0
3.0
2.0
10004.0
6.0
279.0
1424.0
638.0
33.0
797.0
2.0
1.0
313.0
1.0
124.0
115.0
1.0
4.0
3.0
1363.0
3.0
18.0
1.0
1.0
88.0
2.0
15.0
111.0
4.0
2.0
5.0
50.0
2.0
2.0
22.0
44.0
7.0
2.0
2620.0
1.0
2.0
32.0
2.0
1.0
3.0
1.0
3.0
6.0
1.0
9.0
14.0
353.0
3.0
3.0
64.0
1.0
3.0
17.0
2.0
1.0
49.0
1.0
1.0
10.0
1.0
174.0
1.0
4.0
18.0
3.0
17.0
1533.0
3.0
1.0
8.0
34.0
8425.0
3.0
596.0
18.0
3.0
961.0
21.0
33.0
76.0
8.0
1.0
1.0
3.0
2.0
741.0
3.0
1.0
1.0
10.0
11369.0
13.0
3.0
4.0
63.0
92.0
32.0
86.0
16.0
1.0
2.0
46.0
1.0
352.0
2.0
33.0
2.0
187.0
3.0
5.0
1.0
7.0
1.0
1.0
3.0
137.0
4109.0
25.0
40.0
26.0
1.0
1.0
48.0
1.0
24.0
65.0
12.0
1.0
3.0
2.0
1.0
1.0
2.0
5.0
5.0
3.0
320.0
2.0
2.0
1.0
2.0
15.0
2.0
34.0
1.0
6.0
2.0
52.0
4.0
1018.0
1.0
1.0
19.0
32.0
5.0
77.0
4.0
2.0
3.0
1.0
22.0
2.0
1018.0
3.0
2.0
82.0
2.0
2.0
1.0
3.0
18.0
3.0
23.0
141.0
3.0
3.0
351.0
11.0
111.0
2.0
1.0
4.0
3.0
3.0
987.0
819.0
1431.0
8.0
46.0
5.0
1.0
259.0
76.0
3.0
1.0
1.0
2.0
1.0
1.0
7.0
61.0
110.0
1.0
6.0
55.0
1.0
1.0
7.0
3.0
2.0
2.0
22.0
1.0
3.0
1.0
6.0
1.0
1.0
4.0
6.0
3.0
3.0
5.0
4.0
3.0
1.0
15.0
3.0
6.0
9.0
50.0
2.0
1.0
1.0
2.0
12.0
856.0
1598.0
2.0
292.0
1.0
250.0
8.0
4.0
1.0
1.0
2.0
111.0
53.0
21.0
142.0
26.0
3.0
42.0
6.0
1.0
1293.0
1.0
86.0
1131.0
3.0
1.0
4.0
1.0
3.0
16.0
1186.0
3.0
1.0
9.0
129.0
1.0
3.0
847.0
1.0
3.0
1.0
836.0
11.0
3.0
1.0
2.0
1166.0
1685.0
23.0
3.0
2.0
7.0
4.0
2.0
1883.0
1.0
1.0
279.0
1.0
2.0
1.0
6.0
7.0
65.0
1.0
1.0
1.0
56.0
3.0
1.0
2166.0
3821.0
27.0
3.0
1.0
7.0
3.0
75.0
1.0
2.0
2.0
1602.0
1.0
9.0
1161.0
3.0
1.0
2.0
9.0
114.0
7.0
619.0
1.0
1234.0
1.0
1.0
1.0
298.0
38.0
13.0
257.0
217.0
26.0
30.0
31.0
4.0
18.0
3.0
10.0
8.0
138.0
58.0
9.0
8.0
1.0
1.0
9.0
44.0
1.0
1.0
460.0
1.0
7.0
82.0
77.0
3.0
23.0
3.0
42.0
4.0
1.0
3.0
1.0
19.0
4.0
791.0
24.0
1.0
1.0
1.0
3.0
2.0
90.0
1.0
3.0
2.0
3.0
1.0
13.0
2.0
1.0
1.0
16.0
1.0
1.0
486.0
19.0
3.0
261.0
3.0
2.0
23.0
1.0
768.0
5.0
3.0
13.0
9.0
3.0
419.0
1.0
1791.0
2.0
2.0
3.0
4.0
15.0
2.0
1432.0
3.0
3.0
344.0
1.0
5.0
3.0
1.0
1.0
6.0
112.0
712.0
10001.0
1.0
145.0
2.0
1.0
1.0
345.0
282.0
121.0
7923.0
1.0
1.0
3.0
3.0
3.0
328.0
1.0
3.0
279.0
2.0
20.0
193.0
2.0
3.0
151.0
4.0
1.0
3850.0
4.0
15.0
10.0
7.0
301.0
269.0
1.0
1.0
3.0
1.0
2.0
54.0
342.0
1.0
1.0
28.0
1.0
4.0
1718.0
1.0
6.0
274.0
87.0
1.0
8.0
1.0
2.0
2.0
1.0
7.0
3.0
203.0
1.0
3.0
12.0
6.0
3.0
1.0
42.0
2.0
3.0
596.0
2.0
374.0
13.0
18.0
2.0
1.0
2.0
3.0
1.0
2.0
7887.0
9.0
1.0
65.0
548.0
4.0
4961.0
23.0
1.0
7.0
163.0
3.0
438.0
2.0
1.0
3.0
4.0
4.0
3.0
20.0
19.0
3.0
58.0
1.0
4.0
1.0
1.0
2.0
1.0
3.0
270.0
3.0
24.0
7.0
9.0
1.0
338.0
13.0
1082.0
3.0
145.0
3.0
1.0
3245.0
1.0
1.0
4.0
352.0
24.0
8.0
522.0
2.0
1296.0
9.0
11.0
3.0
48.0
1078.0
19.0
14.0
2.0
2.0
1018.0
33.0
2.0
365.0
5.0
2.0
21.0
5.0
344.0
33.0
3.0
104.0
2.0
4.0
15.0
1.0
3.0
4.0
1474.0
1.0
164.0
88.0
433.0
11.0
1.0
2.0
611.0
4.0
2.0
78.0
2233.0
3.0
3.0
2.0
4.0
1.0
961.0
9.0
33.0
11.0
2.0
2.0
34.0
41.0
3.0
4.0
4.0
281.0
1.0
973.0
1356.0
7.0
104.0
3.0
1.0
21.0
1.0
7041.0
2.0
297.0
1.0
3.0
2.0
3.0
2.0
6.0
15.0
1.0
9.0
4.0
1.0
2.0
1.0
370.0
1.0
14.0
6.0
5.0
88.0
87.0
5.0
282.0
31507.0
3.0
7.0
3.0
1.0
2.0
21.0
87.0
14.0
61.0
5.0
3.0
372.0
95.0
1.0
2.0
686.0
1017.0
48.0
9.0
1.0
1.0
1.0
66.0
2690.0
1.0
3.0
281.0
3.0
3.0
6.0
1.0
72.0
1.0
34.0
1.0
2.0
34.0
1.0
3.0
3.0
1.0
1.0
9.0
1.0
23.0
171.0
64.0
22.0
6.0
70.0
1.0
3.0
1.0
1.0
6.0
1.0
70.0
45.0
1.0
1.0
24.0
1.0
13.0
1.0
1.0
3.0
1.0
7.0
410.0
5.0
3.0
2.0
1.0
259.0
376.0
2.0
1.0
1.0
2.0
55.0
5.0
2.0
62.0
1.0
14.0
1.0
1.0
4.0
3.0
6.0
3.0
2.0
1199.0
804.0
1.0
40.0
14.0
121.0
17.0
23.0
1.0
17.0
1.0
1.0
3.0
1217.0
5732.0
12.0
224.0
9.0
5.0
4.0
5.0
296.0
7.0
7.0
451.0
34.0
1.0
2.0
2.0
9.0
70.0
1.0
1.0
3.0
1.0
30.0
7.0
12.0
616.0
2.0
3.0
15.0
3.0
3.0
1.0
2.0
17.0
361.0
3.0
1.0
1.0
12.0
17.0
704.0
1.0
685.0
2.0
2.0
7.0
2.0
1.0
2.0
11.0
1.0
1.0
2.0
3.0
1.0
2.0
19.0
1.0
1.0
3.0
11.0
117.0
1.0
273.0
10.0
227.0
3.0
398.0
282.0
241.0
246.0
122.0
1.0
76.0
79.0
166.0
677.0
3.0
7.0
87.0
267.0
84.0
3.0
29.0
1.0
20.0
429.0
2.0
421.0
1365.0
20.0
3.0
2.0
1.0
157.0
251.0
1.0
48.0
3.0
1.0
4.0
43.0
1.0
2.0
14.0
1.0
1074.0
1.0
5.0
2.0
390.0
53.0
1.0
1.0
431.0
1.0
2.0
8.0
4.0
3.0
3.0
1.0
2.0
1.0
1.0
12.0
56.0
1.0
1.0
2381.0
3.0
1.0
3.0
55.0
1.0
19.0
43.0
3.0
210.0
837.0
2.0
64.0
134.0
1.0
1210.0
1.0
9.0
3.0
2.0
59.0
1.0
3.0
3.0
67.0
8.0
5.0
21.0
2.0
2.0
19.0
11.0
1.0
1.0
1637.0
11.0
1018.0
189.0
230.0
17.0
9.0
11.0
1.0
3.0
2.0
1.0
8.0
1.0
1.0
1.0
8.0
1014.0
1.0
1.0
1130.0
6453.0
1.0
225.0
10.0
2.0
3.0
828.0
1.0
1.0
1.0
3.0
24.0
41.0
1886.0
245.0
3.0
704.0
7.0
57.0
2.0
4.0
1.0
1.0
1.0
1.0
41.0
1.0
65.0
1.0
43.0
1.0
1.0
1.0
18.0
15.0
3.0
4.0
1.0
34.0
11.0
1.0
97.0
9.0
7.0
53.0
77.0
94.0
234.0
1.0
1183.0
97.0
810.0
24.0
1899.0
1.0
89.0
1097.0
38.0
366.0
1.0
6.0
3.0
1.0
1161.0
1.0
26.0
1.0
1.0
105.0
41.0
4.0
5.0
729.0
8.0
5.0
1.0
646.0
130.0
10.0
70.0
1.0
1.0
2.0
2.0
3.0
5.0
75.0
7.0
3.0
36.0
93252.0
3.0
11.0
89.0
626.0
5.0
3319.0
3.0
1.0
326.0
23.0
1.0
6.0
1.0
4.0
168.0
144.0
3.0
4.0
2295.0
1.0
14385.0
2.0
112.0
17.0
1.0
8682.0
1.0
235.0
59.0
1.0
1.0
244.0
105.0
1.0
2.0
4.0
12.0
1.0
1.0
7.0
3.0
79.0
2.0
19.0
19.0
1.0
1.0
397.0
3.0
22.0
1.0
6.0
298.0
17.0
8.0
1.0
245.0
6.0
3.0
3.0
1.0
1.0
5.0
3.0
3.0
1.0
1.0
1.0
1.0
1.0
3.0
4.0
4.0
1.0
3.0
2.0
2.0
6.0
3.0
80.0
3.0
19.0
4.0
1.0
1.0
78.0
61.0
336.0
1360.0
4.0
6.0
2.0
3.0
22.0
3.0
17.0
1.0
2.0
705.0
3.0
10.0
3.0
50.0
42.0
1862.0
3.0
3.0
410.0
779.0
258.0
282.0
1.0
1.0
1.0
3.0
8.0
38.0
24.0
1191.0
14.0
1.0
6.0
1.0
5.0
621.0
9.0
11.0
3.0
428.0
7.0
1.0
110.0
9.0
3.0
27.0
3.0
8173.0
491.0
1.0
1.0
1.0
5.0
1.0
4.0
24.0
14.0
24.0
2.0
6.0
2.0
8.0
4.0
54.0
1.0
6.0
1.0
4.0
83.0
1.0
7.0
69.0
3.0
1.0
3.0
5.0
238.0
1.0
3.0
1.0
2.0
1.0
2.0
2.0
3.0
8.0
43.0
22.0
288.0
14.0
92.0
2.0
34.0
351.0
2.0
19.0
1.0
4.0
1.0
1.0
1.0
3.0
75.0
3.0
2.0
16.0
33.0
5.0
1.0
11.0
9.0
2.0
3.0
50.0
1.0
1.0
5.0
134.0
6.0
366.0
9.0
2.0
20.0
1.0
1.0
18.0
2.0
22.0
7.0
4.0
1.0
42.0
542.0
1.0
2.0
1.0
9.0
12.0
1.0
1.0
9.0
16.0
282.0
157.0
18.0
3.0
1.0
4.0
16.0
596.0
3.0
131.0
1.0
3.0
1.0
5.0
1.0
9.0
102.0
6.0
292.0
75.0
1.0
2.0
1.0
69.0
19.0
3.0
1.0
1.0
7.0
1.0
2.0
1.0
4.0
1.0
11.0
4.0
3.0
1458.0
3.0
4.0
1988.0
1.0
20.0
1.0
655.0
28.0
1.0
999.0
135.0
3.0
18.0
21.0
4.0
2.0
248.0
1.0
4.0
74.0
3.0
5.0
241.0
40.0
1.0
10.0
908.0
1.0
25449.0
2.0
15.0
18.0
1.0
44.0
3.0
1.0
1.0
1.0
3.0
977.0
38.0
5.0
3.0
2.0
2.0
3.0
5.0
1.0
16.0
37.0
1.0
1478.0
15.0
4.0
31.0
3.0
1.0
1.0
3.0
1.0
32.0
9.0
451.0
1.0
155.0
3.0
9.0
3.0
3.0
9.0
6.0
1.0
3.0
1.0
123.0
2.0
42.0
2.0
1.0
442.0
6.0
1407.0
1.0
5.0
8.0
7.0
12.0
24.0
68.0
3.0
3.0
6.0
91.0
9.0
4.0
1.0
3.0
6.0
3.0
34.0
148.0
16.0
4.0
5.0
2.0
6.0
1.0
595.0
192.0
1.0
3.0
3.0
2.0
2.0
1.0
573.0
3.0
1.0
3.0
66.0
9.0
15.0
12.0
9.0
3.0
908.0
16.0
5.0
4.0
4.0
3.0
2.0
8.0
1.0
59.0
1.0
19.0
4.0
92.0
105.0
3.0
3.0
1.0
5.0
5.0
9.0
1.0
3.0
549.0
596.0
4.0
65.0
5.0
673.0
28.0
1.0
2.0
15.0
10.0
33.0
65.0
388.0
2.0
265.0
105.0
960.0
393.0
67.0
4.0
1627.0
95.0
1.0
9.0
338.0
19.0
57.0
167.0
1086.0
11.0
1.0
399.0
13.0
421.0
3.0
8.0
20.0
1.0
318.0
125.0
2.0
351.0
1.0
3.0
1.0
2.0
1.0
15.0
30.0
1.0
432.0
2.0
3.0
12.0
1.0
4.0
19.0
12.0
1.0
3.0
9.0
2171.0
1.0
6.0
1.0
18.0
2.0
1.0
3.0
335.0
1.0
1.0
1.0
10.0
2.0
6.0
10.0
11.0
1225.0
16.0
1.0
1.0
7.0
12.0
3.0
1.0
587.0
32.0
29.0
1.0
1.0
101.0
1.0
1.0
1.0
1.0
19.0
29.0
222.0
57.0
1.0
3.0
1.0
69.0
1.0
1.0
9.0
3.0
3.0
1.0
10.0
2.0
6.0
172.0
1.0
1.0
7.0
3.0
3.0
1.0
591.0
3.0
3.0
119.0
64.0
1.0
5.0
4.0
1.0
3.0
1.0
1.0
19.0
17.0
9.0
19.0
2.0
3.0
12.0
1.0
2.0
570.0
1.0
1.0
200.0
3.0
1.0
1.0
7.0
5.0
197.0
80.0
21.0
1183.0
990.0
53.0
3.0
1.0
1.0
9.0
155.0
3.0
72.0
1.0
1.0
1.0
330.0
1.0
120.0
1.0
1.0
10.0
7.0
535.0
3.0
589.0
1.0
6.0
3825.0
88.0
3504.0
7853.0
1.0
9.0
21.0
18.0
7.0
158.0
3.0
959.0
2.0
3.0
143.0
28.0
1.0
1.0
11.0
3.0
8.0
576.0
868.0
72.0
1.0
1.0
7.0
3464.0
1.0
2.0
2.0
3.0
601.0
2.0
216.0
4.0
4.0
38.0
12.0
6.0
20.0
3.0
3.0
31.0
2.0
5.0
6.0
17.0
1.0
25.0
1.0
1.0
224.0
1.0
3.0
41.0
292.0
595.0
12.0
25.0
77.0
40.0
8.0
337.0
696.0
1.0
823.0
2.0
1.0
83.0
3.0
90.0
4.0
15.0
1621.0
3.0
6.0
3.0
1.0
38.0
9.0
2.0
24.0
3.0
1.0
2.0
2.0
39.0
1.0
152.0
1.0
6.0
3.0
14.0
1.0
111.0
2.0
22.0
7.0
5.0
3.0
2.0
16.0
1.0
6.0
2.0
6.0
288.0
658.0
13.0
44.0
1.0
1.0
22.0
14.0
1.0
1.0
76.0
1.0
1440.0
16.0
842.0
1.0
2.0
17.0
1183.0
95.0
20.0
1.0
133.0
1.0
959.0
1.0
1.0
492.0
81.0
596.0
1.0
53.0
3.0
26.0
3.0
1.0
484.0
675.0
288.0
417.0
3.0
1.0
2.0
1.0
11.0
50.0
16.0
1.0
54.0
3.0
21.0
1.0
7.0
2080.0
1011.0
79.0
1674.0
3.0
3.0
6.0
8.0
6.0
1.0
259.0
25.0
126.0
2.0
18.0
14.0
1.0
11.0
138.0
1.0
4.0
1.0
13.0
14.0
1.0
3.0
1.0
2.0
176.0
34.0
11.0
5.0
1705.0
92.0
1.0
12.0
1.0
3.0
2.0
183.0
3.0
1069.0
1.0
2.0
304.0
193.0
2.0
1.0
10.0
1.0
1.0
5.0
1.0
1.0
1.0
1.0
565.0
5.0
3.0
51.0
444.0
183.0
68.0
18.0
1.0
1.0
1.0
723.0
484.0
1.0
16.0
1.0
4.0
31.0
8.0
1.0
4.0
1.0
24.0
2.0
4.0
3.0
3.0
1.0
338.0
3.0
33.0
1.0
75.0
5.0
6.0
3.0
3.0
1.0
1.0
546.0
19.0
2.0
3.0
1.0
3.0
20.0
3.0
1.0
3.0
3.0
1.0
6.0
77.0
229.0
15.0
1620.0
3.0
2.0
4.0
5.0
2.0
2.0
29.0
8.0
283.0
66.0
4.0
50.0
1.0
16.0
283.0
1.0
2.0
2.0
1.0
2.0
24.0
173.0
44.0
1.0
1.0
1.0
5.0
3.0
9.0
8.0
19.0
47.0
2.0
355.0
29.0
1.0
5.0
3.0
285.0
14.0
19.0
6.0
12.0
7.0
1.0
351.0
134.0
3.0
7.0
2.0
1.0
800.0
1.0
4.0
2.0
3.0
655.0
2573.0
1.0
1.0
104.0
1.0
1.0
1.0
191.0
1018.0
1.0
2.0
17.0
6.0
5.0
4.0
4.0
1.0
2.0
1.0
3.0
1.0
2050.0
77.0
3.0
14189.0
4.0
1.0
3165.0
2.0
14.0
1.0
3.0
259.0
29.0
3.0
1.0
9.0
3.0
2.0
1.0
1.0
38.0
2.0
21.0
3.0
3.0
19.0
9.0
3.0
2.0
7.0
506.0
5.0
20.0
1.0
3.0
8.0
295.0
1.0
3.0
242.0
13.0
3.0
58.0
3.0
149.0
1.0
3.0
735.0
2.0
91.0
11.0
8645.0
1.0
3.0
1.0
24.0
1.0
1.0
1.0
23.0
2.0
1.0
4.0
1.0
58.0
1.0
1.0
1.0
16.0
1.0
9.0
1.0
26.0
6.0
3.0
8.0
4445.0
1.0
3.0
2.0
7.0
1.0
1.0
1.0
1.0
2.0
8377.0
1.0
24.0
577.0
104.0
10.0
8.0
32.0
1304.0
3.0
10491.0
3.0
39.0
1.0
4.0
23.0
16.0
1.0
8.0
5.0
69.0
159.0
17.0
8.0
43.0
1.0
1.0
3.0
35.0
117.0
1.0
1.0
3.0
8.0
17.0
4.0
3.0
66.0
2.0
1.0
1.0
1.0
62.0
7.0
13.0
1.0
3.0
19.0
282.0
1.0
1.0
3.0
2.0
250.0
1.0
2.0
2.0
3.0
10.0
4.0
9.0
116.0
1.0
1536.0
3.0
69.0
5.0
3.0
99.0
46.0
21987.0
3.0
1.0
3.0
1.0
434.0
106.0
12.0
3.0
1.0
21.0
4.0
2.0
175.0
1.0
4.0
2.0
2.0
3.0
233.0
278.0
1.0
1.0
480.0
1.0
5.0
2374.0
3.0
454.0
9.0
2.0
21.0
1.0
1.0
136.0
69.0
9.0
1.0
11.0
17.0
63.0
2.0
675.0
90.0
2.0
6.0
2.0
191.0
1.0
2.0
2.0
798.0
147.0
2.0
151.0
1221.0
1.0
353.0
3.0
8.0
1.0
4.0
4.0
1.0
8.0
1.0
282.0
17.0
7.0
13310.0
1734.0
958.0
256.0
3.0
1.0
2.0
3.0
270.0
75.0
1.0
94.0
40.0
670.0
55.0
19.0
8.0
2.0
3.0
1.0
3.0
50.0
3.0
3.0
3.0
7.0
1.0
1.0
4330.0
10.0
4.0
1.0
1.0
1.0
67.0
3.0
106.0
3.0
4.0
2.0
1.0
13.0
2.0
3.0
16.0
105.0
1.0
16.0
2.0
38.0
98.0
2.0
3.0
1.0
3.0
1259.0
40.0
19.0
1.0
52.0
19.0
292.0
13.0
23.0
7.0
4.0
3.0
2987.0
5.0
1.0
10.0
1.0
26.0
2.0
1.0
3.0
1.0
21.0
19.0
1.0
770.0
2.0
1.0
1.0
165.0
8.0
3.0
292.0
844.0
1.0
19.0
2.0
65.0
2.0
3.0
1.0
2.0
1.0
11.0
2.0
218.0
1.0
1270.0
13.0
2.0
2.0
2079.0
4.0
1.0
1.0
14.0
6.0
13.0
576.0
310.0
1.0
1.0
1.0
63.0
3.0
121.0
3.0
3.0
338.0
2.0
7.0
74.0
2.0
3810.0
3.0
1.0
658.0
3.0
3.0
20.0
1.0
342.0
19.0
3.0
3.0
2.0
597.0
2.0
569.0
2.0
3.0
413.0
36.0
13.0
90.0
33.0
10.0
1.0
34.0
1.0
2.0
1.0
705.0
94.0
1.0
7.0
7.0
1.0
5.0
31.0
336.0
3.0
2.0
1.0
1.0
1.0
1.0
1.0
21.0
1.0
61.0
1.0
2.0
4.0
1.0
9.0
1.0
5.0
4.0
960.0
1755.0
3.0
3.0
3.0
12.0
2.0
3.0
2.0
3.0
4.0
5.0
1.0
2.0
4.0
16.0
5.0
3.0
5.0
1.0
2.0
3.0
1.0
4.0
22.0
124.0
56.0
45.0
218.0
11.0
1.0
1.0
5.0
7.0
3.0
2.0
1.0
27.0
3.0
5.0
2.0
1.0
344.0
1.0
43.0
4.0
8.0
3.0
9.0
1.0
54.0
1.0
1.0
1.0
4.0
1.0
3.0
36.0
16.0
24.0
5.0
2.0
5.0
2.0
1526.0
232.0
1.0
7.0
1400.0
45.0
1.0
1.0
1.0
3.0
16.0
2.0
3.0
23.0
3.0
13.0
2.0
1.0
50.0
2.0
2.0
5.0
2663.0
341.0
12.0
9.0
1.0
1.0
225.0
10.0
102.0
4.0
3.0
7.0
3.0
3.0
1.0
28.0
2.0
199.0
391.0
1.0
4984.0
1.0
1.0
4.0
1.0
1.0
6.0
2.0
1.0
9.0
10.0
7.0
1.0
6.0
5.0
2.0
200.0
2.0
2.0
1.0
262.0
2.0
5.0
3.0
7.0
19.0
1.0
1.0
6.0
6.0
2.0
214.0
696.0
13.0
6.0
3.0
4.0
2.0
3.0
1.0
1.0
177.0
59.0
3.0
6.0
3.0
5.0
7.0
1.0
1.0
88.0
1.0
1.0
8.0
1.0
1.0
911.0
344.0
1.0
17.0
966.0
3.0
7.0
668.0
1.0
1.0
25.0
241.0
51.0
3.0
1.0
1.0
877.0
2.0
4.0
5.0
4.0
4.0
7.0
3.0
25.0
8.0
7.0
8.0
2.0
1.0
3.0
1.0
10.0
1.0
4.0
1.0
37.0
1.0
2.0
2.0
1.0
2.0
3.0
168.0
17.0
21.0
1.0
1.0
11.0
10.0
3.0
3.0
39.0
3.0
234.0
28.0
672.0
274.0
600.0
3.0
9.0
2.0
4172.0
2.0
832.0
9.0
54.0
2.0
166.0
9.0
7.0
34.0
4.0
2.0
687.0
7.0
10.0
3.0
3.0
149.0
1.0
375.0
5499.0
22.0
515.0
1.0
193.0
24.0
16.0
1.0
584.0
1.0
1.0
2.0
783.0
65.0
3.0
3.0
54.0
53.0
240.0
3.0
3.0
4.0
2768.0
1.0
23.0
2.0
1268.0
1.0
1.0
1.0
7.0
1026.0
1.0
668.0
1.0
6.0
121.0
13017.0
6151.0
2.0
66.0
8.0
2.0
5.0
54.0
1.0
8.0
2.0
1.0
5.0
131.0
7.0
2.0
3.0
2.0
1.0
60.0
625.0
65.0
3.0
1.0
3.0
474.0
3.0
10.0
3.0
1.0
3.0
5.0
2.0
3.0
117.0
8.0
3.0
5702.0
2.0
1.0
6.0
7918.0
39.0
2658.0
2.0
1.0
3.0
53.0
8.0
3.0
615.0
375.0
3.0
951.0
5.0
11.0
2.0
1.0
563.0
1.0
4.0
370.0
23.0
2.0
6.0
3.0
2.0
966.0
5.0
75.0
3.0
441.0
339.0
64.0
1.0
3.0
8.0
1046.0
1.0
25.0
7.0
117.0
1.0
13.0
3.0
3.0
2.0
1.0
36.0
62.0
1.0
2.0
300.0
1.0
111.0
1.0
1.0
4.0
1.0
2.0
23.0
4.0
1.0
22.0
5.0
8.0
4.0
15.0
1.0
39.0
3.0
1.0
4.0
1.0
1.0
274.0
3.0
1.0
3.0
3.0
312.0
1.0
4.0
385.0
3.0
2.0
1.0
8.0
2.0
328.0
3.0
6.0
3.0
6.0
4.0
232.0
11.0
61.0
1.0
11.0
3.0
2.0
304.0
7.0
6.0
1.0
3.0
19.0
3.0
13.0
1679.0
30.0
596.0
21.0
1.0
7.0
1.0
2.0
1102.0
101.0
1477.0
17.0
1.0
1.0
1224.0
6064.0
3.0
1.0
1.0
98.0
57.0
1.0
3.0
19.0
8.0
94.0
45.0
1.0
21.0
11.0
2.0
377.0
1267.0
2.0
7.0
49.0
3.0
739.0
48.0
3.0
19.0
2.0
9.0
233.0
382.0
1.0
1.0
2.0
9.0
125.0
74.0
1.0
8.0
1.0
983.0
3.0
337.0
1.0
3.0
252.0
1.0
1.0
368.0
3.0
3.0
231.0
1.0
23.0
1.0
6.0
1.0
4.0
3.0
1.0
2.0
11.0
3.0
1.0
516.0
67.0
1506.0
36.0
1.0
4.0
105.0
1.0
12.0
1.0
336.0
1.0
22.0
1.0
3.0
1.0
282.0
3.0
1.0
2.0
846.0
32.0
1.0
41.0
86.0
1.0
11.0
3.0
3.0
1.0
2.0
8.0
1517.0
1.0
3.0
1.0
2.0
3.0
1.0
1.0
351.0
1.0
2.0
5.0
3.0
2.0
1.0
1.0
3.0
11.0
9.0
5.0
589.0
3.0
21.0
1.0
20.0
3.0
1.0
10.0
40.0
4.0
33.0
1.0
3.0
3.0
1.0
2088.0
7.0
1.0
121.0
6.0
1.0
170.0
7.0
3.0
2.0
217.0
1.0
8.0
3.0
13.0
509.0
1.0
1.0
8.0
44.0
91.0
2.0
3.0
4.0
104.0
4.0
2.0
102.0
2.0
4805.0
3.0
3.0
611.0
5.0
1.0
5.0
303.0
5.0
613.0
3.0
324.0
1.0
2.0
24.0
7.0
2.0
9.0
1.0
2.0
1.0
722.0
1672.0
17.0
1.0
3.0
50.0
1.0
26985.0
4.0
3.0
586.0
2.0
1.0
8.0
1.0
999.0
1.0
18.0
3.0
14559.0
1.0
3.0
2.0
549.0
1.0
1.0
3.0
3.0
29.0
1.0
43.0
4.0
1.0
1.0
4.0
6.0
48.0
3.0
24.0
65.0
3.0
1.0
32.0
7.0
3.0
10400.0
685.0
574.0
1.0
7.0
1.0
1.0
949.0
8.0
696.0
2604.0
2749.0
56.0
2.0
2.0
3.0
1.0
3.0
2.0
7.0
1.0
3.0
3.0
1.0
4.0
1.0
1.0
3.0
2.0
1.0
3.0
1.0
11.0
336.0
1.0
30.0
1.0
1.0
3030.0
3.0
3.0
1.0
1.0
40.0
13.0
1.0
5.0
2059.0
3.0
9.0
8.0
71.0
2.0
1.0
6.0
3.0
1.0
3.0
5.0
18.0
22.0
3.0
3095.0
7.0
3.0
106.0
1.0
1.0
374.0
71.0
3.0
3.0
1.0
1.0
1.0
10.0
11.0
8.0
1.0
15.0
25.0
3.0
3.0
2.0
117.0
1.0
1.0
1.0
66.0
39.0
1.0
3.0
4.0
3.0
13.0
88.0
6.0
4.0
370.0
5.0
17.0
3.0
569.0
1.0
2.0
1.0
1018.0
3.0
1.0
1.0
34.0
152.0
1.0
3.0
10.0
4.0
37.0
4.0
1.0
6.0
6.0
711.0
981.0
1.0
3.0
23.0
2.0
129.0
87.0
1.0
3.0
1.0
3.0
8.0
1.0
1.0
3.0
12.0
22.0
1.0
8.0
761.0
3.0
18.0
2.0
3.0
1.0
3.0
33.0
1.0
1.0
1.0
17.0
47.0
3.0
9.0
3.0
1.0
14.0
1894.0
1.0
375.0
2808.0
5.0
1.0
2.0
2.0
1.0
1.0
2473.0
2.0
3.0
668.0
18.0
3.0
16.0
1.0
3.0
1.0
1.0
545.0
1.0
1.0
4.0
930.0
19.0
107.0
1.0
3.0
2.0
1.0
1.0
9.0
1185.0
1.0
1.0
7.0
3.0
4.0
3.0
3.0
1.0
1.0
8.0
292.0
918.0
77.0
7.0
1210.0
21.0
4.0
5.0
3.0
3.0
172.0
220.0
1.0
200.0
1.0
1.0
3.0
1.0
3.0
1.0
8.0
2.0
1.0
289.0
1.0
3.0
4.0
227.0
1.0
4.0
80.0
7.0
10396.0
1.0
1115.0
3509.0
612.0
49.0
14.0
8.0
3.0
9.0
54.0
6.0
2.0
271.0
4.0
1.0
1.0
1.0
2.0
30.0
5.0
3.0
1.0
139.0
1.0
1.0
3.0
3.0
7.0
1.0
3.0
2.0
3.0
75.0
696.0
3.0
3.0
72.0
1.0
31505.0
3.0
9.0
18.0
1.0
1.0
3.0
3.0
33.0
2.0
3.0
1.0
1.0
2.0
1.0
8.0
2.0
45.0
8859.0
2.0
1.0
1.0
3.0
1.0
1.0
12.0
2.0
3.0
1.0
1.0
1.0
292.0
1.0
2692.0
1.0
50.0
3.0
420.0
26.0
3.0
2.0
2.0
6.0
1.0
106.0
100.0
6228.0
2.0
1.0
2.0
31.0
3.0
1.0
2.0
1.0
1.0
34.0
5.0
1.0
372.0
1.0
107.0
21.0
8.0
883.0
2.0
98.0
23.0
1.0
3.0
292.0
9.0
1.0
1.0
110.0
1.0
2.0
92.0
2.0
2.0
596.0
1.0
7.0
13.0
44.0
1198.0
38.0
299.0
3.0
311.0
2.0
1.0
16.0
3.0
44.0
2.0
1.0
38.0
14.0
771.0
1.0
15.0
4.0
2031.0
8.0
11.0
1.0
1.0
3.0
3.0
1039.0
1.0
3.0
1.0
3.0
2.0
3.0
9.0
19.0
17.0
2.0
10.0
11.0
1.0
938.0
41.0
62.0
3.0
1.0
24.0
565.0
1.0
191.0
1.0
10.0
2.0
3.0
32.0
5.0
3.0
7.0
1.0
1.0
674.0
24.0
1.0
5.0
104.0
2.0
624.0
1.0
190.0
9.0
1.0
1.0
5.0
3.0
1.0
4.0
9.0
219.0
3.0
22.0
4.0
2.0
1.0
1.0
445.0
3.0
64.0
107.0
8.0
133.0
2.0
9.0
2.0
1.0
4.0
1.0
1.0
103.0
23.0
7.0
998.0
3.0
193.0
11.0
117.0
4.0
1.0
171.0
1.0
1.0
42.0
208.0
2.0
2.0
5.0
1.0
2.0
3.0
1.0
55.0
33108.0
18.0
1.0
9.0
1.0
1.0
1.0
3.0
3.0
2.0
35.0
2.0
63.0
4.0
1.0
1.0
13.0
695.0
7.0
3.0
1.0
1.0
7.0
1.0
1109.0
2.0
2.0
3.0
1.0
311.0
24.0
21.0
3.0
33.0
1080.0
1.0
64.0
794.0
1.0
230.0
2.0
1546.0
3.0
19.0
4.0
74.0
3.0
24.0
1.0
13.0
148.0
1.0
953.0
1.0
2.0
2.0
10.0
15.0
2.0
596.0
47.0
480.0
117.0
1.0
2.0
4.0
1.0
2.0
3.0
3.0
4.0
3.0
1.0
3.0
299.0
1.0
226.0
65.0
3949.0
2.0
17.0
1.0
697.0
5.0
1.0
1.0
16.0
1.0
1.0
4.0
1911.0
1.0
10.0
7.0
2295.0
338.0
3.0
1.0
1.0
132.0
24.0
2.0
7.0
3.0
3.0
19.0
1.0
3.0
10.0
19.0
75.0
3.0
10.0
5.0
8.0
14.0
866.0
1.0
9473.0
66.0
1.0
1.0
982.0
3.0
3.0
57.0
1.0
3.0
591.0
3.0
10.0
4.0
1.0
9.0
290.0
3.0
28.0
68.0
3.0
498.0
50.0
1.0
8.0
1120.0
1.0
17.0
8331.0
1.0
1.0
33.0
16.0
4.0
55.0
1.0
1.0
1.0
2.0
3238.0
1.0
34.0
4.0
24.0
139.0
3.0
1.0
15.0
13.0
3.0
1.0
1296.0
236.0
14.0
3.0
1.0
1.0
4.0
8.0
5.0
3.0
1.0
972.0
338.0
1.0
2.0
1.0
1136.0
1.0
3.0
919.0
179.0
1.0
1.0
3.0
129.0
2.0
39.0
3.0
3.0
6.0
24.0
1420.0
3.0
3.0
14.0
1.0
2.0
4.0
154.0
3.0
17.0
2.0
1.0
1.0
1.0
960.0
6.0
1.0
4.0
4.0
33.0
9.0
1.0
1.0
25.0
52.0
48.0
886.0
24.0
176.0
1.0
1.0
1.0
180.0
1.0
153.0
1.0
4945.0
2.0
1.0
5.0
1.0
1.0
1.0
3.0
3905.0
1.0
2.0
87.0
3.0
1.0
1.0
85.0
1.0
5.0
145.0
15.0
3.0
1.0
8.0
14.0
7.0
1.0
15.0
1.0
11.0
1.0
26.0
4.0
3.0
3.0
3.0
8.0
139.0
3.0
1.0
1.0
3.0
10.0
2.0
4.0
2.0
1047.0
1.0
3.0
1.0
1.0
1.0
56.0
421.0
8.0
3.0
1.0
71.0
7.0
8.0
9.0
14.0
4.0
2.0
3.0
42.0
13.0
3.0
1.0
6.0
1.0
4.0
3.0
3.0
2.0
87.0
1.0
1765.0
1.0
1.0
883.0
13.0
1.0
189.0
14.0
1.0
160.0
15.0
22.0
1.0
1022.0
1.0
11.0
1.0
500.0
24.0
154.0
3.0
1.0
5.0
3.0
1.0
421.0
27.0
11.0
24.0
3.0
1.0
4.0
1.0
2.0
26.0
27.0
2.0
2.0
150.0
2.0
3.0
8.0
3.0
2.0
886.0
1.0
4.0
700.0
3411.0
1.0
3.0
8.0
4.0
3.0
5.0
2.0
216.0
25.0
107.0
71.0
3.0
5.0
1.0
6.0
1.0
6.0
3.0
148.0
6.0
24.0
21.0
4.0
3.0
796.0
512.0
1.0
1.0
1.0
3.0
46.0
3.0
1.0
29.0
1642.0
3.0
3.0
31.0
1.0
1897.0
30.0
3.0
2.0
5.0
2.0
3.0
669.0
3.0
3.0
1.0
1.0
13.0
1.0
1888.0
2.0
4.0
9.0
3.0
3.0
3.0
13834.0
1956.0
20.0
2.0
3.0
10.0
28.0
2052.0
431.0
3.0
3.0
3.0
4332.0
1.0
288.0
1.0
1319.0
19.0
1.0
3.0
2.0
7.0
1.0
144.0
1629.0
2.0
2.0
45.0
3.0
218.0
2600.0
1.0
966.0
2.0
125.0
1.0
11.0
351.0
2.0
3.0
7.0
19.0
1.0
3.0
1277.0
19.0
348.0
2.0
20.0
3.0
16.0
3.0
1.0
961.0
24.0
2.0
3.0
3.0
25.0
1.0
5.0
58.0
1350.0
3.0
3.0
25.0
3.0
12.0
25.0
2.0
39.0
32.0
2.0
48.0
608.0
3.0
7.0
1.0
8.0
1.0
1.0
1.0
3.0
5.0
17.0
106.0
2.0
4.0
1.0
1.0
282.0
3.0
4.0
104.0
1.0
1.0
19.0
291.0
1.0
3.0
1.0
1400.0
4.0
2.0
6.0
2616.0
3.0
190.0
809.0
447.0
3.0
303.0
3.0
6.0
3.0
24.0
1.0
3.0
1.0
3.0
2.0
1.0
1.0
6.0
19.0
4.0
1.0
1.0
1.0
1.0
3.0
3.0
2.0
32.0
23.0
5.0
674.0
1994.0
4.0
12.0
5.0
16.0
1262.0
1.0
1.0
10.0
1.0
19.0
1.0
12.0
1.0
2.0
117.0
23.0
181.0
4.0
563.0
11.0
4.0
4.0
9.0
1290.0
9.0
35.0
1.0
16.0
1.0
366.0
1.0
750.0
4.0
1.0
1.0
4.0
1.0
11.0
371.0
38.0
3138.0
1501.0
351.0
255.0
81.0
8.0
1.0
288.0
25.0
7.0
33.0
8.0
19.0
2745.0
2.0
1.0
2.0
292.0
3.0
4638.0
1.0
6.0
1740.0
20.0
7.0
3.0
2.0
1.0
696.0
1.0
2.0
1.0
3.0
316.0
7.0
1.0
33.0
5.0
55.0
9.0
12.0
97.0
3.0
24.0
1.0
3.0
42.0
1.0
638.0
1.0
9.0
53.0
3.0
2.0
7.0
106.0
1.0
3.0
100.0
58.0
14.0
2.0
1225.0
3.0
2.0
3.0
1.0
1.0
28.0
1.0
12.0
1.0
6.0
1593.0
11.0
1.0
3.0
7.0
1230.0
5.0
1539.0
9.0
3.0
3.0
43.0
1.0
1486.0
2.0
6.0
351.0
1636.0
1.0
44.0
9.0
3.0
6.0
1.0
2.0
2.0
1.0
3.0
8.0
1.0
116.0
904.0
3.0
3.0
3.0
3.0
1.0
48.0
3.0
194.0
3.0
613.0
1.0
15.0
274.0
484.0
5.0
83.0
58059.0
1.0
128.0
1.0
17.0
885.0
2.0
1.0
21.0
456.0
4209.0
556.0
2.0
1.0
1.0
157.0
1.0
1399.0
1.0
194.0
20.0
3.0
20.0
20.0
2.0
1.0
1.0
1114.0
20.0
50.0
3.0
1.0
3.0
1.0
1.0
14189.0
38.0
1.0
7.0
126.0
77.0
1681.0
238.0
101.0
7.0
1.0
3.0
8.0
11.0
3.0
4.0
31.0
793.0
7.0
38.0
4.0
1.0
921.0
696.0
864.0
32.0
3.0
4.0
10.0
1.0
1.0
5.0
1.0
2839.0
1.0
1.0
3.0
1.0
15.0
3.0
7.0
2.0
535.0
3.0
1.0
1.0
1.0
1.0
811.0
9.0
52.0
3.0
1.0
4.0
12.0
17.0
279.0
1.0
3.0
75.0
47.0
152.0
3.0
1.0
3.0
4.0
1.0
17.0
12.0
212.0
69.0
1.0
1.0
1.0
1353.0
2.0
8.0
2.0
685.0
1.0
3.0
1.0
3.0
1.0
242.0
341.0
1.0
5.0
10.0
26.0
1.0
5.0
2.0
12.0
21.0
318.0
9.0
4.0
4.0
34.0
21.0
3.0
24.0
1.0
1.0
8.0
22.0
4.0
1.0
2.0
3.0
3.0
2.0
3.0
1.0
166.0
67.0
16.0
3.0
6.0
2058.0
1.0
20.0
9.0
4.0
27.0
2.0
1.0
4.0
21.0
1072.0
3.0
1838.0
2.0
175.0
1.0
3.0
2.0
3.0
3.0
57.0
2.0
224.0
1.0
8.0
323.0
1.0
1.0
1.0
2.0
3.0
3.0
2.0
3.0
1300.0
184.0
1.0
1.0
1.0
9.0
45.0
38.0
1.0
3.0
11.0
1.0
20.0
1.0
41.0
8.0
2.0
24.0
453.0
5511.0
1.0
8.0
54.0
3.0
3.0
1.0
1.0
7.0
672.0
993.0
1.0
3.0
1.0
125.0
11.0
4.0
6.0
1.0
1.0
3.0
1.0
3.0
1.0
173.0
3.0
429.0
3.0
5.0
314.0
5.0
617.0
33.0
31.0
1.0
123.0
1.0
21.0
3.0
1378.0
5.0
3.0
2.0
3.0
84.0
90.0
451.0
3.0
14.0
3.0
353.0
3.0
18.0
2.0
1272.0
3.0
16.0
4.0
3.0
23.0
2.0
9.0
3.0
119.0
3.0
6.0
3.0
28.0
2.0
2.0
3.0
757.0
1.0
3.0
3.0
2.0
7.0
9.0
1.0
3.0
1568.0
10.0
17.0
242.0
390.0
1.0
3.0
1.0
596.0
49.0
13942.0
1.0
72.0
1.0
3.0
1.0
32.0
1.0
19.0
2.0
52.0
97.0
2.0
3.0
2.0
52.0
1152.0
73.0
4.0
3.0
3.0
1.0
10.0
2.0
17.0
2.0
30.0
14366.0
3.0
1.0
1.0
2.0
1.0
1.0
2.0
1.0
2.0
42.0
2.0
3.0
59.0
19.0
2.0
31.0
1.0
1.0
5.0
30.0
102.0
8.0
3.0
11.0
21.0
3.0
28.0
1.0
1.0
1.0
1.0
2.0
24.0
6.0
3.0
1.0
65.0
3.0
1.0
2.0
39.0
32.0
1198.0
4.0
9.0
499.0
27.0
12.0
157.0
12.0
99.0
1.0
1.0
2.0
15.0
3.0
21.0
67.0
1.0
68.0
2.0
2.0
3.0
226.0
531.0
7.0
2.0
1.0
8.0
1.0
1027.0
3.0
1.0
1.0
1.0
3.0
5144.0
9.0
1.0
3.0
3.0
4.0
13.0
3.0
2.0
177.0
62.0
69.0
1703.0
1.0
100.0
1705.0
1.0
103.0
182.0
8.0
6.0
4.0
16.0
3.0
3.0
21.0
60.0
14385.0
1.0
3.0
3.0
1.0
3.0
1.0
1177.0
8.0
30.0
1.0
1.0
1.0
3.0
65.0
6.0
1.0
1.0
114.0
87.0
1927.0
1.0
3.0
1.0
1.0
860.0
3.0
1.0
1.0
6.0
37.0
278.0
2.0
22.0
4.0
4.0
2.0
696.0
2.0
135.0
2.0
1.0
23.0
14.0
1079.0
26.0
259.0
29.0
2.0
4.0
3.0
3.0
3.0
1.0
2.0
1689.0
3.0
1.0
229.0
2.0
16.0
3.0
1.0
1.0
5.0
1.0
19.0
1618.0
3.0
1.0
7.0
7847.0
2.0
2.0
3.0
2.0
152.0
18.0
1.0
3.0
25.0
77.0
1.0
3.0
1.0
5.0
2.0
5.0
91.0
1.0
19.0
13.0
233.0
1.0
1.0
3.0
1.0
26.0
726.0
3.0
1.0
5.0
3.0
1.0
1.0
3.0
19.0
1.0
2.0
6.0
1.0
12.0
3.0
1.0
1.0
1.0
681.0
1.0
1476.0
3.0
3.0
14497.0
2.0
2.0
11.0
1.0
16.0
1.0
3.0
11.0
159.0
2.0
34.0
2.0
21.0
3.0
1.0
1.0
2.0
2.0
1.0
35.0
41.0
1.0
370.0
1.0
1.0
3.0
3.0
496.0
15.0
99.0
520.0
5.0
3.0
3.0
2.0
24.0
16.0
3.0
1800.0
6823.0
2.0
83.0
18.0
10.0
2.0
7.0
1.0
1088.0
1.0
23.0
1.0
1.0
1.0
3.0
457.0
1.0
1.0
6.0
24.0
12.0
4.0
1.0
64.0
3.0
8.0
5.0
4.0
1980.0
292.0
5.0
8.0
2.0
1.0
100.0
1.0
7.0
13.0
14.0
1.0
4.0
8.0
12.0
3.0
2.0
1917.0
1.0
1.0
1374.0
9.0
35.0
1.0
1.0
48.0
3.0
2.0
1.0
4.0
1.0
113.0
5.0
1.0
1.0
2.0
1.0
961.0
5229.0
65.0
717.0
1.0
19.0
10.0
239.0
3.0
388.0
3.0
1.0
15.0
8.0
23.0
5.0
1.0
5475.0
75.0
3.0
88.0
1.0
3.0
2.0
31.0
33.0
2.0
115.0
1.0
2.0
90.0
1.0
3.0
2.0
3.0
119.0
15.0
3.0
31.0
3.0
18.0
3.0
1.0
3.0
3.0
58.0
29.0
90.0
2.0
1.0
1.0
78.0
1.0
2.0
332.0
86.0
14.0
1.0
1.0
248.0
12.0
1.0
4.0
3.0
1.0
3.0
11.0
20.0
7.0
2.0
46.0
3.0
15.0
3.0
1.0
8.0
39.0
1.0
1.0
208.0
3.0
8.0
1.0
7.0
714.0
1.0
1.0
474.0
22.0
24.0
3.0
10.0
23.0
55.0
4.0
3.0
445.0
1677.0
66.0
1.0
695.0
2.0
2.0
1.0
5.0
135.0
12.0
10.0
26.0
1.0
2.0
3.0
1.0
1.0
1.0
3.0
17.0
41.0
8.0
1.0
16.0
97.0
43.0
5.0
1.0
6.0
2.0
3.0
3.0
3.0
23.0
1.0
5.0
1.0
2.0
728.0
1372.0
1.0
14.0
3.0
1.0
43.0
9.0
3.0
3.0
17.0
2.0
13.0
1.0
3.0
1.0
6.0
3.0
3.0
21.0
4.0
1.0
3.0
1.0
37.0
2741.0
3.0
37.0
3.0
4.0
229.0
1498.0
71.0
1.0
1.0
4.0
24.0
3.0
1.0
850.0
1.0
1.0
18.0
3.0
1.0
1.0
1.0
12.0
3.0
407.0
7.0
3.0
2.0
2.0
1.0
1.0
93.0
147.0
1.0
43.0
2.0
1.0
7.0
2.0
1.0
4.0
7.0
2.0
4.0
1.0
3.0
11.0
152.0
1.0
2.0
4.0
68.0
1.0
32.0
1.0
2.0
2.0
1.0
27.0
3.0
24.0
2.0
1.0
565.0
1.0
1.0
1.0
3.0
2.0
16.0
1.0
1.0
3.0
38.0
341.0
1.0
1.0
3.0
564.0
1.0
2.0
3.0
2.0
1.0
1.0
3.0
8.0
1.0
93.0
232.0
4.0
1.0
6.0
2.0
9.0
10.0
3.0
8774.0
1161.0
249.0
160.0
3.0
9.0
2.0
1.0
6.0
1.0
4.0
2.0
847.0
10.0
8.0
13.0
3.0
885.0
1.0
14.0
1.0
69.0
3.0
45.0
19.0
559.0
146.0
5.0
1.0
1.0
1.0
3.0
1.0
1350.0
1884.0
31.0
972.0
2.0
9.0
1.0
18.0
1.0
1.0
1.0
2.0
1.0
251.0
1.0
1.0
2.0
3.0
21.0
24.0
596.0
678.0
56.0
1.0
14.0
40.0
2.0
2077.0
1.0
3.0
2.0
1.0
3.0
344.0
1.0
1.0
3.0
2053.0
1.0
10.0
14.0
32.0
2.0
1.0
263.0
171.0
674.0
87.0
64.0
1.0
2.0
2.0
5.0
1.0
1.0
84.0
11.0
1.0
9.0
77.0
75.0
2.0
4.0
7243.0
1257.0
2.0
2.0
2.0
1.0
3.0
2.0
3.0
1.0
3.0
1.0
31.0
1.0
2.0
1.0
7302.0
3.0
8.0
10.0
1.0
1.0
3.0
21067.0
420.0
1.0
172.0
2.0
1.0
3.0
1.0
4.0
2.0
26.0
17.0
15.0
83.0
10001.0
1.0
102.0
351.0
4.0
16.0
1.0
46.0
2.0
1.0
2.0
3.0
3.0
1.0
5.0
3.0
4.0
2.0
1.0
55.0
10.0
18.0
3.0
2.0
1.0
8.0
3.0
8.0
15.0
3351.0
43.0
2.0
12.0
59.0
3.0
1.0
2.0
1.0
1.0
36.0
1.0
57.0
52.0
2.0
4.0
2.0
6.0
87.0
148.0
942.0
25.0
3.0
3488.0
2.0
8.0
3.0
2.0
233.0
3.0
1.0
1.0
6.0
2.0
1.0
1.0
1.0
1.0
1.0
8.0
1.0
9.0
4.0
1.0
3.0
4.0
4.0
48.0
9.0
9.0
1.0
105.0
24.0
492.0
1.0
8.0
6.0
3.0
4.0
351.0
1.0
12.0
1.0
365.0
1.0
2.0
301.0
3.0
1538.0
2.0
3.0
537.0
5.0
4.0
3.0
2696.0
4.0
7.0
2.0
611.0
1.0
21.0
3.0
2.0
82.0
1.0
15.0
1.0
3.0
1.0
323.0
8.0
1.0
3.0
1.0
80.0
5.0
1.0
293.0
73.0
65.0
3.0
2.0
1.0
1.0
2.0
1.0
1.0
1.0
5.0
66.0
264.0
8.0
1.0
1.0
1.0
2.0
197.0
33.0
3.0
3.0
1.0
4.0
42.0
23.0
1225.0
1.0
1.0
3.0
2.0
1.0
112.0
152.0
3.0
5.0
2.0
1.0
1303.0
7.0
180.0
7.0
1.0
1.0
6.0
16.0
4.0
1.0
1.0
19.0
247.0
577.0
5.0
3.0
9.0
138.0
12.0
1.0
3.0
1.0
295.0
2666.0
292.0
186.0
1.0
1117.0
3.0
227.0
3.0
1.0
3.0
2.0
8.0
60.0
4.0
2.0
1.0
2.0
19.0
1.0
1.0
1.0
3.0
55.0
596.0
1.0
36.0
21.0
2.0
8.0
2.0
10.0
1.0
803.0
4.0
1745.0
21.0
1.0
2.0
1.0
2.0
16.0
55.0
1.0
1.0
1018.0
3637.0
2.0
1.0
379.0
1.0
1.0
3.0
2.0
1.0
2.0
1.0
105.0
18.0
22.0
38.0
1.0
3.0
1.0
6.0
3.0
1.0
13.0
8.0
168.0
1.0
1.0
1.0
3.0
260.0
2.0
1.0
611.0
702.0
47.0
288.0
9.0
11.0
1.0
2.0
3.0
96.0
6.0
1.0
1.0
3.0
3.0
23.0
290.0
1.0
1.0
3.0
10.0
474.0
4.0
7.0
31.0
9.0
351.0
3.0
20.0
3.0
1.0
9.0
1.0
4.0
3.0
4.0
2.0
185.0
3.0
1.0
6.0
1.0
596.0
1.0
852.0
13.0
7.0
972.0
216.0
1.0
67.0
7.0
3.0
1.0
83.0
2.0
3.0
1.0
1.0
51.0
779.0
1.0
3.0
1.0
3.0
332.0
3.0
8.0
546.0
1.0
476.0
138.0
7.0
1.0
7.0
1.0
3.0
1.0
2.0
12.0
14.0
3.0
341.0
14.0
13.0
3.0
1.0
272.0
1.0
1.0
87.0
1.0
126.0
65.0
749.0
15.0
34.0
282.0
2.0
5.0
2.0
3.0
3.0
639.0
3.0
1.0
2.0
3.0
1.0
1.0
15.0
1.0
1.0
3.0
2.0
4.0
2.0
1.0
3.0
1.0
1.0
4.0
3.0
8.0
16.0
1.0
10.0
1.0
1.0
66.0
24.0
7.0
465.0
1.0
575.0
2.0
15.0
1.0
31.0
1.0
87.0
12.0
5.0
4.0
3.0
1.0
3.0
36.0
677.0
205.0
2.0
1.0
1.0
93.0
46.0
1.0
4.0
1.0
16.0
3.0
3.0
1.0
1.0
1.0
2.0
6.0
338.0
30.0
2.0
19.0
10.0
211.0
17.0
21.0
1219.0
1.0
3.0
453.0
20.0
2.0
1.0
1.0
3.0
1.0
3.0
8.0
268.0
6.0
44.0
1.0
4.0
5.0
4.0
24.0
1.0
2.0
8.0
6.0
2.0
555.0
24.0
1.0
1.0
38.0
2.0
3.0
1225.0
1.0
5.0
5.0
3.0
13.0
1.0
3.0
47.0
490.0
1.0
1.0
1.0
1.0
33.0
8.0
117.0
17.0
1.0
2.0
1.0
1.0
16.0
1.0
1.0
1.0
1.0
7.0
1.0
1.0
31.0
22.0
1.0
2.0
1.0
1.0
282.0
33.0
521.0
1.0
1225.0
1272.0
1271.0
4.0
2.0
1.0
1324.0
6.0
2.0
1.0
200.0
176.0
1.0
1.0
3.0
4543.0
3.0
27.0
6.0
3.0
7.0
94.0
1.0
1.0
54.0
444.0
24.0
371.0
13.0
12.0
5.0
25.0
108.0
7.0
576.0
1695.0
3.0
3.0
3.0
1.0
8.0
3.0
6.0
4.0
4.0
3.0
21.0
98.0
1.0
2.0
1.0
46.0
105.0
420.0
1.0
3838.0
1.0
1.0
3489.0
1.0
6.0
1.0
6.0
15.0
1.0
3.0
3.0
18.0
145.0
177.0
11.0
1.0
3.0
136.0
2.0
3.0
15.0
6.0
1.0
1.0
1.0
16.0
3.0
9.0
627.0
134.0
47.0
7.0
2.0
2.0
1.0
70.0
16.0
66538.0
1.0
3.0
21.0
3727.0
9.0
4907.0
2.0
1408.0
426.0
313.0
3.0
1.0
2.0
3.0
1.0
33.0
907.0
1259.0
2.0
20.0
13.0
3.0
439.0
17.0
1.0
57.0
239.0
152.0
8.0
1.0
2.0
1.0
631.0
8.0
53.0
1.0
14.0
1034.0
902.0
7.0
1388.0
66.0
8.0
1.0
3.0
2.0
3892.0
3.0
6.0
596.0
13.0
38.0
1.0
3.0
8.0
53.0
150.0
67.0
492.0
6.0
3.0
11.0
99.0
3.0
1.0
1.0
3.0
2.0
2174.0
19.0
24.0
2.0
1.0
5.0
2.0
45.0
1.0
1.0
4.0
60.0
1.0
1159.0
2.0
1.0
100.0
5.0
5.0
543.0
1.0
27.0
4.0
46.0
885.0
24.0
1018.0
1.0
23.0
3.0
837.0
8.0
1.0
4.0
1.0
3.0
1018.0
3.0
6.0
3.0
55.0
2.0
16.0
1.0
24.0
1.0
1.0
5.0
3.0
1.0
1.0
3.0
1.0
3.0
3.0
24.0
599.0
1.0
1992.0
1.0
1.0
338.0
1.0
8.0
3.0
2.0
3.0
4.0
1.0
3.0
85.0
2.0
1.0
111.0
1.0
2.0
160.0
5.0
1.0
58.0
92.0
1006.0
62.0
2.0
2.0
1.0
1.0
1.0
11.0
19.0
362.0
16.0
1.0
3.0
1.0
4.0
2.0
142.0
298.0
4.0
3.0
23.0
1865.0
6.0
77.0
1185.0
3.0
521.0
1.0
2.0
351.0
1.0
58.0
869.0
2.0
1.0
196.0
6.0
2.0
6191.0
4.0
4.0
3.0
1.0
2.0
1.0
1.0
1.0
18.0
5.0
3337.0
3.0
40.0
22.0
1.0
1.0
27.0
2.0
725.0
14.0
2.0
200.0
2.0
10.0
1.0
54.0
22.0
1.0
5.0
71.0
2.0
588.0
3.0
14.0
2.0
1991.0
278.0
1.0
3.0
2.0
7.0
7.0
41.0
24.0
2.0
6.0
54.0
1.0
1.0
1018.0
58.0
2.0
1.0
1.0
1.0
1.0
79.0
421.0
3.0
1.0
1.0
23.0
2.0
5.0
24.0
1.0
3.0
3.0
3.0
1.0
88.0
2105.0
8.0
9.0
14.0
1.0
8.0
3.0
3.0
2.0
3.0
1.0
5219.0
1.0
57.0
14.0
1.0
18.0
2.0
3.0
365.0
5.0
1.0
6.0
1.0
10.0
4.0
883.0
1925.0
2.0
1.0
49.0
1.0
143.0
1.0
11.0
4.0
53.0
4.0
3.0
1.0
12.0
1.0
432.0
1.0
16.0
11.0
100.0
15.0
3.0
1.0
4.0
4.0
1.0
4.0
7.0
3.0
3.0
1.0
15.0
3.0
4.0
1.0
77.0
1.0
16.0
2418.0
1867.0
5.0
45.0
46.0
1.0
1.0
1.0
1.0
3.0
1.0
9.0
3.0
3.0
418.0
44.0
156.0
2.0
299.0
163.0
1.0
222.0
1.0
4.0
6.0
6.0
1856.0
15.0
79.0
1.0
3.0
1768.0
1.0
1.0
15.0
25.0
4.0
61.0
1.0
21.0
73.0
3.0
424.0
1.0
17.0
21.0
60.0
1.0
1.0
58.0
1739.0
2.0
1.0
1.0
1.0
1.0
1.0
596.0
22.0
3.0
1.0
244.0
9.0
21.0
438.0
1.0
3.0
751.0
1.0
8.0
7.0
1.0
109.0
4.0
19.0
1.0
1.0
401.0
3.0
81.0
3.0
1.0
1226.0
3.0
351.0
9.0
1.0
33.0
75.0
1.0
1.0
4426.0
17.0
9.0
1.0
1.0
24.0
193.0
74.0
1.0
1.0
3.0
9.0
116.0
13.0
4.0
112.0
9.0
1.0
8.0
3.0
1.0
590.0
793.0
2.0
9.0
1.0
31.0
1419.0
1388.0
83.0
3.0
1.0
18.0
11.0
3.0
1.0
4.0
81.0
664.0
2.0
9.0
5.0
19.0
7.0
28.0
2.0
749.0
1.0
44.0
8.0
3.0
2.0
2.0
1329.0
202.0
1778.0
2.0
2.0
3.0
7.0
15.0
5.0
1.0
4.0
87.0
2.0
3.0
220.0
116.0
5.0
1.0
1.0
636.0
4.0
1.0
4.0
1.0
28.0
4.0
9.0
7951.0
1432.0
610.0
13.0
24.0
336.0
2.0
66.0
2.0
2.0
23.0
7.0
3.0
1030.0
5.0
9.0
197.0
550.0
2.0
3.0
1.0
8.0
55.0
102.0
3.0
111.0
2167.0
2.0
1.0
176.0
2.0
3.0
17.0
18.0
24.0
9.0
3.0
1.0
7.0
11.0
1.0
7459.0
1.0
8.0
2.0
86.0
77.0
24.0
1.0
15.0
1525.0
5.0
4.0
5.0
1.0
161.0
1.0
1.0
12.0
21.0
4.0
3.0
1117.0
375.0
34.0
77.0
1.0
460.0
1.0
4.0
146.0
1.0
9.0
3.0
1.0
20.0
5.0
1.0
3.0
76.0
4.0
8.0
13.0
3.0
8.0
2.0
3.0
37.0
8.0
1.0
1.0
9.0
1.0
28.0
5.0
1.0
2.0
1886.0
2.0
2.0
42.0
3.0
1.0
17.0
2.0
3.0
617.0
14189.0
63.0
3.0
1.0
686.0
10.0
3.0
5.0
8.0
31.0
9.0
3.0
3.0
2.0
1.0
1.0
2310.0
28.0
1.0
6.0
1.0
14.0
109.0
2.0
1.0
2.0
37.0
17.0
4.0
21.0
1.0
1.0
3.0
3.0
1.0
2173.0
4.0
3.0
44.0
1.0
4.0
11.0
24.0
9.0
3.0
3.0
50.0
143.0
661.0
10.0
3.0
1.0
2.0
11.0
11.0
1.0
3.0
3.0
4.0
5.0
7.0
959.0
3.0
24.0
1.0
3.0
3.0
3.0
26.0
35.0
2.0
13139.0
65.0
101.0
2.0
3.0
1.0
1.0
1.0
5.0
1.0
3.0
19.0
961.0
3.0
1.0
1.0
3.0
24.0
1311.0
45.0
4.0
2.0
5.0
6.0
12.0
1.0
3.0
6.0
1.0
2.0
4.0
1497.0
5.0
34.0
2.0
1.0
1.0
87.0
3.0
3.0
8.0
768.0
2.0
3.0
4.0
34.0
24.0
1.0
1.0
198.0
1.0
2.0
8.0
1.0
1.0
11.0
1.0
128.0
6.0
25.0
2391.0
2.0
1.0
6.0
441.0
2.0
9.0
1.0
3.0
1.0
2.0
3.0
282.0
17.0
7.0
27.0
1.0
10.0
3.0
3.0
2.0
50.0
8.0
1.0
18.0
1.0
236.0
1.0
1.0
9.0
1.0
17.0
1.0
943.0
1.0
10.0
4.0
21.0
308.0
3.0
102.0
6.0
5.0
118.0
351.0
1.0
2.0
125.0
135.0
74.0
63.0
3.0
1.0
1.0
3.0
1.0
27.0
4.0
75.0
9.0
4.0
1.0
1.0
126.0
23.0
3.0
7.0
1.0
135.0
9.0
948.0
1.0
1.0
61.0
674.0
3.0
1.0
16.0
5.0
2.0
592.0
4.0
1.0
7.0
12.0
1.0
1.0
1.0
632.0
1.0
27.0
8.0
352.0
18.0
1916.0
421.0
3.0
1.0
3.0
282.0
973.0
1.0
35.0
1.0
1.0
2.0
2.0
23.0
3.0
1.0
1.0
8685.0
702.0
693.0
1.0
2.0
2.0
1.0
1.0
15.0
3.0
4.0
2.0
2.0
86.0
1.0
3.0
1.0
342.0
2.0
1.0
9.0
17.0
82.0
4.0
421.0
3.0
3.0
2.0
3.0
2.0
3.0
3.0
1.0
346.0
15.0
2.0
3.0
621.0
9.0
135.0
5.0
596.0
3.0
209.0
3.0
2.0
3.0
1.0
4.0
3.0
2.0
10.0
1366.0
298.0
1.0
6.0
2.0
82.0
1.0
3.0
3.0
1.0
2.0
5.0
288.0
1.0
1.0
1.0
29.0
2.0
738.0
1.0
6695.0
1.0
1.0
3.0
2.0
1.0
3.0
243.0
2.0
5.0
1.0
3.0
31.0
164.0
73.0
3.0
19.0
1.0
3.0
9.0
4.0
733.0
1.0
4.0
1085.0
898.0
16.0
3.0
3.0
1.0
97.0
1.0
103.0
60.0
518.0
6.0
2.0
3.0
2.0
2.0
3.0
1.0
1.0
41.0
4.0
1.0
1.0
1.0
11.0
3.0
1.0
1.0
13.0
22.0
8.0
3.0
345.0
13.0
1.0
5946.0
961.0
1.0
1.0
8.0
8.0
412.0
1.0
1.0
30.0
75.0
4.0
1.0
3.0
356.0
64.0
12.0
1.0
834.0
596.0
1.0
88.0
22.0
1025.0
891.0
4.0
104.0
13.0
4.0
936.0
44.0
1.0
1.0
1.0
2.0
963.0
2.0
471.0
790.0
1.0
3.0
3.0
1.0
57.0
2.0
3.0
4.0
4.0
12.0
4.0
3.0
3.0
32.0
3.0
857.0
44.0
11.0
817.0
972.0
1.0
568.0
4936.0
1.0
1.0
13.0
14.0
1.0
1.0
7.0
3.0
2647.0
1.0
1382.0
1.0
1.0
2.0
195.0
4.0
4.0
1.0
23.0
2.0
32.0
1.0
722.0
488.0
491.0
24.0
3.0
23.0
3.0
1.0
1.0
25.0
3.0
3.0
1.0
687.0
1.0
2.0
2.0
4.0
53.0
31.0
3000.0
1.0
31.0
320.0
3.0
5.0
640.0
1.0
1.0
4.0
65.0
1.0
1.0
35.0
1.0
3.0
1.0
1018.0
1.0
3.0
3.0
3.0
78.0
282.0
3.0
3.0
2406.0
17.0
1.0
21.0
1.0
1.0
8681.0
623.0
10.0
1.0
2.0
134.0
8.0
492.0
3.0
85.0
76.0
3.0
483.0
1.0
23.0
33.0
12.0
2768.0
7.0
11.0
535.0
2.0
1.0
3.0
1.0
1.0
3.0
37.0
1.0
255.0
8.0
1.0
13.0
3.0
10.0
3.0
59.0
4.0
1.0
7.0
5.0
2.0
1.0
3.0
5.0
8.0
14.0
15.0
1417.0
3.0
3.0
3.0
3.0
4.0
8.0
1.0
1.0
1544.0
23.0
1.0
1.0
1.0
3.0
367.0
8.0
1.0
596.0
1.0
2.0
1.0
2.0
13.0
7.0
1.0
4.0
725.0
529.0
824.0
1.0
18.0
1.0
148.0
132.0
10.0
8.0
3.0
2.0
1.0
1487.0
8.0
3.0
132.0
66.0
1.0
6.0
110.0
3.0
185.0
1526.0
6532.0
541.0
1.0
313.0
1.0
16.0
3.0
2.0
9.0
16.0
3.0
38.0
240.0
119.0
1.0
89.0
1225.0
398.0
2.0
1.0
6.0
486.0
8.0
56.0
23.0
8.0
1.0
1.0
1.0
5.0
421.0
1.0
2.0
5.0
313.0
1.0
15.0
7998.0
2.0
596.0
1761.0
62.0
1.0
109.0
1.0
2.0
182.0
740.0
943.0
1.0
98.0
3.0
4.0
2.0
4.0
3.0
7.0
1.0
8.0
1.0
1.0
3.0
87.0
1.0
3.0
65.0
74.0
3.0
5.0
2.0
3.0
2.0
8.0
9.0
1.0
7.0
1.0
16.0
4.0
1.0
1.0
10.0
2495.0
50.0
42.0
3.0
1.0
3.0
43.0
15.0
7.0
114.0
1.0
1.0
3.0
14.0
21.0
8.0
1.0
72.0
1.0
3.0
36.0
1.0
1.0
3.0
22.0
52.0
3.0
1.0
1.0
3.0
1.0
2.0
58.0
2.0
2.0
24.0
762.0
1257.0
2.0
116.0
1.0
6499.0
428.0
8.0
4.0
1.0
1.0
3.0
476.0
2.0
198.0
3.0
3.0
50.0
217.0
3.0
200.0
6.0
2.0
371.0
1.0
5.0
75.0
1.0
101.0
22.0
1.0
1.0
1526.0
1.0
1.0
2.0
1.0
2.0
3.0
1.0
1.0
117.0
3.0
7.0
1.0
15.0
1281.0
3.0
8.0
172.0
3.0
2.0
1.0
19.0
8.0
228.0
3.0
3.0
1.0
156.0
1.0
2190.0
4.0
4.0
886.0
108.0
36.0
1.0
7.0
4.0
2.0
5.0
792.0
25.0
2.0
1.0
7.0
24.0
3.0
4.0
2.0
1.0
2.0
1.0
356.0
1.0
1.0
10.0
9.0
162.0
3.0
3.0
1313.0
23807.0
58.0
1132.0
65.0
2562.0
2.0
1.0
9.0
10.0
1.0
1.0
71.0
708.0
330.0
5.0
1201.0
3.0
63.0
3.0
666.0
2.0
1.0
1.0
55.0
84.0
393.0
10.0
596.0
1.0
3.0
5.0
1.0
44.0
8.0
351.0
9.0
4.0
5.0
3.0
4.0
1.0
20953.0
109.0
4.0
4.0
1.0
3.0
1.0
3.0
3.0
2.0
2.0
3.0
5.0
46.0
1.0
4.0
269.0
2.0
11.0
2.0
3.0
1.0
1.0
31.0
435.0
4445.0
3.0
2.0
3.0
8.0
2.0
1.0
31.0
500.0
3.0
7.0
9.0
6.0
2.0
1.0
3.0
1.0
4.0
2.0
13.0
115.0
1809.0
3.0
3.0
1.0
4.0
1.0
24.0
5045.0
51.0
203.0
1.0
2.0
92.0
6.0
26.0
2.0
19.0
1.0
5.0
50.0
1.0
1.0
1.0
1.0
87.0
1.0
3.0
3.0
13.0
1.0
296.0
3.0
1.0
3.0
1.0
5.0
6.0
14.0
3.0
3.0
1054.0
1.0
1.0
5.0
3.0
18.0
301.0
1.0
250.0
3.0
17.0
1.0
2.0
4.0
2.0
2.0
960.0
1117.0
31.0
2614.0
3.0
4.0
2.0
7.0
1.0
8.0
2066.0
2.0
3.0
89.0
835.0
742.0
22.0
138.0
65.0
1.0
1.0
14.0
1.0
1.0
1439.0
1.0
1.0
1.0
3.0
1.0
86.0
878.0
12.0
46.0
12.0
596.0
3.0
2.0
3.0
2.0
2.0
138.0
3.0
13.0
4087.0
1.0
1.0
1.0
1.0
8.0
1.0
6.0
3.0
1.0
54.0
492.0
1.0
79.0
11.0
2762.0
22.0
2.0
1.0
1.0
2.0
12.0
3.0
3.0
2.0
1.0
3.0
5.0
3.0
961.0
6.0
3.0
64.0
2309.0
115.0
3.0
3.0
3.0
1.0
3.0
3.0
5.0
72.0
1.0
146.0
1.0
70.0
112.0
109.0
15.0
1.0
2.0
7.0
4.0
89.0
19.0
125.0
9.0
28.0
1.0
1505.0
4.0
1371.0
9.0
1.0
3.0
3.0
86.0
1.0
1.0
40.0
1.0
451.0
112.0
1.0
49.0
3.0
1.0
1.0
19.0
5.0
1.0
1.0
1.0
74.0
1.0
19.0
4.0
843.0
1.0
1.0
1.0
3.0
2.0
3.0
119.0
19.0
1282.0
1.0
299.0
376.0
393.0
443.0
2.0
282.0
19.0
1.0
63.0
2.0
2.0
1.0
1008.0
1.0
73.0
1.0
22.0
3.0
3.0
1.0
1221.0
117.0
3.0
2.0
806.0
18.0
25.0
3.0
268.0
19.0
8.0
9.0
3.0
264.0
10.0
1.0
3.0
1.0
1.0
7.0
3.0
3.0
1.0
1.0
2.0
338.0
2.0
2.0
1.0
1.0
24.0
88.0
72.0
2.0
3.0
209.0
28.0
604.0
3.0
1.0
365.0
837.0
3.0
8.0
1.0
6.0
2.0
3.0
1.0
1.0
3.0
1044.0
1.0
4.0
2.0
128.0
1.0
35.0
23.0
1.0
1.0
260.0
1.0
9.0
2569.0
21.0
8.0
13.0
75.0
3.0
2.0
1018.0
2.0
69.0
43.0
33.0
3.0
124.0
5.0
45.0
37.0
68.0
55.0
2.0
21.0
913.0
87.0
1.0
1.0
3.0
3.0
1.0
8.0
2.0
1.0
2.0
3.0
43.0
1.0
2.0
5.0
1.0
6.0
12.0
133.0
152.0
421.0
1291.0
3.0
4.0
1.0
2.0
28.0
456.0
9.0
25.0
3.0
67.0
34.0
25.0
421.0
311.0
55.0
3.0
1.0
4.0
1.0
3.0
2.0
4.0
25.0
41.0
5105.0
5.0
19.0
3.0
34.0
31.0
3.0
2.0
3.0
5.0
158.0
186.0
1.0
1.0
159.0
584.0
2.0
32.0
3.0
1.0
1.0
76.0
172.0
40.0
416.0
1.0
3.0
2.0
1.0
1.0
2.0
7.0
3.0
16.0
3.0
6.0
34.0
7.0
1.0
29.0
1018.0
73.0
17.0
1.0
1.0
192.0
3.0
2.0
1.0
6.0
2.0
1.0
386.0
1.0
3.0
75.0
27.0
15.0
1496.0
1.0
18.0
138.0
79.0
554.0
2.0
2002.0
1.0
6.0
1.0
1.0
16.0
57.0
66.0
10975.0
55.0
3.0
1.0
69.0
1.0
1.0
1.0
12.0
17.0
2.0
3.0
4.0
60.0
1.0
1020.0
1.0
916.0
55.0
288.0
3.0
1.0
11.0
92.0
58.0
1.0
1.0
3.0
1.0
2.0
20.0
1.0
1.0
3.0
63.0
6.0
9.0
1.0
565.0
16.0
391.0
4.0
7849.0
6.0
4.0
1.0
31.0
40.0
3.0
3.0
27.0
2.0
2.0
1.0
1.0
12.0
10.0
3.0
1.0
2.0
4.0
299.0
4.0
382.0
3.0
1.0
105.0
4.0
1.0
20.0
1.0
73.0
3.0
1.0
1.0
3.0
4.0
1.0
1.0
52.0
3.0
128.0
1.0
10.0
37.0
476.0
12.0
3.0
1.0
1.0
10.0
1.0
97.0
454.0
2.0
1.0
2.0
3.0
79.0
1.0
3.0
4.0
1.0
20.0
962.0
674.0
1.0
141.0
4.0
99.0
10.0
3.0
4.0
6.0
86.0
2.0
16.0
1.0
1.0
8.0
67.0
2.0
130.0
9.0
1.0
15.0
2.0
1.0
8.0
686.0
46.0
2.0
3.0
43.0
1.0
1.0
1.0
1.0
2.0
8.0
47.0
4.0
1.0
1.0
30.0
592.0
69.0
1.0
214.0
1.0
95.0
220.0
8.0
6.0
1.0
3.0
15.0
1.0
368.0
40.0
58.0
2.0
1.0
6479.0
1.0
1.0
60.0
3.0
1.0
21.0
19.0
1.0
7.0
925.0
3.0
6.0
1.0
165.0
1.0
12.0
3.0
9.0
107.0
1.0
25.0
1.0
1.0
23.0
14910.0
2.0
3.0
2.0
1.0
1.0
5593.0
1170.0
1.0
3.0
1.0
848.0
12.0
3.0
4.0
3.0
1.0
1.0
3.0
1.0
54.0
300.0
3.0
157.0
3.0
207.0
1.0
4.0
1.0
1.0
17.0
9.0
3.0
1608.0
3.0
216.0
2.0
1.0
3.0
27.0
1.0
15.0
14.0
24.0
1.0
1.0
1759.0
3.0
2.0
3333.0
2.0
11.0
706.0
1.0
1.0
7.0
3.0
46.0
10.0
24.0
1.0
8.0
1.0
1.0
1.0
3.0
2.0
136.0
6.0
68.0
96.0
2.0
1.0
13818.0
2.0
2.0
1.0
43.0
2.0
6.0
5.0
7.0
3.0
860.0
2.0
14.0
1.0
3.0
1497.0
17.0
398.0
1.0
9.0
232.0
8.0
2.0
12.0
3.0
1.0
20.0
3.0
1.0
2.0
1.0
1.0
3.0
1070.0
1.0
80.0
1.0
12.0
2567.0
2.0
2.0
1.0
351.0
1.0
150.0
4.0
1249.0
7.0
3.0
2.0
102.0
1.0
1.0
3.0
3.0
1225.0
3.0
3.0
1.0
7.0
136.0
136.0
3.0
4.0
1.0
6.0
6.0
4.0
193.0
1.0
1.0
1.0
60.0
2.0
1.0
2.0
1.0
1866.0
34.0
5.0
1.0
4.0
3.0
2.0
2.0
291.0
3.0
4.0
24.0
24.0
13.0
16.0
1.0
399.0
1.0
4.0
241.0
679.0
6.0
40.0
6.0
22.0
2.0
1.0
1.0
1.0
3.0
32.0
1.0
6.0
9.0
2982.0
102.0
6.0
6.0
2.0
2.0
6.0
3681.0
735.0
1.0
11.0
456.0
672.0
1.0
638.0
2.0
14.0
1401.0
23.0
1.0
915.0
1.0
2933.0
8.0
57.0
163.0
1.0
364.0
1.0
158.0
3.0
1114.0
143.0
1.0
3.0
1.0
1.0
1.0
150.0
1.0
2.0
1.0
2.0
2.0
1.0
1.0
1.0
99.0
1.0
1.0
2617.0
4.0
4.0
1.0
4.0
1.0
2.0
217.0
292.0
191.0
10.0
1266.0
10.0
1888.0
1.0
7.0
19.0
2.0
1.0
1.0
2.0
2.0
24.0
1739.0
235.0
19.0
1.0
153.0
44.0
2.0
3.0
372.0
3727.0
1.0
3.0
2.0
3.0
13.0
2.0
5.0
1.0
1.0
32.0
2.0
3.0
16.0
2.0
6.0
4.0
111.0
5.0
13.0
58.0
1.0
461.0
1.0
4.0
3.0
2.0
3.0
6.0
1791.0
3.0
69.0
3.0
8.0
1156.0
2.0
1.0
3.0
1.0
1.0
1.0
1.0
1.0
28.0
1.0
3.0
1.0
223.0
1.0
3.0
6.0
2.0
1.0
3.0
32.0
14385.0
694.0
3.0
2.0
2.0
82.0
2.0
3.0
11.0
5.0
3.0
606.0
23.0
13.0
111.0
16.0
307.0
3.0
6.0
9.0
1.0
1.0
225.0
1.0
9.0
1016.0
3.0
1.0
99.0
2.0
24.0
2.0
1.0
5.0
9.0
3.0
41.0
3.0
1.0
1.0
5.0
1.0
7.0
8.0
1.0
2.0
2.0
1078.0
3.0
79.0
19.0
7.0
3.0
663.0
4.0
4.0
4.0
18.0
1.0
1.0
2.0
3.0
4.0
1.0
4.0
1.0
1.0
523.0
3.0
219.0
1.0
22.0
292.0
1.0
3.0
5.0
1.0
5.0
1.0
3.0
1.0
6.0
61.0
62.0
60.0
3.0
1.0
2.0
9.0
1.0
14189.0
3.0
2.0
6.0
63.0
1.0
99.0
6.0
1.0
747.0
69.0
961.0
2.0
10.0
3.0
1.0
3.0
9.0
8.0
5.0
1.0
17.0
1.0
24.0
484.0
17.0
1.0
147.0
6.0
384.0
1.0
22.0
96.0
351.0
15.0
4.0
1.0
11.0
13.0
1.0
1.0
2.0
3.0
3.0
33.0
387.0
72.0
569.0
1.0
29.0
1.0
2.0
2.0
72.0
22.0
1.0
8.0
1.0
1.0
2.0
1.0
1.0
870.0
1.0
7.0
210.0
1.0
12.0
1.0
4.0
543.0
1.0
860.0
1130.0
10.0
3.0
1018.0
43.0
6.0
102.0
1.0
1.0
15.0
7.0
3.0
4.0
1.0
3.0
1.0
1.0
9.0
1.0
1.0
1.0
3753.0
1.0
52.0
5.0
2.0
913.0
1829.0
1.0
24.0
82.0
69.0
43.0
1.0
1.0
1.0
1.0
3.0
23.0
1.0
1.0
3.0
493.0
71.0
64.0
2.0
1.0
1.0
1.0
3.0
232.0
93.0
431.0
2.0
2.0
95.0
2.0
1.0
2.0
1.0
1.0
421.0
4.0
3.0
2.0
20.0
11.0
9.0
29.0
1.0
13.0
1.0
3.0
3.0
4.0
1552.0
4.0
2.0
1.0
57.0
3.0
33.0
1.0
2.0
2.0
3.0
185.0
660.0
1167.0
1.0
76.0
4.0
2.0
3.0
13.0
1192.0
3.0
3.0
162.0
2.0
14.0
964.0
357.0
7.0
1.0
1865.0
3.0
42.0
16.0
677.0
1.0
2.0
5.0
2.0
9.0
11.0
3.0
42.0
1.0
2.0
3.0
1.0
6.0
3.0
196.0
1.0
1.0
3.0
24.0
3.0
2.0
19.0
24.0
8.0
6.0
351.0
3.0
4.0
3.0
667.0
2.0
3.0
1.0
13.0
3.0
24.0
1.0
1.0
2.0
5.0
1.0
9.0
8.0
1.0
1071.0
3.0
1.0
133.0
1.0
4.0
36.0
63.0
47.0
792.0
3.0
948.0
1.0
47.0
1.0
1.0
1.0
1.0
4.0
1.0
32.0
1.0
1.0
11.0
1.0
10.0
961.0
4.0
15.0
3.0
2.0
1.0
2.0
124.0
1.0
607.0
2.0
1.0
3.0
47.0
10.0
1.0
3.0
232.0
30.0
4.0
1.0
36.0
3.0
1.0
3.0
2.0
3.0
4.0
19.0
41.0
1.0
1.0
1.0
19.0
1.0
7.0
13.0
3.0
2.0
19.0
3.0
4119.0
1.0
2.0
3.0
5.0
4.0
2.0
1.0
1.0
11.0
1.0
1.0
21.0
24.0
1.0
3.0
251.0
1.0
194.0
1.0
3.0
1.0
683.0
65.0
2.0
160.0
64.0
30.0
1.0
7.0
2.0
6.0
4.0
7.0
3.0
22.0
448.0
1.0
13818.0
22.0
30.0
553.0
2.0
3.0
9.0
3.0
2.0
1.0
3.0
3.0
56.0
3.0
72.0
1.0
1.0
1.0
18.0
1.0
1.0
11.0
36.0
34.0
65.0
3.0
3.0
9.0
4.0
1.0
550.0
1.0
3.0
1.0
3.0
1.0
1.0
365.0
79.0
1.0
185.0
19.0
65.0
239.0
31.0
9.0
6.0
3.0
1.0
19.0
1.0
2.0
117.0
15.0
4.0
421.0
2.0
4.0
1.0
46.0
2.0
926.0
136.0
3.0
1.0
59.0
118.0
2.0
1.0
1.0
186.0
1.0
112.0
63.0
2.0
4.0
9.0
5.0
10.0
1.0
531.0
1.0
3.0
339.0
10.0
3.0
1.0
216.0
3.0
27.0
1234.0
10.0
3.0
3.0
5.0
2867.0
153.0
57.0
65.0
5.0
19.0
4.0
1.0
135.0
1.0
1.0
4.0
1.0
1.0
108.0
1.0
1.0
922.0
1.0
1.0
36.0
7.0
2.0
2.0
5.0
4.0
3.0
2.0
15.0
1.0
649.0
13.0
8.0
2008.0
1.0
1.0
3.0
434.0
1.0
4.0
9.0
1.0
1018.0
5.0
1.0
3.0
1.0
3.0
11.0
1.0
334.0
2.0
1494.0
1.0
2274.0
61.0
2.0
1.0
3.0
1.0
503.0
5.0
3.0
109.0
591.0
2.0
8.0
3.0
288.0
10.0
215.0
122.0
1.0
70.0
2.0
1.0
178.0
444.0
3.0
25.0
6.0
1.0
2.0
524.0
3.0
3.0
152.0
2.0
236.0
9.0
1.0
110.0
37401.0
3.0
1.0
2.0
4.0
76.0
3.0
3.0
39.0
3.0
2.0
2.0
1.0
4.0
4.0
1.0
28.0
361.0
1.0
15.0
339.0
1.0
3.0
13.0
3.0
280.0
7.0
2.0
64.0
1.0
1.0
1.0
1.0
1.0
6.0
99.0
1.0
2.0
930.0
9.0
77.0
1.0
1.0
2338.0
3.0
1.0
3.0
1.0
18.0
1652.0
1.0
1.0
1.0
16.0
39.0
3.0
5.0
2.0
2.0
50.0
24.0
2.0
3.0
1.0
1.0
127.0
6.0
15.0
5.0
105.0
7894.0
1.0
23.0
69.0
1.0
2.0
3667.0
3.0
1.0
673.0
2.0
6.0
137.0
1.0
1.0
1.0
79961.0
14.0
6.0
26.0
65.0
301.0
4.0
1.0
1.0
3.0
210.0
65.0
3.0
2.0
1.0
24.0
62.0
11.0
32.0
1.0
1.0
3.0
6.0
44.0
3.0
152.0
8.0
216.0
3.0
1.0
1.0
10.0
13.0
36.0
1.0
1.0
1.0
3.0
1.0
12.0
5.0
4.0
641.0
2.0
96.0
22.0
4.0
1.0
1.0
10.0
7.0
3.0
3.0
1.0
8.0
3385.0
69.0
3.0
17.0
13.0
1.0
1.0
3.0
2.0
129.0
497.0
125.0
3.0
8.0
2.0
4.0
2.0
3.0
1.0
3.0
3.0
2.0
1.0
172.0
2.0
2.0
8.0
12.0
3807.0
2026.0
14.0
3.0
63.0
5.0
3.0
4.0
112.0
6.0
5.0
1.0
2.0
2.0
2.0
5.0
1566.0
1.0
1.0
7.0
8.0
1.0
22.0
3.0
3.0
3.0
485.0
2.0
95.0
3.0
180.0
2.0
3.0
4.0
10.0
1.0
1.0
14.0
2.0
1.0
24.0
1.0
15.0
99.0
1.0
14.0
2.0
1.0
4920.0
15.0
1109.0
26.0
2.0
346.0
1.0
1.0
64.0
28.0
2.0
24.0
1.0
1.0
110.0
1025.0
8.0
767.0
3.0
9.0
9.0
2.0
1.0
2.0
3.0
689.0
18.0
1.0
5.0
53.0
71.0
145.0
6.0
3.0
3.0
1.0
1303.0
1.0
2.0
27.0
95.0
1.0
18.0
24.0
1.0
1.0
4.0
23.0
30.0
2.0
2.0
5.0
2.0
1865.0
4.0
611.0
3.0
4.0
5.0
2.0
62.0
7.0
1.0
15502.0
49.0
1.0
52.0
1.0
3.0
3.0
4.0
29.0
1.0
2.0
4.0
33.0
4.0
10.0
3.0
34.0
2.0
2.0
3.0
1.0
1.0
1.0
3.0
8.0
2.0
6.0
3.0
3.0
2.0
1364.0
69.0
1018.0
39.0
8.0
3.0
23.0
3.0
2.0
3.0
3.0
1.0
1.0
1.0
7.0
1.0
2090.0
959.0
3.0
578.0
1.0
9.0
3.0
1.0
3.0
1.0
15.0
6.0
3.0
1.0
1.0
1.0
1.0
2.0
3.0
74.0
2.0
66.0
3.0
11.0
1.0
3.0
1.0
39.0
1.0
1.0
2.0
12.0
214.0
1.0
35.0
177.0
23.0
4.0
24.0
3.0
6.0
4.0
3.0
31.0
3.0
8.0
1.0
1.0
4.0
4.0
1.0
8.0
10.0
23.0
192.0
3.0
3.0
96.0
7277.0
1.0
2.0
7.0
386.0
4.0
1.0
1.0
25.0
314.0
7.0
27.0
1.0
3.0
9219.0
408.0
1.0
1317.0
6.0
2003.0
7.0
1.0
1.0
1699.0
128.0
13.0
2.0
2.0
120.0
1.0
1.0
102.0
2.0
59.0
33.0
1.0
39.0
3.0
1.0
44.0
288.0
2.0
3.0
1.0
1.0
1.0
84.0
103.0
2.0
3.0
9.0
13.0
2.0
28.0
115.0
8.0
1.0
50.0
2.0
2.0
841.0
3.0
2.0
6.0
231.0
102.0
2.0
1.0
2.0
3.0
2.0
2.0
1681.0
19.0
1.0
1.0
1.0
5.0
8.0
8.0
3.0
2.0
24.0
7.0
975.0
8.0
8.0
1.0
1.0
1.0
33.0
1.0
1.0
2.0
1.0
1134.0
7.0
3.0
3.0
3.0
2.0
417.0
3.0
10.0
9.0
2.0
1.0
1.0
3766.0
375.0
1.0
41.0
5.0
10.0
429.0
14.0
382.0
10.0
1.0
1.0
150.0
1.0
2.0
1.0
1.0
2.0
7.0
63.0
4.0
779.0
3.0
1.0
3.0
19.0
2.0
1.0
3.0
7.0
2.0
4.0
3.0
172.0
4.0
1.0
17.0
3.0
706.0
2.0
1.0
1.0
2.0
1267.0
19.0
3.0
5.0
3.0
3.0
2.0
12.0
1.0
1449.0
2.0
1.0
1.0
49.0
1.0
6.0
1.0
342.0
1.0
11.0
1.0
1.0
3.0
2.0
480.0
8.0
5.0
364.0
2940.0
21.0
6.0
58.0
3.0
7.0
3.0
899.0
38.0
5.0
3.0
3.0
3.0
1.0
1808.0
3.0
1.0
8.0
164.0
26.0
1.0
7.0
1.0
17.0
1.0
2.0
14086.0
48.0
41.0
3383.0
5.0
1.0
3.0
1.0
3.0
5.0
4.0
1.0
4.0
2.0
315.0
3.0
14954.0
1.0
1.0
4.0
2.0
650.0
1.0
1.0
1.0
4.0
297.0
1.0
1.0
3.0
22.0
1.0
1.0
102.0
2.0
4.0
1.0
1.0
30.0
337.0
87.0
24.0
1.0
3.0
1.0
3.0
1.0
1.0
1.0
2.0
4.0
488.0
3.0
3.0
5591.0
58.0
1.0
1.0
1.0
1.0
2.0
2.0
3.0
1.0
75.0
3.0
27.0
923.0
1.0
807.0
20.0
379.0
3.0
3800.0
2.0
3.0
2.0
110.0
316.0
2173.0
1.0
3.0
5.0
2.0
2.0
34.0
105.0
7.0
2.0
221.0
2.0
1.0
1.0
655.0
11.0
2.0
2.0
1.0
3.0
1.0
1.0
15.0
2.0
292.0
1857.0
9.0
19.0
11.0
8.0
1.0
3.0
8.0
1.0
3.0
1.0
3297.0
3751.0
1.0
3.0
9.0
50.0
5.0
1.0
228.0
2.0
3.0
99.0
1.0
1.0
4.0
2.0
1.0
1.0
1.0
43.0
1.0
4.0
3.0
199.0
4.0
47.0
3.0
3.0
10226.0
4.0
24.0
136.0
960.0
2.0
123.0
8.0
101.0
7.0
1.0
173.0
2.0
2.0
8.0
15.0
196.0
1.0
1.0
1.0
1.0
1.0
4.0
158.0
3.0
871.0
312.0
17.0
1.0
1809.0
19.0
120.0
1.0
4.0
2.0
1.0
27.0
2.0
454.0
44.0
1.0
1.0
21.0
9.0
3.0
3.0
7.0
1.0
3.0
3.0
8.0
6.0
1.0
1761.0
34.0
2.0
3.0
17.0
10.0
1.0
2.0
83.0
1.0
60.0
3.0
8.0
2.0
39.0
865.0
2.0
7.0
2.0
5.0
3.0
1.0
1.0
8.0
1099.0
1.0
3.0
1.0
4.0
1.0
1.0
218.0
4.0
1.0
29.0
2.0
1.0
22.0
6.0
39.0
3.0
65.0
122.0
1.0
3.0
11.0
461.0
1.0
1.0
2.0
3.0
1.0
1.0
1.0
13.0
2.0
1.0
149.0
3.0
2809.0
24.0
3.0
1.0
2.0
3.0
9.0
372.0
23.0
2.0
19.0
11451.0
584.0
1.0
47.0
1.0
1.0
64.0
696.0
961.0
1.0
905.0
2.0
219.0
3.0
4.0
9.0
52.0
11.0
3.0
1.0
1.0
9.0
137.0
30078.0
2.0
1.0
1.0
1.0
421.0
1.0
1.0
3.0
2.0
2.0
630.0
6981.0
10.0
3.0
7.0
50.0
955.0
202.0
1.0
1.0
3.0
1.0
1.0
3.0
52.0
1.0
62.0
3.0
7.0
1.0
1.0
2.0
3.0
21.0
1.0
99.0
4.0
2.0
4.0
2.0
5.0
21.0
5.0
1.0
10.0
1.0
658.0
1763.0
50.0
26.0
1.0
1.0
20.0
7.0
3.0
13.0
57.0
1.0
2.0
93.0
2.0
3.0
2.0
1.0
2.0
2.0
1.0
6.0
24.0
2528.0
10.0
1.0
10.0
19.0
138.0
164.0
10.0
17.0
3.0
2.0
58.0
1.0
2.0
1.0
5.0
13.0
12.0
5.0
8.0
7.0
1.0
4.0
9.0
2.0
1.0
1027.0
3.0
125.0
5.0
22.0
114.0
16.0
122.0
26.0
2.0
9.0
3.0
1.0
9.0
2.0
4.0
1.0
3.0
15.0
1111.0
5.0
1048.0
12.0
7.0
17.0
5.0
10.0
488.0
14.0
1.0
2.0
6.0
8.0
416.0
10.0
1.0
1.0
2.0
1.0
19.0
400.0
4.0
1.0
39.0
10.0
1.0
161.0
1.0
1.0
457.0
3.0
25.0
3.0
7.0
1.0
4.0
62.0
1.0
5.0
12.0
1.0
9.0
8.0
399.0
83.0
1.0
1.0
30.0
3.0
9.0
1.0
12.0
29.0
215.0
1591.0
24.0
3.0
2.0
2.0
1.0
1.0
8.0
77.0
8.0
1068.0
2.0
1.0
1.0
53.0
683.0
6.0
1.0
3.0
4.0
3.0
3.0
26.0
6.0
1.0
3.0
2.0
3.0
1.0
373.0
531.0
569.0
3.0
481.0
1.0
3.0
4.0
2.0
1642.0
5.0
2.0
5.0
1.0
212.0
3.0
2.0
10.0
9.0
1.0
4.0
1.0
34.0
5.0
421.0
198.0
3.0
1.0
17.0
7.0
19.0
344.0
57.0
133.0
3.0
1.0
2.0
7.0
17.0
13.0
4.0
2.0
1.0
4.0
3.0
2.0
4.0
1.0
4.0
1.0
3.0
3.0
10.0
61.0
7.0
1.0
3.0
1.0
12.0
8.0
3.0
1.0
2.0
1.0
368.0
70.0
13.0
1235.0
1.0
1.0
1.0
3.0
1.0
1.0
1.0
2.0
2.0
3.0
8.0
311.0
4.0
7.0
55.0
1749.0
4.0
1.0
3.0
1.0
1.0
25.0
359.0
1.0
1120.0
3.0
17.0
1.0
29.0
254.0
28.0
3.0
2.0
1.0
12.0
3.0
3.0
129.0
86.0
9.0
20.0
3.0
3.0
1.0
1219.0
1.0
3.0
539.0
1.0
1000.0
2.0
1152.0
1.0
1018.0
76.0
6.0
591.0
4.0
1856.0
59.0
4.0
3.0
1.0
205.0
8.0
12.0
7124.0
3.0
9.0
84.0
1.0
22.0
513.0
1.0
1.0
1358.0
331.0
2.0
3.0
4.0
12.0
2.0
16.0
961.0
2.0
3.0
10.0
3.0
4.0
1.0
1.0
172.0
1.0
1.0
4.0
30.0
1.0
1.0
8.0
272.0
1.0
49.0
2.0
1.0
36.0
7.0
3858.0
3.0
150.0
19.0
276.0
1.0
3.0
530.0
1.0
1183.0
89.0
8.0
6.0
1.0
34.0
2.0
23.0
512.0
1004.0
17.0
1018.0
1.0
2.0
3.0
19.0
10.0
1.0
3.0
1.0
276.0
66.0
3.0
3.0
580.0
1.0
1.0
22.0
5.0
1.0
2.0
1.0
3.0
1.0
1.0
695.0
2.0
1.0
14385.0
3.0
49.0
288.0
2.0
20.0
25.0
1.0
4.0
13.0
1.0
3.0
5.0
26.0
4.0
52.0
351.0
48.0
1.0
1.0
19.0
3.0
1.0
580.0
39.0
3.0
27.0
105.0
1.0
2.0
1.0
1.0
13.0
4.0
45393.0
3.0
543.0
29.0
1867.0
12.0
6.0
9.0
1.0
1.0
65.0
17.0
5.0
22.0
3.0
1.0
3333.0
2.0
1.0
6.0
120.0
1.0
1.0
3.0
3.0
2.0
7.0
246.0
5.0
700.0
74.0
1.0
10.0
1.0
59.0
1.0
3.0
71.0
6.0
1.0
11.0
15.0
3.0
351.0
446.0
1.0
107.0
1.0
3.0
2.0
54.0
341.0
920.0
6.0
32.0
5.0
1.0
3.0
2.0
1.0
2.0
9.0
3.0
99.0
24.0
129.0
3.0
1.0
2.0
1314.0
3.0
24.0
149.0
987.0
16.0
1.0
3.0
2.0
12.0
4.0
3.0
1.0
3.0
24.0
3.0
383.0
11.0
16.0
1.0
1.0
3.0
2.0
2.0
1525.0
117.0
3.0
1.0
2.0
2.0
1.0
1.0
3.0
3.0
14.0
4.0
34.0
23.0
1.0
1.0
1.0
1.0
4.0
1.0
236.0
7.0
31.0
2.0
3.0
138.0
31.0
47.0
4.0
65.0
10.0
3.0
17.0
2.0
247.0
1.0
118.0
2225.0
3.0
13.0
1.0
656.0
25.0
3.0
478.0
2.0
2.0
5.0
1.0
53.0
3.0
50.0
1.0
1631.0
15.0
943.0
3.0
18.0
7.0
136.0
9.0
42.0
2.0
2.0
3.0
1.0
162.0
28.0
3.0
4.0
8.0
1.0
550.0
1.0
1.0
85.0
1.0
2001.0
9.0
5.0
214.0
1.0
3.0
3.0
55.0
40.0
1.0
2.0
1.0
2.0
1.0
1.0
1.0
3.0
3.0
6584.0
3.0
4.0
9.0
4.0
330.0
6.0
1.0
55.0
1.0
1.0
4.0
3.0
32.0
16.0
374.0
8.0
3.0
4.0
1.0
8.0
9.0
3.0
8.0
2.0
1.0
686.0
1.0
58.0
164.0
2.0
1.0
1.0
501.0
6.0
8.0
34.0
12.0
1.0
3.0
131.0
111.0
14.0
696.0
5.0
10.0
112.0
2.0
1.0
3.0
3077.0
10.0
157.0
35.0
1.0
1.0
2.0
3.0
338.0
1.0
65.0
1756.0
1.0
292.0
1.0
1.0
3.0
2.0
9.0
959.0
1.0
1.0
9.0
5.0
1.0
3.0
841.0
3.0
3.0
4.0
8.0
894.0
459.0
22.0
1.0
1.0
3.0
21.0
154.0
123.0
1.0
3.0
1.0
1299.0
1.0
1.0
7.0
648.0
3.0
617.0
1.0
55.0
3.0
3.0
3.0
1.0
27.0
1.0
160.0
3.0
67.0
1.0
1.0
1.0
2531.0
4.0
3.0
1.0
3.0
1.0
1755.0
1.0
10.0
1.0
2556.0
2.0
1.0
436.0
1.0
9.0
1.0
2.0
4.0
3.0
3.0
3.0
102.0
3.0
67.0
15.0
8.0
1.0
840.0
242.0
11.0
3.0
1.0
18.0
1.0
10.0
3.0
1.0
22.0
3.0
4.0
4.0
1.0
3.0
3.0
1.0
3.0
160.0
1.0
3.0
1.0
486.0
4.0
3.0
3.0
65.0
1.0
3.0
3710.0
12.0
542.0
2.0
19.0
1.0
1.0
8.0
4.0
114.0
20.0
1.0
3.0
1439.0
7.0
1.0
74.0
620.0
3.0
7.0
1.0
1.0
12.0
1.0
5.0
1.0
16.0
4.0
3.0
36.0
3.0
10.0
1.0
1.0
10.0
6.0
21.0
1.0
45.0
3.0
4.0
4.0
2.0
3.0
2.0
3.0
3345.0
1.0
7604.0
1.0
1.0
23.0
2.0
160.0
12.0
5.0
21.0
8.0
57.0
15.0
338.0
1.0
109.0
26.0
1.0
4.0
1.0
1.0
1.0
102.0
1.0
4.0
2.0
2.0
7.0
12.0
3.0
7.0
2.0
55.0
1043.0
89.0
1438.0
666.0
288.0
4.0
3.0
2.0
3.0
2.0
2.0
3.0
282.0
2568.0
5.0
177.0
28.0
834.0
10.0
1.0
58.0
1.0
1.0
69.0
1.0
1.0
1.0
3.0
1.0
1042.0
4.0
2.0
86.0
3.0
305.0
3.0
1747.0
3.0
9.0
1.0
3.0
110.0
1.0
2.0
1.0
1.0
2.0
1.0
3.0
1288.0
1.0
1.0
3.0
1.0
20.0
10678.0
1.0
1.0
1.0
1.0
300.0
3.0
2.0
1018.0
46.0
292.0
1.0
1.0
38.0
14.0
1.0
4.0
1.0
127.0
6.0
127.0
271.0
2.0
23.0
596.0
200.0
373.0
4.0
1.0
3.0
3.0
7.0
13.0
1.0
2.0
13.0
56.0
4.0
55.0
3.0
7.0
1.0
47.0
2.0
2.0
4.0
2.0
1.0
2.0
1212.0
10.0
14.0
950.0
4.0
1120.0
34.0
31.0
5.0
91.0
1.0
2.0
363.0
2.0
596.0
1.0
7.0
1.0
350.0
30.0
8.0
14.0
2.0
1.0
2.0
32.0
2.0
20.0
1.0
8.0
3.0
6.0
2.0
2.0
121.0
6.0
7.0
40.0
848.0
288.0
33.0
21.0
3.0
4.0
1.0
1.0
3.0
1.0
2.0
113.0
11.0
1.0
1.0
2.0
1.0
251.0
10.0
14.0
1.0
1.0
334.0
22.0
1.0
697.0
1.0
14.0
2.0
1.0
3.0
351.0
3.0
2.0
4453.0
21.0
3.0
85.0
1.0
1.0
1.0
3.0
2.0
7.0
11.0
2.0
9.0
2.0
248.0
3.0
5.0
99.0
2.0
86.0
125.0
1.0
3.0
3.0
1.0
16.0
65.0
21.0
3.0
3.0
3.0
5.0
8.0
3.0
2.0
3.0
1.0
1.0
6.0
268.0
8.0
1.0
2.0
341.0
36.0
8.0
1.0
1.0
1.0
1.0
3.0
6.0
2.0
373.0
106.0
1.0
4.0
19.0
28.0
4.0
20.0
70.0
2.0
1.0
22.0
3.0
1.0
1.0
3.0
1.0
74.0
123.0
4.0
1.0
1.0
3.0
4.0
221.0
5.0
2.0
2.0
9.0
54.0
2.0
1.0
6.0
34.0
2.0
11.0
1.0
13.0
1250.0
5.0
2.0
2.0
63.0
32.0
1.0
3.0
3.0
2.0
1.0
3.0
1.0
2.0
1.0
9.0
5.0
2.0
3.0
4.0
3.0
1192.0
293.0
7.0
3.0
1.0
3.0
2.0
2.0
2.0
511.0
805.0
8.0
103.0
2.0
28.0
4.0
19.0
638.0
1.0
22.0
3000.0
624.0
351.0
326.0
717.0
2.0
24.0
3.0
5.0
3.0
2.0
59.0
1.0
2.0
1.0
16.0
3.0
25.0
2905.0
1.0
1664.0
12.0
1.0
7.0
278.0
1.0
14.0
11.0
1.0
2.0
8.0
765.0
1.0
1.0
1.0
1.0
9.0
482.0
47.0
214.0
1.0
3.0
5.0
19.0
1.0
2.0
3.0
3.0
10.0
1562.0
159.0
313.0
11.0
87.0
7.0
5.0
1.0
4.0
17.0
2199.0
1.0
596.0
2.0
3.0
3.0
1.0
2.0
2.0
2.0
644.0
3.0
1.0
12.0
3.0
2.0
8.0
1.0
1.0
4.0
3.0
58.0
5.0
1.0
363.0
1.0
11.0
2.0
3.0
65.0
1.0
4445.0
1.0
3.0
1.0
1.0
72.0
1.0
3.0
24.0
16.0
3.0
8.0
3.0
14.0
1.0
132.0
3.0
1.0
10.0
369.0
28.0
4.0
560.0
3.0
4.0
572.0
1.0
2.0
3.0
1.0
1.0
9.0
40.0
7.0
9.0
4.0
1.0
3.0
977.0
1.0
3.0
232.0
1.0
3.0
8.0
2.0
1.0
801.0
1.0
2.0
229.0
3.0
6.0
1.0
4.0
282.0
24.0
3.0
3.0
306.0
1.0
2.0
2.0
3.0
190.0
1.0
3787.0
5.0
1.0
3.0
4.0
3.0
2.0
4.0
3.0
17.0
1.0
351.0
131.0
21.0
22.0
149.0
2.0
1.0
1.0
4091.0
1.0
3125.0
3.0
3.0
4.0
2.0
315.0
10.0
3.0
8.0
15.0
15.0
7.0
3.0
18.0
3.0
2.0
14.0
93.0
241.0
78.0
65.0
1.0
17.0
2.0
3.0
102.0
3.0
1.0
1.0
1.0
416.0
12.0
42.0
298.0
111.0
229.0
3.0
1.0
1491.0
1.0
6.0
1.0
2.0
7.0
59.0
1966.0
13.0
3.0
1.0
10347.0
31.0
2.0
182.0
9.0
3.0
1.0
8.0
17.0
22.0
234.0
661.0
4.0
3.0
3.0
476.0
1.0
3.0
1.0
6.0
1.0
2.0
1.0
898.0
1284.0
4.0
1.0
49.0
4.0
47.0
9.0
3.0
2.0
1.0
178.0
1.0
3.0
1.0
3.0
900.0
58.0
3.0
17.0
96.0
8.0
1.0
3.0
40.0
3.0
42.0
45.0
2.0
2.0
8.0
3.0
9.0
1.0
1.0
44.0
3.0
241.0
13.0
1.0
306.0
2.0
17.0
3.0
351.0
1.0
179.0
1.0
1.0
1.0
1.0
42.0
1.0
51.0
14385.0
1.0
2.0
1.0
296.0
4.0
24.0
7.0
282.0
40.0
7.0
1.0
3.0
2.0
3.0
3.0
1.0
1.0
1.0
5.0
2.0
4.0
4.0
1.0
48.0
1.0
2.0
91.0
3.0
1.0
1.0
1.0
1.0
6.0
8.0
1.0
9.0
1.0
2.0
3.0
233.0
7.0
4.0
4.0
1.0
1.0
2.0
1486.0
1.0
36.0
1.0
188.0
21059.0
14.0
1.0
4.0
19.0
1.0
2.0
7.0
2.0
3.0
5.0
181.0
1.0
3.0
1.0
3.0
2.0
8.0
2.0
7187.0
3.0
55.0
13.0
3.0
3.0
338.0
693.0
1018.0
649.0
8.0
45.0
1.0
3.0
65.0
1441.0
109.0
43.0
2.0
338.0
288.0
1.0
4992.0
1.0
3.0
4.0
63.0
1.0
1.0
1.0
11.0
11.0
36.0
3.0
1.0
1.0
3.0
1.0
1.0
1.0
542.0
1.0
3.0
3.0
18.0
3.0
342.0
8.0
11.0
64.0
7.0
16.0
32.0
351.0
1.0
9.0
1.0
1.0
6.0
6.0
1.0
31.0
1.0
3.0
16.0
24.0
1.0
1.0
4.0
2.0
9.0
2.0
10.0
4.0
3.0
1.0
2.0
175.0
4.0
3.0
1.0
32.0
1.0
94924.0
23.0
1.0
23.0
6557.0
1.0
14.0
6.0
1.0
1.0
814.0
1051.0
1536.0
1.0
1.0
2.0
4.0
248.0
1.0
17.0
4.0
152.0
354.0
68.0
1.0
14.0
9.0
683.0
4.0
1.0
2.0
9.0
835.0
1.0
144.0
2.0
167.0
1.0
3.0
360.0
7.0
15.0
1.0
1.0
1.0
23.0
377.0
3.0
19.0
200.0
1.0
292.0
3.0
1.0
3.0
3.0
3.0
1.0
7.0
1.0
6.0
2.0
750.0
1.0
28.0
1.0
6.0
1.0
10.0
3.0
24.0
8.0
3.0
179.0
3.0
1.0
15661.0
1.0
1229.0
2.0
1.0
2535.0
10.0
8.0
57.0
19.0
3.0
638.0
1.0
2.0
596.0
30.0
6.0
405.0
1.0
1.0
3.0
4.0
17.0
3.0
9.0
1.0
19.0
1.0
796.0
20.0
479.0
1.0
117.0
64.0
258.0
1.0
1.0
8.0
9.0
3.0
1669.0
507.0
5.0
3.0
8.0
4.0
60.0
1.0
1.0
3.0
1.0
3.0
3.0
4.0
5.0
1.0
1.0
8.0
3.0
129.0
59.0
3.0
1694.0
2.0
26.0
16.0
3574.0
146.0
4.0
11.0
1.0
51.0
574.0
3.0
438.0
1.0
2.0
9.0
1.0
1.0
24.0
1.0
11133.0
1.0
8.0
20.0
1.0
5.0
1225.0
549.0
75.0
1.0
1039.0
1.0
2.0
1.0
10.0
1.0
14.0
85.0
3.0
6.0
95.0
1.0
1.0
1.0
86.0
4.0
13.0
34.0
63.0
42.0
19.0
282.0
4.0
3.0
1018.0
247.0
3.0
370.0
3.0
6.0
4.0
3.0
3.0
4.0
3.0
4.0
1.0
1.0
59.0
27.0
1.0
50.0
616.0
1.0
3.0
1.0
2.0
31.0
1.0
127.0
1.0
4.0
1.0
12.0
3.0
7.0
15.0
3.0
3.0
9.0
2.0
7.0
1.0
25.0
2.0
109711.0
293.0
1.0
2.0
14.0
886.0
34.0
4.0
1.0
2.0
1.0
26.0
1.0
80.0
13.0
596.0
797.0
3.0
13.0
19.0
17.0
1.0
2.0
9.0
15.0
19.0
1.0
1.0
10.0
1.0
3.0
39.0
2.0
1.0
43.0
3.0
47.0
1.0
7.0
10.0
3.0
1.0
1.0
4.0
1.0
2.0
12.0
20.0
2.0
3.0
3.0
4.0
1.0
1.0
7.0
9.0
3.0
3.0
152.0
2.0
2.0
351.0
2.0
7.0
3.0
4.0
8.0
1.0
3.0
10.0
1.0
1.0
1052.0
2.0
1.0
1098.0
4553.0
24.0
8.0
7.0
3.0
2.0
82.0
2.0
4.0
436.0
1537.0
1.0
1.0
1018.0
1.0
5.0
1.0
42.0
1.0
360.0
12.0
6808.0
4.0
1.0
73.0
29.0
58.0
1.0
3.0
1.0
8.0
1676.0
4.0
5.0
1.0
85.0
1663.0
4.0
14.0
3.0
3.0
45.0
24.0
10.0
16.0
1.0
10.0
17.0
733.0
1189.0
1.0
1.0
1.0
2.0
1.0
278.0
1.0
474.0
596.0
2679.0
1.0
1888.0
19.0
1.0
2.0
13.0
2.0
24.0
5.0
1.0
5.0
46.0
30.0
1.0
3.0
664.0
3.0
1.0
3.0
2.0
616.0
2.0
3.0
2.0
2.0
3.0
3.0
29.0
2.0
3.0
2.0
842.0
1.0
9.0
108.0
124.0
17.0
47.0
1734.0
16.0
1.0
870.0
1.0
1.0
1.0
1.0
7.0
8.0
1.0
7.0
1.0
99.0
1.0
2.0
45.0
1.0
21.0
174.0
3.0
10.0
3.0
49.0
72.0
1.0
135.0
288.0
3.0
1.0
23.0
6.0
622.0
2.0
103.0
71.0
5.0
2.0
1.0
1.0
1.0
3.0
1.0
1.0
3.0
1.0
102.0
3.0
3.0
11.0
4.0
2.0
3.0
2.0
8.0
13.0
3.0
1.0
1.0
405.0
44.0
1.0
1.0
4.0
2.0
338.0
1.0
3.0
17.0
2.0
40.0
87.0
13.0
3.0
12.0
1.0
6.0
35.0
17.0
2.0
1.0
1485.0
230.0
3.0
1.0
31.0
2.0
221.0
56.0
59.0
2.0
2.0
33.0
3.0
91.0
1.0
4.0
1.0
2.0
28.0
1.0
1003.0
3.0
959.0
78.0
845.0
24.0
14.0
17.0
450.0
14.0
5.0
1122.0
1.0
1.0
3.0
2133.0
26.0
380.0
5.0
3.0
10.0
1.0
46.0
3.0
1.0
1.0
18.0
52.0
3.0
12.0
223.0
1189.0
1.0
8.0
2.0
4.0
22.0
4.0
20.0
3.0
1.0
14.0
112.0
1.0
9.0
428.0
64.0
1.0
2.0
148.0
1.0
7.0
19.0
43.0
3.0
1.0
4.0
3.0
60.0
129.0
21.0
3.0
5782.0
1.0
3.0
1.0
3.0
1.0
1.0
18.0
1.0
3.0
3.0
1705.0
3.0
321.0
4.0
365.0
71.0
3.0
1037.0
2.0
4.0
37.0
12.0
7.0
10809.0
1.0
1.0
151.0
5186.0
11056.0
2.0
4.0
20.0
1.0
1.0
27.0
2.0
3.0
12.0
1.0
24.0
6.0
3.0
241.0
1.0
1.0
2.0
3.0
13381.0
571.0
19.0
2.0
2.0
1.0
1.0
1.0
1.0
1109.0
788.0
3.0
759.0
60.0
18.0
1.0
1.0
3.0
85.0
134.0
21.0
1.0
86.0
1019.0
2.0
1.0
75.0
3.0
463.0
3.0
1.0
40.0
7.0
45.0
32104.0
1.0
53.0
30.0
429.0
271.0
618.0
3.0
7.0
11.0
2.0
1.0
1.0
1.0
421.0
1.0
3.0
638.0
5.0
1663.0
1.0
3.0
49.0
1.0
381.0
4.0
32.0
4.0
1.0
510.0
1.0
1.0
835.0
5.0
169.0
3.0
1.0
1.0
1047.0
131.0
3.0
1.0
4.0
637.0
3.0
3.0
4.0
24.0
65.0
6.0
1.0
75.0
257.0
2.0
2.0
38.0
1.0
1.0
183.0
1.0
32.0
12.0
1.0
1.0
8.0
1.0
3.0
426.0
1.0
2.0
1.0
13.0
1.0
1.0
6.0
5.0
2.0
3.0
1.0
2.0
10.0
2.0
1.0
7883.0
1.0
2.0
147.0
1.0
1.0
2138.0
51.0
3.0
9.0
3.0
1.0
9.0
1.0
3.0
3.0
98.0
6.0
3.0
4.0
389.0
1.0
4.0
398.0
12.0
1.0
2418.0
2.0
290.0
1.0
2.0
11.0
3.0
166.0
436.0
1.0
3.0
8.0
204.0
2.0
10.0
5.0
1.0
1.0
4.0
2.0
370.0
2.0
3.0
1.0
97.0
22.0
41.0
28.0
57.0
1.0
3.0
3.0
795.0
1.0
3.0
1.0
1.0
1.0
4.0
4.0
3.0
1.0
3.0
1373.0
712.0
1.0
2.0
2.0
116.0
3.0
31.0
3.0
3.0
4.0
2.0
204.0
1.0
1.0
25.0
452.0
3.0
1.0
87.0
2.0
382.0
127.0
1.0
107.0
2.0
1.0
1.0
132.0
112.0
82.0
6.0
2.0
5.0
9.0
23.0
14.0
10.0
271.0
25.0
2.0
1.0
1.0
102.0
1.0
3.0
1.0
1.0
13.0
61.0
1.0
28.0
16.0
6.0
101.0
7.0
41.0
66.0
2.0
1.0
9.0
5.0
1.0
1.0
2.0
5.0
107.0
93.0
33.0
1.0
99.0
288.0
1.0
26.0
24.0
1.0
166.0
1.0
2.0
33.0
2.0
1.0
146.0
1.0
1.0
282.0
1696.0
3.0
1.0
34.0
2.0
1086.0
125.0
3.0
3.0
3.0
1.0
3.0
10.0
2.0
4.0
17.0
4.0
157.0
87.0
7.0
2.0
697.0
12.0
1.0
3.0
206.0
281.0
34.0
1.0
1782.0
4.0
6.0
3.0
1.0
3.0
239.0
162.0
233.0
4.0
2094.0
10.0
17.0
15.0
4.0
9.0
3.0
4.0
3.0
1.0
8.0
2.0
185.0
19.0
344.0
2091.0
1.0
2.0
120.0
3.0
26.0
40.0
4.0
12.0
4.0
1.0
9.0
1.0
1.0
743.0
262.0
1.0
4.0
4.0
649.0
1.0
1.0
18.0
4.0
3.0
3683.0
3.0
3.0
2370.0
1.0
2.0
382.0
47.0
11.0
3.0
95.0
19.0
3.0
3.0
1.0
5.0
42.0
3.0
15.0
67.0
1.0
4.0
2.0
967.0
2.0
3.0
1.0
4.0
12.0
82.0
8.0
532.0
1.0
1.0
3.0
72.0
4.0
1242.0
3.0
259.0
1.0
3.0
40.0
76.0
1.0
1.0
2.0
2467.0
1.0
2.0
7.0
3.0
1.0
7.0
41.0
3.0
36.0
15.0
36.0
1.0
19.0
2.0
415.0
84.0
1.0
3.0
87.0
865.0
12.0
1.0
14.0
11.0
8.0
1.0
1.0
3.0
2.0
1.0
10.0
6.0
3.0
16.0
2.0
4.0
1.0
2.0
5.0
1.0
3.0
5.0
1.0
1.0
1.0
1.0
8.0
1.0
1.0
1.0
1477.0
3.0
1.0
114.0
1.0
4.0
141.0
2.0
3.0
4.0
2746.0
4.0
2.0
5.0
3.0
3.0
4.0
2.0
2.0
2.0
6.0
3.0
1.0
43.0
1.0
1038.0
1.0
1.0
44.0
50.0
9.0
3.0
3.0
706.0
14.0
10.0
16.0
1.0
36.0
248.0
2.0
1036.0
1.0
1.0
7.0
3.0
2.0
9.0
2.0
4.0
19.0
1.0
7.0
38.0
2.0
1.0
24.0
1.0
1.0
3.0
3.0
1.0
3.0
2.0
9.0
1.0
23.0
1622.0
1.0
2.0
1.0
3.0
1.0
1.0
6.0
1.0
350.0
119.0
3.0
7.0
3.0
3.0
350.0
1.0
2.0
1.0
3.0
1.0
69.0
2.0
1593.0
3.0
1.0
1.0
57.0
232.0
22.0
12.0
74.0
1.0
70.0
3.0
46.0
24.0
1.0
3.0
2.0
155.0
2.0
5.0
9.0
11.0
5.0
1.0
1.0
208.0
1.0
13.0
3119.0
12.0
63.0
3.0
232.0
259.0
24.0
377.0
17.0
1.0
6.0
52.0
870.0
1.0
25.0
475.0
3.0
1.0
21.0
961.0
3.0
3.0
6.0
2.0
149.0
115.0
1.0
4.0
2.0
229.0
62.0
15.0
1.0
1.0
7.0
75.0
248.0
50.0
8.0
1.0
1.0
1.0
5.0
1.0
279.0
2.0
2.0
1.0
9.0
4.0
6.0
39.0
1.0
1.0
3514.0
3.0
149.0
1.0
1.0
1.0
2.0
36.0
483.0
1642.0
2803.0
1.0
1.0
1200.0
14.0
1.0
2.0
9.0
2.0
1.0
1.0
1.0
102.0
19.0
1.0
1.0
1.0
10.0
3.0
60.0
938.0
1.0
20.0
349.0
49.0
179.0
1.0
1.0
3.0
1.0
2.0
19.0
78.0
131.0
1.0
1.0
1.0
1.0
1.0
564.0
20.0
3.0
76.0
14.0
1.0
5.0
1.0
27.0
50.0
1.0
3.0
13.0
9.0
3.0
20.0
1.0
19.0
9523.0
1777.0
3.0
1183.0
1.0
1.0
1689.0
47.0
1.0
4.0
4.0
8.0
282.0
39629.0
137.0
7.0
7.0
93.0
3.0
4.0
13234.0
3.0
5.0
114.0
118.0
1.0
1.0
514.0
3.0
26.0
3.0
1.0
1.0
3.0
1.0
3.0
1.0
1.0
1.0
4.0
66.0
5.0
2.0
12.0
922.0
79.0
3.0
52.0
1.0
4.0
17.0
2.0
2.0
1.0
32.0
1.0
74.0
1.0
1.0
51.0
1.0
3.0
3.0
9.0
351.0
1.0
2.0
2.0
14.0
3.0
1.0
2.0
1.0
10.0
3.0
10.0
2.0
4.0
447.0
1.0
4.0
1.0
1.0
3.0
1.0
1.0
3.0
963.0
49.0
275.0
89.0
1.0
1814.0
4.0
1.0
3.0
5.0
6.0
3.0
1.0
3.0
1.0
282.0
2.0
1.0
9.0
15.0
646.0
10.0
10.0
32.0
1.0
3.0
7.0
3.0
2.0
3.0
1.0
44.0
12.0
6.0
1638.0
66.0
1.0
666.0
120.0
1.0
1.0
10.0
1707.0
759.0
103.0
7.0
10.0
6.0
4.0
1.0
3.0
3.0
3.0
7.0
57.0
1.0
3.0
2.0
22.0
2.0
210.0
1.0
3.0
1.0
8.0
1.0
1540.0
1.0
1.0
1.0
3.0
8.0
10.0
12.0
1.0
3.0
1.0
10.0
2.0
937.0
4.0
288.0
3.0
1.0
3.0
380.0
3.0
1.0
7.0
2.0
88.0
7.0
2874.0
6.0
28.0
24.0
2.0
5.0
3.0
3.0
145.0
1.0
11.0
2.0
13.0
225.0
3.0
3.0
2.0
3.0
3.0
1.0
1.0
2.0
2.0
2.0
45.0
104.0
1.0
1.0
10.0
3.0
1.0
443.0
1.0
26.0
50.0
1.0
108.0
3.0
225.0
11.0
19.0
10.0
352.0
8.0
5.0
723.0
73.0
1.0
1278.0
1652.0
1.0
1.0
4.0
4.0
1.0
5132.0
7.0
253.0
1506.0
1.0
1.0
169.0
24.0
18.0
1.0
63.0
1.0
6.0
218.0
2.0
2.0
1275.0
1.0
1.0
1.0
49.0
7.0
4.0
4.0
1.0
26.0
51.0
5.0
4.0
8.0
4.0
3.0
1.0
1.0
57.0
1.0
679.0
3401.0
5.0
19.0
19.0
9.0
49.0
244.0
1.0
3.0
1.0
39.0
1099.0
93.0
2.0
2.0
19.0
4.0
9.0
795.0
30.0
1.0
1.0
1191.0
1.0
1.0
2.0
62.0
59.0
236.0
2.0
1.0
3.0
263.0
1.0
1.0
1.0
419.0
4.0
3.0
2.0
239.0
5.0
3.0
32.0
2.0
11.0
19.0
1.0
4.0
75.0
34.0
3.0
3.0
67.0
14.0
1.0
5.0
28.0
91.0
41.0
3.0
48.0
1.0
4990.0
263.0
14.0
4738.0
10.0
2.0
1.0
1.0
4.0
710.0
345.0
8.0
2.0
2946.0
15.0
3.0
3.0
1.0
1.0
2.0
1.0
3.0
3.0
97.0
55.0
6.0
11.0
8.0
6.0
14.0
1.0
1.0
3.0
1.0
3.0
5.0
17.0
2.0
1.0
23.0
1.0
4.0
2.0
1.0
5.0
9.0
2.0
4.0
24.0
6.0
4.0
1.0
3.0
1.0
17.0
1078.0
8.0
677.0
45.0
105.0
55.0
1.0
51.0
10.0
58.0
1.0
1.0
3.0
1.0
57.0
1.0
113.0
2.0
1.0
535.0
48.0
5.0
47.0
1.0
1.0
288.0
3.0
1763.0
944.0
9.0
2.0
948.0
3.0
1.0
1.0
1.0
11.0
1.0
3.0
7.0
108.0
1104.0
17.0
4.0
2.0
20.0
2.0
1.0
6.0
39.0
22.0
3.0
61.0
1.0
31.0
4.0
1022.0
3.0
5.0
262.0
758.0
1.0
13.0
2.0
3.0
2.0
3.0
3.0
1.0
4.0
3.0
203.0
3.0
1876.0
6.0
37.0
7.0
1.0
4.0
4.0
3.0
1.0
8.0
8.0
2848.0
20.0
1.0
6.0
3.0
3.0
1.0
4.0
1.0
3.0
471.0
1.0
242.0
1.0
52.0
3.0
5.0
143.0
23.0
3.0
3.0
1.0
2.0
1.0
1.0
3.0
71.0
5.0
1.0
2.0
11.0
1.0
9.0
1.0
7730.0
4.0
961.0
3.0
3.0
14.0
9.0
3.0
6.0
2.0
1.0
36.0
2.0
1.0
35.0
3.0
25.0
9.0
49.0
3.0
42.0
1.0
3.0
1.0
1.0
1.0
19.0
3.0
6.0
4.0
1.0
12.0
2.0
2.0
3.0
2.0
4.0
10.0
3.0
1.0
17.0
1323.0
10.0
36.0
17.0
141.0
1324.0
3.0
244.0
2.0
3.0
1.0
11.0
324.0
3.0
1.0
42.0
187.0
5.0
1.0
3.0
104.0
1500.0
32.0
36.0
13.0
213.0
1.0
596.0
5.0
124.0
1.0
3.0
3.0
19.0
3.0
1.0
6.0
1.0
2.0
1.0
64.0
3.0
12052.0
1.0
83.0
2.0
1.0
3.0
3.0
3.0
1517.0
1027.0
12.0
5.0
4.0
1.0
1.0
2.0
1.0
951.0
2.0
1.0
354.0
1.0
1.0
1.0
7.0
3.0
19533.0
1.0
3.0
9.0
814.0
25.0
1.0
474.0
1.0
1.0
3.0
5.0
3.0
351.0
3.0
503.0
606.0
3.0
1.0
13.0
105.0
2.0
3.0
2.0
19.0
2.0
3.0
1.0
238.0
1.0
17.0
1296.0
19.0
901.0
47.0
1.0
288.0
127.0
92.0
1.0
471.0
3.0
1.0
3.0
1.0
1.0
4.0
1.0
90.0
1.0
1.0
1.0
1.0
10.0
395.0
3.0
25.0
308.0
2.0
1.0
1.0
1.0
2.0
99.0
3.0
4.0
3.0
1.0
18.0
26.0
4.0
19.0
1.0
7.0
8.0
3.0
1.0
2.0
351.0
3.0
1958.0
334.0
3.0
71.0
73.0
544.0
549.0
3.0
3.0
1.0
3.0
1.0
3.0
2.0
3.0
3.0
3.0
1.0
1.0
1.0
8.0
8.0
7.0
2.0
12.0
2.0
61.0
4.0
202.0
2.0
88.0
2.0
28.0
8.0
1.0
85.0
3.0
1.0
1.0
1005.0
3.0
178.0
1.0
1.0
1.0
1.0
10.0
17.0
8.0
3.0
60.0
35.0
207.0
1.0
22.0
1.0
4.0
22.0
1.0
1.0
6.0
1.0
2.0
2.0
12.0
67.0
3.0
1.0
5.0
1.0
3.0
4.0
1.0
1929.0
9.0
9.0
158.0
3.0
3.0
4.0
2.0
3.0
7.0
3.0
1.0
1.0
2.0
3.0
1.0
4022.0
7.0
166.0
16.0
9.0
1.0
1.0
3.0
43.0
1.0
1.0
1.0
3.0
822.0
55.0
13.0
1.0
5.0
43.0
1.0
1.0
11.0
642.0
1.0
1.0
8.0
80.0
3.0
2.0
838.0
1.0
4.0
1.0
3.0
1.0
152.0
2.0
292.0
3.0
966.0
8.0
96.0
7.0
135.0
440.0
3.0
2.0
4.0
3.0
12.0
71.0
3.0
2.0
2.0
2.0
24.0
1.0
2.0
90.0
2.0
665.0
1.0
9.0
54.0
226.0
20.0
1.0
1.0
2.0
1.0
1.0
1.0
36.0
96.0
13.0
9.0
371.0
2.0
6.0
1.0
42.0
3.0
2.0
6.0
2.0
258.0
1.0
42.0
8.0
1.0
3.0
3.0
3.0
1.0
27.0
1136.0
3.0
1.0
2001.0
4.0
3.0
1.0
3.0
7.0
28.0
74.0
3.0
1.0
72.0
169.0
4.0
1.0
2.0
1960.0
3.0
1.0
3.0
1.0
75.0
3.0
2.0
3.0
1.0
422.0
46.0
1474.0
1018.0
1.0
1.0
139.0
8.0
1.0
13.0
638.0
1.0
1.0
3.0
15.0
598.0
1.0
5.0
1.0
3.0
4.0
10.0
3.0
3.0
1.0
5.0
3.0
205.0
2.0
1.0
1.0
3.0
47.0
3.0
1.0
1.0
3.0
200.0
12.0
410.0
1.0
3.0
14385.0
48763.0
2.0
1.0
1.0
15.0
3.0
3.0
1.0
2.0
3.0
3.0
2891.0
48.0
1.0
108.0
4131.0
2.0
3.0
2561.0
3.0
1.0
1.0
11.0
5.0
1.0
2.0
5.0
9.0
5.0
2.0
1.0
2.0
21.0
1.0
1.0
6.0
24.0
34.0
72.0
6.0
1.0
1.0
51.0
1.0
65.0
1.0
1.0
2.0
2.0
251.0
140.0
3.0
1.0
8.0
24.0
2.0
1735.0
2.0
1.0
39.0
1.0
8.0
3.0
158.0
2.0
31.0
1.0
2427.0
17.0
591.0
536.0
3.0
16.0
1.0
33.0
26.0
2.0
4.0
165.0
9.0
1.0
513.0
28.0
814.0
1.0
30.0
422.0
6.0
2.0
1.0
9.0
52.0
1.0
5.0
1.0
2.0
1.0
1.0
1558.0
730.0
4.0
2.0
9.0
1.0
5.0
292.0
1115.0
36.0
725.0
3.0
431.0
547.0
4.0
1.0
9.0
6.0
4.0
51.0
31.0
146.0
9.0
1.0
4.0
386.0
41.0
3.0
1.0
30.0
1.0
26.0
1.0
5.0
13.0
1.0
1.0
7.0
4.0
2.0
1.0
1.0
1.0
47.0
12.0
1.0
114.0
23.0
9.0
4.0
1.0
9.0
79.0
2.0
1.0
3.0
766.0
124.0
1.0
41.0
138.0
2.0
1.0
2.0
2136.0
19.0
1.0
2.0
4.0
1.0
2.0
56.0
1.0
1.0
12.0
5.0
1.0
1.0
19.0
1.0
36.0
1.0
2.0
8.0
19.0
3.0
1.0
3.0
3.0
3.0
3.0
767.0
12.0
207.0
1.0
2.0
3.0
82.0
351.0
4.0
3.0
8.0
4.0
1.0
33.0
9.0
3.0
1.0
1052.0
4.0
2.0
6.0
1.0
2.0
6.0
4.0
6.0
2.0
1.0
1010.0
5.0
6.0
1.0
399.0
44.0
29.0
16.0
2.0
5.0
8.0
292.0
158.0
84.0
3.0
2.0
1.0
1.0
1.0
2.0
9.0
972.0
2.0
1.0
674.0
2.0
3.0
1.0
1166.0
13.0
1.0
3.0
19.0
1.0
3.0
24.0
3.0
1.0
1.0
16.0
9.0
2.0
3.0
20.0
1.0
1.0
7.0
232.0
3.0
2416.0
3.0
12.0
1.0
28.0
4.0
34.0
3.0
27.0
1.0
1.0
1.0
3.0
1.0
9739.0
6.0
7.0
308.0
1.0
627.0
15.0
1.0
31.0
1.0
7.0
1.0
4.0
180.0
1639.0
2.0
3.0
3.0
2.0
1.0
2.0
1.0
15.0
427.0
4.0
12877.0
8.0
599.0
1.0
5.0
149.0
967.0
3.0
1.0
22.0
4.0
1.0
172.0
713.0
35.0
160.0
4.0
20.0
1.0
3.0
4.0
22.0
4.0
1.0
1.0
2.0
3.0
2.0
1.0
3646.0
2.0
5.0
9.0
1730.0
1.0
2.0
7.0
3.0
47.0
36.0
1.0
5.0
1601.0
3.0
505.0
14.0
1.0
2.0
1.0
7.0
1.0
209.0
16.0
292.0
28.0
1.0
3.0
4.0
3.0
6.0
3.0
1.0
1450.0
369.0
681.0
2.0
63.0
1.0
1.0
12.0
3.0
3.0
5.0
1.0
3.0
3.0
2.0
64.0
2.0
45.0
1.0
88.0
3.0
71.0
1.0
2.0
245.0
4.0
292.0
3439.0
1.0
17.0
34.0
16.0
3.0
4.0
4.0
3.0
1.0
1159.0
19.0
2223.0
1.0
3.0
19.0
1.0
1.0
1.0
1.0
33.0
72.0
18.0
1.0
4.0
1.0
10.0
1.0
1.0
1.0
4.0
3.0
3.0
1.0
5.0
1.0
24.0
456.0
1.0
17.0
1.0
3.0
511.0
9.0
2.0
2.0
1.0
1.0
3.0
1.0
602.0
5.0
20.0
77.0
1.0
9.0
1.0
2.0
1.0
1.0
3.0
3.0
3.0
3.0
10.0
91.0
1032.0
182.0
87.0
3.0
1.0
94.0
3.0
422.0
2.0
4.0
7.0
3.0
4.0
3.0
15.0
1.0
1.0
8.0
488.0
351.0
2.0
120.0
2160.0
36.0
197.0
147.0
3.0
3.0
3.0
1.0
230.0
351.0
1.0
1.0
14.0
8.0
108.0
1.0
1.0
12.0
3.0
3.0
1.0
14.0
4.0
15.0
4.0
65.0
3.0
1.0
8.0
3.0
74.0
779.0
5.0
3.0
1.0
24.0
1.0
16.0
2.0
5.0
44.0
1.0
3.0
36.0
185.0
1.0
6.0
1.0
102.0
3.0
6.0
1.0
12.0
1.0
23.0
1.0
1.0
4.0
2.0
3.0
1.0
582.0
2.0
2.0
22.0
3.0
479.0
1.0
3159.0
9.0
10.0
1.0
135.0
3.0
24.0
84.0
22.0
573.0
5.0
1.0
30.0
1.0
3.0
3.0
9.0
3.0
10.0
156.0
5.0
1.0
47.0
3.0
1.0
4.0
5.0
1.0
1328.0
1.0
3.0
23.0
21.0
27.0
3.0
7.0
7.0
17.0
170.0
192.0
1.0
2.0
2.0
75.0
51.0
1.0
3.0
796.0
2.0
2.0
1.0
1.0
61.0
5.0
65.0
11.0
4496.0
2.0
30.0
208.0
1790.0
86.0
1.0
1140.0
28.0
3.0
4.0
52.0
3.0
3.0
1.0
1.0
2.0
129.0
638.0
4.0
4.0
10.0
111.0
4.0
1.0
2.0
4.0
3.0
192.0
1.0
1.0
1.0
3.0
3.0
351.0
3.0
282.0
11.0
1.0
1.0
3.0
81.0
3.0
3.0
1.0
1.0
758.0
1.0
1.0
9.0
129.0
1.0
1.0
1453.0
1.0
2.0
6.0
2.0
2.0
218.0
512.0
6.0
5.0
34.0
3.0
19831.0
1.0
141.0
601.0
1.0
5.0
2.0
74.0
2.0
4.0
2.0
351.0
6.0
1.0
522.0
298.0
1.0
1.0
1.0
1.0
3.0
1.0
3.0
145.0
9.0
1.0
4.0
2.0
1.0
1.0
7.0
1.0
46.0
1.0
699.0
1.0
1090.0
1018.0
4.0
1.0
1.0
1.0
1.0
31.0
15.0
2.0
1.0
15.0
13.0
1.0
1.0
1.0
6.0
491.0
3.0
1.0
5.0
8.0
11.0
1.0
3.0
13.0
2136.0
2.0
1.0
3.0
1.0
34.0
3.0
6.0
1.0
2.0
3.0
1.0
2.0
1.0
1.0
4.0
29.0
24.0
3.0
1.0
1.0
2.0
5.0
11.0
8.0
3.0
3.0
1.0
102.0
1.0
31.0
1.0
9241.0
74.0
1.0
3199.0
3.0
11.0
1.0
4.0
2.0
3.0
1.0
4.0
668.0
1.0
2.0
331.0
24.0
9.0
2132.0
3.0
3.0
1.0
3.0
1.0
1.0
1.0
3.0
4.0
8.0
2659.0
2.0
13.0
128.0
3.0
350.0
13.0
1.0
41.0
181.0
1.0
25.0
3.0
1.0
48.0
3.0
4833.0
2.0
4.0
1.0
1.0
2.0
2.0
4.0
3.0
386.0
19.0
2.0
1.0
6.0
1.0
22.0
3.0
11.0
3.0
36.0
1014.0
8.0
20.0
1.0
3.0
1.0
19.0
3.0
14.0
1.0
3.0
37.0
1.0
17.0
4.0
3.0
5.0
2.0
29.0
10407.0
73.0
8.0
22.0
3.0
1.0
177.0
9.0
84.0
1.0
293.0
19.0
3.0
6.0
1.0
1.0
1.0
17.0
554.0
148.0
19.0
2.0
7160.0
463.0
3.0
3.0
7.0
1.0
33.0
24.0
1.0
118.0
1.0
6.0
18.0
1.0
201.0
1.0
4.0
1611.0
1366.0
2.0
1.0
8.0
9.0
8.0
28.0
378.0
21.0
696.0
2.0
1.0
4.0
3.0
1.0
9.0
1.0
3.0
3.0
3.0
13.0
18.0
8.0
1.0
7.0
3.0
3.0
5.0
2.0
1.0
3.0
3.0
344.0
1.0
12.0
5.0
89.0
1165.0
2.0
70.0
24.0
1.0
46.0
50.0
1.0
3.0
2.0
2.0
8.0
203.0
529.0
63.0
24.0
1.0
1.0
1.0
227.0
3.0
2.0
2.0
421.0
798.0
2.0
1.0
1.0
3.0
1.0
5.0
4.0
74.0
2.0
4.0
2.0
4.0
3.0
371.0
457.0
7.0
2.0
9.0
1.0
3.0
1.0
2.0
1080.0
39.0
20.0
180.0
1.0
3.0
2.0
43.0
6.0
3.0
3.0
977.0
3.0
19.0
3.0
2.0
3.0
2.0
6.0
596.0
31.0
290.0
3.0
2.0
611.0
1.0
1.0
1.0
21.0
1141.0
19.0
5.0
55.0
1.0
49.0
1.0
67.0
1.0
2.0
3.0
2.0
20.0
1.0
1.0
42.0
116.0
2.0
6168.0
116.0
4.0
3.0
1.0
1.0
50.0
1600.0
9.0
24.0
1.0
307.0
22.0
1.0
28.0
179.0
7.0
2.0
2.0
1.0
1.0
3.0
5.0
339.0
3.0
1.0
1.0
1.0
50.0
1.0
9.0
1.0
27.0
2.0
3.0
2971.0
25.0
1.0
146.0
518.0
2.0
17.0
3.0
1.0
61.0
3.0
1.0
1.0
3.0
10.0
1.0
157.0
97.0
2.0
3.0
79.0
3.0
961.0
1.0
7.0
282.0
43.0
6.0
1.0
18.0
24.0
71.0
6.0
1.0
1.0
60.0
135.0
1.0
1.0
3.0
5.0
8.0
3.0
14.0
25.0
24.0
514.0
10.0
2.0
1.0
32.0
1.0
1.0
201.0
3.0
34.0
1.0
8.0
2.0
1.0
3.0
2396.0
1.0
2.0
1.0
3.0
338.0
8.0
13.0
14.0
2.0
7.0
101.0
16.0
3.0
3.0
45.0
14.0
1.0
2.0
6060.0
342.0
3.0
47.0
3.0
3.0
1.0
130.0
721.0
16.0
42.0
2.0
1.0
1.0
10.0
1.0
1814.0
1.0
1.0
584.0
2.0
13.0
626.0
457.0
1.0
17.0
5551.0
26.0
1.0
35.0
1.0
1.0
1.0
5.0
1.0
1.0
8.0
2.0
1326.0
7.0
1.0
4.0
39.0
1.0
14.0
87.0
1.0
1.0
1.0
3.0
1.0
6.0
1.0
1.0
5756.0
416.0
1.0
1.0
5.0
381.0
4.0
232.0
1.0
1.0
1505.0
1.0
76.0
3.0
1117.0
666.0
2.0
19.0
12.0
3.0
2.0
406.0
175.0
2.0
9.0
1.0
4.0
14.0
6064.0
1.0
2.0
8.0
38.0
516.0
34.0
10.0
111.0
164.0
1.0
2.0
3.0
10.0
1.0
16.0
3.0
1.0
2.0
2.0
313.0
4.0
49.0
3.0
6.0
3.0
32.0
4.0
1.0
31.0
383.0
8.0
9.0
4.0
2.0
16.0
230.0
3.0
2.0
1.0
3.0
1.0
1312.0
1.0
11.0
1.0
25.0
15.0
1197.0
9.0
3.0
351.0
2.0
1.0
3.0
1.0
25.0
2.0
11.0
4.0
39.0
322.0
420.0
1.0
3.0
5.0
685.0
160.0
21.0
16.0
475.0
57.0
1.0
3.0
1616.0
150.0
65.0
5.0
200.0
1.0
4.0
6.0
49.0
12.0
116.0
200.0
1.0
1.0
17.0
1078.0
1.0
11.0
1.0
1.0
7.0
3.0
1.0
23.0
2.0
535.0
1018.0
72.0
53.0
247.0
3.0
2.0
59.0
7.0
1.0
69.0
5.0
1.0
903.0
1.0
14.0
1.0
14.0
26.0
2.0
1.0
41.0
41.0
3.0
189.0
1.0
3.0
950.0
1.0
24.0
8.0
1.0
6.0
1.0
16.0
105.0
1.0
2.0
1.0
5402.0
19.0
6.0
5213.0
19.0
15.0
1.0
7.0
5.0
1.0
3.0
1425.0
1.0
1.0
4.0
3.0
24.0
18.0
15.0
329.0
27.0
2.0
1.0
3.0
3.0
2.0
1.0
11.0
3.0
15.0
5.0
351.0
2.0
3.0
1.0
3.0
1.0
3.0
5.0
1.0
1.0
1.0
54.0
52.0
2.0
3.0
1.0
2.0
17.0
470.0
4.0
476.0
1.0
8.0
407.0
3.0
2.0
1.0
180.0
20.0
6.0
10.0
2.0
1.0
40.0
1.0
10.0
7.0
838.0
9.0
16.0
1165.0
102.0
2.0
1897.0
2.0
1.0
118.0
4.0
2.0
17.0
295.0
151.0
3.0
22.0
425.0
4.0
3.0
4.0
2.0
54.0
1094.0
1.0
7.0
1.0
1.0
1.0
3.0
8.0
12.0
1.0
9.0
12.0
1.0
458.0
1.0
14189.0
24.0
674.0
1.0
6.0
1.0
87.0
2.0
24.0
1.0
6.0
3.0
33.0
14.0
3.0
9.0
2.0
2.0
2.0
3.0
307.0
2.0
1018.0
6.0
51.0
1.0
1.0
3.0
65.0
1.0
8.0
8.0
1044.0
2489.0
1.0
17.0
2.0
512.0
3.0
2.0
3.0
1.0
231.0
1203.0
36.0
1.0
5.0
3.0
3.0
1765.0
22.0
2.0
1.0
2.0
2.0
4.0
2.0
1.0
2.0
1.0
3.0
65.0
7.0
142.0
2.0
29.0
60.0
230.0
16.0
3.0
2230.0
1.0
1.0
3.0
6.0
9.0
3.0
3.0
835.0
1.0
1.0
1.0
14.0
1.0
3641.0
1.0
267.0
9.0
3.0
2.0
14.0
540.0
288.0
324.0
162.0
2.0
306.0
1.0
4.0
1.0
1.0
6.0
1.0
10.0
189.0
3.0
3.0
1.0
3.0
1.0
587.0
1.0
3.0
3.0
59.0
6.0
1.0
1.0
17.0
1.0
4.0
123.0
6.0
1355.0
1.0
16.0
3.0
1035.0
1.0
56.0
292.0
1.0
5.0
3.0
1.0
1.0
4.0
2.0
2.0
15.0
3.0
1.0
1323.0
386.0
3.0
313.0
1.0
3.0
47.0
1.0
9.0
14.0
5.0
1.0
1088.0
1.0
2.0
1.0
4.0
143.0
3.0
1.0
184.0
4.0
596.0
3.0
16.0
24.0
4.0
948.0
1.0
256.0
15.0
1.0
51.0
214.0
79.0
13.0
1.0
1.0
1.0
3.0
1.0
1.0
47.0
1.0
3.0
1.0
1.0
8.0
1.0
3.0
3.0
6.0
4.0
17.0
11.0
1.0
1.0
7.0
44.0
12.0
596.0
8.0
1.0
1.0
1.0
4.0
674.0
5.0
1.0
3.0
1.0
7.0
1.0
8.0
1.0
1.0
3.0
1.0
2.0
5.0
10.0
292.0
3.0
207.0
237.0
35.0
1056.0
13.0
9.0
4.0
1436.0
9.0
3.0
3.0
1.0
1.0
2070.0
1.0
3.0
5.0
88.0
61.0
59.0
9.0
5.0
1.0
3.0
3.0
5.0
82.0
97.0
3384.0
14.0
3.0
28.0
149.0
102.0
1.0
1.0
4.0
7.0
1.0
1.0
1.0
3.0
3431.0
4.0
7.0
1.0
7.0
1.0
6.0
1.0
1.0
58.0
3.0
3.0
3.0
2.0
1.0
3.0
3.0
157.0
1.0
4.0
3.0
14.0
998.0
1.0
22944.0
784.0
1.0
3.0
2.0
6.0
2.0
19.0
22.0
82.0
10.0
13.0
3.0
7.0
779.0
1.0
1.0
1.0
633.0
116.0
1.0
13.0
8.0
2.0
1018.0
4369.0
151.0
179.0
683.0
129.0
2.0
10.0
14.0
5.0
271.0
2.0
2.0
104.0
2.0
49.0
1.0
3.0
164.0
2.0
7.0
18.0
11.0
3.0
21.0
1.0
7.0
11.0
56.0
143.0
31.0
3.0
1.0
85.0
1.0
2.0
1.0
44.0
6.0
1.0
227.0
2.0
2.0
781.0
4.0
778.0
7.0
292.0
3.0
209.0
12.0
641.0
17.0
3.0
9.0
208.0
23.0
24.0
23.0
15.0
3.0
73.0
19.0
1.0
698.0
1.0
32.0
19.0
1.0
1.0
1.0
17.0
1.0
3.0
12.0
2906.0
3.0
1.0
5.0
2.0
1.0
1.0
1723.0
3.0
4.0
4.0
6.0
1.0
166.0
89.0
5.0
3.0
2.0
10.0
1.0
3.0
3.0
2.0
145.0
3.0
15.0
17.0
3.0
15.0
71.0
1.0
105.0
8.0
5.0
1.0
1.0
3.0
2.0
7047.0
3.0
10002.0
319.0
1041.0
3.0
9.0
64.0
1.0
75.0
375.0
108.0
6.0
159.0
3.0
1.0
1.0
9.0
366.0
9.0
6.0
1.0
1.0
1.0
296.0
7.0
3.0
2.0
3920.0
3.0
2.0
2080.0
437.0
5.0
1.0
1.0
3.0
8.0
371.0
282.0
11.0
351.0
1.0
68.0
23.0
1.0
1.0
12.0
3.0
1.0
1.0
51.0
22.0
147.0
7.0
3.0
1281.0
1.0
11.0
1.0
6.0
23.0
545.0
1.0
1.0
8.0
2.0
1.0
1659.0
2.0
2.0
2.0
1.0
87.0
1.0
41.0
24.0
5.0
1.0
3.0
1.0
3.0
65.0
1.0
4.0
16.0
3.0
4.0
6.0
1.0
132.0
2.0
81.0
4.0
3.0
3.0
2.0
2.0
166.0
1.0
5.0
2.0
11.0
4.0
7.0
9.0
2.0
1.0
15.0
5.0
7.0
51.0
7.0
1.0
1.0
31.0
25.0
106.0
1.0
1.0
3.0
5.0
33.0
1.0
222.0
4350.0
44.0
6.0
1.0
5.0
70.0
1.0
4.0
1.0
4.0
6.0
3.0
2.0
102.0
182.0
3.0
1620.0
1.0
937.0
553.0
275.0
29.0
3.0
4.0
156.0
1.0
21.0
1.0
51.0
5.0
9.0
8.0
165.0
1.0
12.0
218.0
9.0
11.0
108.0
3.0
3.0
85.0
4.0
1.0
1.0
1.0
4.0
22.0
1.0
24.0
6.0
1149.0
9.0
1.0
1.0
8.0
2462.0
2.0
1.0
1.0
1.0
69.0
630.0
3.0
28.0
20.0
227.0
1.0
10.0
4.0
959.0
242.0
24.0
1101.0
3.0
17.0
1.0
2.0
1.0
364.0
1.0
4.0
2.0
1.0
7634.0
2.0
16.0
3.0
1.0
8875.0
145.0
1.0
1.0
1.0
1.0
630.0
6.0
16.0
338.0
2223.0
3.0
17.0
2.0
6.0
33.0
1.0
1.0
3.0
66.0
7.0
1.0
831.0
82.0
421.0
446.0
2.0
1.0
3.0
19.0
88.0
3.0
3.0
295.0
51.0
2.0
2.0
3.0
1.0
1.0
2.0
1.0
1559.0
1.0
474.0
1887.0
9.0
28.0
1.0
3.0
3.0
3.0
3.0
1.0
3.0
1.0
875.0
338.0
596.0
75.0
1.0
1.0
10.0
1.0
2.0
1.0
3.0
6.0
3.0
5.0
5.0
3.0
672.0
16.0
26.0
3.0
3.0
3.0
2.0
351.0
1.0
1018.0
1.0
9.0
16.0
68.0
9.0
1.0
1.0
28.0
193.0
3.0
131.0
10.0
3.0
3.0
1.0
3.0
1.0
32.0
12.0
103.0
3.0
2.0
3.0
1.0
46.0
12.0
1326.0
17.0
158.0
1.0
1225.0
7.0
105.0
119.0
20978.0
12.0
9.0
5.0
5.0
2.0
4.0
2.0
3.0
1.0
21.0
1.0
4.0
4.0
14.0
3.0
576.0
862.0
1.0
1.0
5.0
2.0
119.0
5.0
1.0
28.0
1.0
3.0
706.0
4.0
1.0
21.0
1.0
1.0
1.0
717.0
2.0
7.0
1.0
3.0
85.0
1.0
150.0
19.0
236.0
23.0
1.0
7.0
7.0
481.0
293.0
2.0
53.0
3.0
24.0
1.0
2.0
2.0
96.0
4.0
110.0
208.0
3.0
169.0
10.0
70.0
1.0
3.0
1.0
64.0
3.0
6.0
81.0
1.0
1.0
17.0
8.0
1.0
2.0
3.0
8.0
2.0
1.0
2.0
4.0
58.0
23.0
1.0
5.0
1.0
2.0
2.0
5.0
1610.0
8.0
1.0
1.0
1.0
1.0
1.0
2.0
1.0
3.0
21.0
2.0
1.0
1.0
2.0
302.0
14.0
171.0
1.0
617.0
2.0
2.0
3.0
3.0
1.0
1.0
12.0
3.0
1.0
115.0
12.0
29.0
3.0
7.0
149.0
220.0
1.0
70.0
1.0
76.0
2.0
21.0
152.0
215.0
779.0
1.0
47.0
21.0
83.0
3.0
1.0
2.0
1.0
2.0
55.0
9.0
1.0
10.0
79.0
1.0
3040.0
13.0
12.0
24.0
3.0
11.0
8.0
56.0
16.0
1.0
1.0
199.0
1.0
2.0
3.0
1.0
1.0
3.0
2.0
1.0
19.0
17.0
1.0
569.0
86.0
3.0
3.0
2.0
1.0
3.0
1.0
521.0
48.0
1095.0
1.0
122.0
3.0
1.0
4.0
1.0
870.0
1116.0
54.0
107.0
351.0
34.0
3.0
10.0
3660.0
4.0
1.0
9.0
1.0
1.0
1.0
1.0
3.0
3.0
448.0
5.0
91.0
1.0
22.0
6.0
35.0
1.0
18.0
3.0
5.0
8.0
9.0
29.0
1.0
4.0
1.0
2.0
1.0
2.0
65.0
5.0
3.0
44.0
3.0
728.0
40.0
3.0
5.0
7.0
8.0
9.0
33.0
14.0
25.0
3.0
3.0
313.0
3.0
2.0
20.0
1.0
2.0
1.0
3.0
3.0
930.0
2.0
1593.0
3.0
800.0
1.0
28.0
1.0
1.0
1.0
4.0
3.0
3.0
21.0
2.0
1.0
3.0
62.0
8.0
1.0
1.0
1129.0
19.0
17.0
260.0
4.0
3.0
38.0
6.0
9.0
14.0
2.0
1.0
3.0
3.0
2.0
3265.0
1.0
67.0
255.0
3.0
1.0
6.0
1357.0
24299.0
1.0
2.0
12.0
122.0
797.0
144.0
3.0
685.0
24.0
341.0
34.0
7.0
2.0
162.0
1.0
10.0
1.0
1.0
1.0
289.0
8.0
640.0
9.0
296.0
589.0
1.0
1.0
4.0
193.0
9.0
2.0
10.0
57.0
3.0
3841.0
351.0
19.0
44.0
8.0
2593.0
5.0
9.0
22.0
11.0
4.0
694.0
2.0
1.0
3.0
7.0
2.0
1539.0
1018.0
1.0
3.0
2.0
516.0
6.0
9.0
1.0
3.0
2.0
10.0
164.0
5.0
3.0
3.0
1.0
1.0
1.0
3.0
73.0
8.0
4.0
1.0
5.0
15.0
14.0
4.0
890.0
8.0
1.0
1.0
1.0
38.0
1708.0
8.0
1.0
2.0
13.0
306.0
109.0
5.0
6.0
7.0
1.0
1.0
1.0
2.0
3.0
6.0
705.0
2.0
1.0
1.0
1.0
14.0
384.0
1.0
2.0
1.0
20.0
30.0
1.0
26.0
36.0
8.0
3214.0
41.0
73.0
33.0
11.0
29.0
2.0
2.0
2219.0
9.0
2.0
7.0
3.0
63.0
2.0
6168.0
827.0
412.0
19.0
48.0
35.0
44.0
93.0
3.0
8.0
5.0
105.0
765.0
2.0
1.0
1.0
6.0
10.0
7.0
6.0
3.0
2.0
3.0
3.0
3.0
257.0
3.0
19.0
253.0
1.0
3.0
1.0
1.0
3.0
3.0
11.0
31.0
15.0
1.0
1.0
1.0
22.0
2.0
1.0
6.0
1.0
1.0
2.0
33.0
3.0
55.0
2.0
1.0
1.0
2.0
2.0
629.0
3.0
710.0
1.0
2.0
1960.0
1.0
1.0
2.0
26.0
2.0
20.0
3.0
1.0
75.0
1.0
2.0
3.0
1.0
5.0
3.0
3.0
28.0
344.0
432.0
16.0
2.0
4.0
23.0
23.0
636.0
1.0
133.0
1.0
78.0
42.0
47.0
5.0
1.0
4.0
1.0
1439.0
7.0
5.0
6.0
1.0
17.0
1.0
2310.0
43.0
1.0
367.0
12.0
3.0
170.0
347.0
39.0
109.0
3.0
3.0
1.0
42.0
37.0
1.0
8.0
76.0
2.0
9.0
800.0
3.0
83.0
3.0
6.0
524.0
3.0
93.0
177.0
1.0
3.0
3.0
4.0
10.0
99.0
685.0
34.0
1.0
17.0
351.0
711.0
26.0
4.0
3.0
3.0
3.0
6.0
9.0
2.0
17.0
492.0
81.0
8.0
2.0
17.0
3.0
21.0
1759.0
601.0
64.0
2.0
56.0
1.0
3.0
674.0
1.0
3.0
8.0
2.0
1.0
1.0
101.0
19.0
1.0
3.0
1.0
1.0
30.0
2.0
2.0
1.0
6.0
1701.0
1.0
1.0
23.0
3.0
3.0
9.0
37.0
3.0
849.0
2.0
2146.0
320.0
1188.0
337.0
2.0
1.0
3.0
1.0
16.0
13.0
2.0
3.0
1.0
1.0
1.0
1.0
4.0
708.0
1943.0
1.0
1.0
149.0
1047.0
1.0
8.0
11.0
139.0
3.0
1.0
1.0
27.0
19.0
2.0
8.0
2597.0
4113.0
1.0
3.0
1.0
5219.0
1.0
9.0
2.0
1.0
383.0
4.0
3.0
24.0
1.0
3.0
3.0
5.0
9.0
3.0
6.0
1391.0
361.0
6.0
13.0
1.0
1.0
2.0
3.0
19.0
28.0
1.0
55.0
11272.0
1.0
1.0
22.0
3.0
1.0
596.0
1.0
1.0
1.0
12.0
3.0
20.0
1.0
1.0
10.0
1.0
6.0
3.0
9.0
4.0
1.0
406.0
65.0
4.0
370.0
499.0
1.0
565.0
2.0
5.0
674.0
2.0
3.0
1092.0
371.0
305.0
2.0
3.0
1.0
3.0
1420.0
3.0
980.0
3.0
3.0
1.0
3.0
3.0
9.0
10.0
1.0
1.0
59575.0
3.0
132.0
5.0
18.0
3.0
238.0
1.0
1.0
1.0
223.0
1.0
107.0
10.0
20.0
1.0
357.0
3.0
4.0
24.0
25.0
3.0
105.0
1.0
28.0
24.0
3.0
9.0
1.0
17.0
6.0
1.0
3.0
4.0
6.0
366.0
1.0
3.0
10.0
1.0
42.0
1.0
1.0
198.0
173.0
6.0
154.0
421.0
363.0
1.0
582.0
1.0
4.0
1.0
2.0
3.0
12.0
3.0
2.0
2.0
2198.0
2000.0
83.0
1.0
2358.0
8.0
1.0
2.0
9.0
9.0
748.0
1.0
1.0
4376.0
1.0
82.0
3.0
2.0
1.0
3.0
3.0
83.0
1.0
2019.0
362.0
2.0
2.0
8.0
18.0
2.0
3.0
57.0
5.0
6.0
1.0
32.0
1.0
1.0
1.0
56.0
1.0
1.0
2.0
1.0
547.0
122.0
3.0
1.0
1.0
1.0
3.0
10879.0
17.0
1.0
10.0
1.0
1.0
3.0
1354.0
5.0
3.0
1.0
1191.0
1.0
92.0
1322.0
1.0
754.0
96.0
1.0
6.0
1.0
376.0
24.0
3.0
990.0
1.0
3.0
3.0
3.0
2.0
807.0
17.0
2.0
3.0
4.0
157.0
3.0
3.0
3.0
2.0
4.0
3.0
3.0
173.0
1.0
2.0
1.0
3.0
5.0
5.0
3.0
15243.0
512.0
66.0
1.0
6.0
1.0
3.0
2.0
8.0
1.0
1.0
8.0
1.0
3.0
1.0
9.0
37.0
1.0
3.0
74.0
22.0
8.0
1.0
3.0
134.0
13.0
1.0
2.0
6.0
8.0
1.0
7.0
1.0
113.0
1.0
1.0
12.0
1.0
3.0
3.0
8.0
1.0
1.0
77.0
4.0
1.0
1.0
1.0
1.0
31.0
5.0
1.0
9.0
4.0
3.0
8.0
2.0
1.0
117.0
14.0
12.0
16.0
4.0
2060.0
351.0
1.0
1.0
1.0
224.0
682.0
1.0
3.0
67.0
1.0
3.0
2.0
944.0
2.0
37.0
39.0
576.0
6.0
144.0
1.0
3.0
3.0
1.0
1047.0
9.0
313.0
5.0
1085.0
3.0
108.0
3.0
5.0
961.0
3.0
1.0
4.0
1.0
1.0
4.0
8.0
705.0
3.0
1.0
961.0
1.0
122.0
19.0
2.0
3.0
33.0
23.0
2.0
3.0
1.0
8.0
2.0
12.0
3.0
3.0
34.0
9.0
289.0
596.0
4.0
3.0
1.0
324.0
12.0
80.0
1.0
36.0
22.0
6.0
6.0
1.0
3.0
62.0
73.0
217.0
2.0
12.0
1.0
74.0
301.0
128.0
3.0
46.0
3.0
1.0
1.0
128.0
1.0
6.0
6.0
14385.0
4.0
1.0
351.0
4.0
3.0
1.0
3.0
5.0
12.0
5.0
237.0
1.0
9.0
25.0
5.0
5.0
52.0
1.0
1.0
2.0
3.0
1.0
49.0
3.0
9.0
27.0
3.0
1.0
3.0
8.0
1.0
41.0
8.0
3.0
1.0
1.0
2482.0
1.0
560.0
1154.0
203.0
191.0
1.0
1.0
1.0
1.0
143.0
14385.0
6146.0
1121.0
97.0
5.0
153.0
3.0
1.0
199.0
83.0
6.0
1.0
24.0
2.0
3.0
1.0
6.0
4623.0
1.0
1.0
1.0
1.0
59.0
1.0
176.0
15.0
15.0
1.0
4.0
1.0
152.0
1.0
178.0
3.0
4.0
1.0
9.0
1088.0
14.0
1.0
3.0
2.0
994.0
495.0
478.0
6.0
1.0
1.0
923.0
11.0
3.0
182.0
1.0
3443.0
372.0
5.0
2.0
31.0
1.0
1.0
3.0
17.0
278.0
5.0
1.0
2.0
1.0
5.0
1.0
9.0
1661.0
61.0
1272.0
1.0
1704.0
3.0
4.0
180.0
83.0
1.0
476.0
137.0
132.0
259.0
4.0
2.0
1.0
51.0
3.0
3.0
5.0
1.0
2562.0
282.0
44.0
1.0
1.0
1.0
1.0
10.0
75.0
96.0
6.0
9.0
8.0
69.0
2.0
1.0
1.0
1.0
1923.0
2.0
2.0
972.0
29.0
3.0
202.0
296.0
15.0
12.0
10.0
1.0
1.0
336.0
1.0
4.0
4.0
4.0
604.0
1183.0
31.0
3.0
15.0
1.0
2.0
3.0
1.0
19.0
1.0
1.0
461.0
162.0
1934.0
1.0
1.0
65.0
3.0
1427.0
3.0
365.0
4.0
212.0
62.0
3.0
977.0
105.0
46.0
1.0
1.0
1.0
28.0
59.0
6.0
2.0
99.0
1.0
2.0
18.0
2.0
14.0
4.0
1.0
45.0
7.0
3.0
8.0
1.0
24.0
8.0
1.0
1.0
255.0
3.0
65.0
16.0
235.0
1.0
27.0
24.0
3.0
5.0
2933.0
1.0
34.0
1.0
1.0
2.0
152.0
82.0
1.0
877.0
3.0
20.0
3.0
3.0
4.0
3.0
1.0
4.0
65.0
3.0
2.0
206.0
6.0
8.0
1.0
3.0
3.0
1.0
2.0
125.0
12.0
1.0
15.0
1.0
1.0
2.0
20.0
3.0
4.0
1.0
3.0
4480.0
5.0
11.0
4.0
128.0
2.0
2.0
1.0
14.0
3.0
2.0
1.0
8.0
79.0
3.0
3.0
1.0
2.0
1077.0
3.0
1.0
20.0
76.0
142.0
25.0
4.0
6.0
20.0
2.0
3.0
2.0
3.0
1.0
108.0
2.0
164.0
13936.0
24.0
5.0
30.0
62.0
168.0
1.0
3.0
3.0
30.0
1.0
266.0
1.0
46.0
7.0
3.0
3.0
1666.0
1.0
750.0
4.0
1.0
3.0
1.0
45.0
5.0
7.0
3.0
1049.0
5.0
1.0
5.0
2.0
5.0
31.0
3.0
2.0
4.0
1.0
2.0
118.0
17.0
11.0
4.0
5.0
10.0
685.0
1.0
3.0
3.0
3.0
1.0
2.0
19.0
10.0
1.0
55.0
97.0
2.0
13.0
155.0
15.0
1531.0
96.0
1.0
1.0
1.0
10.0
800.0
100.0
3.0
6.0
1.0
25.0
4624.0
1.0
7.0
42.0
35.0
1.0
1.0
251.0
15.0
4.0
1.0
30.0
720.0
4.0
1.0
2.0
1.0
3.0
4.0
1.0
5.0
21.0
279.0
3.0
11397.0
32.0
4.0
4.0
11.0
1.0
425.0
1.0
3.0
1.0
2.0
364.0
226.0
3.0
682.0
1.0
705.0
4.0
977.0
3.0
3.0
5.0
6.0
1.0
26.0
10.0
129.0
32.0
4.0
2.0
4.0
351.0
5.0
3.0
86.0
7.0
3.0
1.0
1.0
1.0
2.0
516.0
3129.0
351.0
8.0
1.0
3.0
4.0
6.0
13.0
1.0
1431.0
9.0
3.0
3.0
3.0
1.0
1.0
1.0
239.0
12.0
1.0
3.0
38.0
1.0
6912.0
1193.0
1.0
6.0
9.0
2.0
3.0
73.0
3.0
1.0
1714.0
1399.0
27.0
25.0
3.0
4.0
3.0
1.0
55.0
1694.0
3.0
1596.0
2263.0
3.0
8.0
1.0
2.0
72.0
17.0
28.0
8.0
420.0
1.0
1.0
1.0
1.0
18.0
4.0
3.0
3.0
4.0
1.0
596.0
1.0
5.0
2.0
1.0
15.0
944.0
471.0
5.0
1.0
5.0
1.0
3.0
19.0
1.0
1.0
1.0
3.0
968.0
5.0
1.0
7.0
49.0
762.0
685.0
2.0
3.0
989.0
64.0
2.0
3.0
2.0
93.0
4.0
3.0
24.0
1.0
570.0
1.0
11.0
1.0
3.0
21.0
3.0
258.0
53.0
3.0
1.0
1747.0
4.0
3.0
1.0
1.0
4.0
3.0
3.0
2.0
102.0
3.0
11.0
1001.0
75.0
2.0
2.0
3.0
1.0
282.0
4.0
2.0
1.0
1.0
30.0
1.0
27.0
1.0
6.0
1.0
1.0
8.0
4.0
8.0
14.0
1.0
150.0
4.0
611.0
3.0
12.0
15.0
187.0
2.0
2.0
129.0
1.0
1018.0
3.0
1.0
357.0
3.0
1.0
3.0
8.0
5.0
1001.0
16.0
750.0
111.0
1490.0
509.0
4.0
5756.0
23.0
83.0
1.0
3.0
21.0
1.0
961.0
2.0
81.0
14.0
3.0
4.0
380.0
6.0
1610.0
16.0
1.0
1.0
7.0
33.0
1.0
1.0
1.0
803.0
9.0
5.0
1.0
9.0
4.0
3.0
1.0
2.0
370.0
1.0
479.0
20.0
6.0
8.0
860.0
15.0
1.0
613.0
233.0
4.0
66.0
103.0
9.0
22.0
1.0
1.0
21.0
2.0
6.0
8.0
1.0
1.0
3.0
26.0
1.0
3.0
1.0
5.0
1.0
1.0
617.0
1061.0
1.0
1.0
4.0
4.0
351.0
19.0
1.0
168.0
1.0
10.0
8.0
187.0
1.0
1.0
1.0
33.0
10.0
1965.0
3.0
6.0
3.0
19.0
3.0
1.0
2.0
27.0
697.0
1.0
1.0
66.0
19.0
5.0
3.0
4.0
3.0
3.0
16.0
1.0
19.0
2.0
29.0
4.0
1.0
558.0
19.0
1522.0
1.0
376.0
5.0
1.0
739.0
44.0
1.0
1430.0
28.0
16.0
3.0
4.0
25.0
6470.0
1.0
21.0
2.0
3.0
23.0
1.0
1.0
3.0
7.0
4377.0
878.0
19.0
1.0
234.0
3.0
2.0
87.0
512.0
1.0
3.0
1019.0
1.0
2.0
1.0
1.0
17.0
1.0
1.0
45.0
4.0
4.0
270.0
5.0
4.0
712.0
1.0
529.0
3875.0
55.0
1.0
7.0
71.0
51.0
16031.0
2.0
17.0
1.0
1.0
2.0
1.0
42.0
5.0
1.0
538.0
5.0
1.0
1018.0
389.0
4.0
6.0
112.0
1.0
3.0
1.0
2.0
2.0
3.0
1.0
1.0
1.0
3.0
1.0
3.0
1.0
2.0
3.0
390.0
5.0
2.0
2.0
1.0
1.0
836.0
2000.0
3.0
126.0
1.0
1.0
1.0
103.0
18.0
18.0
2.0
1389.0
20.0
8.0
2.0
125.0
3.0
668.0
23.0
1.0
5.0
19.0
1217.0
2.0
5.0
4.0
1.0
1018.0
1507.0
3.0
1.0
1.0
451.0
3.0
1.0
1.0
3.0
33.0
3103.0
5.0
1.0
1.0
1175.0
1.0
22.0
1.0
596.0
3.0
1.0
11.0
84.0
87.0
32120.0
2.0
50.0
1.0
70.0
100.0
1.0
309.0
4.0
8.0
1.0
1.0
3.0
1.0
25.0
424.0
1.0
629.0
13.0
3.0
5.0
2.0
23.0
4.0
1.0
1542.0
1.0
170.0
24.0
961.0
2.0
1.0
376.0
44.0
1.0
3.0
158.0
1.0
3.0
1.0
5.0
15.0
2.0
2.0
37.0
3.0
3.0
3.0
16.0
113.0
4.0
24.0
9.0
2.0
96.0
56.0
14.0
1.0
1.0
714.0
1.0
2.0
1.0
3.0
13.0
3.0
1.0
1.0
3.0
126.0
101.0
2.0
2.0
17.0
1.0
3.0
16.0
5.0
5.0
8.0
124.0
22.0
2.0
62.0
3.0
19.0
1.0
9.0
58.0
22.0
2.0
36.0
16.0
6.0
1787.0
3.0
34.0
3.0
2.0
24.0
3.0
314.0
1.0
1.0
3.0
2.0
15.0
17.0
1.0
1071.0
1.0
5.0
370.0
36613.0
14.0
489.0
1.0
5.0
1.0
11.0
5.0
215.0
1.0
131.0
4.0
1.0
7.0
3.0
189.0
2.0
774.0
4.0
1053.0
4.0
278.0
202.0
1483.0
331.0
827.0
7.0
3.0
119.0
9.0
1.0
2.0
2.0
900.0
3.0
145.0
3.0
1396.0
3.0
2571.0
5.0
1.0
1.0
1.0
2.0
111.0
1.0
2.0
2.0
3.0
2.0
1.0
5.0
1.0
1.0
596.0
4.0
4.0
2.0
1.0
6.0
1.0
2.0
1.0
24.0
3.0
288.0
35.0
1.0
1.0
5.0
3.0
2.0
12.0
67.0
1.0
5.0
1.0
7.0
1.0
2381.0
31.0
3.0
3.0
24.0
3.0
369.0
3.0
6.0
1.0
1.0
2.0
108.0
34.0
3.0
2.0
3.0
1.0
4.0
1.0
3.0
1.0
3.0
717.0
1.0
943.0
108.0
1.0
3.0
39.0
1.0
2.0
288.0
1.0
213.0
1.0
1.0
151.0
1.0
18.0
288.0
4.0
24.0
1.0
36.0
2.0
3.0
581.0
1.0
1.0
1.0
351.0
242.0
14.0
1.0
4.0
9.0
4.0
138.0
19.0
48.0
4.0
9.0
5.0
69.0
3.0
13031.0
18.0
1.0
182.0
3.0
3.0
1.0
1.0
5.0
4.0
1041.0
2.0
6.0
1025.0
2532.0
1.0
3.0
3.0
3.0
39.0
6558.0
1.0
4.0
571.0
13.0
3.0
7.0
3.0
2.0
1092.0
2705.0
3.0
8.0
152.0
1.0
3.0
23.0
2.0
92.0
2.0
1.0
9.0
4.0
1.0
2272.0
9.0
4.0
65.0
9.0
1.0
4.0
1.0
1.0
1.0
35.0
49.0
1.0
1.0
1.0
1.0
7.0
1.0
3970.0
5.0
3.0
1.0
62.0
12.0
5.0
290.0
3.0
4.0
11565.0
5.0
1.0
696.0
3.0
97.0
206.0
1.0
3.0
8.0
2443.0
4.0
3.0
1.0
1.0
4.0
1.0
22.0
3.0
3.0
1.0
3.0
102.0
69.0
2.0
3.0
4.0
2.0
912.0
4.0
9.0
1.0
307.0
152.0
1.0
66.0
4.0
1.0
1.0
4.0
3.0
3.0
4.0
16.0
11.0
8.0
1.0
16.0
889.0
677.0
2.0
1.0
90.0
6.0
2.0
211.0
2.0
1.0
7.0
36.0
51.0
4.0
84.0
147.0
1494.0
145.0
3.0
4.0
891.0
30.0
7.0
15.0
17.0
1.0
21.0
11.0
1.0
8.0
22.0
17.0
6075.0
4.0
5.0
2.0
1170.0
75.0
4.0
281.0
31.0
1.0
2.0
4.0
1018.0
2.0
8.0
43.0
344.0
96.0
1.0
2.0
113.0
1.0
1.0
543.0
2.0
3.0
24.0
2.0
1033.0
3.0
7.0
80.0
3.0
29821.0
3.0
130.0
23.0
1.0
10.0
1.0
2.0
3.0
59.0
99.0
4.0
9.0
235.0
3.0
11.0
1.0
3.0
1022.0
23.0
340.0
2440.0
2.0
3.0
3.0
3.0
1.0
2.0
1.0
2.0
1.0
1.0
2.0
3.0
24.0
7.0
11.0
3.0
8.0
387.0
17.0
3.0
3.0
5.0
1.0
1.0
24.0
1.0
1.0
2.0
47.0
24.0
3.0
1.0
351.0
16.0
9.0
3.0
9.0
17.0
3.0
9.0
1044.0
9.0
3.0
3.0
1.0
28.0
6.0
72.0
43.0
1.0
1.0
21.0
1.0
2.0
47.0
134.0
30.0
579.0
253.0
1.0
317.0
24.0
7.0
12.0
234.0
7.0
1.0
1.0
3.0
1.0
30.0
3.0
27.0
864.0
1.0
1.0
591.0
9.0
1594.0
4.0
1.0
152.0
908.0
22.0
19.0
3.0
52.0
103.0
129.0
1.0
1.0
15.0
3.0
1.0
24.0
1.0
7.0
8.0
717.0
7.0
1.0
17.0
9.0
1033.0
5.0
4951.0
571.0
433.0
2107.0
60.0
4.0
30.0
1.0
34.0
1.0
1.0
681.0
4289.0
2.0
1.0
1.0
14.0
68359.0
1.0
883.0
1246.0
801.0
134.0
1.0
4.0
1.0
4.0
1.0
102.0
27.0
409.0
23327.0
6.0
19.0
8.0
4.0
3.0
1.0
673.0
52.0
49.0
215.0
1.0
138.0
1.0
51.0
2.0
39.0
1.0
64.0
1.0
3.0
19.0
55.0
9.0
28.0
3.0
2.0
1.0
93.0
2.0
1.0
19.0
368.0
2892.0
2.0
3.0
1.0
2.0
6.0
1.0
1.0
27.0
3.0
43.0
2353.0
1.0
9.0
1.0
4.0
3.0
54.0
1.0
8.0
233.0
42.0
1.0
12.0
1.0
8.0
4.0
1.0
19.0
338.0
9.0
1.0
7.0
149.0
3.0
1044.0
2.0
3.0
1.0
4.0
21844.0
801.0
2.0
6.0
3.0
1054.0
425.0
2.0
1.0
15.0
2.0
72.0
961.0
926.0
1.0
5.0
19.0
8.0
3.0
3.0
10.0
3.0
1.0
16.0
13.0
17.0
23.0
1.0
3.0
3.0
3.0
1.0
14.0
1.0
1.0
12.0
1.0
15.0
5.0
4.0
5.0
3.0
105.0
2.0
3.0
4.0
1.0
1.0
2.0
3.0
2.0
1.0
4.0
60.0
1926.0
17.0
232.0
40.0
22.0
1826.0
286.0
1.0
1716.0
1.0
3.0
23.0
5.0
543.0
3.0
1411.0
1.0
9.0
591.0
3.0
3.0
3.0
17.0
3.0
211.0
1303.0
6.0
3.0
4.0
1.0
11.0
1.0
29.0
350.0
93.0
2.0
4594.0
69.0
1.0
6.0
1.0
156.0
61.0
2.0
1.0
5.0
10.0
7.0
977.0
18.0
173.0
10.0
2.0
7.0
5.0
1491.0
1.0
1.0
22.0
1.0
14.0
1.0
801.0
11.0
1.0
5.0
1.0
1.0
248.0
1.0
1.0
1.0
5.0
7.0
13647.0
44.0
256.0
3.0
1.0
1.0
290.0
12.0
1.0
1257.0
1.0
1.0
1.0
8.0
1.0
1.0
538.0
5.0
101.0
3.0
1.0
7.0
2.0
2.0
2.0
1.0
22.0
638.0
2.0
1942.0
102.0
14.0
4047.0
2.0
3.0
13.0
22.0
120.0
355.0
2.0
3.0
1.0
5.0
12.0
1.0
1.0
3.0
1602.0
1.0
2.0
153.0
7.0
5.0
51.0
4.0
1.0
3.0
1.0
2.0
2.0
3.0
1.0
1.0
8.0
4.0
589.0
1.0
2001.0
1295.0
3.0
1.0
6.0
16.0
3.0
1.0
1.0
23.0
3.0
148.0
3.0
8.0
24.0
13.0
55.0
7.0
32.0
7.0
36.0
3.0
21.0
3.0
33.0
2.0
151.0
10.0
689.0
3.0
61.0
4.0
4.0
19.0
1556.0
47.0
3.0
4.0
1.0
858.0
2.0
1.0
338.0
2.0
1.0
254.0
3.0
1.0
102.0
6.0
3.0
3.0
3.0
1.0
27.0
171.0
3.0
3.0
11.0
1.0
1.0
2.0
12.0
31.0
17.0
1193.0
59.0
3806.0
1.0
13.0
3.0
4.0
1.0
1.0
70.0
7.0
103.0
3.0
2.0
128.0
512.0
3.0
1.0
2.0
39.0
1.0
1.0
3.0
1.0
2.0
24.0
2.0
7.0
3.0
1.0
9.0
4.0
1.0
2999.0
10.0
3.0
1.0
19.0
2.0
101.0
11.0
4.0
3.0
5.0
895.0
13.0
3.0
21.0
3.0
2.0
1170.0
8.0
1.0
229.0
270.0
1.0
190.0
1.0
1.0
6.0
1.0
72.0
6.0
358.0
4.0
1.0
668.0
1125.0
6.0
1.0
11.0
19.0
4.0
102.0
234.0
3.0
24.0
1.0
1.0
3.0
1.0
4.0
400.0
3.0
68.0
6.0
3.0
1.0
71.0
3.0
1888.0
28.0
3.0
3.0
1.0
3.0
1.0
75.0
2.0
1352.0
5.0
1.0
1.0
1.0
1.0
27.0
2.0
1.0
1.0
16.0
16568.0
140.0
24.0
1.0
1755.0
4.0
2.0
117.0
1.0
31.0
2.0
21.0
206.0
10.0
495.0
3.0
770.0
1.0
610.0
2.0
3103.0
3.0
2.0
18.0
3.0
3.0
634.0
1.0
1.0
48.0
2.0
1.0
1.0
1.0
4.0
10.0
453.0
7.0
3.0
1.0
1.0
3.0
44.0
126.0
1.0
6.0
143.0
1.0
2.0
9.0
1.0
1.0
14.0
5.0
45.0
23.0
9.0
1.0
206.0
2430.0
1.0
4.0
1.0
305.0
20.0
3.0
1.0
33.0
30.0
2.0
3.0
4.0
2.0
3.0
3.0
1.0
7.0
12.0
1.0
1.0
2.0
5.0
12.0
4.0
2.0
1.0
2.0
3.0
2.0
2.0
6.0
2.0
1.0
3.0
3.0
2.0
194.0
5.0
3.0
1.0
81.0
40.0
16.0
5.0
1.0
36.0
2.0
221.0
1032.0
12.0
14.0
8.0
3.0
1.0
1.0
40.0
3.0
19.0
5665.0
4.0
8.0
1.0
5.0
17.0
3.0
7.0
3.0
1.0
3.0
1.0
1.0
4.0
637.0
5.0
7.0
86.0
1.0
3.0
473.0
1684.0
186.0
1.0
1.0
3.0
555.0
33.0
5.0
3.0
1.0
3.0
1.0
1.0
3.0
1.0
191.0
104.0
3.0
22.0
3.0
1.0
1.0
3.0
75.0
150.0
1.0
1.0
4.0
1.0
15.0
421.0
452.0
12.0
10.0
1832.0
972.0
1.0
5.0
1.0
3.0
1.0
3630.0
34.0
11.0
442.0
1.0
31.0
2.0
1504.0
4.0
1.0
1.0
110.0
2.0
2.0
3.0
58.0
7.0
1.0
2.0
7.0
256.0
1.0
1.0
8.0
2.0
3.0
3.0
1646.0
3.0
972.0
389.0
1.0
49.0
20.0
677.0
8.0
3.0
4.0
1.0
1.0
1.0
2.0
27.0
1.0
19.0
2.0
1.0
484.0
7.0
103.0
1.0
5.0
1360.0
37.0
896.0
4.0
3.0
1.0
156.0
1018.0
4.0
980.0
15.0
5.0
1.0
1.0
2346.0
3.0
65.0
2.0
4.0
3.0
3.0
1.0
2.0
15.0
3.0
24.0
19.0
2.0
41.0
1.0
1.0
3.0
6.0
22.0
57.0
2.0
16.0
4.0
8.0
1.0
2.0
3.0
4.0
55.0
1.0
2.0
3.0
16.0
5.0
53.0
50.0
307.0
1.0
3.0
2.0
80.0
1.0
3.0
2.0
28.0
16.0
8.0
1.0
3.0
3.0
1.0
3.0
1.0
1.0
4.0
5.0
163.0
256.0
1.0
29.0
1.0
1.0
3.0
2.0
55.0
9.0
4576.0
23.0
418.0
16.0
742.0
694.0
4.0
1.0
3.0
393.0
168.0
29.0
1.0
4.0
52.0
114.0
10.0
11.0
51.0
2.0
12.0
6.0
3.0
1.0
2.0
1.0
5.0
2.0
658.0
1.0
1.0
12406.0
46.0
3.0
1.0
5.0
21.0
24.0
183.0
1.0
3.0
351.0
1848.0
2.0
3.0
2.0
2.0
1.0
4.0
1.0
2.0
1.0
4.0
3.0
1.0
4.0
1.0
4.0
1.0
7.0
8.0
5.0
293.0
8.0
4.0
5383.0
60.0
8.0
1.0
95.0
1.0
4.0
9.0
1.0
1.0
63.0
10.0
2.0
472.0
3.0
421.0
3.0
144.0
472.0
36.0
1.0
1944.0
5.0
1.0
4.0
10.0
3.0
2.0
3.0
149.0
3.0
1.0
5.0
1.0
1.0
2.0
6.0
2.0
3.0
3.0
10.0
65.0
117.0
5.0
4.0
41.0
351.0
8.0
3.0
1.0
17.0
3.0
2.0
1.0
4.0
1.0
9.0
39.0
6.0
24.0
253.0
9.0
59.0
34.0
22.0
2.0
1.0
3.0
7.0
641.0
2.0
489.0
8.0
3.0
3.0
1.0
4.0
48.0
4.0
32.0
2.0
3.0
1.0
4.0
3.0
1.0
1.0
2.0
1.0
1014.0
3.0
3.0
1.0
6.0
3.0
4.0
3.0
9.0
2.0
75.0
1.0
20.0
1.0
8.0
766.0
3.0
5.0
246.0
1.0
3.0
3.0
4.0
1.0
4.0
226.0
3.0
7.0
15.0
13.0
27.0
1.0
717.0
3.0
2.0
1.0
79.0
3.0
20.0
41.0
1217.0
1.0
9.0
569.0
1.0
333.0
1427.0
1.0
3.0
1.0
14.0
3.0
27.0
1.0
4.0
4.0
7.0
2.0
1.0
2.0
2.0
7.0
7.0
3.0
41.0
3.0
21.0
3.0
5.0
3.0
1.0
19.0
1.0
205.0
1.0
3.0
244.0
1.0
3.0
1.0
4.0
1.0
1.0
2.0
17.0
9.0
9.0
1144.0
1.0
1.0
1.0
3.0
5.0
5.0
1573.0
5.0
15.0
148.0
30.0
1.0
1.0
2.0
1.0
2.0
1.0
982.0
6.0
12.0
2.0
5.0
71.0
56.0
1.0
33.0
3.0
3.0
1.0
106.0
138.0
5188.0
1.0
4.0
2.0
44.0
1.0
1.0
59.0
1.0
14.0
3.0
30.0
1.0
47.0
3.0
27.0
6859.0
1.0
2.0
3.0
4.0
21.0
157.0
4.0
15.0
4.0
4.0
1269.0
39.0
5.0
78.0
23.0
1.0
2771.0
5.0
6.0
5.0
17.0
2.0
58.0
2.0
6.0
16.0
1.0
3.0
3.0
6.0
1.0
1.0
2.0
1.0
18.0
4.0
1.0
596.0
95.0
2.0
364.0
1.0
15.0
1.0
9.0
2.0
2.0
64.0
2.0
265.0
1.0
186.0
1195.0
692.0
133.0
415.0
1.0
4.0
1.0
156.0
2.0
3.0
259.0
1.0
6.0
20.0
13.0
17.0
488.0
2.0
1.0
132.0
3.0
1.0
23.0
1.0
14.0
3.0
1.0
1.0
1.0
5.0
5.0
88.0
1.0
21.0
3.0
9.0
1.0
7.0
146.0
1.0
65.0
1.0
8.0
75.0
1.0
1.0
3.0
562.0
27.0
1194.0
2.0
19.0
5.0
1.0
10.0
2.0
3.0
8.0
1.0
4.0
2.0
6.0
2.0
3299.0
3.0
2.0
3.0
1.0
1.0
4.0
18.0
1.0
7.0
2.0
2.0
5.0
1.0
1604.0
103.0
71.0
1804.0
1.0
1.0
2.0
11.0
1.0
1.0
1.0
11.0
173.0
5.0
4.0
40.0
2.0
9.0
3.0
3.0
7.0
1.0
5.0
842.0
552.0
2.0
1088.0
9.0
1.0
85.0
1.0
5.0
4.0
451.0
4.0
1.0
2.0
5.0
24.0
1.0
3.0
4.0
2.0
3.0
1.0
5.0
3.0
2.0
75.0
1.0
351.0
1502.0
24.0
710.0
2.0
892.0
573.0
2.0
30.0
2.0
1.0
9.0
1.0
6.0
13.0
9.0
3.0
4.0
4149.0
4.0
315.0
3.0
2.0
1.0
3.0
81.0
992.0
3.0
1.0
2.0
967.0
1.0
1.0
745.0
7.0
28.0
7.0
3.0
5.0
4.0
1.0
1.0
543.0
2.0
7165.0
10.0
16.0
4.0
3.0
1.0
4.0
281.0
25.0
3.0
1.0
1.0
57.0
24.0
1.0
2.0
3.0
4.0
3.0
80.0
5.0
1.0
6.0
3.0
6.0
7.0
2.0
1.0
3.0
1.0
30.0
3.0
3.0
1.0
1.0
1.0
1.0
9.0
1.0
1.0
54.0
1979.0
1.0
1.0
3.0
47.0
2.0
3.0
7.0
186.0
2.0
2.0
2.0
73.0
17.0
3.0
172.0
4.0
3.0
3.0
4.0
5.0
24.0
103.0
185.0
313.0
1.0
36.0
3.0
32.0
1.0
9.0
4.0
1.0
2.0
503.0
19.0
2.0
1.0
1.0
2.0
11.0
3.0
6.0
4.0
100.0
9369.0
1.0
1.0
1.0
2.0
74.0
169.0
1.0
19.0
5.0
1.0
3.0
41428.0
1.0
5621.0
338.0
23.0
1135.0
3.0
1.0
20.0
2.0
1.0
2.0
40.0
21.0
2.0
1.0
1.0
40.0
33.0
2.0
5.0
3.0
3.0
3.0
8056.0
3.0
404.0
6.0
193.0
1.0
3.0
1.0
3.0
430.0
4.0
710.0
14.0
22.0
2.0
29.0
11.0
497.0
2.0
2.0
77.0
2.0
2.0
1.0
3.0
2.0
2.0
5.0
1.0
10.0
71.0
4.0
3.0
163.0
97.0
8.0
3.0
2596.0
4.0
39.0
3.0
16.0
2.0
3609.0
5.0
3.0
4.0
3.0
4.0
13.0
15.0
1.0
3.0
10.0
1.0
2.0
21.0
27.0
96.0
3.0
1.0
9.0
4.0
1.0
1.0
1159.0
1.0
21.0
9.0
1078.0
9.0
1.0
3.0
122.0
1.0
1.0
2.0
6.0
3.0
1.0
550.0
7.0
1.0
6.0
1.0
359.0
1.0
4.0
2.0
3.0
35.0
7.0
2.0
1018.0
65.0
2.0
1.0
141.0
2.0
1.0
13.0
1.0
638.0
1.0
1.0
10.0
1.0
2.0
6.0
249.0
1.0
9.0
3.0
2.0
542.0
16.0
1.0
162.0
11.0
9.0
1.0
52.0
41.0
2.0
3.0
7.0
78.0
1.0
2.0
24.0
6.0
1124.0
118.0
1.0
3.0
3.0
16.0
1.0
3.0
1.0
1.0
1.0
3.0
234.0
1.0
626.0
9.0
10.0
1.0
5.0
16.0
1360.0
3.0
1.0
1.0
8.0
62.0
1.0
84.0
48.0
3.0
5.0
1.0
67.0
1668.0
35.0
2.0
2.0
102.0
16.0
1.0
5.0
1.0
212.0
3574.0
3.0
3.0
1.0
8.0
2.0
1.0
948.0
75.0
886.0
29.0
5.0
69.0
16.0
3.0
4.0
10.0
3.0
10.0
1.0
32.0
720.0
4.0
7.0
8.0
3.0
686.0
1.0
25.0
1.0
8.0
1.0
1055.0
3.0
121.0
3.0
1.0
2.0
1.0
20.0
9.0
3.0
3123.0
1.0
1.0
123.0
1.0
47.0
24.0
7.0
1.0
30.0
7.0
9.0
4.0
7.0
1.0
3.0
1.0
5.0
10.0
3574.0
1.0
16.0
3.0
1.0
2.0
45.0
309.0
92.0
1314.0
1.0
1.0
1.0
4.0
232.0
3.0
68.0
46.0
1.0
3.0
99.0
1.0
11.0
1.0
8.0
1.0
7.0
1424.0
2.0
3.0
82.0
4.0
1.0
3.0
3.0
3.0
3.0
76.0
515.0
35.0
3.0
2.0
1.0
388.0
1.0
2.0
1.0
91.0
8.0
4.0
1.0
1.0
234.0
3.0
1.0
4.0
1.0
3.0
58.0
3.0
1.0
1.0
6.0
10.0
134.0
1.0
1.0
290.0
313.0
548.0
8.0
2.0
2.0
1.0
151.0
36.0
1.0
1.0
1.0
1.0
62.0
14189.0
8.0
2.0
1130.0
15.0
15.0
1521.0
2.0
1.0
1130.0
8.0
1.0
30.0
5.0
1.0
554.0
6.0
5.0
2.0
7.0
1.0
3.0
492.0
3.0
2.0
1.0
6933.0
1.0
1.0
15.0
421.0
5.0
15.0
6.0
29.0
2.0
6.0
1.0
5.0
1.0
571.0
3.0
18.0
2.0
6.0
3.0
1.0
2.0
580.0
19.0
2.0
8.0
24.0
1.0
4.0
2.0
1.0
1.0
12.0
3.0
105.0
62.0
1.0
1.0
1942.0
102.0
27.0
10.0
145.0
682.0
46.0
586.0
7.0
27.0
242.0
24.0
3.0
2.0
1.0
2.0
2.0
4.0
9.0
6.0
7.0
2.0
5.0
1.0
4.0
4.0
1.0
97.0
10.0
1.0
1.0
1.0
404.0
76.0
19.0
347.0
4.0
1.0
1.0
1.0
3.0
1.0
75.0
3.0
18.0
15.0
1.0
14.0
9.0
1.0
1.0
6.0
2.0
1.0
8.0
1.0
2.0
1.0
34.0
2.0
886.0
1.0
1019.0
3.0
1.0
329.0
3.0
16.0
26.0
138.0
341.0
6.0
218.0
1.0
6.0
2.0
3.0
5.0
5.0
3.0
4.0
4.0
1.0
72.0
1.0
1.0
1.0
3.0
9.0
1.0
1.0
1.0
3.0
41.0
8.0
13.0
1.0
11.0
54.0
1.0
2.0
21.0
1.0
2.0
2.0
3.0
1.0
104.0
1.0
351.0
2.0
88.0
3.0
1.0
1.0
76.0
1.0
14555.0
1.0
1.0
3.0
10.0
1.0
1.0
2.0
8.0
12.0
2.0
4.0
14.0
119.0
19.0
1.0
3.0
4.0
1.0
266.0
17.0
2.0
4.0
19.0
3.0
672.0
10.0
81.0
3.0
5.0
16.0
5.0
257.0
2.0
3.0
11.0
13.0
1.0
1.0
5.0
1.0
28.0
14.0
3.0
1.0
3.0
267.0
55.0
3.0
3.0
176.0
3.0
3.0
59.0
4.0
5.0
5.0
3.0
1.0
1.0
1.0
3.0
246.0
3.0
86.0
1.0
2.0
924.0
9.0
8.0
2.0
64.0
4.0
3.0
278.0
8.0
55.0
2.0
99.0
185.0
1.0
3.0
1.0
3.0
45.0
3.0
294.0
1.0
106.0
1.0
1.0
8.0
42.0
3277.0
3.0
2.0
11.0
3.0
1.0
131.0
10.0
1.0
1.0
1.0
2.0
3.0
468.0
1474.0
1.0
4.0
184.0
3.0
1.0
3.0
3.0
69.0
1.0
1.0
80.0
19.0
3.0
1.0
22.0
6.0
1.0
1.0
36.0
714.0
1.0
3.0
4.0
94.0
19.0
2.0
44.0
1.0
3.0
1.0
3.0
1.0
351.0
10.0
5.0
11.0
1.0
1.0
2.0
596.0
63.0
24.0
2.0
2.0
1.0
14.0
1.0
2.0
1.0
1.0
5.0
1.0
7.0
1.0
22.0
28.0
13.0
276.0
3.0
3.0
1.0
2.0
3.0
3.0
1.0
1.0
4.0
1.0
3.0
20.0
1.0
11.0
44.0
5828.0
31.0
3.0
290.0
8.0
80.0
3.0
3.0
2.0
3.0
2.0
4.0
1643.0
1.0
3.0
3.0
949.0
3.0
16.0
230.0
8.0
14189.0
290.0
3.0
2.0
1.0
887.0
73.0
1.0
1.0
110267.0
1.0
42.0
1.0
11.0
2.0
3.0
1.0
6.0
12.0
1.0
6.0
2.0
4.0
1.0
9767.0
1.0
9.0
7.0
2.0
3295.0
1.0
3.0
21.0
318.0
5.0
217.0
8.0
1.0
31.0
1.0
5.0
4.0
9.0
3.0
6.0
3.0
3.0
34.0
2.0
167.0
4.0
3.0
87.0
52.0
112.0
3.0
3.0
35.0
1.0
687.0
2.0
29.0
31.0
1.0
7.0
3.0
790.0
1.0
12.0
12.0
3.0
13.0
288.0
76.0
3.0
1.0
49.0
19.0
3.0
2.0
39.0
40.0
14.0
17.0
1.0
96.0
1.0
137.0
4.0
60.0
2.0
744.0
1.0
1.0
3.0
10.0
1.0
3.0
4.0
3.0
1.0
2.0
548.0
3.0
1.0
3.0
1.0
1.0
9.0
3.0
177.0
1.0
1.0
694.0
4.0
351.0
16.0
1.0
3.0
25.0
4.0
584.0
2.0
3.0
2.0
3.0
12.0
4.0
2061.0
693.0
12.0
1025.0
1.0
3.0
268.0
3.0
11.0
1.0
293.0
1.0
116.0
2048.0
175.0
6.0
3.0
56.0
31.0
4.0
10.0
8.0
697.0
2.0
1.0
292.0
56.0
1.0
108.0
1.0
3.0
1.0
1.0
49.0
1522.0
1.0
2.0
3.0
4.0
2.0
5.0
5.0
3.0
1.0
14.0
8.0
1.0
19.0
5.0
3.0
161.0
2.0
1.0
17.0
32.0
6.0
6.0
43.0
188.0
97.0
1.0
51.0
2.0
22.0
14.0
3.0
59.0
1.0
3.0
91.0
8.0
1.0
1.0
7.0
23166.0
7.0
2001.0
1.0
3.0
3.0
4174.0
2.0
68.0
8.0
36.0
8.0
1.0
8.0
24.0
2.0
1.0
59.0
3.0
1.0
3.0
790.0
22.0
711.0
1.0
725.0
2.0
1.0
1.0
15.0
37.0
3.0
4.0
11.0
1.0
37.0
35.0
2.0
1.0
2.0
15.0
3.0
79.0
4.0
376.0
1.0
1.0
3.0
3.0
1506.0
28.0
3.0
110.0
474.0
3.0
1.0
1.0
2.0
3.0
3.0
8.0
1.0
300.0
3.0
1.0
3.0
17.0
3.0
1.0
80.0
3.0
3.0
1.0
16.0
3.0
1.0
9.0
5985.0
2.0
2.0
1739.0
1.0
78.0
79.0
3251.0
1.0
4115.0
1.0
3.0
1.0
3524.0
1.0
2.0
3.0
4.0
4521.0
2.0
3.0
81.0
252.0
3.0
1.0
25.0
65.0
1.0
211.0
1.0
17.0
9.0
2.0
1.0
1.0
1.0
25.0
2.0
338.0
20.0
615.0
15.0
4.0
1.0
3.0
18.0
3.0
1.0
9.0
5757.0
1556.0
2.0
10.0
67.0
19.0
1076.0
296.0
1.0
12.0
240.0
50.0
50.0
795.0
282.0
2.0
9.0
3.0
400.0
3.0
8.0
8.0
842.0
135.0
2.0
3.0
3.0
8.0
2.0
2.0
1.0
3.0
9.0
2.0
48.0
2.0
34.0
13.0
117.0
1.0
69.0
3.0
3600.0
97.0
19.0
41.0
2.0
1.0
14.0
4.0
8919.0
833.0
3.0
2.0
139.0
596.0
9.0
12.0
2410.0
9.0
75.0
1.0
138.0
11.0
2.0
3.0
3.0
102.0
1.0
14.0
13.0
160.0
10.0
3.0
1.0
1.0
2.0
4.0
3.0
1.0
106.0
8.0
1.0
1.0
1.0
384.0
4.0
5.0
1.0
65.0
1.0
3.0
6275.0
1.0
771.0
12.0
208.0
2.0
301.0
118.0
240.0
3.0
3.0
234.0
34.0
51.0
4303.0
470.0
1.0
132.0
1248.0
3.0
2.0
1.0
1.0
58.0
3.0
7.0
3.0
6.0
946.0
1.0
1.0
19.0
6.0
2.0
1.0
11.0
1.0
3.0
1638.0
3.0
3.0
3.0
954.0
2.0
73.0
2.0
313.0
1.0
3.0
1.0
19.0
9.0
23.0
1.0
12.0
3.0
4.0
2.0
2.0
2.0
3.0
3.0
4.0
1.0
3.0
1.0
542.0
450.0
3890.0
1.0
3.0
1179.0
4.0
370.0
1.0
1.0
13867.0
3.0
4.0
83.0
4.0
1.0
4.0
9.0
412.0
76.0
1.0
16.0
6.0
1.0
9.0
2.0
1.0
7.0
6.0
23.0
9.0
569.0
98.0
9.0
1.0
2.0
33.0
2.0
3.0
3.0
2.0
6.0
2.0
3.0
118.0
7.0
2.0
59.0
1.0
232.0
83376.0
65.0
21.0
1.0
158.0
4.0
901.0
7.0
12.0
4.0
1.0
2.0
67.0
2.0
1.0
10.0
3.0
75.0
1.0
3.0
5.0
118.0
59.0
425.0
25.0
1.0
12.0
3.0
3.0
1.0
5.0
3.0
10.0
115.0
1621.0
1.0
6.0
202.0
3.0
22.0
3.0
2.0
3.0
908.0
1.0
34.0
1.0
3.0
17.0
1.0
267.0
1.0
1221.0
2.0
2.0
1067.0
186.0
1.0
2.0
1.0
20.0
3.0
76.0
80.0
1634.0
137.0
149.0
3.0
2.0
3.0
13.0
77.0
8.0
1.0
1.0
1.0
16.0
3.0
2.0
2.0
4.0
10.0
1.0
1.0
1.0
2.0
87.0
5.0
286.0
11.0
2.0
1.0
11.0
23.0
1.0
16.0
6.0
288.0
1.0
29.0
3.0
1.0
1.0
7.0
2.0
2.0
3.0
1.0
1.0
13840.0
1.0
6.0
145.0
286.0
3.0
2477.0
3.0
24.0
3.0
5.0
1.0
62.0
733.0
1.0
117.0
3.0
3.0
6.0
2.0
261.0
3.0
961.0
2.0
1.0
351.0
10.0
10.0
15.0
3.0
60.0
103.0
1.0
76.0
1.0
1.0
1.0
4.0
1108.0
5.0
2.0
1.0
1.0
3.0
1.0
3.0
68.0
47.0
1.0
5.0
3439.0
1.0
28.0
4.0
30.0
193.0
15.0
7085.0
2.0
74.0
332.0
1.0
232.0
2.0
21.0
51.0
3.0
11.0
14.0
45.0
9.0
16.0
1.0
9.0
1.0
5.0
3.0
24.0
2.0
1.0
1.0
23.0
3.0
1.0
4.0
6.0
3.0
2.0
1.0
22.0
389.0
1.0
1.0
1497.0
42.0
1.0
8.0
2.0
29.0
2.0
489.0
2.0
3.0
7.0
962.0
255.0
31.0
1.0
84.0
50.0
36.0
1.0
3.0
1722.0
1.0
3.0
2.0
1.0
1913.0
2.0
8.0
20.0
122.0
1156.0
8.0
1.0
9.0
1.0
17.0
2.0
1.0
14.0
3.0
401.0
4.0
3.0
3.0
2.0
383.0
1.0
5.0
975.0
6.0
108.0
7.0
5.0
1091.0
1.0
3.0
8.0
83.0
1855.0
11.0
9.0
2.0
1.0
1.0
19.0
1.0
110.0
3.0
11.0
4.0
16.0
22.0
1.0
3.0
1.0
3.0
30.0
12.0
6.0
42.0
3.0
236.0
3.0
88.0
5.0
1.0
1.0
3.0
8.0
2.0
1.0
75.0
94.0
20.0
63.0
32.0
3.0
1.0
2.0
7.0
1.0
1.0
6.0
2.0
281.0
389.0
201.0
3.0
3.0
1.0
3.0
1.0
3.0
2.0
1.0
1185.0
2.0
2.0
9.0
3.0
4.0
1.0
3.0
12.0
246.0
336.0
3.0
696.0
159.0
37.0
71.0
1.0
19.0
3.0
4.0
39.0
4.0
5.0
7.0
2.0
2.0
8.0
3.0
10.0
8.0
102.0
714.0
57.0
10.0
51.0
68.0
370.0
5.0
4.0
59.0
1.0
427.0
3.0
9.0
67.0
1.0
1.0
6.0
32.0
1.0
40.0
345.0
11.0
1.0
9.0
1.0
1.0
12.0
1.0
2.0
45.0
717.0
1.0
1315.0
159.0
34.0
10.0
53.0
3.0
407.0
1.0
965.0
1.0
66.0
1.0
1.0
2.0
2048.0
1.0
6.0
22.0
3.0
1.0
4.0
3.0
2.0
2.0
36.0
1.0
17.0
10.0
13.0
1.0
55.0
4.0
107.0
2.0
1.0
89.0
62.0
9.0
2.0
2.0
33.0
2.0
2.0
23.0
1.0
42.0
2.0
27.0
3.0
12.0
3.0
15.0
710.0
18.0
30.0
5.0
1.0
1.0
22.0
2.0
3.0
22.0
295.0
2.0
1.0
26.0
2.0
2.0
1.0
1.0
1.0
4.0
1.0
3.0
4.0
150.0
7.0
1.0
4.0
1.0
494.0
31.0
3.0
2.0
186.0
3.0
2.0
484.0
1.0
1.0
3.0
3.0
732.0
9.0
20.0
1.0
1.0
12.0
53.0
3.0
17.0
3.0
2.0
1.0
14.0
1.0
3.0
56.0
1.0
52.0
1.0
3.0
1.0
6583.0
7.0
3.0
3.0
1.0
1.0
21.0
8.0
19.0
3.0
33.0
2.0
1.0
87.0
1176.0
2.0
687.0
3.0
1.0
23.0
4.0
5.0
1.0
7.0
7.0
1.0
4.0
2.0
9.0
8.0
6.0
1.0
3.0
58.0
8.0
24.0
1.0
1.0
3.0
132.0
3.0
1.0
1.0
33.0
3.0
1.0
3.0
1.0
3.0
1.0
35.0
3.0
44.0
9.0
1.0
3.0
270.0
1.0
1.0
3.0
22.0
56.0
293.0
17.0
3.0
1.0
3.0
2.0
279.0
1.0
1.0
1.0
1.0
1.0
1.0
1.0
214.0
34.0
51.0
60.0
2.0
2.0
1.0
3.0
1.0
3.0
2.0
1.0
1.0
7.0
391.0
1.0
46.0
19.0
107.0
9.0
1.0
2063.0
2.0
1.0
2.0
1.0
332.0
251.0
2.0
56.0
63.0
238.0
415.0
1.0
2.0
3.0
13.0
1.0
3.0
3.0
13.0
3.0
12.0
51.0
11561.0
1.0
1.0
7974.0
2.0
3.0
8.0
85.0
2.0
17.0
2.0
7.0
3.0
1.0
87.0
1.0
3.0
14.0
1.0
24.0
17.0
3.0
16.0
152.0
4.0
3.0
1.0
1.0
1.0
1778.0
8.0
20.0
932.0
1.0
1.0
359.0
1.0
1.0
24.0
4.0
2.0
5.0
2.0
13983.0
4.0
3.0
1.0
15.0
2.0
1.0
5.0
3.0
1598.0
99.0
3.0
1.0
4.0
101.0
1.0
1.0
66.0
3.0
221.0
3000.0
1.0
2.0
90.0
100.0
1.0
10.0
3.0
1246.0
1.0
1056.0
375.0
83.0
3.0
1.0
1.0
2.0
1536.0
3.0
2.0
1.0
7.0
9.0
1303.0
1.0
3.0
33.0
1.0
41.0
7.0
1929.0
114.0
338.0
1.0
3.0
2.0
337.0
1.0
302.0
3.0
5.0
1.0
1.0
29.0
370.0
11.0
24.0
1.0
66.0
100.0
7.0
1.0
3847.0
3.0
3.0
141.0
4.0
61.0
1.0
24.0
5.0
2.0
3.0
102.0
5.0
3.0
16.0
6.0
97.0
9.0
1.0
2.0
1.0
3.0
3.0
2.0
9.0
65.0
2.0
19.0
7.0
91.0
11.0
88.0
1.0
3.0
687.0
3.0
1.0
8.0
2.0
1.0
1.0
1.0
24.0
16.0
1.0
1.0
140.0
2.0
16.0
15.0
3.0
392.0
1.0
1.0
1.0
1.0
1.0
1.0
751.0
691.0
22.0
1.0
2.0
2.0
3.0
121.0
3.0
1.0
6.0
157.0
10.0
6530.0
77.0
1025.0
3.0
20.0
2.0
111.0
1.0
4.0
24.0
3.0
3.0
1.0
8690.0
2.0
8.0
1.0
1.0
3.0
3.0
4.0
2.0
24.0
1.0
1.0
1.0
5.0
8.0
2766.0
15.0
6.0
10.0
18.0
7.0
3119.0
152.0
2.0
2.0
1.0
5.0
3.0
3.0
621.0
3.0
1.0
3.0
1.0
5.0
1310.0
2.0
1.0
2.0
4.0
2.0
28.0
1.0
1.0
1.0
2.0
1.0
3.0
14.0
1384.0
2.0
3.0
1.0
2.0
5.0
106.0
3.0
10.0
1.0
2.0
1650.0
58.0
209.0
761.0
3.0
233.0
1.0
6.0
941.0
5.0
3.0
6.0
3.0
1.0
1.0
3.0
13.0
14.0
1.0
2.0
1.0
1.0
238.0
522.0
3.0
3.0
10.0
4.0
1.0
2.0
3.0
3.0
13.0
2.0
1.0
1.0
66.0
165.0
2.0
12.0
1.0
9.0
5178.0
180.0
7.0
11.0
6.0
2.0
3.0
1.0
6.0
7691.0
1.0
3.0
2.0
19.0
3.0
727.0
1.0
73.0
1.0
2.0
17.0
1.0
63.0
10.0
152.0
3.0
1.0
1.0
2.0
9.0
1.0
73.0
1.0
2.0
2.0
1.0
28.0
3.0
3.0
45.0
7.0
20.0
5.0
1.0
3.0
1.0
5.0
1.0
3.0
1.0
1085.0
19.0
1.0
22.0
9.0
1.0
163.0
4.0
1.0
1186.0
1.0
2.0
2.0
1.0
2.0
1.0
2.0
33.0
4.0
4.0
4310.0
2.0
60.0
675.0
3.0
1.0
535.0
24.0
25.0
1.0
21.0
32.0
19.0
2.0
1.0
1.0
12.0
2.0
1.0
1.0
1.0
6.0
3.0
3.0
1.0
24.0
3.0
1.0
3.0
3.0
2.0
2.0
1.0
104.0
2.0
2.0
2.0
8.0
2.0
8.0
6.0
4.0
10.0
1.0
69.0
3.0
2.0
20.0
3.0
31.0
2.0
1.0
28.0
2.0
102.0
225.0
18.0
11.0
3.0
4.0
4.0
3.0
4.0
387.0
1.0
3.0
10.0
1.0
14.0
4.0
15.0
1.0
19.0
15.0
282.0
1.0
7.0
4170.0
1.0
9.0
73.0
2.0
1.0
1.0
1.0
34.0
32.0
1.0
3.0
1.0
1.0
132.0
59.0
3.0
4.0
1.0
1.0
3.0
88.0
1.0
3.0
4.0
503.0
120.0
9.0
3.0
23.0
69.0
28.0
2.0
38.0
36.0
2.0
8.0
3.0
3.0
1.0
5.0
80.0
2365.0
569.0
29.0
347.0
2.0
9.0
9.0
1225.0
2.0
3.0
5.0
8740.0
20.0
3.0
1399.0
13.0
7.0
9.0
1.0
9.0
3.0
12.0
2.0
1.0
1.0
310.0
205.0
8.0
7.0
2977.0
779.0
1403.0
19.0
7.0
9.0
1.0
2013.0
2.0
293.0
1.0
3.0
292.0
2.0
25.0
2.0
1.0
2.0
135.0
22.0
3.0
9.0
683.0
89.0
2.0
1.0
2.0
3.0
8.0
2.0
3.0
1.0
40.0
1.0
15.0
3.0
1.0
1.0
26.0
3785.0
764.0
3.0
6.0
2.0
5.0
65.0
4.0
22.0
1.0
173.0
3.0
38.0
1.0
1.0
38.0
1.0
1.0
8.0
3.0
92.0
4.0
3.0
359.0
4.0
16.0
2026.0
351.0
3.0
11.0
5.0
1.0
1.0
1.0
23.0
1.0
3.0
14007.0
1.0
6.0
632.0
608.0
2.0
162.0
3.0
2.0
3.0
8.0
334.0
62.0
3.0
3.0
66.0
3.0
5.0
1.0
1.0
10.0
164.0
4.0
25.0
1.0
1.0
1.0
1.0
177.0
3.0
1.0
2.0
2.0
1.0
129.0
1704.0
4.0
2.0
2.0
4.0
53.0
1.0
10.0
2.0
28.0
10.0
1.0
125.0
1.0
9.0
1.0
9.0
154.0
5.0
3.0
8.0
3.0
529.0
616.0
214.0
3.0
13.0
2.0
3.0
14.0
2.0
3.0
1.0
3.0
3.0
21.0
23.0
3.0
4.0
2.0
90.0
2.0
1.0
3.0
1.0
1.0
5.0
6.0
3.0
12.0
84.0
3.0
60.0
1.0
1.0
1.0
3.0
3.0
1.0
394.0
3.0
9.0
1109.0
22.0
711.0
1.0
6.0
45.0
2659.0
74.0
1.0
2.0
1.0
2.0
1.0
3.0
9.0
2.0
421.0
1.0
1.0
3.0
1.0
3.0
4.0
1.0
1.0
9.0
4.0
20.0
3.0
1.0
4.0
1.0
27.0
14.0
27.0
8.0
351.0
4.0
618.0
1.0
1.0
19.0
3.0
3.0
4.0
1.0
1.0
10.0
19.0
1.0
1.0
1.0
45.0
3.0
1.0
2.0
10.0
21.0
3.0
2.0
2.0
8.0
340.0
1.0
8.0
1.0
3.0
4.0
1096.0
11.0
2.0
510.0
32.0
1.0
3.0
3.0
25.0
1.0
79.0
13.0
11.0
8.0
3.0
1.0
1.0
1.0
3.0
1.0
33.0
3.0
256.0
1.0
4.0
3.0
428.0
1.0
569.0
2.0
1474.0
116.0
40.0
1.0
3.0
4.0
4.0
24.0
1.0
14555.0
1.0
11.0
300.0
9.0
55.0
1.0
2.0
21.0
1.0
3.0
1.0
3.0
3.0
1.0
4.0
3.0
4.0
14994.0
1.0
4.0
2017.0
20.0
2.0
10.0
2.0
3.0
4.0
12.0
1.0
9.0
251.0
213.0
19.0
187.0
3.0
3.0
2.0
182.0
542.0
1.0
17.0
58.0
1.0
16.0
2.0
7.0
43.0
1.0
5.0
1.0
1.0
1.0
3.0
17.0
1.0
11.0
9.0
1.0
1.0
14.0
1.0
466.0
170.0
594.0
19241.0
3.0
3.0
240.0
4.0
7.0
135.0
2.0
232.0
1.0
36.0
1.0
1.0
9.0
3.0
13.0
1.0
73.0
43.0
4.0
3.0
1.0
60.0
60.0
1.0
3.0
2.0
1.0
2.0
17.0
4.0
1.0
1.0
17.0
3.0
3.0
565.0
6.0
2.0
3.0
1.0
1.0
74.0
55.0
3.0
611.0
2.0
1.0
305.0
33.0
3.0
9.0
2.0
4330.0
301.0
1.0
2.0
3.0
1.0
10.0
1.0
1.0
6.0
1.0
1.0
3.0
3.0
103.0
570.0
5.0
3.0
24.0
3.0
20.0
2.0
3.0
2.0
8.0
4061.0
22.0
6.0
3.0
1.0
1.0
2.0
1199.0
5.0
23.0
961.0
3.0
11.0
1.0
2.0
1.0
3.0
31.0
136.0
1.0
371.0
31.0
6.0
618.0
1.0
41.0
796.0
1184.0
3.0
478.0
2.0
24.0
2.0
292.0
6.0
1083.0
9.0
6.0
9.0
8675.0
1.0
1405.0
1.0
3119.0
3.0
8.0
2.0
73.0
2.0
4.0
6.0
1.0
1.0
15.0
313.0
351.0
17.0
3.0
1.0
1.0
3.0
3.0
1506.0
1.0
3.0
3.0
5925.0
6.0
23.0
42.0
33.0
2.0
3.0
63.0
5.0
1.0
3.0
1.0
1.0
2.0
1757.0
1.0
8.0
1.0
9.0
1.0
3.0
3.0
162.0
1.0
16.0
292.0
1.0
1.0
1.0
3.0
1960.0
58.0
112.0
11.0
2.0
282.0
1.0
40.0
1.0
74.0
2.0
1.0
2.0
6.0
19.0
3.0
508.0
249.0
943.0
17.0
4.0
1.0
3.0
3.0
3.0
1.0
4.0
1.0
35.0
549.0
6.0
690.0
11.0
10.0
1.0
3.0
24.0
16.0
14.0
3.0
19.0
697.0
4.0
3.0
14.0
2.0
1.0
9.0
1037.0
1.0
16.0
4.0
1.0
576.0
3.0
123.0
1.0
17.0
1.0
1.0
248.0
1665.0
1.0
4.0
19.0
3.0
6.0
1125.0
174.0
119.0
1.0
1.0
600.0
1.0
6.0
351.0
11.0
8.0
35.0
1.0
2.0
435.0
30.0
40.0
158.0
1.0
1.0
2.0
2.0
9.0
2.0
17.0
10.0
16.0
1.0
43.0
2059.0
1.0
1.0
2360.0
2.0
10001.0
1.0
1.0
2.0
2.0
1.0
39.0
2078.0
251.0
2.0
1.0
14.0
1.0
8.0
6.0
4.0
1.0
1.0
3.0
2.0
109.0
1.0
5315.0
9.0
3.0
2.0
16.0
4192.0
17.0
23.0
1.0
361.0
744.0
1.0
1.0
24.0
1539.0
1.0
1.0
63.0
3.0
3.0
3.0
1.0
3.0
2.0
126.0
1.0
1.0
1.0
2.0
1.0
2.0
3.0
1.0
135.0
42.0
2.0
9.0
1175.0
3.0
59.0
5.0
9.0
3.0
1.0
937.0
3.0
1.0
34.0
2.0
1.0
1.0
1.0
1631.0
1.0
222.0
216.0
2.0
3.0
79.0
1.0
2.0
7.0
32.0
6.0
1.0
2.0
2.0
1.0
24.0
38.0
1.0
1.0
1.0
3.0
5.0
3.0
69.0
10.0
102.0
3.0
2.0
9.0
1.0
1.0
1.0
3.0
797.0
2.0
3.0
3.0
3.0
3.0
1.0
9.0
1.0
1.0
3.0
5.0
1.0
3.0
3.0
3.0
4.0
351.0
8.0
2.0
158.0
1.0
1.0
65.0
1.0
9.0
3.0
1.0
2.0
9.0
45.0
2.0
1.0
3.0
2.0
1.0
3.0
15.0
3.0
177.0
1.0
2845.0
19.0
3.0
3.0
1.0
10848.0
14.0
439.0
1.0
40.0
326.0
15.0
1.0
44.0
683.0
76.0
2.0
10372.0
27.0
2.0
3.0
5.0
13.0
3.0
2.0
27.0
6.0
123.0
3.0
3.0
33.0
28.0
9.0
45.0
2.0
4.0
116.0
7.0
351.0
6.0
3.0
1.0
3.0
8.0
19.0
1.0
3.0
3.0
1.0
638.0
20.0
5.0
2.0
3.0
1.0
42.0
216.0
2.0
6.0
13.0
1.0
1.0
3.0
22.0
5.0
3.0
100.0
3.0
1.0
4.0
15.0
33.0
7.0
183.0
1.0
16479.0
1.0
1.0
2.0
398.0
1.0
14.0
264.0
1190.0
129.0
164.0
5.0
278.0
1.0
6.0
14385.0
8.0
3.0
13.0
3.0
4.0
18.0
351.0
6.0
12.0
7.0
5.0
3.0
3.0
3.0
1.0
567.0
989.0
1.0
1.0
1.0
45.0
1.0
93.0
1.0
2.0
3.0
2.0
1018.0
1.0
1.0
3.0
65.0
8.0
2.0
1.0
1638.0
23.0
849.0
142.0
2.0
395.0
3.0
1.0
36.0
166.0
5.0
372.0
28.0
344.0
298.0
5.0
22.0
31.0
1.0
1244.0
4.0
340.0
1.0
3.0
1.0
1.0
1734.0
1.0
288.0
2.0
102.0
102.0
1.0
137.0
1.0
3.0
2.0
11.0
1.0
1.0
3.0
21.0
6.0
3.0
2.0
4.0
3.0
14.0
3.0
3.0
286.0
7.0
24.0
528.0
3.0
4.0
62.0
3.0
4.0
3.0
3.0
19.0
1.0
2.0
19.0
4675.0
80.0
3.0
29.0
1054.0
803.0
418.0
76.0
3.0
1.0
1.0
238.0
34.0
1.0
1.0
3.0
1.0
282.0
98.0
4.0
479.0
1.0
1.0
1.0
13.0
3.0
3.0
1.0
21.0
25.0
84.0
1.0
3.0
318.0
2.0
440.0
4.0
1.0
2.0
1.0
1.0
1.0
2.0
3.0
1.0
1.0
328.0
1.0
62.0
3.0
23.0
1027.0
16.0
2.0
8.0
3.0
48.0
1.0
1296.0
6.0
1.0
7.0
1.0
5.0
2.0
19.0
59.0
1.0
1.0
1142.0
6.0
1.0
3.0
4.0
2.0
427.0
65.0
574.0
479.0
234.0
1153.0
3.0
1.0
5.0
535.0
12.0
528.0
181.0
1.0
1.0
1.0
3.0
2.0
6.0
1.0
591.0
3.0
8.0
1.0
1.0
43.0
16.0
5.0
3.0
13.0
90.0
8.0
25.0
4.0
4.0
4.0
1.0
7822.0
5629.0
10.0
513.0
2.0
9.0
3.0
1.0
9.0
1225.0
2.0
25.0
1059.0
2.0
7.0
15.0
3.0
25.0
886.0
1.0
3.0
3.0
633.0
7.0
18.0
47.0
1.0
3.0
6.0
2.0
1.0
9.0
576.0
731.0
3.0
3.0
1.0
1553.0
9.0
3.0
298.0
44.0
4.0
10968.0
1.0
74.0
31.0
175.0
1.0
1.0
16.0
65.0
1120.0
21.0
1.0
1.0
10892.0
2657.0
1.0
1.0
18.0
16.0
512.0
1.0
3.0
1.0
3.0
3.0
3.0
1.0
1.0
3.0
2.0
44.0
1.0
19.0
284.0
421.0
189.0
1.0
1.0
2.0
1.0
11.0
1.0
5553.0
1.0
3.0
9.0
1.0
104.0
395.0
1.0
1.0
2.0
1.0
4.0
47.0
2.0
20.0
10.0
5.0
2.0
89.0
7.0
2.0
2.0
19.0
1.0
3.0
399.0
9.0
1.0
45.0
712.0
1.0
1.0
3.0
1.0
252.0
1596.0
1.0
1.0
6.0
2.0
1.0
19.0
3269.0
2.0
1.0
10.0
16.0
11.0
1.0
1.0
3.0
1.0
1.0
14.0
4.0
3385.0
4.0
10.0
2.0
1.0
6.0
685.0
4.0
53.0
218.0
1.0
351.0
6.0
1067.0
8.0
1.0
1.0
4.0
1.0
782.0
7.0
1027.0
10.0
5.0
3.0
1.0
1.0
1.0
2.0
2.0
1.0
1.0
3.0
9.0
6.0
1.0
1.0
800.0
1.0
2.0
1.0
4.0
3.0
1.0
1.0
3.0
23.0
2.0
2.0
3.0
65.0
1.0
1786.0
3.0
1.0
1.0
1.0
2.0
1.0
2.0
3.0
1.0
1.0
3.0
4.0
1.0
1.0
1.0
1.0
597.0
3.0
21.0
18.0
2081.0
3108.0
3.0
4.0
3.0
3.0
3.0
2.0
59.0
309.0
1.0
3.0
1.0
288.0
1.0
7.0
1.0
17.0
3.0
2.0
14.0
3.0
3.0
364.0
3.0
98.0
1.0
4.0
52.0
1.0
17.0
5.0
1.0
1.0
2.0
1.0
1.0
524.0
1.0
1.0
3.0
65.0
1.0
441.0
53.0
278.0
1.0
1.0
71.0
935.0
1.0
103.0
21.0
3.0
1.0
1.0
1291.0
9.0
43.0
99.0
117.0
325.0
4.0
1.0
10.0
3.0
1534.0
105.0
34.0
1.0
1.0
6.0
1.0
1.0
52.0
7.0
1.0
1.0
255.0
3.0
279.0
5.0
2.0
1.0
43.0
3.0
1.0
12.0
1308.0
78.0
3.0
2.0
775.0
3.0
336.0
1045.0
4.0
3.0
2.0
41.0
1.0
3.0
1.0
1.0
3.0
3.0
3.0
34.0
3.0
45.0
2.0
1.0
1.0
5.0
1.0
3.0
3.0
1.0
3.0
3.0
7.0
3.0
1.0
1.0
3.0
1609.0
157.0
4.0
20.0
2.0
3.0
1.0
1.0
1.0
3.0
1.0
1102.0
2310.0
20.0
1.0
3.0
848.0
11409.0
12.0
19.0
351.0
1.0
1.0
25.0
337.0
3.0
2.0
1.0
1.0
19.0
1.0
11.0
4.0
1.0
1191.0
3.0
1.0
10.0
232.0
58.0
112.0
7.0
71.0
14.0
30.0
2.0
3.0
10.0
1.0
4.0
33.0
38.0
1.0
125.0
1.0
7.0
47.0
19.0
116.0
465.0
8.0
1.0
2.0
5.0
19.0
2.0
3.0
1.0
1.0
46.0
268.0
2.0
1.0
12.0
3.0
3.0
2.0
1.0
5.0
1.0
1.0
1.0
1.0
14.0
14.0
1.0
1.0
338.0
5.0
1.0
1.0
3.0
1008.0
2.0
3.0
2.0
1.0
149.0
1.0
2.0
2.0
6.0
1.0
4.0
1.0
6.0
1.0
2.0
2.0
1.0
2300.0
2.0
4.0
3.0
2.0
1.0
1.0
8.0
2.0
3.0
349.0
785.0
1.0
3.0
15.0
2.0
1.0
7.0
14.0
11.0
3.0
2.0
1.0
1.0
2.0
312.0
3.0
8.0
13.0
11.0
1.0
24.0
1.0
1008.0
198.0
3.0
2.0
3.0
2.0
47.0
1.0
21.0
471.0
7.0
2.0
27.0
696.0
3.0
69.0
1.0
1.0
10.0
3.0
19.0
1.0
130.0
2.0
1.0
2.0
1.0
188.0
535.0
541.0
1759.0
10.0
1.0
3.0
32.0
4.0
278.0
5.0
2.0
5.0
1.0
1986.0
48.0
86.0
19.0
16.0
3.0
26.0
7228.0
882.0
26.0
7.0
3.0
94.0
1042.0
3.0
14.0
56447.0
656.0
1.0
105.0
13.0
1.0
7.0
3.0
17.0
3.0
45.0
3.0
593.0
10.0
5.0
3.0
7.0
37.0
74.0
2.0
1.0
99.0
1.0
2.0
7.0
6.0
5.0
9.0
3.0
2.0
3.0
79.0
1.0
8.0
17.0
81.0
2.0
362.0
2626.0
7.0
3.0
91.0
1.0
3.0
3.0
67.0
1.0
36.0
3.0
2.0
27.0
1.0
3.0
4.0
4.0
3.0
2.0
42.0
1.0
27.0
2.0
1022.0
1.0
249.0
29.0
1.0
2.0
3.0
81.0
1.0
3.0
850.0
104.0
1.0
55.0
2.0
7.0
3.0
3.0
1.0
3.0
1.0
8.0
5.0
8.0
2.0
961.0
3.0
4.0
10.0
1.0
2.0
3.0
4.0
943.0
17.0
3.0
1.0
25.0
3.0
3.0
1.0
3.0
1.0
4.0
1.0
10.0
3.0
3.0
1.0
1538.0
28.0
131.0
32.0
1.0
1.0
310.0
24.0
84.0
21.0
2.0
131.0
1.0
1.0
4.0
262.0
3.0
21.0
1.0
4.0
3.0
1.0
1.0
15.0
1.0
1.0
1.0
4.0
43.0
47.0
31.0
1.0
11.0
2.0
8.0
3.0
43.0
10.0
472.0
3.0
11.0
17.0
58.0
3.0
12.0
475.0
9.0
275.0
8.0
2.0
3.0
3.0
57.0
1.0
3.0
120.0
10.0
85.0
1.0
4.0
4.0
192.0
11.0
1.0
3.0
36.0
96.0
1.0
3.0
1.0
6.0
948.0
1.0
1.0
2.0
3.0
332.0
397.0
1.0
31.0
58.0
2.0
9.0
2.0
3.0
14.0
7.0
1.0
15.0
1.0
4.0
1.0
1.0
394.0
3.0
9.0
1.0
2.0
2.0
9.0
3.0
3.0
1.0
172.0
4.0
2.0
529.0
26.0
37.0
19.0
3.0
6.0
239.0
32.0
489.0
1.0
1.0
2083.0
64.0
4.0
1.0
272.0
3.0
8.0
20.0
2.0
45.0
439.0
2.0
5130.0
119.0
2083.0
71.0
2.0
227.0
1.0
5.0
1.0
3.0
3.0
1.0
4.0
14.0
5.0
19.0
4.0
325.0
1.0
3.0
67.0
2.0
107.0
14.0
1.0
3.0
5.0
1.0
1.0
3.0
2.0
1.0
3.0
1.0
1.0
1090.0
5.0
2.0
2.0
1.0
1.0
618.0
3.0
5.0
4.0
8.0
7.0
3.0
1.0
3.0
2.0
189.0
14.0
3983.0
132.0
1.0
1.0
3.0
1.0
5.0
2.0
3.0
372.0
1.0
13.0
2.0
1.0
351.0
1.0
61.0
1.0
3.0
2.0
1371.0
9.0
1.0
3.0
3.0
1.0
1.0
1.0
47.0
5.0
1.0
1.0
3.0
7.0
17.0
3.0
2.0
20.0
10.0
21.0
2.0
2.0
164.0
2.0
1.0
5.0
3.0
1370.0
558.0
1.0
9.0
195.0
40.0
1.0
1.0
61.0
2.0
57.0
77.0
11.0
5.0
1.0
24.0
3.0
5.0
901.0
10.0
1.0
232.0
2.0
140.0
3.0
1.0
1.0
19.0
42.0
1.0
5002.0
1.0
1.0
2.0
1.0
102.0
3.0
3.0
5.0
2.0
3.0
3.0
3.0
21.0
1.0
289.0
33.0
3.0
10.0
56.0
60.0
8045.0
54.0
2.0
2.0
808.0
19.0
1.0
1.0
242.0
2.0
1.0
1.0
1.0
5.0
4.0
262.0
5.0
148.0
974.0
9.0
1.0
2.0
14.0
443.0
11.0
712.0
1137.0
1.0
3.0
641.0
17.0
4.0
8.0
4.0
1.0
1.0
1.0
2.0
17.0
4.0
5.0
17.0
4.0
2093.0
1.0
21.0
1.0
3.0
2.0
2372.0
3.0
1.0
571.0
1068.0
3.0
806.0
2.0
1.0
171.0
16.0
635.0
97.0
1.0
1.0
1.0
1.0
3718.0
1.0
3.0
5.0
52.0
21.0
2.0
2.0
28149.0
2.0
68.0
1470.0
1.0
1625.0
1.0
1.0
119.0
1.0
24.0
2.0
51221.0
17.0
1.0
352.0
24.0
1.0
4.0
3.0
1.0
49.0
706.0
8.0
8.0
2.0
2.0
249.0
3.0
135.0
20.0
1.0
2.0
6.0
1.0
3.0
3.0
1.0
1.0
148.0
7.0
5.0
3.0
1.0
51.0
1.0
1321.0
441.0
4.0
3.0
1.0
1.0
15.0
8.0
5.0
2.0
48.0
6.0
111.0
1.0
149.0
18.0
1.0
6.0
5.0
1995.0
3.0
1.0
1.0
9.0
1.0
1.0
1.0
282.0
1.0
7.0
1.0
1.0
89.0
2.0
6.0
1.0
9.0
7.0
24.0
264.0
111.0
3.0
3.0
1.0
1.0
4.0
5.0
25.0
1.0
3.0
4.0
452.0
4445.0
1.0
313.0
179.0
9.0
1.0
1.0
1.0
3.0
1.0
9.0
1.0
1.0
22.0
9.0
135.0
7.0
16.0
8.0
59.0
3.0
2.0
23.0
160.0
1.0
3.0
1.0
1.0
1.0
3.0
1.0
3.0
2.0
4.0
23.0
2.0
1.0
1496.0
3.0
1.0
423.0
30.0
43.0
31.0
4.0
24.0
4.0
3.0
1.0
3.0
1.0
8.0
39.0
52.0
424.0
121.0
14.0
879.0
1.0
3956.0
445.0
6.0
7.0
3.0
75.0
2.0
2.0
51.0
5.0
1.0
985.0
290.0
3.0
1.0
7.0
2.0
3.0
3.0
77.0
82.0
81.0
64.0
3.0
643.0
1399.0
2.0
5.0
545.0
89.0
886.0
1.0
32.0
1.0
278.0
2.0
172.0
94.0
1.0
1.0
1.0
49880.0
66.0
1.0
29.0
5.0
2.0
8.0
288.0
2.0
117.0
66.0
1.0
54.0
51.0
33.0
2542.0
2.0
1.0
2.0
418.0
1.0
34.0
62.0
13818.0
61.0
939.0
1.0
9.0
1.0
12.0
379.0
1.0
8.0
229.0
3.0
23.0
3.0
3.0
1.0
14.0
1.0
7356.0
202.0
1758.0
315.0
1.0
54.0
102.0
1.0
60.0
9.0
400.0
252.0
1.0
1.0
1.0
1.0
3329.0
5.0
17.0
2.0
4.0
1.0
3.0
192.0
3.0
58.0
2.0
10.0
1.0
1.0
8.0
4.0
1.0
3.0
1.0
4.0
10.0
14.0
1.0
257.0
63.0
3.0
1.0
2362.0
3.0
4.0
5.0
16.0
2.0
2.0
1.0
7.0
8.0
1.0
11.0
106.0
1018.0
3.0
3.0
1.0
2.0
18.0
1.0
6.0
2.0
1.0
20.0
681.0
2.0
3.0
1.0
2.0
1.0
12.0
807.0
2.0
1.0
4.0
6.0
3.0
374.0
23.0
18.0
2.0
5073.0
1.0
1053.0
1.0
3.0
1.0
3.0
4.0
11.0
1.0
9.0
4.0
3.0
52.0
23.0
2.0
84.0
44.0
2.0
24.0
1619.0
2.0
1.0
2.0
316.0
143.0
1.0
1.0
3.0
2167.0
8.0
46.0
10.0
3.0
3.0
8.0
4005.0
4.0
1.0
1.0
5.0
63.0
5.0
4.0
1.0
1.0
3.0
16.0
31.0
3.0
1.0
1.0
16.0
21.0
3.0
117.0
129.0
12.0
3.0
30668.0
69.0
20.0
60.0
1.0
14.0
2.0
6.0
30.0
1.0
3.0
1.0
9.0
1.0
42.0
3.0
13.0
967.0
22.0
3.0
24.0
3.0
6.0
3.0
1.0
3.0
8.0
1.0
4.0
1.0
3.0
6.0
1.0
1.0
19.0
109.0
1.0
1.0
2.0
16.0
245.0
2.0
9.0
2755.0
1.0
4.0
3.0
3.0
82.0
371.0
10.0
24.0
8.0
1.0
481.0
1.0
37.0
16.0
1.0
3.0
4.0
3.0
1.0
75.0
2.0
2.0
1.0
4.0
22.0
1735.0
4.0
4.0
3.0
3.0
2.0
3.0
3.0
256.0
786.0
9.0
1.0
3.0
141.0
2.0
2.0
1229.0
1.0
6.0
15.0
2.0
192.0
3.0
2.0
82.0
1.0
70.0
5171.0
2.0
13.0
124.0
1.0
2441.0
34.0
8.0
2.0
3.0
65.0
1296.0
9.0
2.0
12.0
1.0
2.0
331.0
4.0
3.0
4.0
1.0
24.0
1.0
3.0
3.0
11.0
364.0
3.0
3.0
3.0
1.0
13.0
4.0
4.0
932.0
1.0
1.0
2.0
28.0
78.0
1.0
65.0
3.0
1.0
3.0
7.0
1076.0
2.0
6.0
88.0
4.0
441.0
41.0
1550.0
708.0
44.0
37.0
1.0
1.0
282.0
1.0
2.0
4.0
624.0
3.0
3.0
1.0
1.0
1.0
3828.0
17.0
3.0
3.0
557.0
2.0
3.0
80.0
3.0
1.0
47.0
16.0
10.0
3.0
53.0
2.0
3.0
104.0
1.0
3.0
9.0
276.0
27.0
5.0
11.0
136.0
86.0
1.0
1.0
27.0
3.0
9.0
4.0
13.0
195.0
1.0
1.0
3.0
729.0
49.0
56.0
3.0
46.0
3.0
2.0
835.0
1.0
6.0
4.0
1.0
1.0
3.0
351.0
977.0
1.0
3.0
3.0
3.0
3.0
2.0
1.0
5.0
6.0
1.0
19.0
3.0
14.0
1.0
1.0
1.0
41.0
693.0
3.0
2.0
149.0
53.0
7.0
2556.0
344.0
3.0
19.0
4.0
125.0
1.0
5.0
3.0
5.0
2.0
11.0
4.0
3.0
3.0
11.0
6.0
3.0
1.0
12.0
19.0
58.0
1849.0
24.0
4.0
2.0
5.0
1004.0
4.0
1.0
5.0
1.0
1.0
3.0
3.0
2.0
3.0
30.0
3.0
1.0
3.0
1.0
7.0
1.0
52.0
31.0
1.0
1.0
1.0
3.0
1.0
3.0
1.0
454.0
3.0
1.0
24.0
4.0
3.0
24.0
3.0
1045.0
34.0
54.0
3.0
3.0
1.0
1.0
1044.0
1.0
4.0
3.0
2.0
6.0
20.0
3.0
4.0
538.0
1.0
3.0
7.0
58.0
3.0
2.0
1.0
1239.0
1.0
515.0
49.0
1.0
7.0
7.0
12.0
13215.0
2.0
3.0
14.0
1.0
14.0
3.0
38.0
17.0
54.0
8.0
1.0
12.0
4.0
107.0
9.0
4.0
5.0
2.0
1.0
2.0
2117.0
146.0
17.0
4.0
103.0
72.0
4.0
20.0
3.0
3.0
2.0
1.0
737.0
4.0
264.0
10.0
1.0
221.0
2.0
5.0
3.0
2.0
371.0
56.0
426.0
9363.0
19833.0
1.0
210.0
7163.0
24.0
1.0
1.0
9.0
2.0
1.0
2.0
960.0
9.0
36.0
1.0
3.0
1.0
1.0
18.0
7.0
6.0
1.0
1.0
48.0
106.0
4.0
1.0
3.0
1.0
48.0
21.0
2.0
1.0
1.0
3.0
1.0
2.0
272.0
569.0
1615.0
2.0
1.0
1.0
2.0
50.0
76.0
56.0
18.0
3.0
11083.0
41.0
6.0
1.0
3.0
1.0
6.0
1.0
4.0
4.0
102.0
24.0
3.0
1.0
2.0
1.0
266.0
1.0
8.0
1.0
26.0
3.0
283.0
1283.0
16.0
1.0
9.0
31.0
6.0
1.0
2.0
7.0
3.0
262.0
93.0
4.0
37.0
247.0
6.0
252.0
3.0
88.0
2.0
5.0
18.0
69.0
14.0
3.0
1.0
4.0
3.0
140.0
1029.0
11.0
168.0
2.0
2.0
3.0
3.0
17.0
1498.0
1.0
8.0
17.0
1.0
1.0
7293.0
3.0
3.0
338.0
1672.0
1.0
1.0
3.0
2.0
1.0
28.0
2.0
4.0
1.0
16.0
1.0
416.0
10.0
8.0
1.0
3.0
4.0
2.0
3.0
1.0
1.0
1.0
3.0
1.0
101.0
3.0
1.0
1.0
15.0
1090.0
1063.0
2.0
1242.0
1.0
3.0
1.0
18.0
1.0
1.0
2.0
2.0
1.0
3.0
8.0
1.0
33.0
1.0
45.0
372.0
97.0
41.0
4.0
1.0
174.0
1.0
9.0
3.0
55.0
8.0
914.0
1.0
1.0
115.0
2.0
24.0
4.0
17.0
1.0
16.0
1.0
4.0
2.0
2.0
9.0
992.0
7.0
26.0
4.0
1.0
10.0
9.0
10.0
3.0
4.0
3.0
4.0
24.0
1.0
3.0
95.0
28.0
1954.0
1.0
2.0
5.0
3.0
3.0
3.0
1.0
1308.0
1.0
1.0
10.0
51.0
2.0
3.0
6.0
10.0
6.0
289.0
8.0
1.0
4.0
148.0
6.0
24.0
34.0
14274.0
13.0
83.0
3.0
31.0
3.0
5.0
88.0
1.0
15.0
322.0
29.0
3.0
9.0
1.0
38.0
17.0
2.0
2.0
1.0
4.0
2.0
29.0
4.0
1630.0
1121.0
2.0
1.0
58.0
174.0
1.0
8.0
770.0
5.0
3.0
6.0
2.0
236.0
7.0
1469.0
781.0
12.0
85.0
11.0
32.0
305.0
482.0
25.0
440.0
1.0
38.0
1.0
3.0
1.0
218.0
1.0
3.0
1.0
1314.0
2.0
440.0
3.0
40.0
3.0
3.0
4.0
3.0
99.0
4.0
34.0
35.0
1.0
288.0
11.0
17.0
3.0
3.0
1321.0
1.0
45.0
4.0
58.0
55.0
3.0
4.0
412.0
1.0
55.0
2.0
1.0
15.0
320.0
520.0
288.0
2.0
3.0
491.0
3.0
308.0
4.0
17.0
1790.0
9.0
3.0
1.0
4.0
4.0
3.0
24.0
1.0
294.0
4.0
3.0
984.0
3.0
23.0
205.0
6.0
7.0
25.0
2.0
3.0
4.0
17.0
648.0
878.0
3.0
3.0
33.0
685.0
1.0
666.0
2.0
2.0
2.0
8.0
9.0
1.0
1.0
11.0
282.0
13.0
940.0
109.0
3.0
1519.0
36.0
3.0
1.0
69.0
4.0
3.0
2.0
3.0
3.0
830.0
37.0
2.0
8.0
1.0
1.0
9.0
3.0
1557.0
304.0
70.0
7.0
1.0
1.0
1044.0
1.0
3.0
1.0
77.0
3019.0
310.0
11.0
1018.0
2.0
972.0
1.0
3.0
31.0
1.0
2.0
1.0
1.0
3.0
3.0
1.0
1.0
351.0
1.0
10.0
1.0
1.0
874.0
3.0
436.0
576.0
1.0
1.0
1.0
3.0
3.0
1.0
17.0
144.0
833.0
5.0
6.0
10.0
4.0
1.0
4.0
85.0
11.0
12.0
521.0
116.0
1.0
86.0
1.0
6211.0
1.0
1.0
1.0
44.0
4.0
29.0
14.0
3.0
6.0
1.0
31.0
7.0
34.0
15.0
1.0
6.0
165.0
1.0
6.0
6.0
24.0
1.0
257.0
167.0
107.0
8.0
916.0
19.0
1.0
1.0
8.0
767.0
1.0
8.0
1.0
365.0
2.0
1.0
2.0
2712.0
9.0
3.0
947.0
1.0
23.0
1.0
1.0
7.0
1.0
1.0
1.0
1.0
14.0
1.0
1.0
1.0
1.0
608.0
351.0
418.0
24.0
45.0
1.0
65.0
1.0
2.0
1.0
2.0
3.0
1.0
15.0
3.0
2.0
3.0
2.0
123.0
2.0
1.0
1.0
2.0
55.0
5.0
7.0
1.0
3.0
102.0
5033.0
14.0
1.0
1.0
1.0
3.0
57.0
3.0
17.0
5.0
3.0
2.0
377.0
5.0
35.0
7.0
5.0
18.0
1.0
3.0
3.0
1.0
206.0
1.0
585.0
313.0
2.0
9.0
2.0
1.0
170.0
36.0
3.0
1.0
9.0
1.0
1.0
368.0
1615.0
641.0
1.0
3.0
3.0
3.0
127.0
21.0
175.0
253.0
3.0
4.0
11.0
50.0
3.0
3.0
735.0
227.0
577.0
17.0
34.0
1.0
26.0
1.0
3.0
3.0
3.0
3.0
4.0
1.0
5.0
85.0
41.0
1.0
3.0
5.0
2.0
1.0
1.0
3.0
3.0
1.0
3.0
1.0
52.0
1.0
8.0
1.0
6.0
1.0
35.0
107.0
1.0
6.0
1.0
3609.0
2.0
3.0
1.0
2.0
3.0
1.0
7.0
9.0
1.0
87.0
9.0
10.0
1.0
1.0
6.0
2.0
14.0
3.0
1.0
3.0
696.0
1.0
6.0
90.0
377.0
1.0
67.0
1086.0
55.0
2439.0
3.0
2.0
1.0
9.0
1763.0
4.0
31.0
1.0
24.0
4.0
1.0
6.0
1.0
1.0
180.0
17.0
2.0
4.0
3.0
1.0
2.0
13.0
2.0
4149.0
7.0
1.0
1.0
59.0
1.0
1.0
1.0
1882.0
1.0
3.0
194.0
12.0
3083.0
136.0
59.0
272.0
5.0
3.0
4.0
1.0
1.0
1.0
61.0
265.0
16.0
6.0
6.0
1.0
3.0
252.0
1.0
281.0
359.0
9.0
5.0
28.0
1.0
5.0
2.0
1.0
168.0
1.0
3.0
1.0
1.0
336.0
1374.0
1049.0
1.0
441.0
639.0
5.0
104.0
2.0
5.0
3.0
31.0
1.0
3.0
1.0
14848.0
1.0
4.0
1.0
2.0
22.0
1.0
2.0
1.0
1.0
1935.0
417.0
8.0
684.0
69.0
1.0
1.0
83.0
7.0
1.0
2.0
8.0
2.0
254.0
1.0
3.0
55.0
1.0
3.0
3.0
11.0
1.0
1.0
742.0
1.0
71.0
31.0
10.0
3.0
1.0
7.0
1.0
1065.0
27.0
1.0
60.0
25.0
3.0
7.0
2.0
3.0
101.0
1.0
420.0
3.0
9.0
8.0
6.0
1.0
1.0
2.0
2.0
75.0
3.0
3.0
4.0
1.0
3.0
1.0
2.0
1.0
96.0
838.0
2.0
5.0
1.0
46.0
4.0
1301.0
53.0
3.0
2.0
516.0
24.0
3.0
1.0
21.0
27.0
3.0
2.0
102.0
1.0
1.0
99.0
4.0
10.0
6.0
417.0
4.0
3.0
576.0
1.0
1.0
1.0
1.0
9.0
4.0
1.0
23.0
5.0
1.0
1.0
296.0
946.0
816.0
84.0
13.0
1.0
50.0
3.0
3.0
6.0
109.0
2.0
8.0
4.0
1.0
3.0
15.0
57.0
7.0
6.0
1.0
274.0
1.0
2.0
1.0
170.0
1.0
3.0
8.0
38.0
4.0
18.0
1564.0
288.0
1.0
21.0
3.0
6.0
120.0
3.0
1.0
66.0
3.0
1.0
6.0
282.0
450.0
1.0
1.0
1.0
35.0
3.0
6.0
8.0
128.0
7.0
1437.0
31.0
1.0
9.0
186.0
3.0
4.0
3.0
1.0
128.0
3.0
3.0
2.0
1.0
4.0
2.0
1.0
2.0
3.0
2.0
1.0
1.0
1.0
1.0
19.0
1.0
3.0
8.0
86.0
59.0
1.0
1793.0
5389.0
8.0
886.0
4.0
1.0
2.0
1111.0
12062.0
3.0
109.0
1.0
1.0
908.0
3.0
3.0
3.0
50.0
12.0
1.0
8.0
26.0
1.0
3.0
1.0
1.0
3.0
119.0
14.0
1.0
11.0
11.0
1.0
2.0
1.0
1.0
146.0
1.0
75.0
245.0
1.0
3.0
6.0
3.0
1658.0
17.0
15.0
2.0
1.0
12.0
2.0
389.0
3.0
19.0
58.0
168.0
282.0
5.0
1.0
1.0
1.0
3.0
4.0
10.0
3.0
38.0
4.0
1.0
1.0
55.0
11.0
2.0
6.0
5.0
1.0
15.0
5.0
43.0
1.0
344.0
14.0
1812.0
3.0
4329.0
3.0
1.0
3.0
13.0
56.0
65.0
351.0
1.0
1.0
2.0
2.0
1.0
11.0
1.0
36.0
1.0
15.0
161.0
1.0
164.0
974.0
7.0
39.0
3.0
238.0
1.0
7880.0
13.0
9.0
1.0
9.0
3.0
282.0
12.0
16.0
1.0
1.0
55.0
194.0
59.0
6.0
2.0
4.0
23.0
1.0
190.0
1.0
9.0
1.0
1.0
342.0
1.0
1.0
1.0
2.0
2.0
3.0
1.0
1.0
3.0
2.0
8.0
223.0
5.0
22.0
125.0
2.0
1.0
3.0
6.0
1.0
936.0
2.0
3.0
12.0
1.0
60.0
1.0
1.0
1.0
1.0
11.0
1.0
7.0
3.0
390.0
1.0
2.0
3621.0
11.0
5.0
1.0
1.0
65.0
12.0
3.0
25.0
1.0
85.0
778.0
3.0
1.0
21.0
2.0
1001.0
13.0
5.0
129.0
6.0
2.0
16.0
313.0
35.0
3.0
4.0
4.0
60.0
2.0
43.0
4.0
1.0
6.0
3.0
3.0
1.0
3.0
2.0
2.0
3.0
1.0
4.0
9.0
3.0
3.0
1.0
1258.0
3.0
3.0
3.0
34.0
9.0
182.0
755.0
3.0
6.0
1.0
1.0
1.0
4.0
1.0
463.0
1.0
4.0
19.0
3.0
17.0
313.0
2.0
1.0
536.0
94.0
236.0
1.0
3.0
1.0
1.0
1.0
1.0
1.0
6.0
1.0
1.0
7.0
1.0
424.0
269.0
3.0
1.0
1.0
130.0
3.0
3.0
4.0
37.0
16.0
2.0
1.0
17.0
915.0
1.0
177.0
4.0
4.0
1.0
4.0
3.0
5.0
1.0
4.0
3.0
2.0
2782.0
1.0
1.0
3.0
1.0
8.0
41.0
17.0
1.0
11.0
3.0
1.0
1140.0
1120.0
3.0
3.0
8.0
13.0
2.0
29.0
1712.0
3.0
5425.0
97.0
1.0
1506.0
3.0
3.0
351.0
3.0
13.0
32.0
6028.0
3.0
3.0
8.0
125.0
16.0
2.0
20.0
442.0
6.0
3.0
693.0
13.0
12.0
1.0
5.0
3.0
305.0
408.0
2.0
553.0
4.0
9.0
48.0
16.0
37.0
1.0
3.0
1.0
2.0
68.0
18.0
47.0
20.0
1.0
413.0
611.0
1.0
2.0
666.0
4.0
38.0
24.0
3.0
4.0
472.0
6.0
1.0
1.0
1.0
13.0
3.0
2.0
42.0
2.0
1.0
1.0
3.0
1.0
3.0
3.0
816.0
1.0
3.0
3.0
3.0
11.0
2.0
2.0
24.0
7.0
2.0
3.0
3.0
1.0
2.0
2.0
1.0
26.0
494.0
3.0
955.0
2.0
376.0
1.0
27.0
2.0
4.0
3.0
7.0
1.0
255.0
1.0
1.0
131.0
4.0
1.0
1757.0
217.0
24.0
3.0
23.0
1015.0
1.0
3.0
1.0
1.0
3.0
26.0
2.0
3.0
3.0
3.0
4.0
33.0
3.0
2.0
17.0
23.0
2.0
2.0
19.0
3.0
17.0
13.0
27.0
1.0
1.0
21.0
264.0
109.0
1.0
1.0
2.0
1987.0
1.0
4.0
4767.0
4.0
8.0
705.0
585.0
1.0
19.0
55.0
109.0
1.0
3.0
1.0
24.0
3.0
9.0
1623.0
157.0
8.0
1.0
1.0
1.0
2.0
8.0
1.0
65.0
17.0
1.0
47.0
1.0
4.0
3.0
3.0
27.0
3.0
1.0
351.0
3.0
59.0
1.0
1.0
3.0
1.0
4.0
2.0
1.0
1.0
1488.0
1.0
5.0
1.0
3.0
7.0
582.0
1.0
3.0
3.0
3.0
2.0
3.0
119.0
3.0
1.0
351.0
2.0
346.0
4.0
2.0
102.0
6.0
28.0
16.0
1.0
2.0
1.0
3.0
13.0
3.0
101.0
515.0
645.0
3.0
1.0
6.0
2.0
1200.0
3.0
3.0
1.0
25.0
1.0
1.0
3.0
1.0
1.0
1.0
2.0
1.0
39.0
173.0
3.0
11366.0
2.0
351.0
931.0
2.0
1.0
8.0
2.0
3.0
11671.0
1.0
4.0
1.0
32.0
23.0
1.0
1.0
63.0
103.0
19.0
230.0
1.0
4.0
308.0
2.0
15.0
3.0
1.0
44.0
55.0
2.0
20.0
3.0
1.0
7.0
1.0
4.0
19.0
130.0
1.0
3.0
24.0
1.0
2091.0
66.0
182.0
42.0
3.0
6.0
1.0
9.0
17.0
300.0
3.0
2.0
5.0
1.0
1.0
178.0
5.0
4445.0
1078.0
1.0
1078.0
3.0
1.0
26.0
1.0
382.0
401.0
55.0
2.0
3.0
36.0
116.0
7.0
11.0
3.0
359.0
3.0
1150.0
2.0
1.0
2.0
2.0
1246.0
472.0
1035.0
1.0
3.0
1.0
1.0
3.0
197.0
1.0
2.0
2.0
6.0
1.0
15.0
17.0
1499.0
1.0
1.0
2.0
7.0
2.0
218.0
1.0
7.0
2.0
1.0
54.0
1.0
2.0
3.0
2.0
1.0
2.0
1.0
1.0
4.0
41.0
8.0
157.0
268.0
20.0
1.0
1.0
351.0
311.0
34.0
1.0
16.0
13.0
2.0
38.0
1272.0
5.0
34.0
1.0
3.0
100.0
1.0
21.0
9.0
4.0
621.0
1.0
4.0
1.0
1.0
9.0
351.0
784.0
6.0
23.0
77.0
86.0
10.0
3.0
232.0
119.0
3.0
9.0
1.0
4.0
3.0
3.0
4.0
1.0
1.0
1.0
61.0
258.0
2.0
2.0
13.0
1.0
9.0
30.0
1.0
16.0
3.0
112.0
3.0
3.0
2.0
50.0
6.0
3.0
172.0
2.0
4.0
351.0
1.0
2.0
152.0
35.0
4.0
1.0
1.0
967.0
1.0
1.0
1.0
97.0
236.0
1.0
29.0
2.0
2.0
7.0
2.0
1.0
23.0
1.0
65.0
1.0
1.0
4.0
1.0
3.0
7.0
3.0
56.0
1.0
3.0
3.0
5.0
1.0
3.0
19.0
3.0
1.0
181.0
3.0
3485.0
1.0
1.0
1.0
16.0
5.0
4.0
8.0
6.0
2.0
1.0
1.0
12.0
1.0
3.0
2.0
1968.0
7.0
1.0
3.0
38.0
57.0
1.0
25.0
3.0
1.0
3.0
1.0
1.0
169.0
1.0
980.0
1.0
32.0
1.0
3.0
9.0
1.0
1.0
2.0
3.0
17.0
1.0
14.0
4.0
2.0
973.0
1179.0
36.0
1.0
1.0
3.0
36.0
3.0
3.0
4.0
1.0
2.0
1.0
1192.0
66.0
3.0
1.0
3.0
4.0
1.0
8.0
432.0
10.0
3.0
20.0
3.0
158.0
1.0
2486.0
1.0
11.0
596.0
2.0
1018.0
23.0
2253.0
1.0
3.0
5.0
1.0
3574.0
1.0
8318.0
22.0
3.0
1.0
1.0
1.0
65.0
21.0
35.0
8.0
368.0
2.0
1.0
11.0
3.0
4.0
19.0
51.0
297.0
46.0
55.0
12.0
36.0
1.0
1.0
3.0
17.0
1994.0
22.0
1.0
26.0
1225.0
3.0
13000.0
3.0
16.0
28.0
5.0
8.0
1.0
5.0
129.0
1.0
20.0
1.0
15.0
4.0
1.0
353.0
1.0
39.0
28.0
426.0
428.0
7.0
2.0
12.0
8.0
15.0
3.0
3.0
102.0
26.0
2.0
1.0
4.0
65.0
1.0
2.0
58.0
1.0
154.0
1.0
1.0
1.0
1.0
1.0
736.0
9.0
1.0
9.0
136.0
1.0
8.0
6.0
1010.0
8.0
13.0
3329.0
143.0
1.0
2.0
100.0
1.0
7.0
2.0
1.0
2.0
4321.0
9.0
5145.0
4.0
51.0
3.0
1.0
65.0
14242.0
2.0
1.0
4.0
23.0
24.0
66.0
4.0
1.0
5.0
138.0
4.0
1.0
20118.0
8.0
1.0
19074.0
1.0
9.0
3.0
1.0
2.0
863.0
2345.0
22.0
1.0
1.0
1.0
13.0
39.0
56.0
1.0
16.0
16.0
56.0
292.0
3.0
37.0
1.0
1.0
1.0
23.0
1391.0
6.0
19.0
2.0
135.0
1.0
8.0
9.0
4.0
1.0
1.0
2.0
3.0
3.0
4.0
3.0
1.0
88.0
176.0
95.0
3.0
3.0
58.0
3.0
1.0
100.0
3460.0
41.0
420.0
1.0
57.0
1.0
1.0
308.0
5756.0
1.0
1314.0
573.0
3.0
543.0
3.0
9.0
3.0
1.0
3.0
2.0
1813.0
1.0
3.0
3.0
954.0
21.0
16.0
1.0
3.0
2.0
1.0
12.0
16.0
45.0
338.0
8.0
10.0
1.0
1.0
882.0
42.0
140.0
7.0
2.0
24.0
59.0
3383.0
4.0
39.0
2.0
1.0
4.0
1.0
1.0
336.0
3.0
1.0
564.0
3.0
3.0
1.0
3.0
4.0
1.0
4088.0
1733.0
95.0
1.0
2.0
1311.0
2.0
3.0
19.0
3.0
1.0
1.0
335.0
3.0
9.0
11953.0
23.0
338.0
3.0
1.0
2.0
3.0
86.0
1.0
216.0
1.0
30.0
76.0
15.0
3.0
3.0
2.0
3.0
242.0
2.0
5.0
74.0
1.0
30.0
3629.0
61.0
849.0
1.0
2.0
3.0
1.0
1.0
5.0
1.0
19.0
164.0
50.0
44.0
289.0
3.0
3.0
4.0
1629.0
3.0
3.0
24.0
3.0
3.0
24.0
7.0
3.0
1.0
1.0
1.0
40.0
3.0
1.0
3.0
1.0
3.0
33.0
13.0
2.0
3.0
8.0
888.0
1.0
4.0
1.0
3.0
1.0
36.0
1.0
3.0
2.0
6.0
9.0
12.0
1.0
97.0
510.0
19.0
17.0
4.0
1.0
1.0
1.0
3.0
421.0
1.0
2.0
43.0
2.0
1088.0
853.0
6.0
9.0
1.0
3.0
27.0
3.0
2.0
70.0
3.0
1.0
34.0
1.0
1.0
1.0
1.0
2.0
1024.0
1.0
2.0
120.0
4.0
10.0
11.0
1.0
253.0
1940.0
33.0
3.0
1.0
6.0
1.0
123.0
74.0
2.0
1.0
3.0
3115.0
282.0
17.0
1.0
3.0
577.0
7.0
86.0
11.0
1.0
1.0
2.0
4.0
1.0
2.0
1.0
1.0
49.0
1.0
1299.0
7.0
1.0
48.0
4.0
3.0
298.0
53.0
178.0
2.0
47.0
50.0
3.0
1.0
338.0
105.0
100.0
28.0
31.0
31.0
1.0
4.0
19.0
99.0
1.0
3.0
1.0
82.0
99.0
685.0
2.0
3.0
4.0
3.0
10.0
2.0
2.0
162.0
2815.0
1.0
1.0
7.0
339.0
1.0
3.0
52.0
3.0
1327.0
1.0
596.0
1035.0
3.0
1.0
3.0
11.0
3.0
369.0
1.0
2.0
2.0
34.0
1.0
145.0
10.0
1.0
1.0
2.0
3.0
773.0
75.0
3.0
115.0
3.0
2.0
19.0
1.0
7.0
944.0
2056.0
2.0
6.0
1.0
17.0
1.0
14.0
1.0
5.0
1.0
338.0
1.0
3.0
2346.0
41.0
4.0
6.0
3.0
13.0
4.0
635.0
3.0
1.0
3.0
1.0
12.0
8.0
1833.0
16.0
3.0
2.0
2.0
19.0
6.0
1.0
1.0
358.0
4.0
3.0
337.0
1.0
8.0
3.0
8.0
1.0
606.0
5.0
22.0
7.0
5.0
4.0
3.0
2.0
297.0
923.0
295.0
136.0
14.0
1.0
295.0
1.0
3.0
102.0
251.0
1.0
8.0
114.0
4.0
1.0
2.0
2.0
9.0
1.0
36.0
3.0
11.0
33.0
4.0
1.0
319.0
3.0
542.0
1.0
1.0
61.0
21.0
2.0
6.0
3.0
1.0
943.0
2062.0
1.0
1.0
2.0
2.0
1.0
1.0
238.0
1.0
71.0
10.0
4013.0
4303.0
596.0
1.0
7.0
1.0
5.0
2.0
66.0
1.0
14385.0
4.0
2.0
1.0
1050.0
9.0
4.0
532.0
3.0
351.0
27.0
101.0
1.0
3.0
1.0
1.0
1.0
10.0
1.0
31.0
24.0
607.0
3.0
2.0
8.0
5.0
3.0
1.0
2.0
57.0
1.0
2.0
1.0
134.0
258.0
1.0
67.0
1.0
442.0
755.0
6.0
3.0
3.0
11.0
1.0
2.0
2.0
259.0
3.0
159.0
87.0
2.0
572.0
3.0
2.0
12.0
3.0
3.0
52.0
5.0
3.0
671.0
8.0
3.0
227.0
1.0
8.0
1.0
1.0
6.0
3.0
1.0
1.0
1.0
3.0
3.0
3.0
113.0
5626.0
2.0
2.0
20.0
17.0
129.0
114.0
1.0
288.0
1.0
46.0
9.0
2.0
1.0
9.0
2.0
1.0
2.0
367.0
2.0
39.0
209.0
394.0
2.0
5.0
3.0
353.0
36.0
790.0
3.0
5.0
3.0
4.0
19.0
1.0
916.0
5.0
1.0
1.0
1.0
23.0
2.0
1.0
1.0
4.0
3.0
1.0
11.0
476.0
72.0
1.0
6.0
1.0
41.0
1.0
1.0
34.0
1399.0
47.0
2.0
11.0
124.0
127.0
1.0
1.0
4.0
1165.0
3.0
1.0
1.0
3666.0
238.0
8.0
174.0
4.0
9638.0
1578.0
194.0
62.0
13.0
675.0
95.0
1.0
9.0
2.0
2.0
1.0
3.0
12.0
4.0
21.0
33.0
457.0
2.0
2.0
2.0
214.0
5.0
1443.0
1.0
2.0
160.0
1.0
17.0
9.0
6.0
4.0
3.0
1.0
20.0
21.0
3.0
1.0
155.0
91.0
1.0
2.0
8.0
3.0
6.0
221.0
3.0
3.0
3.0
1.0
1.0
1.0
562.0
954.0
383.0
1.0
2.0
1.0
31.0
6.0
46.0
27.0
3.0
300.0
3.0
2.0
2.0
1.0
1.0
2.0
29.0
17.0
3.0
168.0
1.0
3.0
1.0
7.0
16.0
1.0
21.0
3.0
9.0
1.0
1.0
1.0
7.0
4109.0
6.0
65.0
12988.0
351.0
3.0
1.0
1.0
235.0
31.0
124.0
1243.0
227.0
4.0
2.0
1.0
170.0
2.0
1.0
3.0
2.0
3.0
321.0
6.0
5.0
4.0
15.0
1.0
10.0
6317.0
2.0
4.0
1.0
7.0
102.0
286.0
21.0
681.0
2.0
3.0
1.0
2.0
1.0
6.0
1.0
1.0
1.0
1001.0
6.0
3.0
4.0
1.0
13.0
696.0
6.0
17.0
4.0
1.0
338.0
3.0
65.0
1.0
3.0
421.0
1.0
135.0
3.0
2.0
576.0
1.0
3.0
2.0
1.0
1.0
21.0
124.0
11.0
1.0
26.0
5.0
1.0
1.0
3.0
735.0
234.0
259.0
1.0
937.0
65.0
3.0
12.0
3.0
4.0
384.0
28.0
1.0
1.0
1.0
1.0
17.0
9.0
2.0
6.0
5.0
86.0
342.0
931.0
1.0
1.0
3.0
1.0
3.0
4.0
1.0
6.0
79.0
9.0
6.0
224.0
8.0
1.0
1.0
658.0
177.0
1.0
1.0
4.0
14.0
19.0
5.0
137.0
3.0
638.0
38.0
1941.0
19.0
7910.0
6.0
267.0
4.0
75.0
2.0
5.0
18.0
2.0
1.0
104.0
3.0
2.0
4.0
13.0
1.0
206.0
4.0
1.0
18.0
1.0
3.0
8.0
3.0
4823.0
6.0
1.0
1.0
24.0
1.0
3.0
1.0
1.0
1.0
1.0
1.0
1.0
714.0
8.0
4.0
3.0
1.0
9.0
6.0
4.0
3.0
1018.0
24.0
535.0
2.0
1.0
35.0
600.0
3.0
25.0
1.0
1.0
37.0
3.0
4.0
10.0
3.0
11.0
1.0
64.0
985.0
1.0
9.0
1.0
1.0
9.0
1.0
96.0
15.0
4.0
3.0
5.0
2.0
24.0
1.0
36.0
24.0
1.0
28.0
1.0
14.0
3.0
3.0
2.0
3.0
1297.0
1.0
18.0
3.0
2.0
53.0
1.0
26.0
96.0
1434.0
3.0
1.0
32.0
3.0
4.0
21.0
3.0
1.0
3.0
5221.0
261.0
84.0
2.0
21.0
15.0
241.0
3.0
3.0
5.0
1.0
4.0
1.0
3.0
686.0
1.0
3.0
1.0
6.0
1.0
1.0
65.0
1148.0
4.0
3.0
3.0
1.0
298.0
3.0
1.0
3.0
1.0
118.0
3.0
12.0
3.0
5.0
1.0
672.0
965.0
242.0
51.0
121.0
123.0
961.0
7.0
1.0
59.0
5231.0
1807.0
15.0
2252.0
2.0
1.0
3.0
10.0
146.0
3.0
3.0
1.0
2.0
410.0
1.0
1.0
1.0
425.0
1.0
1.0
1.0
15.0
77.0
1.0
5.0
2.0
1.0
6.0
47.0
4.0
3.0
3.0
1.0
1018.0
1.0
365.0
1.0
1.0
2.0
1.0
1.0
1.0
1.0
46.0
9348.0
24.0
288.0
102.0
3.0
1.0
1.0
20.0
44.0
1.0
1.0
3.0
70.0
4.0
195.0
627.0
2.0
19.0
65.0
8.0
138.0
112.0
8.0
1.0
1.0
1.0
13.0
51.0
3.0
1.0
619.0
3.0
25.0
2.0
8.0
3.0
1.0
10.0
1.0
124.0
2.0
896.0
1.0
19.0
3.0
1.0
74.0
4.0
1.0
1.0
29.0
356.0
2.0
6.0
3.0
9.0
2083.0
10.0
1.0
30.0
21.0
2.0
165.0
932.0
16.0
3.0
1.0
21.0
13.0
24.0
273.0
3.0
33.0
104.0
2.0
25.0
2.0
3.0
367.0
1.0
8.0
4.0
1.0
24.0
2.0
2695.0
278.0
5.0
1.0
3.0
3.0
2.0
3.0
29.0
166.0
3.0
8.0
19.0
203.0
3.0
178.0
10.0
2.0
32.0
998.0
3.0
1.0
6.0
1.0
2.0
1.0
1.0
3.0
59.0
23.0
1.0
3.0
45.0
1.0
2.0
2.0
8.0
19.0
17.0
1.0
15.0
1.0
74.0
1.0
174.0
917.0
298.0
745.0
3.0
1.0
3.0
1.0
146.0
1.0
2.0
1.0
37.0
2.0
23.0
1.0
19076.0
1.0
5.0
12.0
261.0
1.0
98.0
2.0
2.0
1.0
1.0
19.0
5.0
282.0
5.0
3.0
2.0
3.0
1.0
74.0
3.0
46.0
1.0
1.0
1.0
2.0
1.0
1.0
377.0
1.0
1.0
1.0
23.0
58.0
82.0
1.0
298.0
3.0
421.0
2.0
3.0
2.0
2.0
31.0
1.0
1.0
4.0
35.0
4.0
1.0
13.0
3.0
1.0
13.0
206.0
3.0
2.0
3.0
1.0
1.0
3.0
7.0
24.0
9.0
1.0
5429.0
3.0
1.0
1.0
27.0
2.0
3.0
4.0
112.0
3.0
2.0
72.0
3.0
1.0
3.0
1.0
2.0
2.0
790.0
5.0
3.0
6.0
2.0
1.0
1.0
5.0
1.0
11.0
77.0
1.0
1.0
870.0
48.0
6.0
4.0
378.0
171.0
1.0
3.0
11.0
16.0
1.0
26.0
3.0
254.0
993.0
2.0
3.0
24.0
65.0
1.0
5.0
1.0
1.0
3.0
272.0
2.0
420.0
208.0
1.0
14.0
3.0
1.0
4.0
6.0
2.0
3.0
411.0
9.0
3.0
2.0
1.0
4.0
932.0
1.0
432.0
2.0
3.0
2.0
1.0
1.0
3.0
369.0
121.0
1.0
57.0
5.0
3.0
1669.0
1.0
1.0
2.0
1.0
288.0
331.0
213.0
1.0
193.0
960.0
8.0
21.0
1.0
3.0
1.0
8.0
583.0
7.0
7.0
3.0
4.0
2.0
1.0
59.0
3.0
11.0
267.0
3.0
16.0
9.0
1.0
2.0
1286.0
4.0
52.0
3098.0
3.0
9.0
3.0
1.0
14.0
3.0
1.0
718.0
2.0
1924.0
2.0
49.0
21.0
2.0
96.0
3.0
1.0
1.0
2.0
200.0
3.0
9.0
1.0
1.0
1.0
8.0
2.0
1.0
26.0
1.0
279.0
78.0
830.0
1183.0
1.0
3.0
1.0
65.0
6.0
13714.0
56.0
2.0
4.0
1.0
1.0
71.0
4.0
2.0
105.0
1.0
5.0
1.0
1.0
27.0
2.0
49.0
3.0
2.0
3.0
1462.0
23.0
19.0
3.0
37.0
1.0
5.0
32.0
77.0
13.0
2.0
10.0
2.0
2.0
1.0
73.0
9.0
79.0
3.0
1.0
15.0
2.0
1.0
123.0
3.0
15.0
1.0
3.0
3.0
3.0
6.0
159.0
2.0
2.0
110.0
886.0
1.0
42.0
435.0
30.0
1.0
11.0
5.0
218.0
3.0
2.0
1.0
1.0
1.0
3.0
123.0
1.0
1.0
23.0
1.0
32.0
763.0
27.0
1.0
7.0
2.0
1.0
89.0
3.0
2.0
3.0
1.0
3.0
1.0
20.0
3.0
1.0
5818.0
7.0
1.0
4.0
1071.0
5.0
55.0
4.0
55.0
1.0
18.0
22.0
1230.0
1.0
48.0
102.0
1.0
15.0
113.0
4.0
12.0
4.0
1926.0
1217.0
3.0
617.0
1299.0
1.0
15.0
1.0
3.0
66.0
672.0
1.0
24.0
1.0
20.0
1.0
2990.0
3.0
1.0
3.0
9.0
2.0
1867.0
4.0
1.0
76.0
149.0
4.0
1.0
2844.0
13.0
192.0
3.0
1.0
10.0
1.0
1.0
1.0
3.0
3.0
19.0
3.0
2.0
3.0
2.0
16.0
62.0
23.0
24.0
1.0
5.0
1.0
5.0
46.0
1.0
105.0
3.0
655.0
1096.0
1.0
2.0
1.0
3.0
6.0
484.0
313.0
597.0
1.0
2.0
9.0
159.0
10.0
1.0
272.0
1.0
8.0
3.0
17.0
10.0
4.0
32.0
2.0
136.0
1.0
1.0
1.0
199.0
1.0
2.0
2.0
73.0
6.0
1.0
28.0
105.0
1.0
1.0
97.0
2.0
82.0
1422.0
1.0
66.0
2.0
4.0
1.0
1.0
1.0
3.0
1.0
2.0
21.0
8.0
62.0
7.0
1.0
2.0
3.0
303.0
4.0
516.0
721.0
3.0
1.0
7.0
596.0
51.0
1.0
19.0
106.0
1.0
3.0
1.0
24.0
2097.0
6.0
12.0
1.0
2.0
3.0
3.0
1.0
1622.0
1.0
3.0
3.0
115.0
3.0
82.0
1.0
7.0
839.0
61.0
3.0
41.0
1.0
12.0
1.0
4.0
8.0
7.0
56.0
8.0
7.0
1.0
1.0
8.0
21.0
513.0
6.0
413.0
1.0
58.0
2.0
79.0
2.0
1.0
1.0
1.0
18.0
134.0
1.0
447.0
2.0
3.0
57.0
5.0
1.0
1.0
1.0
1.0
28.0
4.0
3.0
1.0
1.0
3.0
11.0
543.0
63.0
1.0
1.0
27.0
73.0
1.0
9.0
1.0
1.0
14385.0
5.0
21.0
1.0
10.0
4.0
3.0
516.0
15.0
26.0
71.0
3.0
2.0
5.0
659.0
1.0
3.0
3555.0
4.0
3.0
6.0
1.0
3.0
1.0
8.0
3.0
75.0
2.0
2076.0
330.0
70.0
6.0
10.0
8530.0
1.0
261.0
729.0
8.0
3.0
2.0
8.0
202.0
3.0
3.0
119.0
2.0
1.0
1.0
2.0
4.0
1.0
2.0
3.0
170.0
1.0
2.0
12.0
1487.0
12.0
2.0
1.0
5.0
743.0
220.0
344.0
1.0
17.0
813.0
4.0
2.0
1.0
7.0
2.0
35.0
36.0
23.0
585.0
1.0
1.0
22.0
1.0
1.0
2.0
63.0
51.0
116.0
1122.0
11.0
547.0
3.0
3.0
24.0
158.0
1.0
5.0
1.0
8.0
1.0
1.0
10.0
1.0
3.0
359.0
41.0
105.0
2.0
1.0
26.0
4075.0
3.0
12.0
13.0
2.0
8.0
3.0
24.0
122.0
1186.0
1.0
1.0
4.0
3.0
1741.0
4.0
2.0
1.0
4.0
2.0
3.0
1.0
41.0
2.0
5.0
1281.0
129.0
273.0
2.0
1.0
1.0
3.0
4515.0
1.0
600.0
2.0
3.0
127.0
2.0
19.0
1.0
3.0
13.0
3168.0
167.0
1.0
3.0
7.0
14017.0
1.0
649.0
727.0
1069.0
2.0
351.0
23421.0
3.0
4.0
24.0
1.0
3.0
3.0
1018.0
1562.0
1.0
61.0
37.0
1.0
298.0
3.0
1.0
7.0
1.0
134.0
4326.0
1.0
3.0
2.0
3.0
2.0
3.0
1.0
383.0
1.0
1.0
638.0
119.0
3.0
2.0
2.0
2.0
9.0
2.0
2.0
1.0
5.0
2.0
1018.0
11.0
17.0
5.0
8.0
1.0
6.0
2671.0
5.0
1.0
22.0
1.0
16.0
2.0
6.0
1.0
1483.0
1.0
24.0
1.0
1046.0
32.0
3.0
4.0
58.0
7.0
132.0
3.0
20.0
3.0
44.0
4.0
9.0
6.0
537.0
578.0
3.0
3.0
1009.0
8.0
22.0
3.0
2.0
24.0
708.0
4.0
114.0
2.0
52.0
7.0
3.0
81.0
6.0
1.0
2.0
2.0
1.0
6.0
387.0
1.0
1.0
3.0
1.0
19.0
18.0
1.0
1.0
1.0
14.0
366.0
1.0
2.0
3.0
3.0
3.0
14.0
3.0
2.0
9.0
596.0
56.0
4.0
1.0
3.0
45.0
1.0
3.0
1.0
19.0
622.0
681.0
3.0
1.0
1.0
1.0
1.0
2.0
3.0
3.0
7.0
1.0
2.0
1.0
15.0
3.0
55.0
118.0
4.0
87.0
3.0
2.0
7.0
4.0
2.0
2.0
3.0
6.0
1.0
29.0
3.0
3.0
3.0
8.0
1.0
3.0
1.0
3.0
1.0
4.0
4.0
7.0
1.0
12.0
20.0
2.0
3.0
3.0
1.0
3.0
42.0
3.0
779.0
5.0
1.0
1.0
2.0
8.0
1.0
3.0
1.0
1.0
1.0
3.0
1.0
1.0
1.0
3.0
1.0
1.0
6.0
3.0
835.0
3808.0
1.0
3.0
1.0
62.0
2.0
2.0
3.0
2.0
44.0
1.0
3.0
3.0
7.0
4.0
2.0
7.0
1.0
685.0
2.0
9.0
1.0
40.0
40.0
1.0
1.0
3.0
2.0
3.0
1.0
1.0
2.0
1.0
1.0
12.0
3.0
478.0
2.0
4.0
1.0
3789.0
1.0
15.0
19.0
99.0
29.0
2.0
414.0
1712.0
3.0
42.0
143.0
10.0
3.0
184.0
5.0
16.0
1.0
559.0
6.0
74.0
1.0
23.0
3.0
3.0
2.0
1057.0
634.0
15.0
373.0
1.0
3.0
1.0
2.0
1.0
110.0
43.0
3.0
194.0
6.0
613.0
1.0
120.0
701.0
924.0
7.0
44.0
2.0
18.0
3921.0
29.0
1.0
1.0
164.0
18.0
83.0
17.0
1.0
3.0
3.0
370.0
12.0
1130.0
12.0
19.0
615.0
3.0
1.0
10849.0
24.0
77.0
911.0
7.0
1.0
7.0
2.0
3.0
1.0
1.0
1.0
199.0
2.0
15.0
9.0
1.0
1.0
22.0
1.0
1.0
1.0
7.0
13.0
6.0
1.0
23.0
3.0
350.0
1.0
2.0
1.0
2.0
4.0
9.0
3.0
1.0
1308.0
152.0
3.0
1.0
7.0
3.0
3.0
666.0
2.0
18.0
3.0
3.0
272.0
1246.0
282.0
3.0
3.0
75.0
1.0
21.0
1.0
8.0
7.0
1.0
10.0
2.0
2.0
2.0
149.0
1.0
35.0
117.0
305.0
3.0
3.0
32.0
2.0
2.0
4.0
249.0
2859.0
2.0
1.0
27.0
38.0
4.0
4.0
1.0
591.0
465.0
1.0
82.0
114.0
1.0
1838.0
1.0
23.0
5.0
1.0
6.0
862.0
12.0
1.0
79.0
1386.0
2.0
24.0
188.0
2.0
2938.0
357.0
423.0
3.0
3.0
7.0
2.0
19.0
80.0
1.0
15.0
3.0
4311.0
1.0
2.0
14.0
6.0
2.0
20.0
16787.0
8.0
1.0
39.0
502.0
3.0
1.0
25.0
1.0
2.0
5.0
1.0
34.0
1.0
3.0
7.0
13.0
3392.0
1.0
2.0
104.0
20.0
69.0
3.0
4.0
1449.0
78.0
3.0
1.0
47.0
3.0
1.0
1.0
3.0
2.0
444.0
3.0
2.0
1.0
2.0
3.0
249.0
3.0
1.0
138.0
1.0
1.0
3.0
230.0
8.0
276.0
12.0
2.0
3.0
797.0
8.0
11.0
2.0
24.0
22.0
1663.0
3.0
4.0
24.0
5.0
3.0
177.0
3.0
3.0
1712.0
2.0
1.0
1.0
3.0
1.0
3.0
8.0
247.0
3.0
21.0
2.0
3.0
3.0
24.0
1.0
1.0
4.0
1.0
1.0
6.0
1036.0
5.0
1.0
2.0
1.0
3.0
1.0
6.0
95.0
8.0
1.0
3.0
2.0
194.0
2.0
16.0
1.0
3.0
1.0
1.0
5.0
1.0
3.0
2.0
28.0
1.0
1.0
58.0
1.0
338.0
46.0
5.0
1.0
1140.0
6.0
9.0
2.0
1.0
4.0
2.0
4.0
654.0
16.0
5.0
19.0
1.0
512.0
1.0
7.0
4.0
8.0
3.0
2.0
3.0
1.0
17.0
139.0
2.0
102.0
2.0
3.0
7.0
515.0
23.0
401.0
3.0
1.0
1.0
9.0
9.0
2.0
1.0
9.0
3.0
4.0
1.0
329.0
1.0
14.0
19.0
9.0
62.0
1.0
141.0
1.0
511.0
1652.0
1.0
23.0
21.0
16.0
1.0
42.0
405.0
3.0
1713.0
345.0
2.0
1.0
15.0
45.0
3.0
1.0
1429.0
2.0
3.0
4.0
65.0
55.0
300.0
55.0
127.0
18023.0
455.0
102.0
70.0
1.0
13.0
1.0
1.0
3028.0
10.0
52.0
1.0
1.0
2.0
14.0
2.0
3.0
159.0
3.0
2.0
257.0
5.0
19.0
1.0
10.0
41.0
1.0
9.0
3.0
6.0
4.0
308.0
3.0
6.0
1.0
1229.0
14.0
1.0
2.0
4.0
3.0
667.0
1.0
8.0
1.0
1.0
1.0
9.0
16.0
5.0
3.0
2.0
1.0
53.0
43.0
5.0
36.0
1.0
1.0
1.0
4512.0
1344.0
1.0
25.0
238.0
33.0
6.0
9.0
835.0
112.0
1.0
20.0
3.0
733.0
1.0
13.0
3.0
162.0
4.0
4.0
1116.0
24.0
473.0
19.0
1.0
1.0
1814.0
3.0
2.0
1.0
34.0
1358.0
8.0
1.0
7.0
3.0
1.0
24.0
5.0
4.0
7.0
14.0
1.0
88.0
319.0
1.0
1.0
1.0
1.0
3180.0
1.0
102.0
674.0
4.0
243.0
111.0
1.0
1.0
3.0
36.0
3.0
3.0
167.0
576.0
23.0
202.0
1.0
2.0
1.0
8.0
15432.0
24.0
2685.0
31.0
60.0
6.0
236.0
2.0
966.0
10.0
878.0
3.0
3.0
1.0
3.0
47.0
351.0
12.0
1.0
30.0
2.0
1.0
3.0
1.0
11.0
2.0
58.0
3.0
6.0
19.0
384.0
226.0
2.0
419.0
1.0
1.0
2.0
104.0
2.0
1.0
12.0
2.0
2.0
6.0
28.0
1.0
271.0
5.0
218.0
5.0
14.0
1.0
2086.0
78.0
3.0
3.0
2.0
117.0
1.0
5.0
1.0
3.0
454.0
3.0
108.0
11.0
1.0
22.0
2.0
3486.0
1.0
4.0
109.0
4.0
10.0
2.0
1018.0
299.0
1.0
2.0
322.0
7815.0
1.0
1.0
358.0
83.0
15.0
54.0
28.0
1.0
8.0
7.0
1.0
1.0
1.0
3.0
1.0
366.0
268.0
1.0
1.0
1.0
59.0
1.0
1.0
3.0
2.0
3.0
2.0
2.0
1.0
1661.0
447.0
2.0
38.0
300.0
66.0
1.0
29.0
411.0
3.0
3.0
60.0
1.0
3.0
7.0
10.0
3.0
3.0
65.0
24.0
4.0
24.0
7.0
1870.0
133.0
3.0
9.0
2.0
1.0
2.0
21.0
122.0
3.0
163.0
1.0
2.0
4.0
3.0
2.0
3.0
1.0
2.0
1.0
2.0
2.0
2.0
1.0
48.0
20.0
30.0
73.0
1.0
2.0
2.0
5.0
3.0
70.0
12.0
4.0
5.0
4.0
34.0
1.0
2.0
8.0
3.0
1.0
3.0
13.0
535.0
959.0
71.0
2.0
1.0
3.0
1.0
2.0
242.0
1.0
14.0
1.0
4.0
25.0
1.0
7.0
1.0
1.0
212.0
6.0
118.0
6.0
87.0
1.0
3.0
16.0
3.0
1.0
2.0
19.0
5226.0
253.0
20.0
1.0
13.0
3.0
1.0
1.0
142.0
48.0
22.0
17.0
2.0
6.0
33.0
2.0
1970.0
3.0
7.0
13.0
1.0
147.0
3.0
3.0
6.0
1.0
1.0
5.0
1.0
1.0
25.0
543.0
55.0
1.0
1.0
4.0
3.0
3.0
58.0
1.0
3.0
1.0
8876.0
2.0
1.0
3.0
1.0
3.0
72.0
1268.0
1240.0
1.0
2.0
3.0
3.0
1.0
2.0
1.0
111.0
1.0
2.0
75.0
92.0
2.0
1.0
1.0
1.0
28.0
1.0
5904.0
4.0
3.0
1.0
1.0
1.0
908.0
15.0
58.0
1.0
282.0
3.0
1.0
1113.0
20.0
1.0
247.0
2.0
1.0
3.0
1.0
13.0
1.0
2.0
2.0
1.0
1.0
1.0
81.0
47.0
133.0
3.0
6037.0
2.0
6.0
7.0
58.0
3077.0
7.0
1.0
3.0
1.0
686.0
3.0
13.0
2.0
1.0
2.0
292.0
1.0
2.0
3.0
197.0
42.0
24.0
132.0
4.0
1.0
3.0
1.0
288.0
23.0
4.0
2138.0
3.0
3.0
3.0
13.0
436.0
20.0
7.0
3.0
1.0
3.0
283.0
3.0
1.0
1.0
696.0
15.0
3.0
3.0
1.0
10.0
3.0
1310.0
22.0
1.0
202.0
101.0
2.0
6.0
3.0
4.0
27.0
248.0
2.0
4.0
2.0
29598.0
4.0
3.0
2.0
3.0
1.0
18.0
6.0
2.0
1.0
2.0
1.0
13.0
1.0
4.0
3.0
19.0
3.0
16.0
4.0
85.0
61.0
1.0
2.0
213.0
1.0
146.0
1.0
1.0
426.0
779.0
1.0
1581.0
103.0
47.0
5.0
2.0
3.0
59.0
1.0
1.0
991.0
2.0
17.0
2.0
3.0
2.0
10.0
2.0
13.0
3.0
1.0
351.0
1.0
607.0
128.0
1.0
22.0
491.0
1.0
3.0
4.0
3.0
1.0
45.0
3.0
2.0
3.0
3.0
2.0
1.0
1.0
1.0
60.0
16.0
3.0
2.0
6.0
22.0
12.0
1.0
404.0
9.0
7.0
2.0
7.0
983.0
2.0
10.0
1.0
1.0
10.0
27.0
2.0
117.0
24.0
2.0
4.0
3.0
7.0
2.0
1.0
2.0
15.0
76.0
16.0
4.0
97.0
2.0
67.0
1.0
21.0
6.0
2.0
1.0
1.0
3.0
1.0
1.0
4.0
5.0
5.0
2.0
324.0
2396.0
2.0
4.0
281.0
3.0
1.0
81.0
3.0
45.0
1.0
1.0
8.0
1.0
5.0
10.0
1.0
1466.0
2.0
183.0
3.0
5.0
9.0
132.0
5.0
10.0
149.0
2.0
107.0
1038.0
7.0
2.0
4.0
3.0
2.0
1.0
3.0
3.0
19.0
5.0
1.0
6.0
92.0
3.0
24.0
1.0
10.0
3.0
7.0
4.0
1416.0
16.0
41.0
63.0
17.0
3.0
1.0
2497.0
9.0
1.0
7.0
1130.0
1.0
8.0
9.0
1530.0
67.0
19.0
1.0
55.0
1.0
104.0
73.0
3.0
3.0
116.0
130.0
5.0
76.0
1.0
3.0
2576.0
15.0
1.0
2.0
2.0
4.0
11.0
461.0
1.0
24.0
4.0
2.0
3.0
4.0
3.0
784.0
7.0
2.0
4.0
2.0
1193.0
21.0
1.0
2.0
2.0
15.0
1.0
1270.0
1.0
3648.0
5.0
1047.0
40.0
2.0
34.0
1.0
1.0
913.0
3.0
37.0
1683.0
2.0
55.0
1.0
1.0
257.0
11.0
1.0
46.0
3.0
2.0
8.0
2.0
1.0
549.0
5.0
191.0
1.0
139.0
1.0
9.0
1.0
124.0
5.0
1.0
48.0
4.0
2.0
45.0
38.0
1.0
1.0
10.0
21.0
34.0
1.0
64.0
434.0
72.0
4.0
6.0
3.0
2.0
2.0
2.0
2.0
6.0
12.0
1.0
241.0
49.0
4.0
3.0
4.0
1420.0
8.0
3.0
2.0
4.0
1.0
1.0
1.0
2.0
3.0
3.0
5.0
3.0
1.0
4.0
8.0
44.0
1.0
22.0
1.0
3.0
95.0
18.0
5.0
1.0
359.0
1.0
16.0
1.0
10.0
1.0
2.0
131.0
513.0
399.0
1826.0
257.0
17.0
5222.0
88.0
13.0
1.0
6.0
2.0
1.0
1.0
1.0
1.0
6.0
3.0
1.0
1.0
2.0
2.0
3.0
4.0
1.0
49.0
101.0
1.0
10.0
65.0
1.0
70.0
14.0
3.0
9.0
1.0
25.0
3.0
1.0
37.0
510.0
2990.0
48.0
9.0
160.0
244.0
14.0
34357.0
12.0
15.0
2.0
1.0
3.0
310.0
1.0
9.0
4.0
24.0
289.0
273.0
3.0
301.0
1.0
12.0
798.0
1.0
1.0
3.0
3.0
235.0
965.0
335.0
1.0
1.0
311.0
24.0
1.0
1.0
1.0
1.0
19.0
1035.0
1.0
1.0
181.0
1.0
118.0
31.0
1.0
8.0
2.0
596.0
19.0
3.0
3.0
1.0
1.0
9.0
28.0
823.0
1.0
1.0
160.0
1.0
20.0
43.0
1.0
1.0
6.0
1.0
4.0
1.0
2.0
3.0
1.0
1.0
1.0
3.0
2.0
15.0
243.0
696.0
2.0
199.0
4.0
7.0
4.0
4.0
1378.0
259.0
6.0
1768.0
36.0
2.0
64.0
43.0
3.0
3.0
5.0
1080.0
128.0
207.0
1.0
2.0
5.0
1.0
1.0
829.0
1303.0
1.0
1.0
1.0
2.0
1.0
2.0
1.0
3.0
2.0
3.0
1.0
1.0
338.0
1.0
33.0
1.0
2.0
524.0
595.0
17.0
49.0
2.0
145.0
1.0
3.0
281.0
3.0
16.0
2.0
60.0
611.0
66.0
1.0
3.0
11.0
100.0
9931.0
3.0
2.0
1.0
24.0
1.0
8.0
258.0
5.0
747.0
1.0
2385.0
19.0
21.0
15.0
1.0
117.0
109.0
3.0
381.0
5.0
11.0
17.0
1.0
5.0
1.0
9.0
666.0
562.0
421.0
2.0
102.0
7.0
3.0
18.0
3.0
2.0
3.0
2.0
1.0
1.0
1.0
1.0
1.0
24.0
1.0
7.0
1.0
3.0
1.0
1.0
1.0
129.0
61.0
1.0
26.0
5.0
3.0
2.0
5.0
24.0
24.0
19.0
69.0
2.0
3.0
3.0
2.0
8.0
3.0
3.0
8.0
22.0
43.0
3.0
1.0
1.0
2.0
3.0
3.0
13.0
1705.0
4.0
1.0
7.0
1.0
5.0
4.0
8.0
3.0
3.0
8.0
3.0
1.0
18.0
24.0
1.0
7.0
1.0
3.0
3.0
3.0
36.0
2.0
2.0
65.0
1969.0
1.0
1.0
1.0
4.0
3.0
1.0
2.0
3.0
9.0
50.0
2.0
1.0
9.0
2.0
1.0
2.0
2.0
2.0
1.0
1.0
2.0
16.0
7.0
12.0
1.0
6.0
3.0
3.0
3.0
6.0
3.0
2.0
110.0
99532.0
356.0
157.0
7.0
1.0
3.0
30.0
13.0
2.0
3.0
11.0
1.0
42.0
1.0
3.0
2.0
34.0
1296.0
9.0
1.0
2.0
2.0
3.0
1.0
516.0
1.0
1.0
3.0
3.0
1.0
1.0
1.0
4.0
65.0
749.0
1151.0
3.0
51.0
12.0
19.0
5.0
22.0
1.0
2.0
12.0
31.0
234.0
1.0
772.0
25.0
1.0
2.0
88.0
155.0
1.0
49.0
3.0
292.0
1.0
3.0
58.0
5.0
1.0
22.0
11.0
3.0
5.0
6.0
2.0
65.0
6.0
3.0
1.0
3.0
1.0
1520.0
2.0
1.0
4.0
3.0
1.0
1.0
101.0
1.0
4.0
2.0
407.0
421.0
1.0
4.0
9.0
3.0
4.0
1.0
1.0
1.0
2.0
2.0
4.0
1.0
2462.0
6.0
1.0
7.0
1.0
3.0
1.0
3.0
2.0
3.0
47.0
4.0
557.0
250.0
373.0
8.0
81.0
2.0
2.0
1.0
1.0
590.0
36.0
1.0
4.0
1606.0
4.0
149.0
4.0
1.0
15.0
2.0
1.0
5.0
16.0
2.0
12.0
4.0
4.0
3.0
67.0
5.0
49.0
9.0
4.0
3.0
2558.0
5.0
1.0
10.0
839.0
1.0
3.0
2.0
28.0
1.0
33.0
4.0
2.0
42.0
1.0
1173.0
201.0
9.0
1606.0
5.0
3.0
256.0
1.0
685.0
1.0
410.0
1.0
35.0
1018.0
946.0
160.0
1.0
3.0
1.0
1.0
5.0
1.0
17.0
46.0
19.0
3.0
3.0
64.0
1.0
5.0
6.0
1.0
282.0
38.0
1.0
7.0
3.0
1.0
105.0
3.0
1.0
1.0
7.0
2.0
65.0
2.0
5.0
2.0
2.0
3.0
9.0
3.0
3306.0
8.0
4.0
57.0
303.0
1.0
1743.0
19.0
6.0
635.0
24.0
377.0
714.0
16.0
8.0
322.0
3.0
1.0
1.0
3.0
1.0
1.0
2.0
524.0
41.0
1.0
6.0
5.0
4.0
27.0
14.0
1.0
2.0
2.0
3.0
1.0
5.0
1.0
24.0
1.0
332.0
1.0
1.0
8.0
1.0
240.0
1.0
3.0
3.0
3.0
259.0
52.0
47.0
3.0
12.0
894.0
360.0
3.0
1.0
1.0
5.0
14385.0
1.0
13818.0
64.0
1.0
5.0
1219.0
1.0
1.0
1.0
7.0
1.0
9.0
1089.0
105.0
1.0
1.0
13.0
42.0
4.0
6.0
4.0
3.0
7.0
23.0
9.0
2.0
11.0
2.0
25.0
1.0
4.0
30.0
31.0
3.0
1.0
27.0
3.0
15.0
279.0
2.0
351.0
1433.0
2.0
8.0
3.0
4.0
9.0
1.0
1.0
2.0
9.0
3.0
3.0
11.0
50.0
2.0
61.0
1.0
2.0
10.0
5.0
3.0
42.0
51.0
3.0
25.0
6.0
2.0
3.0
1.0
3.0
1.0
127.0
2.0
205.0
89.0
65.0
351.0
416.0
34.0
1.0
1.0
313.0
32.0
2.0
22.0
3.0
39.0
3.0
8.0
1.0
1.0
2.0
23.0
3.0
2.0
1.0
1.0
1.0
8.0
2.0
34.0
1.0
4.0
9.0
2.0
10.0
5.0
1.0
1.0
1.0
13818.0
1.0
4.0
3.0
1.0
4.0
344.0
73.0
1.0
51.0
3.0
1.0
1.0
3.0
1.0
862.0
3.0
5.0
300.0
1.0
3.0
1.0
1110.0
3.0
351.0
1.0
2439.0
21.0
1.0
290.0
3.0
1.0
1.0
4.0
2.0
18.0
1.0
75.0
7.0
268.0
14.0
112.0
241.0
3.0
5.0
23.0
1776.0
17.0
3.0
3.0
2.0
28.0
899.0
3.0
3.0
772.0
1.0
1.0
1.0
3.0
1.0
1.0
3.0
697.0
6.0
2.0
1.0
1.0
1.0
89.0
27.0
3.0
4.0
9.0
5499.0
1.0
1.0
85.0
1.0
3.0
3.0
87.0
9.0
7.0
8.0
31.0
5.0
2.0
2.0
2217.0
9.0
4.0
1.0
7.0
6.0
4.0
2.0
1.0
23.0
3.0
629.0
313.0
34.0
1.0
307.0
3.0
4.0
3.0
4.0
3.0
124.0
35.0
36.0
3.0
2.0
1.0
1.0
5.0
123.0
961.0
27.0
1.0
38.0
45.0
3.0
12.0
22.0
2.0
1.0
2.0
78.0
1.0
888.0
1.0
1.0
6.0
7.0
1.0
2537.0
7.0
95.0
16.0
8.0
7.0
972.0
10.0
23.0
1.0
4.0
3.0
67.0
71.0
61.0
3.0
11.0
12.0
12.0
120.0
1.0
1.0
4.0
1.0
2.0
1.0
1.0
2.0
1.0
7.0
3.0
8406.0
3.0
1.0
91.0
65.0
1696.0
5.0
7.0
2.0
1.0
38.0
4.0
1.0
5217.0
1.0
8.0
3.0
3.0
9.0
561.0
10.0
1402.0
1.0
1.0
3.0
1.0
1.0
2.0
3.0
1883.0
4.0
3.0
1.0
1.0
1.0
68.0
5.0
4.0
166.0
3.0
1888.0
4.0
9.0
40.0
1.0
3.0
148.0
232.0
1130.0
1.0
1.0
1.0
2.0
5.0
3.0
1.0
7.0
323.0
14.0
3.0
3.0
108.0
3.0
2.0
306.0
44.0
1791.0
315.0
6.0
1.0
2.0
3.0
1.0
179.0
1.0
4.0
6.0
1.0
2.0
3.0
1.0
87.0
1.0
1.0
3.0
2.0
2.0
1.0
36.0
4.0
2.0
32.0
3.0
1.0
6.0
1.0
1.0
8.0
1.0
1.0
1.0
1.0
4.0
7.0
2.0
2.0
5.0
1.0
11.0
112.0
18.0
2.0
2.0
10.0
12.0
2.0
16.0
290.0
49.0
1560.0
2.0
9.0
1.0
1.0
125.0
1.0
20.0
5.0
3.0
150.0
3.0
10.0
512.0
11.0
49.0
1.0
16.0
3.0
19.0
2.0
3.0
6.0
3.0
24.0
2.0
2.0
147.0
1.0
116.0
1251.0
19.0
3.0
3.0
3775.0
11.0
288.0
58.0
1.0
123.0
14385.0
3.0
5.0
1546.0
1.0
3.0
1113.0
2.0
7.0
4.0
7.0
1474.0
15.0
1.0
215.0
3.0
1.0
1.0
1.0
21.0
2.0
1734.0
3.0
3.0
1.0
1603.0
49.0
3.0
3.0
4.0
3.0
1.0
20.0
1.0
3.0
1.0
3.0
1.0
113.0
1.0
9.0
1238.0
4.0
292.0
3.0
85.0
3.0
1.0
4.0
1295.0
491.0
1.0
1.0
1.0
1.0
765.0
119.0
1.0
29.0
1.0
1.0
1.0
80.0
70.0
1.0
1.0
1.0
2.0
86.0
7.0
2.0
3.0
1.0
3.0
2.0
1.0
1.0
74.0
163.0
231.0
7.0
3.0
1.0
1.0
7.0
11.0
6.0
1.0
1.0
1.0
3.0
3.0
1.0
3.0
677.0
6.0
1064.0
2.0
3.0
53.0
30.0
64.0
3.0
23.0
9.0
5.0
2132.0
509.0
1410.0
24.0
6.0
3.0
3.0
63.0
1.0
12.0
1.0
130.0
1.0
1.0
4.0
75.0
1.0
6.0
3.0
200.0
3.0
24.0
5.0
205.0
3.0
1.0
2.0
1.0
9.0
3.0
26.0
1.0
576.0
1.0
15.0
2.0
19.0
3.0
1.0
1.0
11.0
1.0
1.0
11.0
1.0
10.0
46.0
1.0
27.0
731.0
3.0
2.0
3.0
1.0
4.0
619.0
8.0
260.0
2.0
3.0
1.0
1.0
1.0
3.0
1.0
1.0
1.0
60.0
247.0
2.0
3.0
3.0
5.0
1.0
2.0
7.0
380.0
32.0
2.0
3423.0
1.0
2116.0
2.0
1.0
398.0
15.0
3.0
5.0
3.0
2306.0
8.0
1.0
3.0
74.0
23.0
5.0
1.0
6.0
1.0
64.0
239.0
16.0
25.0
1.0
254.0
3.0
2.0
3.0
2.0
10.0
3366.0
9.0
66.0
3.0
18.0
1.0
1.0
696.0
4.0
3.0
3.0
3.0
147.0
1.0
1.0
5.0
4.0
7.0
3.0
338.0
125.0
3.0
8.0
4.0
1.0
9.0
3.0
1875.0
107.0
10.0
4.0
3.0
3.0
5.0
19.0
1.0
6.0
3.0
1.0
634.0
12.0
1.0
1.0
3.0
10.0
214.0
1.0
3.0
1097.0
2.0
1.0
8.0
260.0
3.0
3.0
37.0
1.0
1.0
9.0
1.0
22.0
94.0
1.0
2.0
1.0
30.0
3.0
1.0
2.0
23.0
255.0
48.0
1.0
3.0
1.0
1.0
1.0
1.0
25.0
4.0
2.0
1.0
1.0
2.0
1.0
8.0
9.0
3.0
2.0
83.0
138.0
3.0
569.0
27.0
717.0
5.0
17.0
4.0
1.0
1.0
2.0
2.0
292.0
10.0
16.0
3.0
4.0
1.0
16.0
1778.0
1.0
1.0
3.0
2.0
1560.0
1.0
25.0
33.0
4.0
1.0
303.0
355.0
11.0
1.0
6.0
6.0
2.0
3.0
93.0
1.0
3.0
1.0
1.0
31.0
1929.0
2.0
1.0
1.0
4.0
78.0
4.0
3.0
2.0
1.0
1.0
3.0
76.0
1.0
3.0
1.0
6.0
115.0
38.0
3.0
2.0
3.0
2237.0
4.0
1.0
571.0
15.0
3.0
1067.0
76.0
485.0
1.0
1.0
32.0
18.0
434.0
3.0
1.0
3.0
5.0
20.0
1.0
16.0
2.0
17.0
19.0
1.0
3.0
3.0
1.0
3.0
1141.0
1832.0
90.0
1.0
2.0
32.0
2.0
127.0
1.0
2.0
3.0
1.0
1.0
1.0
3.0
3.0
6.0
3.0
4.0
1.0
3.0
15.0
7.0
278.0
288.0
4.0
27.0
2.0
12.0
73.0
10.0
9.0
1734.0
613.0
7.0
18.0
2.0
1.0
11.0
2.0
2.0
375.0
25.0
1.0
2.0
3.0
2.0
274.0
153.0
1.0
229.0
35.0
10.0
3.0
1.0
46.0
3.0
3.0
1.0
19.0
1.0
4.0
1.0
34.0
65.0
10001.0
8.0
1.0
1.0
17.0
2.0
1.0
2.0
5.0
20.0
1.0
1.0
1.0
729.0
3.0
3.0
3.0
8.0
52.0
3.0
30.0
3.0
12.0
152.0
2.0
3.0
1.0
10.0
1.0
3.0
19.0
3.0
8.0
1.0
3.0
1.0
1.0
2.0
7.0
7.0
128.0
4.0
80.0
1.0
1.0
230.0
2.0
1944.0
87.0
3.0
3.0
2315.0
313.0
3.0
257.0
10.0
1.0
1.0
1.0
1.0
1.0
5.0
422.0
1.0
1.0
1.0
39.0
360.0
1.0
1.0
3.0
17.0
1.0
105.0
412.0
1.0
241.0
6.0
1.0
64.0
6.0
7.0
11.0
33.0
3.0
45.0
2.0
1.0
374.0
3.0
263.0
1180.0
306.0
50.0
3.0
4597.0
89.0
278.0
1349.0
14.0
1.0
1.0
56.0
2.0
8.0
68.0
74.0
71.0
1.0
1.0
3.0
42.0
1.0
2.0
60.0
3.0
6.0
1.0
14.0
563.0
3.0
34.0
1.0
1.0
1.0
2.0
1.0
3.0
2.0
9.0
35.0
96.0
2.0
4.0
3.0
6.0
3.0
3.0
3.0
3.0
25.0
2.0
9.0
1.0
2.0
3.0
4.0
2.0
1.0
2.0
1.0
5.0
79.0
1.0
30.0
33.0
2.0
105.0
1.0
433.0
1.0
118.0
14.0
10.0
9.0
1.0
1.0
3.0
9.0
7.0
3.0
1.0
46.0
578.0
1.0
3.0
151.0
6.0
2.0
2.0
53.0
383.0
1.0
3.0
1.0
14.0
171.0
1.0
3616.0
1.0
1.0
30.0
3.0
1.0
12.0
3.0
1.0
1.0
3.0
104.0
3.0
10.0
24.0
17.0
19.0
2.0
1.0
1.0
1.0
3.0
10.0
1.0
17.0
814.0
4.0
1.0
26.0
1.0
611.0
3.0
3.0
1.0
1.0
2.0
4.0
1.0
3.0
6.0
16.0
300.0
7.0
5342.0
117.0
1.0
8.0
9.0
338.0
2.0
29.0
3.0
1.0
3.0
46.0
4.0
1.0
4.0
4.0
1.0
1.0
3.0
1929.0
1.0
40.0
2.0
183.0
43.0
9.0
75.0
747.0
3.0
5.0
1783.0
1.0
1.0
256.0
8.0
2.0
1.0
1.0
486.0
55.0
1.0
15.0
1.0
1.0
1.0
4.0
34.0
288.0
6.0
5.0
2.0
3.0
2974.0
1.0
2.0
3.0
455.0
2.0
62.0
5.0
11.0
19.0
4.0
82.0
1994.0
1.0
3.0
28.0
1.0
1.0
3.0
2.0
7.0
29.0
2.0
1.0
2.0
2.0
3.0
288.0
2.0
2.0
1229.0
873.0
1.0
8.0
9.0
2.0
4.0
3.0
10.0
1.0
3.0
2.0
2.0
943.0
1.0
287.0
2.0
3.0
2865.0
1.0
1.0
3.0
292.0
34.0
1.0
1.0
658.0
3.0
11.0
3.0
9.0
1.0
5.0
1.0
1.0
3.0
6.0
3.0
2071.0
24.0
61.0
1.0
1941.0
80.0
2430.0
697.0
3.0
1517.0
2.0
3.0
1.0
28.0
1.0
1.0
3.0
43.0
6.0
3.0
1.0
2.0
263.0
14385.0
75.0
337.0
1.0
3.0
97.0
113.0
1.0
1.0
5.0
6.0
3.0
25.0
5.0
418.0
1.0
1.0
13.0
3.0
1.0
1.0
3.0
779.0
6.0
29.0
3.0
2433.0
1.0
3.0
3.0
96.0
1.0
3.0
3.0
3.0
1.0
3.0
47.0
1.0
6.0
4.0
23.0
3.0
9.0
1.0
1.0
1.0
82.0
23.0
1.0
24.0
77.0
1.0
3.0
24.0
2.0
435.0
2970.0
1.0
3.0
2.0
1.0
70.0
124.0
3.0
1.0
21.0
1.0
3.0
3.0
433.0
1.0
1.0
3.0
1.0
1288.0
21.0
1.0
4.0
3.0
3376.0
8.0
6.0
99.0
3.0
107.0
328.0
1.0
3.0
8.0
1.0
27.0
3.0
1.0
1786.0
4.0
3.0
1.0
24.0
18.0
12.0
176.0
6.0
1.0
708.0
22.0
1.0
3.0
45.0
1.0
50.0
2.0
52.0
3.0
43.0
2456.0
638.0
393.0
3.0
519.0
2.0
11.0
6.0
3.0
3.0
3.0
3.0
20.0
436.0
2.0
1.0
1.0
3.0
1.0
4.0
7.0
1.0
189.0
3.0
2027.0
1.0
46.0
596.0
86.0
3.0
26.0
10.0
1.0
1.0
3.0
3.0
3.0
11.0
5.0
93.0
7.0
93.0
2.0
1259.0
1.0
3.0
65.0
70.0
31.0
26.0
1.0
3426.0
47.0
1.0
1.0
1.0
10.0
1.0
17.0
1.0
1.0
9.0
1.0
3.0
1.0
45.0
20.0
1.0
14.0
4.0
36.0
5.0
3269.0
2.0
3.0
409.0
2.0
1.0
5.0
2.0
3.0
9.0
1.0
1.0
14.0
3.0
1.0
4.0
1.0
1.0
3.0
1.0
1.0
6.0
656.0
1.0
9.0
9.0
3.0
5.0
1222.0
412.0
3.0
1.0
4.0
3.0
3.0
3.0
1400.0
1.0
16.0
99.0
3.0
709.0
2.0
2.0
1998.0
1.0
1.0
174.0
244.0
3.0
6.0
1.0
3.0
603.0
2.0
1.0
1498.0
1.0
1.0
65.0
1.0
3.0
9.0
2.0
3.0
7.0
1.0
1.0
27.0
1.0
1.0
2.0
1.0
2.0
1.0
1.0
4.0
58.0
17.0
3.0
3.0
3.0
1.0
4.0
2.0
1.0
3.0
5.0
1.0
1.0
3.0
1.0
1.0
1.0
3.0
112.0
5.0
1.0
1609.0
263.0
46.0
3.0
7.0
3.0
15.0
13.0
1.0
6.0
61.0
27.0
13.0
75.0
5.0
52.0
7.0
18.0
126.0
3.0
5.0
28.0
4.0
50.0
168.0
138.0
47.0
259.0
3.0
10.0
7.0
1.0
14.0
47.0
2.0
2.0
3.0
2.0
201.0
45.0
12.0
8.0
7.0
307.0
258.0
7.0
1.0
1979.0
5.0
257.0
18.0
1.0
46.0
2.0
1.0
9.0
1.0
195.0
3.0
248.0
101.0
1.0
1.0
2.0
109.0
2.0
7.0
1.0
252.0
2.0
4.0
1.0
1.0
1.0
9.0
16.0
1.0
3.0
19.0
2.0
458.0
1.0
17.0
1.0
3.0
1.0
12.0
3.0
1.0
1.0
2.0
8.0
2.0
3.0
3.0
1.0
15.0
3.0
3.0
2661.0
3.0
3.0
442.0
1461.0
1.0
1.0
324.0
1.0
2.0
720.0
7.0
8.0
3.0
9.0
35.0
1.0
1.0
172.0
1.0
31.0
2.0
1.0
8.0
1.0
1.0
42.0
16.0
6.0
1183.0
1.0
38.0
146.0
2.0
14.0
1.0
3.0
369.0
2.0
3.0
9.0
3.0
4.0
98.0
10.0
1.0
23.0
4.0
4.0
1.0
15.0
3.0
1.0
74.0
1.0
806.0
5.0
3.0
3.0
152.0
6.0
267.0
1.0
682.0
3.0
2452.0
121.0
5.0
882.0
773.0
20.0
10.0
17.0
2.0
3.0
3.0
26.0
2.0
425.0
1.0
66.0
3.0
31.0
2.0
1.0
1.0
4.0
9.0
79.0
11.0
36.0
3.0
4.0
1.0
2508.0
1.0
2.0
1307.0
3.0
1.0
4.0
175.0
2.0
3.0
508.0
36.0
40.0
22.0
157.0
16.0
492.0
28.0
224.0
4.0
3.0
8.0
6.0
1.0
523.0
3.0
3.0
27.0
1.0
14.0
1.0
63.0
10.0
12.0
19.0
211.0
2.0
1.0
6.0
45.0
1.0
1.0
1.0
10.0
3.0
33.0
2.0
1671.0
3.0
2.0
1.0
1.0
484.0
5.0
2.0
959.0
551.0
2.0
609.0
3.0
1.0
1.0
95.0
891.0
3.0
14.0
3.0
1.0
54.0
186.0
3.0
1250.0
131.0
1.0
586.0
1.0
319.0
2.0
2876.0
16.0
49.0
2.0
3.0
11.0
3.0
1.0
1.0
4.0
3.0
5867.0
2.0
2641.0
1.0
1.0
13.0
8.0
2.0
3.0
2.0
4.0
18.0
423.0
6.0
1.0
1517.0
14.0
15.0
1.0
3.0
33.0
1.0
17.0
1.0
70.0
1.0
37.0
66.0
57.0
2.0
3.0
1.0
105.0
315.0
20.0
2.0
4.0
1.0
2370.0
3.0
550.0
2.0
417.0
1484.0
950.0
1.0
1.0
20.0
3.0
1.0
5.0
6.0
42.0
65.0
5.0
3.0
17.0
638.0
298.0
10.0
1.0
11.0
1.0
3.0
1.0
2.0
3.0
1.0
5.0
5.0
35.0
71.0
4.0
17.0
20.0
2.0
28.0
1.0
9.0
1.0
1.0
19.0
2.0
8.0
1.0
3.0
5.0
15.0
10.0
11.0
892.0
3.0
1.0
1.0
404.0
58.0
1.0
683.0
1.0
2.0
138.0
1.0
13.0
1.0
627.0
2.0
1.0
2.0
19.0
150.0
91.0
640.0
12.0
3.0
3.0
1.0
2.0
4.0
7.0
1.0
75.0
4.0
4.0
3.0
5.0
21.0
6.0
1.0
2.0
69.0
52.0
2.0
7.0
13921.0
2.0
3.0
15.0
3.0
40.0
1.0
1764.0
17.0
10.0
3.0
1.0
1.0
1.0
2.0
1.0
1.0
2.0
1677.0
7.0
5.0
3.0
10.0
25.0
3.0
1.0
3.0
89.0
380.0
18.0
2.0
29.0
1.0
2.0
1.0
1.0
2.0
1789.0
8.0
66.0
2.0
4.0
645.0
18.0
2.0
3.0
1.0
1.0
5.0
1.0
1.0
1018.0
1.0
1.0
2.0
1.0
3.0
3.0
973.0
13.0
1.0
1.0
144.0
1.0
19.0
1096.0
1.0
2.0
4.0
369.0
3.0
7.0
4.0
1.0
920.0
1.0
3.0
1.0
3.0
33100.0
2.0
1995.0
1.0
1.0
495.0
1.0
7.0
162.0
1.0
270.0
11.0
16.0
484.0
2.0
1.0
3.0
41.0
3.0
6.0
695.0
39.0
19.0
430.0
166.0
5655.0
1.0
1.0
1.0
13.0
1.0
1.0
1598.0
24.0
5.0
5.0
4.0
2.0
1608.0
30.0
1.0
2140.0
3.0
11.0
11.0
1.0
145.0
17.0
3.0
3.0
2.0
3.0
1.0
3.0
116.0
943.0
3.0
3.0
3.0
108.0
2.0
3.0
102.0
1.0
1.0
1.0
1.0
1.0
1.0
34.0
5.0
2.0
1.0
8.0
488.0
3.0
14189.0
50.0
84.0
1.0
4.0
1.0
250.0
1.0
50.0
1.0
1.0
1.0
1.0
1.0
357.0
1.0
18.0
166.0
3.0
1.0
92.0
1.0
3.0
18.0
1.0
36.0
2.0
1.0
3.0
66.0
3.0
36.0
143.0
1463.0
85.0
1117.0
1.0
3.0
1.0
3.0
1.0
1.0
2.0
2.0
1.0
33.0
676.0
20.0
5.0
10.0
338.0
10.0
10.0
2138.0
2.0
1.0
4.0
4.0
76.0
7.0
3.0
1.0
193.0
16.0
1484.0
1.0
1.0
1018.0
13.0
5.0
1.0
70.0
1229.0
2.0
1.0
3.0
2.0
1.0
2.0
3.0
9.0
2.0
133.0
3505.0
3.0
3.0
59.0
1212.0
2.0
3.0
1.0
4.0
5.0
3.0
3.0
55.0
3.0
47.0
137.0
1.0
2396.0
3.0
29.0
8.0
3.0
3.0
1.0
4264.0
2.0
1.0
61.0
1.0
4.0
1.0
3.0
1.0
1.0
1.0
3.0
781.0
4.0
87.0
15.0
9.0
3.0
1367.0
2.0
4.0
71.0
2.0
4.0
888.0
1.0
1.0
19.0
1.0
3.0
1.0
8.0
2259.0
11.0
88.0
9.0
697.0
1.0
1639.0
612.0
1.0
1.0
9.0
1.0
3.0
335.0
8.0
4.0
4.0
3.0
3.0
1.0
4.0
60.0
4886.0
1.0
45.0
17.0
1.0
1.0
36.0
1.0
249.0
1.0
1.0
90.0
3.0
8.0
3.0
3.0
94.0
1.0
8.0
1895.0
1.0
23.0
17.0
3.0
3.0
161.0
1.0
31.0
47.0
1018.0
3.0
1.0
129.0
9.0
2.0
2.0
1.0
3.0
1.0
1.0
23.0
2.0
1490.0
703.0
1.0
22.0
1.0
1.0
11.0
1.0
17.0
249.0
46.0
2.0
6.0
1.0
3.0
4.0
1.0
1.0
1.0
1.0
40.0
5.0
18.0
628.0
1.0
590.0
1.0
22.0
2.0
1047.0
1.0
1.0
1.0
2.0
2.0
1.0
8.0
2.0
646.0
1.0
4.0
526.0
1.0
1.0
9.0
4665.0
272.0
1.0
4962.0
2.0
1.0
1.0
2.0
1.0
4.0
1.0
1.0
253.0
1.0
563.0
1.0
84.0
8.0
23.0
1650.0
8.0
3.0
3.0
1.0
9.0
2.0
1.0
25.0
11.0
2.0
2.0
97.0
3.0
401.0
140.0
3.0
3.0
9.0
1.0
351.0
3.0
8.0
1.0
91.0
3.0
1.0
3.0
15.0
1.0
7.0
2.0
7.0
8.0
83.0
1.0
42.0
1.0
10.0
10.0
7.0
1.0
341.0
1.0
14385.0
6.0
75.0
1.0
97.0
1.0
2.0
1.0
597.0
6.0
4.0
1.0
3.0
7.0
15830.0
1.0
5.0
3.0
178.0
3.0
3.0
200.0
3.0
211.0
1.0
7.0
3.0
25.0
152.0
1.0
1.0
94.0
3.0
1.0
22.0
353.0
3.0
2.0
3.0
1.0
3.0
1.0
1.0
9.0
112.0
3.0
1.0
167.0
1281.0
3.0
2.0
31.0
3606.0
57.0
19.0
4.0
3.0
1.0
1.0
1411.0
1600.0
1.0
5.0
20.0
1.0
4.0
1.0
3.0
11.0
57238.0
3.0
8.0
1.0
457.0
1.0
2.0
1.0
9.0
2.0
6.0
2.0
6.0
2.0
1.0
3.0
187.0
3.0
2.0
3.0
3.0
1.0
102.0
42.0
3.0
3.0
2.0
2.0
228.0
314.0
30.0
1.0
47.0
4.0
1.0
3.0
2.0
3.0
1.0
3.0
1.0
3.0
10.0
2.0
1.0
80.0
2.0
436.0
296.0
1.0
3.0
1700.0
1.0
8.0
42.0
1090.0
6.0
3.0
3.0
1.0
3.0
1.0
1.0
1178.0
3.0
19.0
7.0
5.0
1.0
446.0
1059.0
2.0
117.0
10.0
3.0
3.0
1672.0
951.0
7.0
1.0
30.0
1.0
3.0
2.0
3.0
48.0
79.0
1.0
1.0
3.0
130.0
344.0
549.0
1.0
5.0
251.0
6.0
1.0
1.0
97.0
12.0
1.0
17.0
8.0
2.0
3.0
1.0
3.0
4.0
44.0
12.0
3.0
295.0
1.0
1.0
1.0
2.0
1.0
4118.0
5.0
18.0
3.0
1.0
9.0
2.0
2.0
1.0
19.0
1.0
3.0
1.0
3.0
3.0
3.0
1.0
4.0
2.0
3.0
11.0
132.0
2.0
7.0
3.0
64.0
4.0
7.0
1.0
1.0
2.0
3.0
259.0
3.0
482.0
1.0
3.0
1.0
10.0
36.0
2.0
6.0
3.0
1.0
8.0
1.0
2.0
3.0
1.0
2.0
14.0
2.0
3.0
6.0
23.0
37.0
1017.0
1308.0
313.0
1.0
1.0
1.0
46.0
1.0
4.0
801.0
2.0
2.0
4.0
1.0
1.0
10.0
1.0
2.0
4.0
23.0
1.0
4.0
143.0
74.0
1018.0
4.0
17.0
3.0
2.0
2315.0
654.0
3.0
4.0
1.0
5.0
18.0
10.0
1.0
6.0
1.0
3.0
76.0
1.0
6.0
1.0
1.0
2.0
474.0
17.0
1.0
83.0
75.0
17.0
4.0
1.0
8.0
152.0
2.0
45.0
1.0
17.0
1.0
2.0
36.0
2.0
6.0
8.0
1.0
2.0
490.0
22.0
3.0
13.0
1.0
1.0
3.0
20.0
116.0
5.0
17.0
400.0
3.0
1.0
2.0
4.0
2440.0
7.0
6.0
11.0
1.0
1.0
3.0
1.0
1.0
204.0
8.0
40.0
3.0
232.0
1026.0
24.0
439.0
3.0
214.0
1.0
317.0
3.0
276.0
11.0
3033.0
35.0
1.0
3.0
351.0
20.0
1.0
3.0
21.0
935.0
1044.0
4.0
1123.0
1.0
3.0
2.0
382.0
4.0
1.0
1.0
9.0
1.0
44.0
1.0
1.0
3.0
147.0
1.0
256.0
5.0
5.0
3.0
33.0
3.0
10.0
24.0
686.0
596.0
1.0
3.0
3.0
7.0
512.0
1.0
1.0
2.0
3.0
65.0
16.0
1.0
4.0
3.0
339.0
21.0
531.0
41.0
242.0
1.0
65.0
2711.0
2.0
1.0
33.0
236.0
21.0
4.0
4.0
1.0
3.0
2.0
9.0
1.0
11.0
1.0
1.0
3.0
64.0
1.0
1.0
4.0
1.0
371.0
1.0
9.0
1.0
47.0
1.0
2.0
309.0
16.0
338.0
3.0
2.0
3.0
1.0
3.0
2.0
17.0
3.0
19.0
15.0
9.0
6.0
5293.0
2.0
2.0
3.0
1.0
5.0
1.0
1.0
3.0
4.0
43.0
4.0
88.0
116.0
358.0
419.0
3.0
3.0
4.0
29.0
3.0
3.0
1048.0
2.0
64.0
5.0
3.0
161.0
1.0
3.0
1.0
5.0
1.0
3.0
8.0
1.0
5.0
14.0
67.0
4.0
3.0
3.0
25.0
3.0
128.0
1.0
6566.0
5.0
3.0
90.0
351.0
5.0
1148.0
1.0
115.0
3.0
7.0
15.0
2.0
3.0
3.0
10.0
3.0
3.0
3.0
65.0
19.0
323.0
2.0
6.0
2.0
17.0
3.0
1.0
45.0
62.0
1.0
9.0
1.0
1.0
4.0
1.0
3.0
6.0
3.0
3.0
1.0
1.0
3.0
3400.0
2.0
1.0
13904.0
1.0
56.0
4.0
1.0
15.0
282.0
8.0
103.0
112.0
12.0
1.0
1.0
3.0
3.0
5.0
1.0
14.0
1.0
71.0
14.0
4.0
1200.0
259.0
2.0
2474.0
1399.0
9.0
2.0
14.0
12.0
1.0
2.0
7.0
65.0
1.0
4.0
6.0
6.0
4.0
1.0
3.0
23.0
2.0
3.0
3.0
10.0
3.0
40.0
1.0
1.0
5.0
1.0
5.0
19.0
9.0
378.0
8.0
11.0
2.0
11.0
7429.0
29.0
3.0
3.0
4.0
4.0
3.0
22.0
2.0
3.0
1.0
2.0
1.0
1027.0
76.0
144.0
1.0
8.0
85.0
42.0
1.0
3.0
1.0
76.0
7.0
13.0
43.0
3.0
1.0
6.0
1347.0
34.0
1.0
1.0
102.0
3.0
1.0
253.0
54.0
243.0
3.0
10.0
1.0
3.0
1.0
11117.0
48.0
3.0
9.0
29.0
3.0
133.0
7.0
514.0
2.0
10.0
2.0
38.0
21.0
4.0
1.0
29.0
3.0
6.0
3.0
3.0
2.0
1.0
4.0
74.0
1.0
3.0
4.0
1.0
25.0
50.0
7.0
5.0
17.0
14.0
3.0
9.0
362.0
4.0
2.0
1.0
69.0
1.0
4.0
1.0
1.0
114.0
3.0
1670.0
250.0
3.0
3.0
53.0
61.0
1.0
3.0
3.0
19.0
1.0
2.0
5.0
2.0
1.0
4.0
11.0
2.0
15.0
966.0
1.0
9.0
32.0
1.0
16.0
4.0
2.0
6.0
3.0
3.0
55.0
1.0
533.0
2.0
3.0
5.0
492.0
1.0
5.0
3.0
5.0
76.0
3.0
2.0
25.0
1.0
35.0
8.0
2.0
189.0
1.0
932.0
24.0
2.0
401.0
1.0
1771.0
1.0
9.0
83.0
5.0
1.0
242.0
20.0
15.0
3.0
11.0
17.0
10.0
19.0
5.0
46.0
5.0
19.0
1.0
15.0
74.0
9.0
2.0
1.0
65.0
1.0
2.0
1.0
3.0
6.0
2.0
1.0
49.0
1.0
4.0
1.0
4.0
17.0
737.0
1.0
3.0
27.0
1.0
3.0
1.0
1.0
1.0
3590.0
3.0
2.0
5795.0
9.0
1.0
67.0
3.0
1.0
3.0
29.0
1579.0
1.0
26.0
2.0
56.0
141.0
1.0
17.0
7.0
43.0
3.0
3.0
64.0
596.0
3.0
3.0
1.0
1.0
1.0
11.0
149.0
1.0
45.0
8.0
1.0
1.0
29.0
1.0
2.0
9.0
3.0
88.0
1.0
2.0
844.0
1.0
1.0
24.0
1.0
3.0
2.0
22.0
1225.0
7.0
248.0
3.0
746.0
1.0
1.0
1.0
1843.0
2.0
9.0
369.0
1.0
1.0
70.0
1120.0
2.0
1.0
1.0
11.0
587.0
2.0
122.0
1.0
2.0
1.0
1.0
1.0
3.0
1.0
3.0
519.0
3.0
91.0
1.0
486.0
1.0
17.0
1.0
1.0
2.0
2.0
1.0
5.0
2.0
1.0
356.0
30.0
3.0
2.0
1.0
80.0
2.0
40.0
1.0
62.0
3.0
1.0
1.0
35.0
1.0
1.0
1023.0
60.0
135.0
722.0
378.0
43.0
9.0
10.0
73.0
4.0
1.0
1.0
2.0
1.0
2.0
5.0
34.0
5.0
2.0
5.0
26.0
839.0
596.0
27.0
1.0
3.0
40.0
165.0
1.0
72.0
14.0
1.0
2820.0
1.0
74.0
3.0
7.0
65.0
10.0
1.0
9.0
18.0
1.0
2.0
3.0
3.0
10.0
2.0
2.0
1.0
1.0
2.0
3.0
1160.0
923.0
1.0
1.0
3.0
1.0
3.0
3.0
1.0
3.0
3365.0
23.0
1.0
1.0
69.0
2.0
10.0
255.0
4.0
162.0
4.0
7.0
3.0
430.0
3.0
16.0
798.0
102.0
1.0
5.0
1.0
3.0
3.0
3.0
3.0
157.0
14.0
8.0
1.0
1.0
405.0
2.0
91.0
213.0
1.0
1.0
263.0
53.0
11.0
1.0
640.0
2.0
7999.0
3.0
15.0
2.0
32.0
6.0
256.0
4.0
74.0
9.0
2.0
1.0
4.0
38.0
32.0
3.0
425.0
1.0
2.0
125.0
1.0
524.0
4.0
47.0
1.0
1.0
6274.0
6.0
929.0
1.0
1.0
169.0
9.0
48.0
3.0
1759.0
79.0
820.0
82.0
3.0
3.0
4.0
3.0
257.0
3.0
1.0
4.0
565.0
30.0
1.0
1.0
2.0
3.0
2.0
7.0
44.0
2.0
8.0
3229.0
3.0
285.0
46.0
35.0
3.0
3.0
2.0
3.0
2.0
1.0
182.0
1096.0
24.0
33.0
8.0
2.0
21971.0
8.0
2.0
292.0
111.0
5.0
70.0
177.0
1.0
1.0
6.0
160.0
71.0
15.0
7.0
1.0
8.0
3.0
1.0
1.0
3.0
71.0
1.0
51.0
3.0
3.0
15.0
1.0
2.0
1.0
16.0
66.0
52.0
2.0
27.0
2.0
10.0
1.0
161.0
1.0
5.0
7.0
17.0
1.0
9.0
14.0
1.0
1.0
3.0
2.0
1643.0
1215.0
3.0
1.0
10.0
3.0
2.0
282.0
4261.0
1.0
122.0
3.0
45.0
1.0
8.0
5045.0
2.0
20.0
2.0
1.0
1820.0
3.0
4.0
18.0
3.0
3.0
36.0
1.0
1.0
2.0
2.0
1.0
7.0
14.0
1.0
2.0
92.0
1.0
22.0
1.0
2.0
1.0
51.0
1.0
1.0
67.0
9.0
19.0
62.0
1.0
2.0
1.0
1.0
2.0
7.0
2.0
1.0
4.0
1.0
4.0
1.0
37.0
1.0
1.0
112.0
595.0
2245.0
1.0
27.0
20.0
3.0
1.0
1531.0
3.0
6.0
2.0
4.0
5606.0
5.0
3.0
1.0
3.0
8.0
19.0
146.0
344.0
1.0
2.0
126.0
1.0
6.0
2.0
2.0
3.0
3.0
1.0
152.0
253.0
1.0
238.0
9.0
1.0
2.0
1.0
1.0
5.0
6.0
3.0
10.0
8.0
3.0
1.0
3.0
5.0
420.0
1.0
19.0
111.0
4.0
2.0
42.0
1.0
1.0
1.0
3.0
41.0
12.0
21.0
684.0
31.0
6.0
7.0
5.0
461.0
91.0
3.0
3.0
3.0
3.0
1.0
233.0
1.0
3.0
772.0
7.0
543.0
87.0
1.0
16.0
3.0
3.0
1.0
2.0
34.0
1.0
1.0
3.0
3.0
14.0
17.0
11.0
3.0
41.0
2.0
3.0
3.0
9.0
2.0
13.0
3.0
88.0
33.0
1.0
17.0
558.0
3.0
9.0
5349.0
1.0
7.0
4.0
2.0
7.0
1.0
434.0
23.0
74.0
1043.0
8.0
2.0
2.0
1.0
1.0
3.0
1.0
64.0
103.0
3.0
2.0
2.0
3.0
2.0
2.0
6.0
35.0
4.0
3.0
1.0
3.0
101.0
747.0
2.0
56.0
1.0
51.0
4.0
114.0
3.0
6276.0
7.0
120.0
3.0
3.0
743.0
951.0
684.0
1.0
3.0
9.0
145.0
4.0
582.0
940.0
292.0
1875.0
8.0
1.0
3.0
5.0
3.0
6.0
148.0
1.0
1.0
6.0
1.0
4.0
2.0
8571.0
421.0
7.0
17.0
4.0
1.0
9.0
4.0
93.0
1.0
2290.0
122.0
3.0
1.0
537.0
2.0
9.0
844.0
3.0
1.0
1.0
2.0
31.0
2.0
3.0
1.0
1189.0
116.0
5050.0
47.0
1.0
3.0
5.0
3.0
9.0
15.0
3.0
3.0
1.0
3.0
292.0
9.0
613.0
13.0
1.0
15.0
12.0
2.0
1.0
2158.0
19.0
1.0
1.0
3.0
3.0
2.0
1.0
3.0
2.0
3.0
1.0
5.0
6.0
2.0
2.0
24.0
20.0
2.0
526.0
73.0
3.0
159.0
1.0
3.0
9555.0
2.0
4.0
4.0
8.0
14.0
63.0
17.0
1.0
1.0
10.0
28.0
1394.0
4.0
30.0
1.0
2.0
69.0
2.0
31.0
30.0
2.0
8.0
4.0
3.0
4.0
2.0
3.0
3.0
4.0
8.0
282.0
1.0
3.0
1.0
4.0
2.0
9.0
21.0
1.0
1.0
12.0
1.0
60.0
1.0
4.0
1.0
1.0
9.0
2.0
98.0
3.0
1.0
1.0
457.0
2.0
3.0
1.0
13.0
2.0
1.0
5.0
31.0
1.0
1.0
8.0
2.0
1.0
15.0
15.0
624.0
3.0
10.0
10.0
1.0
4424.0
1.0
1.0
5649.0
3.0
8.0
9.0
6.0
3.0
248.0
1.0
3.0
1.0
149.0
4.0
30.0
58.0
2.0
507.0
6.0
2.0
1.0
1.0
3.0
1.0
2.0
9533.0
6.0
7.0
2.0
3.0
9.0
3.0
3.0
1.0
195.0
8.0
3.0
8738.0
2.0
56.0
3.0
52.0
10.0
3.0
1.0
1007.0
2.0
3.0
91.0
5.0
50.0
39.0
32.0
17.0
22.0
9.0
3.0
1.0
572.0
3.0
10.0
2.0
1.0
2147.0
3.0
1.0
10.0
41.0
1.0
1.0
1.0
1.0
6.0
3.0
179.0
1.0
2.0
1.0
8.0
2.0
103.0
4477.0
17.0
1.0
1.0
1.0
3.0
1166.0
17.0
24.0
1.0
25.0
2.0
67.0
3.0
2.0
1652.0
1.0
3.0
1686.0
3.0
3.0
1117.0
17.0
4.0
3.0
3.0
1.0
1.0
2.0
149.0
2.0
10.0
2.0
31.0
3.0
43.0
3.0
3.0
1.0
31.0
3.0
1.0
3.0
1.0
19.0
1.0
1.0
3.0
676.0
1215.0
1.0
2.0
1.0
35.0
1.0
1.0
2.0
33.0
3.0
4.0
27.0
3.0
4.0
1.0
533.0
1.0
744.0
1.0
85.0
3.0
13.0
3.0
2.0
7.0
2.0
3.0
2.0
3.0
418.0
60.0
3.0
6055.0
6.0
2.0
2.0
1.0
1.0
44.0
1.0
3.0
67.0
9.0
3.0
466.0
64.0
1.0
3303.0
3.0
8.0
35.0
22.0
3.0
3.0
714.0
1.0
1.0
195.0
138.0
182.0
32.0
742.0
3.0
1.0
2626.0
132.0
1.0
2746.0
3.0
3.0
1.0
3.0
3.0
288.0
3.0
17.0
9.0
51.0
9.0
611.0
3.0
240.0
11.0
6.0
970.0
197.0
370.0
148.0
65.0
3.0
3.0
1606.0
26.0
9.0
7.0
3.0
2.0
779.0
1.0
2.0
3.0
1243.0
1.0
1.0
3.0
1.0
3.0
55.0
1.0
152.0
19.0
13.0
123.0
2.0
1.0
8.0
1.0
78.0
12.0
19.0
3.0
9.0
1.0
1.0
3.0
938.0
14.0
3.0
655.0
2.0
9.0
5.0
866.0
2.0
2.0
14.0
1.0
282.0
1.0
3.0
16.0
3.0
24.0
3.0
1.0
1.0
24.0
13.0
3.0
1.0
7.0
421.0
6.0
1801.0
1167.0
2.0
396.0
45.0
4.0
1.0
537.0
1.0
7.0
9.0
1.0
4.0
1.0
6.0
119.0
104.0
3.0
8.0
6.0
2.0
16.0
2.0
212.0
2.0
3.0
8.0
4.0
1.0
3.0
3.0
1.0
27.0
2.0
2.0
1.0
9.0
15638.0
6.0
285.0
38.0
8.0
1.0
1489.0
1.0
35.0
50.0
743.0
1047.0
6.0
2.0
112.0
4.0
1.0
1.0
1.0
464.0
564.0
3.0
24.0
10.0
1.0
399.0
1.0
1.0
1.0
1.0
9.0
3.0
874.0
857.0
143.0
1.0
2.0
2.0
131.0
1.0
7.0
3.0
95.0
1.0
400.0
11.0
3.0
960.0
3.0
14469.0
1.0
2.0
3.0
2.0
13.0
278.0
82.0
1.0
4.0
6545.0
24.0
17.0
8.0
5.0
3.0
4.0
1735.0
7.0
9.0
362.0
7.0
3.0
48.0
1.0
1.0
229.0
1.0
3.0
1.0
1.0
3.0
1335.0
2.0
1.0
2.0
2738.0
53.0
8.0
4727.0
1.0
201.0
1.0
1.0
1.0
2.0
1.0
2.0
1.0
5.0
1.0
17.0
1.0
7.0
3.0
1.0
5.0
2.0
7.0
48.0
838.0
1.0
6.0
1.0
24.0
4.0
8.0
2.0
1.0
6.0
1.0
142.0
8503.0
1.0
902.0
9.0
3.0
13.0
49.0
1.0
94.0
16.0
3.0
8.0
21.0
28.0
5.0
9.0
1.0
4.0
1.0
1.0
2.0
3.0
1.0
7.0
1.0
4.0
16.0
99.0
18.0
12.0
2264.0
2.0
784.0
42.0
562.0
19.0
25.0
2.0
3.0
1.0
3.0
198.0
2.0
779.0
1.0
817.0
1.0
792.0
1.0
1.0
3.0
1.0
659.0
13.0
2.0
876.0
3.0
2.0
1.0
10.0
780.0
163.0
2.0
3.0
80.0
6.0
16.0
11.0
421.0
8.0
1.0
6.0
1.0
3.0
1475.0
269.0
4.0
2.0
3.0
3.0
2.0
1.0
2.0
5.0
8.0
3.0
11.0
1.0
536.0
4.0
3.0
5.0
2.0
1.0
2.0
1.0
1.0
1.0
1.0
18.0
1102.0
25.0
3.0
6.0
305.0
5.0
4.0
80.0
6.0
436.0
3.0
2.0
5.0
73.0
17.0
2.0
1.0
1.0
3.0
2.0
1.0
313.0
2.0
1.0
1.0
3.0
40.0
4.0
283.0
13.0
600.0
377.0
3.0
1.0
16.0
1.0
1.0
2.0
1.0
51.0
1.0
48.0
6.0
2.0
3.0
10.0
2.0
1.0
1.0
1.0
1897.0
3.0
104.0
3.0
3.0
1.0
8.0
1.0
80.0
4.0
1.0
15.0
85.0
277.0
5.0
4.0
2.0
7.0
6.0
5053.0
107.0
1.0
13.0
1.0
105.0
1.0
4.0
390.0
11.0
2.0
3.0
972.0
1.0
304.0
2.0
75.0
622.0
16.0
167.0
2.0
116.0
7.0
5.0
3.0
17.0
691.0
1.0
101.0
3.0
4.0
1.0
1.0
8.0
75.0
615.0
2.0
7.0
1.0
2.0
15.0
1.0
116.0
10.0
49.0
47.0
3.0
571.0
5.0
2.0
7.0
24.0
2.0
3.0
3.0
35.0
23.0
5.0
3.0
3.0
1.0
40.0
6.0
3.0
4.0
1.0
2.0
1052.0
1.0
4.0
6.0
2.0
30.0
1.0
260.0
2.0
24.0
9.0
444.0
3.0
5.0
2.0
5.0
1.0
4.0
8.0
4.0
1.0
3.0
1.0
351.0
18.0
1.0
127.0
3.0
219.0
16.0
7.0
1.0
1.0
2.0
73.0
1.0
2.0
25.0
1.0
7.0
1.0
1.0
258.0
3.0
73.0
56.0
1.0
5.0
3.0
3.0
523.0
1.0
1027.0
1.0
64.0
6.0
2.0
1001.0
3.0
12.0
4.0
10.0
12.0
1751.0
13636.0
42.0
1.0
7.0
4.0
1.0
3.0
1.0
6.0
38.0
1.0
2.0
3.0
7.0
5.0
22.0
1.0
7412.0
2.0
291.0
1.0
2065.0
1.0
44.0
11119.0
2.0
1.0
1.0
1.0
2.0
3.0
1.0
3713.0
495.0
1.0
3.0
232.0
1.0
74.0
3.0
733.0
1.0
1.0
5.0
3.0
3.0
388.0
163.0
2.0
102.0
7.0
425.0
69.0
3.0
2.0
3.0
2168.0
19.0
358.0
2.0
2.0
3.0
13.0
264.0
1.0
9.0
3.0
2.0
1.0
26.0
1.0
131.0
288.0
1.0
3.0
3.0
700.0
9.0
1.0
1563.0
1.0
10.0
3.0
2.0
2032.0
1.0
21.0
1.0
1.0
1.0
3.0
21.0
3.0
3.0
3.0
261.0
55.0
14.0
4.0
50.0
1018.0
1.0
3.0
1.0
1.0
88.0
1.0
1.0
8.0
7.0
7.0
16.0
2.0
1.0
1.0
1.0
33.0
1.0
591.0
3.0
3.0
65.0
1.0
2.0
1.0
23.0
36.0
1.0
11.0
1.0
1.0
3.0
3.0
74.0
205.0
1.0
8.0
2145.0
47.0
202.0
1.0
40.0
4.0
1.0
4.0
2.0
105.0
2788.0
2.0
1.0
1.0
1266.0
4.0
1.0
77.0
6.0
424.0
1.0
3.0
3.0
1.0
3.0
1.0
1.0
7.0
34.0
3.0
1.0
3.0
1.0
2.0
15.0
4.0
1.0
1.0
1631.0
8.0
4.0
5.0
3.0
1.0
1.0
4.0
10.0
1.0
1.0
13.0
45.0
8.0
2.0
1.0
9.0
3.0
2.0
999.0
56.0
1.0
4.0
1.0
1.0
2.0
1.0
1027.0
3.0
13.0
1.0
9.0
2.0
138.0
712.0
68.0
1.0
1.0
1.0
29.0
1.0
117.0
12.0
1.0
145.0
40.0
203.0
2.0
10.0
3.0
1.0
1536.0
1.0
3.0
3.0
1.0
14385.0
28.0
5.0
146.0
1.0
3.0
2.0
3.0
6.0
4.0
1.0
1764.0
1.0
2.0
32.0
1.0
9.0
65.0
34.0
1.0
3.0
3.0
25.0
1.0
30.0
1.0
152.0
1488.0
3.0
3.0
1.0
296.0
1.0
3.0
58.0
1.0
461.0
2.0
1639.0
1.0
7.0
3.0
1.0
1.0
22.0
2.0
1.0
3.0
56.0
2.0
2.0
1.0
1.0
46.0
33.0
697.0
5.0
3.0
3.0
9.0
3.0
28.0
25.0
7.0
27.0
1.0
60.0
167.0
326.0
1.0
3.0
3.0
1.0
8.0
1.0
2.0
1.0
1.0
19.0
2.0
11.0
1.0
2.0
5652.0
1.0
556.0
3.0
12.0
1.0
135.0
1.0
22.0
1.0
1.0
59.0
1.0
52.0
1.0
35.0
1.0
118.0
4.0
2.0
326.0
1.0
1.0
8.0
983.0
1.0
1.0
3.0
4.0
145.0
1.0
12.0
1.0
163.0
4.0
3.0
275.0
257.0
1.0
999.0
1.0
29.0
106.0
275.0
599.0
4.0
61.0
1.0
24.0
1.0
5.0
1684.0
2.0
3.0
3.0
1.0
20.0
1.0
89.0
1.0
3.0
1.0
16.0
596.0
15.0
4.0
3.0
37.0
3.0
3.0
85.0
3.0
1.0
456.0
1810.0
3.0
3.0
3.0
236.0
8.0
745.0
19.0
132.0
18.0
165.0
623.0
10.0
3.0
1.0
19.0
2.0
1016.0
1.0
131.0
9.0
573.0
1.0
121.0
31.0
139.0
3.0
508.0
548.0
1.0
1.0
1.0
1.0
29.0
3.0
2.0
18.0
3.0
38.0
4.0
21.0
1.0
1.0
3.0
2.0
1.0
1.0
1.0
3.0
2.0
726.0
19.0
1.0
37.0
123.0
56.0
3.0
18.0
3.0
366.0
1.0
4.0
21.0
1.0
76.0
370.0
4.0
1575.0
2932.0
2.0
2.0
1.0
1.0
2.0
312.0
2.0
1.0
596.0
364.0
10.0
1.0
17.0
3.0
56.0
39.0
3.0
3.0
3.0
52.0
3.0
25.0
3.0
80.0
8679.0
1.0
351.0
3.0
1754.0
95.0
3.0
1.0
19.0
38.0
2.0
3.0
6.0
50.0
1.0
4936.0
8.0
46.0
2.0
3206.0
17.0
1.0
38.0
19.0
2.0
292.0
8382.0
125.0
11.0
1.0
13.0
2.0
1.0
15.0
903.0
5.0
81.0
12.0
838.0
3.0
1.0
3.0
1.0
20.0
1.0
63.0
1.0
16643.0
1.0
3.0
2.0
3.0
1.0
2.0
15.0
2.0
3.0
9.0
4.0
1.0
6.0
14.0
3.0
3.0
13.0
3.0
2.0
8.0
66.0
1.0
15.0
16.0
31.0
3.0
3.0
1.0
490.0
3.0
4.0
2.0
1.0
37.0
3.0
7.0
18.0
493.0
1.0
67.0
9.0
923.0
8.0
351.0
1.0
119.0
5.0
3.0
5.0
3.0
2.0
1.0
10.0
253.0
516.0
2.0
49.0
836.0
10.0
13309.0
3.0
1.0
3.0
1.0
2214.0
3.0
14.0
3.0
1775.0
1.0
3.0
37.0
77.0
119.0
1.0
3.0
2.0
289.0
65.0
22.0
1.0
1.0
8.0
374.0
430.0
8.0
3.0
38.0
11.0
11.0
4.0
2.0
2.0
369.0
1.0
188.0
358.0
1.0
291.0
7.0
1.0
98.0
2.0
2.0
1.0
1.0
9.0
6.0
1899.0
4.0
13.0
1.0
18.0
13.0
4.0
2.0
3.0
4.0
3.0
161.0
1.0
2.0
3.0
51.0
9.0
1.0
41.0
35.0
1.0
19.0
9.0
6.0
69.0
1143.0
1.0
3.0
3.0
370.0
2.0
4.0
8337.0
2842.0
12.0
42.0
1.0
2.0
103.0
1.0
201.0
9.0
3.0
2595.0
1.0
3.0
3.0
3.0
2352.0
66.0
114.0
1.0
282.0
111.0
1.0
6.0
3.0
74.0
8.0
91.0
183.0
3.0
209.0
1.0
3.0
1.0
19.0
1.0
222.0
15.0
2.0
3.0
3.0
1.0
1.0
276.0
1.0
112.0
1.0
126.0
64.0
3.0
3.0
2.0
1.0
63.0
1.0
1.0
2.0
2.0
12.0
36.0
1.0
2.0
4.0
69.0
2.0
1.0
3.0
1.0
1.0
1.0
3.0
1.0
58.0
56.0
3.0
600.0
26.0
9.0
1.0
1047.0
1.0
2.0
3.0
9.0
1.0
3.0
1.0
31.0
1.0
2.0
2.0
102.0
6.0
1.0
3.0
1.0
11.0
14189.0
9.0
25.0
26.0
1.0
1139.0
2.0
3.0
3.0
2.0
1.0
19.0
2440.0
29.0
1.0
649.0
1.0
1.0
48.0
1.0
2.0
103.0
2.0
7.0
2.0
3.0
14.0
3.0
2.0
404.0
22.0
382.0
8.0
3.0
1.0
3.0
558.0
1.0
337.0
366.0
3.0
4.0
640.0
1.0
1.0
112.0
3.0
3.0
8.0
519.0
915.0
1.0
3.0
12.0
14.0
4.0
1.0
1075.0
1.0
1.0
5.0
15.0
10.0
11.0
1.0
2.0
1.0
296.0
14385.0
1.0
80.0
6.0
578.0
186.0
15.0
18.0
1075.0
3.0
3.0
2.0
2.0
110.0
1.0
2.0
21.0
1.0
3.0
313.0
13.0
4.0
4.0
1.0
72.0
4.0
4334.0
1.0
360.0
26.0
416.0
3.0
9.0
24.0
2.0
3.0
2.0
694.0
1.0
1.0
10.0
43.0
2.0
14385.0
1.0
2.0
3.0
1.0
1.0
22.0
76.0
116.0
2.0
1.0
315.0
3.0
4.0
1.0
1.0
5.0
45.0
481.0
21.0
25.0
61.0
1.0
1.0
24.0
1.0
1.0
2.0
1.0
4.0
113.0
1.0
1.0
2.0
1.0
3.0
3.0
8046.0
2.0
45.0
6.0
912.0
2.0
3.0
2463.0
346.0
1.0
8.0
4.0
79.0
49.0
10.0
24.0
2.0
1.0
2.0
1.0
5.0
60.0
347.0
1.0
2.0
3.0
1.0
20.0
3.0
1.0
3.0
43.0
19.0
31.0
11.0
737.0
3.0
1.0
1.0
6.0
3.0
37.0
2.0
1955.0
3.0
16.0
3.0
5.0
4.0
1154.0
3.0
31.0
1.0
1.0
1.0
3.0
1.0
1.0
54.0
26.0
9.0
3.0
351.0
413.0
16.0
24.0
1.0
4.0
3.0
5.0
1423.0
1.0
1.0
6.0
306.0
3.0
1.0
3.0
5.0
3.0
3.0
107.0
1.0
1.0
11.0
1.0
9.0
100.0
1.0
8.0
1.0
3.0
1.0
6.0
3.0
2.0
1.0
2.0
1.0
3.0
5.0
3.0
12.0
1359.0
3.0
1.0
1.0
19.0
3.0
17.0
135.0
3.0
960.0
3254.0
14.0
1.0
7.0
21.0
8.0
8.0
3.0
63.0
1.0
18.0
2.0
351.0
1582.0
1.0
1.0
1.0
3.0
3.0
9.0
1.0
2.0
1.0
2.0
95356.0
3.0
2.0
3.0
80.0
1.0
23.0
3.0
4.0
63.0
1.0
2.0
1749.0
1.0
3.0
1.0
9.0
1.0
7.0
10.0
16.0
2.0
2.0
492.0
3.0
3.0
8.0
9.0
37.0
3941.0
24.0
2.0
11.0
3.0
3.0
1562.0
33.0
1.0
3416.0
1.0
1.0
4.0
1.0
2.0
970.0
3.0
4.0
3.0
2.0
21.0
1.0
796.0
394.0
1.0
4.0
1.0
1461.0
2.0
11499.0
54.0
1.0
1.0
24.0
1.0
1.0
2007.0
3.0
123.0
1.0
9.0
3.0
1.0
72.0
6.0
20.0
1.0
37.0
3.0
104.0
19.0
1.0
1.0
889.0
172.0
148.0
8.0
592.0
1.0
2.0
14189.0
107.0
1.0
1.0
11.0
1.0
6.0
1.0
10.0
22.0
2.0
2580.0
1500.0
6.0
829.0
1.0
47803.0
1.0
6.0
2.0
1.0
3.0
22.0
173.0
1461.0
71.0
367.0
19.0
403.0
1.0
1.0
1.0
101.0
2.0
44.0
3.0
4.0
102.0
2.0
9.0
31.0
2.0
3.0
2145.0
6.0
11.0
1.0
108.0
1523.0
3.0
2.0
1.0
3.0
1.0
1.0
282.0
1.0
408.0
166.0
101.0
237.0
1.0
78.0
4.0
1.0
1.0
10.0
545.0
7.0
66.0
18.0
1.0
160.0
1.0
1.0
3.0
34.0
10.0
1.0
3.0
1.0
1.0
1.0
92.0
10.0
3.0
2.0
1.0
275.0
11.0
59.0
3.0
1.0
29.0
17.0
1.0
483.0
1.0
23.0
4.0
3.0
2.0
19.0
1.0
3.0
3.0
2670.0
8.0
1.0
1.0
337.0
9.0
43.0
184.0
236.0
7.0
31.0
1.0
7.0
8.0
3.0
9.0
2.0
175.0
1.0
292.0
1.0
116.0
3.0
9.0
4.0
1.0
11.0
1.0
19.0
4.0
4.0
39.0
3.0
47.0
31.0
1.0
1428.0
2.0
36.0
19.0
5786.0
5.0
4.0
29.0
1.0
1.0
4.0
160.0
28.0
11.0
32.0
1.0
3.0
45.0
224.0
2093.0
35.0
1.0
17.0
1.0
9350.0
3.0
8.0
2.0
1.0
3.0
3.0
2.0
91.0
93.0
2.0
1.0
19.0
1.0
16.0
7.0
3115.0
379.0
1.0
128.0
3.0
3.0
1.0
1.0
1.0
1.0
53.0
193.0
32.0
1.0
3.0
11.0
315.0
9.0
1513.0
6.0
1.0
3.0
36.0
7.0
1.0
4.0
14.0
6.0
21.0
11.0
1.0
1.0
9.0
182.0
2.0
3.0
1.0
1603.0
3.0
1.0
15.0
1.0
19.0
21.0
7.0
61.0
1.0
1828.0
961.0
19.0
4.0
298.0
3.0
23.0
2.0
3.0
21.0
1728.0
2.0
2.0
1225.0
2.0
1.0
1.0
9.0
4.0
1.0
3.0
572.0
2.0
3.0
14.0
8.0
2.0
8074.0
1.0
1.0
2.0
814.0
6716.0
263.0
351.0
717.0
2.0
119.0
1.0
2.0
4.0
1.0
1.0
3.0
2.0
3.0
413.0
1.0
5.0
3.0
55.0
1.0
404.0
1.0
3.0
1826.0
34.0
1.0
2.0
1.0
1.0
1.0
832.0
189.0
3.0
296.0
4.0
1.0
5.0
1.0
1552.0
3.0
3.0
1.0
1580.0
6.0
1.0
3.0
1.0
1.0
4.0
7.0
2.0
100.0
4.0
3.0
3.0
60.0
3.0
3.0
1.0
1121.0
159.0
168.0
3.0
9.0
1.0
102.0
351.0
1.0
4.0
57.0
4.0
1227.0
50.0
49.0
6.0
1.0
4.0
3.0
1.0
1.0
3.0
24.0
2.0
9.0
1.0
18.0
2.0
1.0
795.0
1799.0
1.0
151.0
3.0
1.0
19.0
152.0
2.0
19.0
1.0
3400.0
97.0
5.0
1.0
1.0
12.0
1.0
3.0
17.0
52.0
1.0
2.0
1102.0
2.0
1.0
1.0
107.0
613.0
2.0
2.0
1089.0
2.0
3.0
148.0
9.0
1.0
1.0
3.0
1.0
17.0
10.0
4.0
299.0
574.0
335.0
4.0
21.0
1.0
1.0
32.0
120.0
958.0
3.0
1.0
1432.0
300.0
89.0
1.0
5.0
3.0
5.0
1.0
4.0
11.0
20.0
3.0
3.0
4.0
67.0
7.0
51.0
1427.0
1.0
1.0
54.0
2.0
3.0
9.0
6.0
4.0
1.0
1.0
1.0
281.0
1.0
1.0
351.0
1835.0
1.0
2.0
939.0
1.0
2.0
3.0
2.0
14.0
1021.0
9.0
1.0
1.0
67.0
2.0
9.0
12.0
1.0
2.0
1.0
9.0
1.0
3.0
1.0
31.0
1.0
3.0
9.0
22.0
13.0
147.0
113.0
15.0
1.0
1.0
282.0
1.0
65.0
1140.0
6.0
1.0
3.0
146.0
34.0
1.0
1.0
3.0
20.0
1.0
1.0
292.0
3.0
3.0
5.0
3.0
26.0
292.0
1.0
36.0
2.0
6.0
2.0
3.0
10.0
1027.0
119.0
3.0
16.0
143.0
2.0
13.0
1.0
1.0
596.0
9.0
1.0
3.0
3.0
8.0
3.0
3.0
8.0
9.0
1.0
14.0
1.0
3.0
3.0
1.0
1.0
17.0
3.0
3.0
24.0
3.0
3000.0
720.0
32.0
25.0
1.0
133.0
2.0
3.0
14.0
24.0
1.0
3.0
3.0
1018.0
3.0
1.0
80.0
7.0
2.0
1129.0
1.0
1.0
9.0
5.0
1.0
2.0
1.0
1.0
431.0
377.0
5.0
5.0
1.0
1.0
1.0
6.0
3.0
12.0
3.0
305.0
1127.0
3.0
141.0
2.0
1.0
11.0
46.0
16.0
1.0
62.0
1.0
37.0
21.0
2.0
1.0
1.0
1.0
22.0
92.0
94.0
1726.0
3.0
19.0
3.0
34.0
1.0
7.0
1.0
3.0
1.0
3.0
3.0
14.0
8.0
283.0
3.0
952.0
2.0
3.0
3.0
3.0
2.0
15.0
1.0
37.0
7.0
4.0
1.0
2.0
2.0
6.0
1.0
38.0
4.0
2.0
4.0
2.0
19.0
7.0
5603.0
3.0
2.0
170.0
2.0
1.0
3.0
6.0
1.0
3.0
2.0
34.0
1.0
1.0
7.0
29.0
16.0
5.0
1.0
1.0
24.0
4.0
6.0
1.0
2.0
3.0
1.0
1.0
1.0
6.0
3.0
2.0
3.0
1018.0
5.0
119.0
1.0
1.0
14.0
4.0
201.0
33.0
1.0
1.0
535.0
1.0
2.0
497.0
2.0
8.0
1619.0
2.0
3.0
3.0
1.0
4.0
13.0
2.0
1.0
129.0
246.0
6.0
1.0
6.0
9.0
2.0
1.0
15.0
1.0
2.0
1.0
19.0
1.0
1.0
279.0
1.0
1.0
9.0
1.0
102.0
2.0
2.0
1.0
3.0
3.0
1.0
99.0
5.0
16.0
1.0
2.0
4.0
32.0
940.0
3.0
3.0
4.0
80.0
2.0
8.0
1935.0
6.0
2.0
3.0
12.0
4.0
9.0
5.0
527.0
3.0
950.0
2.0
332.0
5.0
1.0
306.0
28.0
3.0
81.0
711.0
1.0
95.0
63.0
3.0
2.0
1.0
1.0
1.0
4.0
1.0
3.0
4.0
3.0
1499.0
1.0
5.0
73.0
3.0
14.0
3.0
21.0
5.0
1.0
35.0
5.0
2.0
2079.0
1.0
5.0
3.0
9.0
15.0
65.0
10.0
159.0
9.0
611.0
73.0
3.0
56.0
1.0
8.0
19.0
1.0
3.0
3.0
5.0
3.0
204.0
15.0
1.0
316.0
752.0
3.0
65.0
2.0
3.0
1.0
1.0
1.0
4.0
494.0
221.0
74.0
19.0
90.0
288.0
1.0
3.0
176.0
4.0
1.0
9.0
1.0
1088.0
863.0
1.0
16.0
16.0
167.0
31.0
3.0
1.0
6.0
25.0
19.0
2.0
2.0
1308.0
1.0
2.0
29.0
5.0
29.0
7.0
1.0
237.0
1.0
57.0
56.0
1.0
1.0
4.0
8.0
1.0
3.0
85.0
1.0
1.0
5.0
12.0
1.0
199.0
1.0
32.0
1.0
2.0
91.0
14.0
1.0
1.0
4.0
2.0
1.0
79.0
23.0
3.0
3.0
1.0
2.0
2.0
295.0
67.0
14.0
1.0
1.0
4.0
3.0
1.0
445.0
11.0
31.0
5.0
19.0
4.0
2.0
1.0
4.0
2.0
1075.0
1.0
6.0
4.0
22.0
1.0
3.0
3251.0
2.0
119.0
1128.0
5.0
3.0
3.0
8.0
628.0
3.0
1.0
1.0
14.0
132.0
1018.0
1.0
1.0
21.0
3.0
3.0
1.0
123.0
19.0
3.0
2.0
3.0
7.0
3.0
3.0
5.0
3.0
1.0
1.0
23.0
4.0
89.0
51.0
33.0
768.0
1432.0
155.0
5.0
1.0
1.0
1.0
7.0
313.0
3.0
3.0
1.0
3.0
3.0
14.0
83.0
3.0
20.0
1.0
1.0
1.0
3.0
6.0
124.0
2.0
1.0
766.0
1.0
4.0
70.0
1.0
2.0
1.0
12.0
38.0
3453.0
10.0
892.0
53.0
399.0
4.0
3.0
101.0
2.0
102.0
2.0
2.0
1.0
1.0
3.0
1.0
4327.0
203.0
1.0
22.0
141.0
2.0
4.0
1.0
3.0
186.0
1.0
153.0
3.0
1.0
3.0
5.0
36.0
3.0
18.0
2.0
1.0
44.0
17.0
9.0
13.0
1.0
1.0
3.0
5.0
5.0
1.0
8.0
7.0
1.0
1.0
277.0
504.0
23.0
1.0
1.0
1.0
38.0
5.0
1.0
3.0
3.0
5.0
5.0
1.0
2.0
5.0
5.0
1.0
9.0
4.0
282.0
3.0
1.0
7.0
1015.0
15.0
1.0
1.0
24.0
1.0
19.0
3.0
2139.0
7.0
3.0
49.0
46.0
3.0
44.0
24.0
169.0
67.0
86.0
516.0
402.0
3.0
101.0
1.0
1.0
1.0
9.0
3.0
3.0
4.0
1.0
2.0
6.0
2.0
9.0
1.0
1.0
3.0
9.0
9.0
1.0
61.0
23.0
90.0
1.0
1.0
1.0
2.0
1.0
13.0
25.0
3.0
9.0
1.0
3151.0
1.0
6.0
24.0
3.0
1067.0
82.0
1.0
1.0
2.0
1.0
1.0
60.0
3.0
633.0
4.0
2.0
1.0
103.0
8.0
54.0
1781.0
1.0
3895.0
1.0
13.0
1.0
3.0
409.0
1.0
2.0
2.0
4.0
1.0
330.0
1.0
7.0
329.0
1020.0
85.0
3.0
1489.0
1.0
10.0
188.0
1.0
1.0
3.0
5.0
31.0
11.0
8.0
24.0
1.0
1.0
2.0
1.0
16.0
236.0
417.0
1.0
194.0
217.0
51.0
9.0
9.0
3.0
90.0
1.0
27.0
1.0
2.0
1.0
9.0
1.0
1.0
1024.0
3.0
397.0
3.0
1.0
11.0
4.0
1644.0
2431.0
3.0
8.0
3.0
15.0
5.0
14320.0
28.0
16.0
8.0
1.0
1.0
1.0
1.0
1.0
282.0
1.0
2.0
3.0
1.0
5218.0
497.0
3.0
5.0
1.0
181.0
19.0
1258.0
3.0
3.0
1.0
3.0
3.0
3.0
1149.0
2.0
1.0
469.0
1.0
4.0
83.0
6.0
12.0
306.0
40.0
2.0
1.0
1.0
134.0
2.0
3.0
9.0
15.0
8.0
2173.0
61.0
1.0
3.0
1.0
20.0
5.0
59.0
1001.0
32.0
5.0
30.0
873.0
4.0
6.0
2.0
46.0
2.0
288.0
55.0
8.0
1.0
194.0
2.0
25.0
605.0
814.0
3.0
3.0
3.0
13.0
3.0
731.0
1.0
3.0
454.0
13.0
2.0
4.0
1.0
1.0
2.0
9.0
7.0
3.0
8.0
6.0
1.0
27.0
3.0
24.0
10.0
36.0
3.0
30.0
1369.0
1.0
2.0
1.0
1.0
1.0
2.0
2.0
2.0
9.0
35.0
18.0
1.0
1.0
3.0
40.0
1.0
1.0
3.0
381.0
1.0
1.0
76.0
3.0
10.0
1.0
3.0
11.0
3.0
351.0
6.0
688.0
16.0
4.0
6.0
5.0
244.0
1.0
3.0
5.0
1.0
4.0
1.0
3.0
312.0
141.0
20.0
16.0
3.0
1497.0
1.0
2.0
5.0
2.0
7.0
1.0
2.0
1.0
5.0
64.0
243.0
3.0
231.0
2.0
3.0
1018.0
1.0
3.0
3290.0
1.0
6487.0
1.0
4.0
3.0
3.0
1.0
3.0
17.0
1.0
16.0
1.0
615.0
4959.0
2.0
32.0
1.0
960.0
800.0
11.0
1.0
1179.0
1023.0
9.0
2.0
7.0
1.0
3.0
744.0
3.0
7.0
6.0
63.0
9.0
1.0
3.0
599.0
8.0
112.0
2.0
73.0
4.0
5.0
1000.0
2.0
3.0
4.0
7399.0
274.0
1.0
3.0
35.0
8.0
229.0
1.0
4.0
1018.0
2.0
1.0
2.0
13.0
49.0
3.0
17.0
1.0
69.0
2.0
1.0
3129.0
6.0
11.0
150.0
1.0
1.0
105.0
11.0
4.0
9.0
764.0
3.0
1.0
2.0
3824.0
1.0
112.0
55.0
1018.0
3.0
225.0
19.0
111.0
6.0
1.0
3.0
4.0
2.0
24.0
2.0
1.0
2.0
4.0
3.0
9.0
71.0
23.0
771.0
4.0
116.0
1.0
3.0
2.0
32.0
2.0
45.0
285.0
3.0
1241.0
2.0
9.0
797.0
876.0
3.0
1.0
4.0
10.0
62.0
3.0
4.0
1.0
3.0
1.0
1.0
2.0
3.0
3.0
4.0
5.0
4.0
10.0
5.0
11.0
5.0
3.0
5.0
55.0
1.0
946.0
565.0
13.0
19.0
1.0
516.0
3.0
2479.0
370.0
1.0
1959.0
1.0
3659.0
11.0
4.0
11.0
35.0
10.0
2.0
1.0
2.0
1.0
282.0
1.0
55.0
2.0
3.0
1.0
10.0
1.0
6.0
375.0
1410.0
1.0
1.0
19.0
351.0
50.0
3.0
1.0
7.0
9.0
2.0
4.0
1.0
1.0
1.0
1.0
41.0
3.0
1.0
4.0
6.0
1.0
1.0
20.0
2.0
9.0
18.0
1.0
1.0
24.0
2.0
125.0
1.0
1186.0
116.0
4.0
1.0
4.0
1.0
276.0
2.0
4.0
1740.0
5.0
2.0
3853.0
457.0
404.0
46.0
3.0
6.0
19.0
3.0
110.0
3.0
2.0
3.0
794.0
1.0
2.0
2.0
1.0
1.0
10.0
6.0
48.0
66.0
886.0
2.0
4.0
18.0
246.0
172.0
17.0
1.0
2.0
115.0
19.0
2.0
4.0
1.0
3.0
11.0
9458.0
6.0
2.0
1.0
41.0
3.0
8.0
9.0
30.0
3.0
3.0
7.0
506.0
4.0
282.0
4.0
7.0
1018.0
285.0
24896.0
1003.0
11.0
1.0
1.0
24.0
1.0
1.0
3.0
743.0
1.0
611.0
3.0
2.0
24.0
1.0
2.0
17.0
843.0
2.0
932.0
1.0
3.0
11.0
1.0
1.0
1.0
9.0
8.0
302.0
40.0
55.0
1.0
3.0
1.0
24.0
1.0
7.0
3.0
3.0
9.0
4.0
1.0
3.0
69.0
2.0
1.0
1.0
3.0
1.0
2.0
2.0
1.0
1.0
1.0
2.0
123.0
844.0
39.0
42.0
4.0
3.0
282.0
16.0
3.0
764.0
1.0
38.0
1.0
2.0
4.0
4.0
2.0
338.0
1.0
193.0
518.0
3.0
1.0
1.0
1305.0
1.0
12.0
1.0
8.0
1.0
6.0
19.0
1.0
7.0
3.0
2.0
1.0
19.0
21.0
4.0
3.0
1.0
5.0
1.0
3.0
3589.0
18.0
90.0
2.0
158.0
8.0
2.0
1.0
1.0
1.0
2.0
2.0
8.0
1009.0
2.0
912.0
7.0
1.0
23.0
18.0
1.0
1.0
46.0
1282.0
1.0
1.0
1.0
3.0
2.0
1.0
6.0
3.0
3.0
7.0
14.0
4.0
1.0
193.0
3.0
38.0
3.0
576.0
1.0
19.0
32.0
281.0
99.0
1.0
42.0
14.0
4273.0
429.0
1.0
1.0
3.0
3.0
1.0
72.0
542.0
3.0
1.0
1.0
3.0
27.0
72.0
3.0
569.0
779.0
1.0
3.0
2.0
4.0
2.0
1.0
10.0
1.0
920.0
3368.0
87.0
49.0
9.0
1.0
2.0
1.0
2.0
1.0
435.0
49.0
512.0
118.0
1.0
1.0
332.0
1.0
3.0
4.0
254.0
1.0
3.0
33.0
14.0
1.0
17.0
27.0
5.0
5.0
22.0
3.0
3.0
18.0
631.0
3.0
18.0
5.0
2.0
1.0
1.0
13161.0
1.0
176.0
12.0
451.0
3687.0
1.0
2.0
1.0
7.0
2.0
1.0
19.0
2.0
118.0
24.0
1.0
15.0
12.0
3.0
3.0
1.0
4.0
292.0
2.0
69.0
1.0
3.0
53.0
1.0
2423.0
1.0
2.0
3.0
4.0
3.0
778.0
2.0
37.0
18.0
596.0
55.0
5.0
3.0
14.0
3.0
294.0
512.0
4.0
15.0
3.0
1.0
1.0
16143.0
81.0
1.0
1.0
1.0
93.0
2.0
1.0
1.0
74.0
45.0
477.0
12.0
1.0
3.0
9.0
4.0
4.0
45.0
3.0
1.0
21.0
3.0
513.0
1.0
3.0
266.0
5.0
124.0
19.0
652.0
1.0
1.0
9.0
1.0
1.0
1.0
697.0
1.0
3.0
2.0
3.0
2.0
2.0
3.0
1.0
6.0
6.0
17.0
1.0
4.0
2.0
4445.0
1.0
3.0
291.0
4.0
8849.0
1.0
2.0
2.0
3.0
82.0
27.0
1.0
3.0
4.0
2.0
24.0
4.0
77.0
1.0
875.0
19.0
1.0
5.0
1.0
8.0
3.0
3.0
1.0
56.0
3.0
1.0
10.0
2.0
1.0
9.0
2.0
2.0
1.0
1.0
5.0
4.0
2.0
4.0
51.0
2.0
3.0
2.0
508.0
2.0
457.0
17.0
4.0
1.0
1114.0
2.0
5.0
1.0
32.0
6.0
3.0
1.0
20.0
19.0
1.0
3.0
27.0
3.0
37.0
2.0
2.0
164.0
2.0
1.0
1.0
586.0
10.0
1.0
1.0
1.0
3.0
216.0
60.0
3.0
5.0
1.0
107.0
1.0
1.0
4.0
1.0
2.0
454.0
138.0
2.0
2.0
7.0
31.0
3.0
5.0
4.0
15.0
1.0
1.0
351.0
23.0
932.0
1.0
13.0
1569.0
72.0
372.0
2.0
6.0
1.0
321.0
4.0
1.0
1.0
32.0
1.0
11.0
20954.0
3.0
1043.0
3.0
1.0
3.0
38.0
1.0
3.0
10.0
14.0
5.0
1.0
33.0
87.0
987.0
1.0
141.0
23.0
55.0
8.0
2.0
4.0
129.0
1.0
3.0
278.0
1.0
3.0
1.0
596.0
637.0
10.0
1.0
3.0
102.0
3.0
7.0
1867.0
1.0
1.0
4.0
217.0
1.0
1.0
7.0
1.0
1.0
2.0
1.0
4.0
3.0
1.0
7.0
21.0
52.0
6.0
3.0
10.0
960.0
18.0
5.0
70.0
3.0
3.0
6.0
2059.0
571.0
3.0
1.0
1.0
3.0
12.0
3.0
1.0
1.0
3.0
2.0
1.0
1.0
220.0
1856.0
3.0
8.0
2.0
16.0
1.0
3.0
2.0
3.0
1.0
1.0
8.0
233.0
96.0
6.0
1.0
34.0
2.0
6.0
21.0
4.0
372.0
2.0
117.0
1.0
2.0
64.0
1713.0
30593.0
625.0
3.0
58.0
22.0
44.0
4.0
3.0
1.0
13000.0
1.0
2.0
1.0
16.0
9.0
744.0
21.0
107.0
282.0
1.0
208.0
12.0
1112.0
3.0
5.0
9.0
1.0
36.0
117.0
1.0
3.0
1.0
674.0
2.0
7.0
1.0
5.0
1.0
835.0
2.0
1.0
246.0
5206.0
2.0
3.0
22.0
6.0
3.0
1211.0
688.0
1.0
1.0
22.0
8.0
2.0
563.0
2.0
1477.0
1.0
2.0
944.0
1.0
2.0
132.0
3.0
3.0
2.0
275.0
1.0
13.0
1.0
1.0
12.0
17.0
9.0
1.0
1.0
4.0
11.0
3.0
288.0
4.0
164.0
1.0
2.0
1390.0
651.0
1.0
2.0
1.0
1.0
2.0
455.0
1.0
7.0
9.0
1.0
3.0
2.0
1.0
102.0
2.0
2.0
961.0
24.0
33.0
2.0
491.0
5.0
50.0
156.0
1.0
2.0
1.0
3.0
48.0
2.0
2.0
4.0
1.0
170.0
20.0
32.0
11.0
40.0
1.0
143.0
1.0
9.0
1.0
15.0
1.0
1.0
2.0
1.0
1.0
21.0
2.0
2.0
1.0
15.0
126.0
310.0
1.0
1.0
3.0
204.0
36.0
74.0
3.0
13000.0
1.0
4.0
3.0
1.0
176.0
215.0
1.0
2.0
5.0
452.0
2.0
1.0
1.0
8.0
1.0
9.0
3297.0
7.0
9.0
32.0
85.0
3.0
2.0
33.0
9.0
2.0
23.0
9.0
3.0
10.0
2143.0
9.0
4.0
2.0
828.0
1.0
44.0
1.0
1.0
11.0
6.0
3.0
3.0
80.0
2.0
38.0
351.0
1.0
1.0
187.0
2.0
5.0
1.0
172.0
1.0
1.0
7.0
317.0
13.0
14.0
1.0
8.0
2.0
11.0
1.0
1.0
1.0
9.0
3.0
110.0
1.0
2.0
2.0
4.0
186.0
2.0
248.0
36.0
25.0
1.0
1.0
1.0
12.0
2.0
3.0
4.0
1.0
5.0
401.0
50.0
2.0
3.0
356.0
114.0
5.0
1.0
85.0
119.0
4.0
17.0
3.0
3.0
10.0
21.0
3.0
12.0
15.0
3.0
1.0
1.0
1.0
4.0
3.0
4.0
1.0
2.0
114.0
457.0
1.0
1.0
205.0
1.0
17.0
2.0
1.0
190.0
3.0
1.0
1.0
1.0
1.0
4.0
1.0
53.0
3.0
16455.0
184.0
3.0
1.0
1234.0
1.0
67.0
1.0
1.0
3.0
4.0
2.0
3.0
3.0
18.0
1.0
1.0
619.0
13.0
1.0
1.0
1.0
1.0
3.0
161.0
1.0
960.0
5.0
3.0
2.0
286.0
400.0
3.0
1.0
1.0
3.0
1762.0
1.0
3.0
1.0
4.0
3.0
29.0
2.0
4.0
1.0
1.0
4.0
1042.0
812.0
3.0
3.0
2.0
5.0
3.0
6.0
326.0
5543.0
95.0
126.0
1.0
3.0
2.0
11.0
3.0
8.0
1299.0
3.0
74.0
1.0
28.0
1.0
3.0
1.0
697.0
8.0
1.0
59.0
17.0
1.0
3.0
3.0
1.0
5.0
74.0
1.0
6.0
49.0
1.0
1.0
88.0
3.0
106.0
1.0
36.0
3.0
1308.0
876.0
2.0
161.0
3.0
1.0
6.0
3.0
5.0
1.0
7.0
13.0
238.0
1.0
5.0
13.0
1609.0
1.0
13.0
2.0
2.0
3.0
21.0
7.0
8.0
1912.0
1.0
1.0
3.0
2.0
3.0
18.0
1.0
1.0
1.0
17.0
4.0
1.0
73.0
1.0
1.0
1.0
1.0
2.0
1.0
17.0
1.0
3.0
5.0
4.0
3.0
5.0
1.0
174.0
5.0
1.0
1.0
2.0
28.0
351.0
296.0
1427.0
18.0
8.0
9.0
3.0
3.0
1.0
1.0
24.0
1.0
129.0
60.0
1.0
2.0
2.0
19.0
7.0
872.0
4.0
2.0
9.0
4.0
9.0
4.0
39.0
3.0
58.0
1.0
2.0
1.0
481.0
1.0
55.0
1.0
3.0
2.0
323.0
85.0
1.0
1.0
4.0
1.0
744.0
1.0
1.0
38.0
6.0
29.0
1.0
22.0
1129.0
19.0
2720.0
129.0
7.0
375.0
2.0
3.0
3671.0
30.0
3.0
8.0
49.0
24.0
3.0
10.0
1.0
16.0
1.0
6.0
17.0
107.0
1.0
325.0
3.0
2.0
2464.0
1.0
5.0
1.0
869.0
1.0
3.0
14.0
4.0
36.0
1.0
3.0
3.0
3.0
9.0
1.0
4.0
1.0
15.0
3.0
17.0
1938.0
1.0
15.0
3.0
69.0
348.0
3.0
3.0
4.0
46.0
3.0
3.0
27.0
2.0
14.0
4.0
1.0
1.0
1.0
39.0
1.0
31.0
1.0
100.0
4.0
3.0
1.0
14.0
2.0
27.0
1.0
6.0
1.0
1.0
2.0
1.0
46.0
8.0
1.0
1.0
2.0
493.0
1.0
63.0
3.0
2.0
75.0
7997.0
2.0
132.0
3.0
40.0
2.0
9.0
3.0
7.0
154.0
12.0
3.0
28.0
7.0
2.0
1.0
3.0
5.0
1.0
1657.0
4.0
1.0
7.0
18.0
1.0
17.0
115.0
55.0
290.0
3.0
3.0
3.0
79.0
19.0
1.0
63.0
249.0
8.0
3.0
397.0
7.0
2.0
178.0
1.0
2.0
10.0
39.0
5.0
6.0
298.0
2.0
3.0
96.0
8.0
91.0
1.0
1.0
1.0
4.0
1.0
1.0
1.0
3.0
1.0
3.0
34.0
3.0
46.0
5.0
147.0
8.0
7.0
292.0
1.0
246.0
66.0
11.0
4.0
990.0
3.0
5.0
1.0
2.0
2.0
75.0
1.0
3.0
5.0
36.0
18.0
29.0
12.0
1.0
10.0
3.0
8.0
23.0
74.0
158.0
2.0
5.0
3.0
93.0
2.0
86.0
3.0
1.0
17.0
15.0
3.0
2111.0
4.0
3.0
11549.0
2.0
8.0
6965.0
44.0
1.0
109.0
3.0
19.0
4.0
1.0
41.0
12.0
3.0
5.0
1.0
4.0
2.0
1.0
16.0
1.0
3.0
3.0
310.0
3.0
3.0
2.0
3.0
1.0
8.0
134.0
4.0
1.0
2.0
65.0
633.0
1.0
888.0
3.0
1.0
17.0
101.0
8.0
113.0
2.0
410.0
3.0
1.0
2.0
2.0
2901.0
1.0
2662.0
2.0
46.0
3.0
24.0
2.0
1.0
3.0
5.0
1.0
2.0
1503.0
750.0
212.0
2228.0
1.0
63.0
571.0
5.0
226.0
9.0
92.0
24.0
4585.0
337.0
11.0
1.0
40.0
4.0
2.0
4145.0
24.0
1.0
3.0
19.0
1.0
3.0
2.0
1.0
2.0
2.0
466.0
1.0
1.0
13.0
795.0
3.0
1005.0
79.0
14.0
445.0
1.0
14385.0
2.0
13.0
8.0
3.0
6.0
611.0
3.0
2919.0
8.0
1.0
2.0
34.0
15.0
1.0
1.0
1.0
1.0
1.0
2.0
753.0
158.0
1.0
1.0
2.0
1.0
3.0
236.0
1.0
1.0
4445.0
10001.0
2164.0
5.0
1.0
3.0
6392.0
7.0
3.0
166.0
2.0
2.0
1.0
2.0
2.0
1.0
3.0
4.0
783.0
2431.0
72.0
64.0
1.0
4.0
149.0
2.0
18.0
1693.0
24.0
3.0
10.0
309.0
2.0
36.0
705.0
288.0
2.0
2.0
2.0
1.0
1.0
6.0
3.0
116.0
4.0
1.0
2.0
3.0
5.0
2.0
170.0
3.0
4.0
41.0
2.0
1.0
16.0
18.0
3.0
2251.0
452.0
23.0
7.0
74.0
1.0
1303.0
2.0
2212.0
20.0
1.0
186.0
17.0
72.0
1.0
1.0
423.0
8.0
4.0
1.0
1.0
14.0
1.0
2.0
105.0
36.0
4.0
3.0
23.0
3.0
69.0
23.0
85.0
1.0
1.0
53.0
1.0
13000.0
1020.0
232.0
111.0
1.0
1.0
1.0
1.0
5.0
1.0
1.0
1.0
2.0
1.0
441.0
1.0
3.0
87.0
1.0
1.0
60.0
3.0
2.0
56.0
1.0
1.0
3782.0
2.0
130.0
3.0
35.0
1254.0
3.0
8.0
8.0
2.0
60.0
1.0
3.0
151.0
2.0
1.0
2264.0
1.0
2.0
3.0
1.0
2.0
1.0
2.0
1.0
1.0
20.0
1.0
3.0
2.0
436.0
49.0
3.0
1.0
1.0
141.0
1.0
98.0
60.0
1015.0
8.0
2091.0
14.0
1.0
62.0
4.0
1.0
1.0
1.0
2008.0
11.0
1.0
4.0
119.0
83.0
26.0
1.0
54.0
43.0
19.0
113.0
1.0
71.0
1.0
43.0
3.0
237.0
272.0
3.0
177.0
2.0
5.0
15.0
10.0
3.0
4.0
1.0
209.0
23.0
5.0
1.0
13.0
14.0
1.0
1.0
3.0
179.0
96.0
9.0
1.0
3.0
68.0
1.0
237.0
3.0
1.0
2.0
3.0
3.0
3.0
3.0
2.0
2.0
1.0
899.0
1.0
5.0
1.0
1.0
4.0
69.0
2.0
10.0
1.0
978.0
539.0
4.0
24.0
596.0
72.0
1.0
3.0
1.0
7.0
32.0
1.0
859.0
1.0
19.0
41.0
4.0
429.0
142.0
1.0
3.0
1.0
3.0
3.0
2.0
510.0
1546.0
1.0
1.0
24.0
2.0
93.0
1.0
3.0
28.0
3.0
1.0
524.0
4.0
2.0
10.0
7258.0
55.0
3.0
203.0
2.0
1.0
1.0
40.0
6.0
69.0
8.0
14.0
1.0
2.0
3.0
243.0
3.0
3.0
6.0
2.0
55.0
1.0
333.0
1.0
555.0
617.0
1.0
1.0
9.0
1.0
4.0
1.0
1.0
1.0
2.0
1.0
3.0
1.0
1.0
87.0
17.0
5.0
3.0
1.0
1.0
1.0
1.0
697.0
15.0
15.0
1471.0
167.0
1.0
14.0
8.0
11.0
9.0
314.0
84.0
2.0
610.0
1.0
1.0
104.0
4.0
3.0
333.0
75.0
2.0
1.0
1114.0
98.0
1.0
3.0
8.0
15.0
8.0
2.0
2.0
6.0
3.0
2.0
4.0
1.0
31.0
1.0
1.0
3.0
1.0
227.0
3.0
43.0
1.0
2.0
17.0
96.0
1.0
4.0
530.0
1.0
14.0
1.0
2.0
6.0
2.0
3.0
3354.0
3.0
8.0
1.0
1096.0
21.0
2.0
1.0
1.0
87.0
103.0
3.0
2.0
3.0
6.0
1.0
4.0
64.0
157.0
38.0
1.0
28.0
2.0
4.0
4.0
25.0
1.0
1.0
250.0
1.0
5.0
1.0
5.0
3.0
19.0
1.0
63.0
32.0
6.0
1.0
3.0
3.0
2.0
3.0
1534.0
1427.0
963.0
1.0
1.0
7.0
1846.0
1.0
311.0
4.0
4.0
8.0
3.0
1.0
4.0
1.0
16.0
3.0
2.0
351.0
36.0
3.0
1.0
1.0
20.0
3.0
1.0
242.0
42.0
1.0
44.0
1832.0
755.0
37.0
3.0
1.0
40.0
2013.0
2.0
1.0
2.0
1.0
1.0
1.0
2.0
34.0
1.0
6.0
3.0
1.0
1.0
12.0
1.0
1.0
394.0
1.0
3.0
3.0
3.0
2.0
18.0
7.0
15.0
1.0
3.0
1.0
20.0
591.0
7.0
1.0
27.0
135.0
751.0
9.0
1.0
278.0
2.0
4.0
164.0
282.0
2802.0
1.0
1.0
2.0
3.0
3.0
60.0
12340.0
19.0
189.0
3.0
3.0
2143.0
10.0
421.0
1.0
1.0
130.0
1.0
1484.0
1.0
1622.0
485.0
3.0
1.0
16.0
7.0
44.0
2.0
2088.0
3.0
1.0
132.0
6.0
39.0
4.0
2.0
74.0
1.0
1.0
4.0
1.0
1.0
3.0
8.0
9.0
1.0
3.0
3.0
1.0
1.0
3.0
6.0
5.0
35.0
3.0
1.0
54.0
136.0
1.0
3.0
3.0
58.0
839.0
74.0
3.0
463.0
3.0
1.0
19.0
521.0
3.0
3.0
3.0
27.0
1966.0
4.0
3.0
3.0
1.0
85.0
3.0
301.0
24.0
3.0
1.0
2435.0
1.0
11.0
1.0
4.0
1.0
6.0
3.0
6.0
3.0
1.0
1.0
8.0
1362.0
5.0
2445.0
2.0
3.0
2.0
3.0
13.0
3.0
5.0
86.0
72.0
1.0
56.0
1.0
1.0
2.0
4.0
1.0
4.0
3.0
3.0
39.0
12.0
39.0
432.0
1.0
2.0
1.0
1.0
12.0
49.0
50.0
34.0
1.0
2.0
1.0
14.0
30.0
34.0
1.0
150.0
15.0
1.0
3.0
1.0
6.0
5.0
2.0
353.0
1.0
2.0
1.0
55.0
518.0
5.0
1.0
4.0
119.0
17.0
389.0
1.0
115.0
4.0
9.0
4.0
39.0
81.0
2.0
2.0
1.0
3.0
2001.0
5.0
1.0
1.0
5.0
1.0
3.0
4774.0
3.0
4.0
543.0
3.0
45.0
1.0
175.0
6.0
2.0
3.0
73.0
1.0
5.0
2.0
73.0
714.0
1.0
1.0
2.0
1.0
1.0
1.0
2.0
1.0
8.0
19.0
12.0
1.0
60.0
2.0
5.0
1.0
1.0
1.0
578.0
1.0
1.0
2.0
7.0
1.0
9.0
8.0
3.0
3.0
1184.0
11.0
2.0
1.0
6.0
119.0
164.0
1.0
111.0
3.0
96.0
1.0
3.0
1.0
4.0
1.0
6.0
4.0
6.0
1.0
1.0
1.0
24.0
3.0
3.0
1.0
5.0
3.0
6.0
3.0
2.0
2.0
1.0
4.0
1.0
1.0
8.0
2.0
37.0
4775.0
27.0
27.0
15.0
1.0
89.0
233.0
3.0
2.0
7.0
290.0
20.0
4.0
772.0
3.0
28.0
5.0
1.0
5.0
1.0
1139.0
24.0
14.0
154.0
232.0
1.0
3.0
2236.0
4.0
1.0
1.0
4.0
93.0
75.0
18.0
1.0
1.0
2.0
1.0
5.0
1.0
18.0
1.0
2.0
31.0
3.0
1.0
5.0
1.0
1.0
2.0
3.0
3.0
367.0
32.0
3.0
54.0
2.0
17.0
20.0
3.0
3.0
708.0
3.0
339.0
58.0
3.0
5.0
2.0
2.0
1.0
64.0
3.0
1.0
2.0
1.0
421.0
3.0
3.0
1.0
519.0
3.0
3.0
2.0
1.0
3.0
6.0
151.0
205.0
9.0
82.0
25.0
4.0
1.0
4.0
86.0
1.0
41.0
5.0
1.0
1.0
3.0
5.0
2.0
5.0
5.0
1857.0
13.0
12.0
2.0
3.0
719.0
1.0
4.0
1.0
1018.0
1.0
25.0
2.0
2.0
4.0
3.0
2.0
5.0
3.0
5.0
11.0
7190.0
3.0
313.0
2.0
1.0
3.0
4.0
2.0
37.0
4.0
211.0
3.0
3.0
3.0
34.0
2.0
1.0
2.0
3.0
875.0
9.0
1.0
13.0
1.0
4.0
607.0
1.0
6.0
191.0
13.0
11.0
1.0
90.0
1.0
2.0
8.0
2.0
3.0
1.0
2.0
685.0
327.0
3.0
2.0
514.0
1.0
70.0
4.0
15.0
2.0
1.0
89.0
2241.0
1.0
12.0
74.0
1.0
2.0
3.0
24.0
7.0
1.0
1.0
283.0
6.0
774.0
19.0
833.0
1.0
6.0
17.0
3698.0
697.0
15.0
3.0
13.0
10394.0
8.0
10.0
14.0
3.0
3.0
30.0
1.0
6.0
654.0
13840.0
3.0
86.0
1.0
5.0
3.0
50.0
23.0
8.0
3.0
13.0
424.0
34.0
1.0
1.0
1.0
5.0
8.0
66.0
725.0
4.0
1.0
31.0
19.0
74.0
42.0
791.0
2.0
14385.0
19.0
2.0
1.0
3.0
2.0
1.0
9.0
36.0
3.0
15.0
5.0
580.0
3.0
10.0
10.0
85.0
82.0
4.0
3.0
1.0
1.0
1752.0
3.0
1.0
14.0
1.0
3.0
3689.0
3.0
105.0
3.0
702.0
2.0
78.0
1038.0
3.0
16.0
15.0
100.0
3.0
3.0
85.0
2.0
3.0
327.0
29.0
1.0
8.0
1.0
8.0
1.0
7.0
1.0
7.0
3.0
762.0
114.0
4.0
1323.0
36.0
3.0
40.0
1.0
195.0
494.0
1.0
2012.0
105.0
130.0
2.0
1.0
1.0
2.0
3.0
5.0
1.0
4.0
5.0
20.0
3.0
1.0
373.0
52.0
14.0
31.0
21.0
1.0
1.0
12.0
1.0
1.0
4.0
389.0
1.0
1.0
3.0
2.0
1.0
3.0
102.0
1.0
3.0
111.0
3.0
1.0
341.0
1.0
1.0
1.0
1.0
2.0
1.0
4.0
1910.0
6.0
1.0
5.0
2.0
11.0
2.0
10.0
102.0
5.0
1.0
1.0
398.0
3.0
2.0
2.0
149.0
505.0
2.0
1.0
438.0
4.0
3.0
1.0
1.0
1.0
3.0
349.0
2.0
1.0
16.0
1.0
1.0
1.0
89.0
3.0
1.0
3.0
1.0
125.0
1.0
2.0
351.0
2.0
1.0
1.0
1.0
3.0
1.0
4.0
25.0
3.0
4.0
6.0
1798.0
5113.0
2.0
1.0
50.0
8.0
103.0
32.0
23.0
24.0
93.0
9.0
9.0
3.0
235.0
14.0
3.0
479.0
26.0
1.0
145.0
27.0
2.0
24.0
8.0
16.0
157.0
2.0
1.0
1.0
555.0
7.0
4.0
3.0
30.0
870.0
53.0
16.0
7.0
354.0
343.0
1.0
1.0
92.0
1.0
1.0
124.0
3.0
4.0
53.0
19.0
7.0
10.0
1.0
4.0
11.0
9.0
158.0
3.0
10.0
1.0
99.0
2.0
399.0
1.0
28.0
32.0
2.0
1.0
3.0
1.0
25.0
1.0
2.0
8.0
10.0
3.0
3.0
1.0
3.0
13.0
102.0
1.0
11.0
2.0
10.0
6.0
1.0
4.0
382.0
161.0
5.0
12.0
1.0
2.0
183.0
519.0
2.0
8.0
3.0
46.0
31.0
1.0
2.0
29.0
19.0
2.0
1.0
3.0
4.0
2.0
1546.0
3.0
40.0
3.0
51.0
292.0
351.0
396.0
5.0
1.0
300.0
1.0
1899.0
31.0
2.0
1.0
14.0
1.0
1.0
4.0
19.0
6.0
2.0
1.0
27.0
1.0
338.0
1.0
1075.0
1.0
36.0
2.0
62.0
4.0
3.0
5.0
4.0
1.0
178.0
7.0
18.0
3.0
23.0
124.0
1.0
9.0
19.0
1.0
1.0
7.0
4.0
3.0
1.0
4.0
72.0
1.0
1.0
1.0
17.0
1.0
1246.0
674.0
85.0
1.0
1.0
3268.0
1.0
1.0
3.0
4.0
97.0
4.0
3254.0
1.0
1.0
2.0
1.0
1.0
119.0
5.0
1.0
310.0
7.0
1007.0
18.0
70.0
4181.0
566.0
635.0
2.0
3.0
1.0
1.0
1.0
803.0
84.0
5.0
42.0
1.0
24.0
11.0
228.0
148.0
1.0
15.0
309.0
2.0
3.0
2.0
3.0
47.0
3.0
3.0
31.0
10.0
19.0
1066.0
2.0
6.0
3.0
682.0
17.0
1.0
3.0
1.0
3.0
55.0
107.0
407.0
2.0
1.0
3.0
1.0
1707.0
693.0
2.0
7.0
82.0
2040.0
130.0
2.0
1.0
7.0
3.0
31.0
1.0
1.0
3.0
9.0
144.0
48.0
74.0
1.0
1.0
5.0
129.0
141.0
1.0
1.0
3.0
1.0
4.0
8.0
130.0
1943.0
6.0
457.0
2.0
2.0
4.0
3.0
2.0
8.0
3.0
1.0
9.0
179.0
2.0
5.0
9.0
1655.0
3.0
52.0
14.0
57.0
1.0
1.0
43.0
39.0
883.0
3.0
2.0
3.0
1.0
1788.0
1.0
1.0
1.0
1.0
3.0
236.0
22.0
16.0
15.0
22.0
16.0
2.0
3.0
1075.0
10519.0
1.0
5.0
6.0
34.0
5.0
1.0
9.0
3513.0
2.0
87.0
1.0
1.0
6.0
9.0
2.0
1.0
11.0
1726.0
2.0
102.0
2.0
13.0
276.0
2.0
3.0
244.0
3.0
33.0
2254.0
2959.0
611.0
3.0
8.0
3.0
1.0
100.0
11.0
47.0
180.0
2.0
10.0
4.0
1.0
1.0
23.0
1.0
2.0
64.0
39.0
44.0
19.0
1.0
4.0
1.0
3.0
8.0
4.0
1.0
421.0
3.0
1.0
24.0
13.0
10.0
2.0
320.0
98.0
318.0
3.0
1.0
3.0
4.0
1.0
3.0
1.0
1.0
1.0
1.0
21.0
2.0
1.0
223.0
221.0
1.0
1.0
1.0
33.0
11.0
286.0
4.0
3471.0
1.0
1206.0
4.0
1505.0
178.0
3.0
5.0
3.0
13.0
3.0
4.0
6.0
565.0
1.0
972.0
453.0
2.0
10.0
5.0
1.0
1599.0
244.0
5.0
262.0
1.0
1.0
35.0
10.0
59.0
501.0
1.0
222.0
3.0
1.0
5.0
7.0
21.0
46.0
3.0
6.0
44.0
862.0
23.0
18.0
1.0
1.0
17.0
4.0
39.0
1.0
38.0
36.0
65.0
1.0
1.0
2.0
1.0
2.0
8.0
1.0
16.0
33.0
6017.0
2.0
60.0
1461.0
1.0
9.0
6.0
25.0
2.0
1.0
1.0
1.0
4.0
2.0
1.0
1.0
44.0
1514.0
19.0
1.0
3.0
63.0
697.0
1.0
1018.0
8.0
150.0
1.0
6.0
33.0
10.0
1.0
6.0
2.0
2616.0
116.0
3.0
155.0
17.0
7.0
4.0
480.0
4.0
262.0
660.0
4.0
65.0
6.0
1.0
10.0
1.0
11.0
25.0
3.0
296.0
651.0
3.0
123.0
16.0
1983.0
1.0
5.0
7.0
3.0
9.0
7.0
213.0
1.0
7.0
10.0
2.0
25.0
3.0
1.0
1.0
3.0
254.0
3654.0
3.0
3.0
1.0
3.0
1.0
596.0
10.0
12.0
7.0
292.0
16.0
1.0
85.0
1.0
3.0
1.0
24.0
2.0
282.0
2.0
19.0
3.0
3.0
3.0
1.0
21.0
3.0
1.0
34.0
2.0
1.0
6.0
19.0
1282.0
2.0
3.0
1.0
3.0
6.0
2105.0
2.0
2.0
1.0
2.0
182.0
2.0
1.0
17.0
1.0
2000.0
1.0
10.0
2.0
3.0
2.0
19.0
57.0
1.0
65.0
2.0
1.0
3.0
3.0
10.0
1.0
5.0
2.0
1.0
292.0
11.0
157.0
8.0
633.0
2.0
2.0
309.0
3.0
16.0
1.0
8.0
686.0
2.0
4.0
4800.0
67.0
1.0
12.0
1.0
24.0
2945.0
4.0
4.0
7798.0
1.0
6.0
1.0
4.0
3.0
66.0
3.0
1.0
2.0
5.0
2652.0
27.0
7906.0
2.0
17.0
2.0
1.0
3.0
24.0
1.0
483.0
8.0
42.0
3.0
32.0
8.0
46.0
3.0
2.0
24.0
1.0
25.0
1.0
30.0
18.0
5.0
1.0
1.0
2.0
66.0
754.0
8.0
1.0
3.0
1.0
5.0
1.0
7.0
24.0
131.0
1.0
80.0
3.0
4.0
3.0
853.0
431.0
1.0
1012.0
2.0
7.0
7.0
2.0
1.0
3.0
3.0
3.0
2573.0
19.0
3.0
135.0
57.0
5.0
3.0
7.0
30.0
386.0
1.0
2.0
1.0
978.0
8.0
3.0
3.0
1.0
1.0
31.0
3.0
8.0
1.0
51.0
4.0
1.0
4.0
4.0
7751.0
1117.0
10.0
5.0
3.0
1.0
6148.0
3.0
722.0
23.0
1.0
58.0
1.0
9.0
1.0
78.0
2.0
5.0
362.0
1483.0
2.0
19076.0
76.0
968.0
4.0
4.0
2.0
1468.0
12.0
48.0
2.0
87.0
9.0
80.0
38.0
83.0
1.0
34.0
232.0
1.0
9.0
36.0
1.0
22.0
18.0
1.0
5.0
4.0
3.0
2.0
3.0
218.0
5.0
7.0
35.0
1.0
8.0
1.0
19.0
1.0
8.0
1.0
1.0
1.0
43.0
3.0
11.0
7.0
2.0
3.0
1.0
5.0
13212.0
9.0
1.0
7.0
4.0
16.0
1.0
1.0
1.0
602.0
31.0
9.0
3.0
56.0
7.0
10.0
1.0
22.0
2.0
66.0
3.0
29.0
1.0
6.0
1.0
35.0
1.0
4.0
1.0
1.0
3.0
5.0
1.0
3.0
4.0
1.0
2.0
8.0
171.0
3.0
3.0
3.0
21.0
5.0
1.0
577.0
1.0
24.0
17.0
7.0
2099.0
87.0
1.0
1.0
1.0
1467.0
3.0
7.0
4.0
12.0
163.0
63.0
3.0
3.0
1.0
2.0
1.0
2.0
2.0
3.0
2.0
53.0
1490.0
35.0
6.0
3.0
5.0
312.0
135.0
1135.0
14.0
1.0
14.0
697.0
1.0
3.0
1.0
2.0
43.0
39.0
17.0
37.0
1.0
7.0
1.0
102.0
87.0
24.0
1067.0
2.0
4545.0
3.0
3.0
910.0
32.0
2.0
5.0
2.0
3.0
2.0
1.0
13.0
7.0
1.0
7.0
8.0
404.0
3.0
569.0
3.0
2.0
37.0
299.0
181.0
2.0
191.0
250.0
4.0
2.0
3.0
9.0
2.0
40.0
3.0
1.0
21.0
682.0
100.0
1.0
4.0
7.0
4.0
1.0
3.0
2.0
10.0
3.0
247.0
1.0
4.0
1.0
204.0
1.0
1.0
1.0
10.0
1904.0
3.0
1.0
4.0
1.0
538.0
5.0
3.0
2.0
52.0
333.0
1785.0
6.0
3.0
42.0
31.0
1.0
4.0
2.0
121.0
332.0
30.0
3.0
3.0
212.0
6.0
3.0
3.0
3.0
1.0
1.0
1.0
1.0
2.0
9.0
856.0
914.0
2.0
14.0
1.0
94.0
1.0
20.0
69285.0
3.0
27.0
35.0
24.0
1.0
1.0
2859.0
81.0
1.0
1288.0
65.0
16.0
3.0
5.0
132.0
5.0
3.0
1.0
421.0
3.0
1.0
3.0
727.0
3.0
22.0
1.0
2.0
1.0
17.0
1.0
20.0
31.0
59.0
2.0
4.0
19.0
2.0
6.0
53.0
1.0
1.0
1.0
1.0
96.0
3.0
104.0
3.0
245.0
1.0
357.0
1.0
1.0
3.0
3.0
3.0
14.0
1.0
23.0
19.0
283.0
1.0
262.0
27.0
3.0
257.0
2.0
3.0
686.0
3.0
1.0
23.0
457.0
3.0
5.0
72.0
3.0
3.0
10.0
3.0
1.0
1.0
1.0
3.0
2.0
5.0
3.0
3.0
379.0
2.0
1.0
1.0
2.0
3.0
2.0
2.0
61.0
1.0
65.0
1.0
1.0
23.0
232.0
1.0
113.0
6.0
1.0
351.0
45.0
1.0
1.0
15.0
1.0
4.0
4.0
3.0
1642.0
1.0
9.0
3.0
3.0
1.0
3.0
1.0
19.0
2.0
1.0
28.0
7.0
527.0
87.0
3.0
3.0
3.0
414.0
1.0
3.0
161.0
3.0
1.0
19.0
3.0
3.0
650.0
2.0
1.0
1.0
3.0
388.0
2.0
8.0
66.0
3.0
14385.0
3.0
3.0
1.0
4.0
124.0
4.0
1929.0
8.0
1075.0
2483.0
1.0
1.0
668.0
1.0
3.0
4.0
1.0
1.0
22.0
14.0
99.0
91.0
70.0
1.0
912.0
5.0
12.0
2.0
1.0
2.0
1.0
1617.0
418.0
1.0
2.0
2.0
34.0
1.0
3.0
3.0
425.0
14.0
9.0
232.0
1.0
1.0
2.0
1.0
710.0
2.0
2.0
1.0
1.0
31.0
1.0
2.0
1.0
9.0
1.0
33.0
1.0
3.0
1.0
3.0
4.0
351.0
1.0
65.0
4.0
2.0
19.0
1058.0
77.0
34.0
8.0
2.0
1.0
1.0
3.0
832.0
1.0
2.0
12.0
8.0
107.0
47.0
20.0
3.0
1.0
3.0
4.0
1.0
3.0
9251.0
2.0
139.0
1.0
39.0
2.0
2.0
1.0
3.0
3.0
2.0
58.0
3.0
9.0
35.0
1.0
3.0
1.0
4.0
92.0
3.0
2.0
3.0
2.0
66406.0
1.0
1.0
1.0
1.0
1.0
2.0
1.0
3.0
3.0
4.0
3638.0
194.0
1.0
1.0
1.0
12.0
3.0
1.0
1.0
73.0
9.0
292.0
237.0
1.0
82.0
8.0
56.0
10.0
1.0
27.0
2550.0
3.0
1185.0
1.0
1.0
17.0
8.0
5.0
19.0
1.0
2.0
1.0
3.0
870.0
782.0
3.0
467.0
24.0
2.0
1.0
11.0
8.0
1.0
12128.0
66.0
2.0
2389.0
2.0
1.0
2.0
33.0
317.0
3.0
8.0
1.0
17.0
3.0
83.0
5.0
5.0
57.0
1790.0
1.0
3.0
6.0
3.0
2289.0
1.0
6.0
1.0
350.0
1.0
3.0
3.0
3.0
2.0
80.0
1185.0
10.0
1.0
103.0
1.0
712.0
3.0
8.0
8.0
102.0
1.0
1.0
1.0
1.0
1.0
1.0
1.0
2.0
1.0
1.0
5.0
2.0
80.0
2.0
1.0
133.0
1.0
1.0
1.0
3.0
7.0
3.0
50.0
24.0
3.0
17.0
1.0
1.0
157.0
3.0
1.0
3.0
325.0
3.0
1.0
891.0
1.0
30.0
3.0
3.0
1445.0
1.0
1.0
11.0
21.0
10.0
535.0
1.0
9.0
6.0
11.0
11.0
6.0
826.0
1.0
3.0
3.0
6.0
5.0
31.0
2.0
3.0
1.0
3.0
2.0
8.0
1.0
277.0
984.0
6.0
1.0
1.0
1.0
3.0
230.0
16.0
17.0
178.0
118.0
2.0
2.0
2.0
1.0
3.0
2.0
5.0
1.0
3.0
3261.0
1.0
1.0
4.0
13.0
1.0
2.0
40.0
113.0
3.0
89.0
3.0
24.0
1.0
1.0
2.0
6.0
5.0
5.0
3.0
1.0
2.0
4.0
96.0
2.0
62.0
5.0
19.0
58.0
6.0
23.0
2.0
441.0
3.0
20.0
978.0
1464.0
1.0
11.0
11.0
17.0
5.0
278.0
327.0
4.0
70.0
1.0
4.0
3.0
1.0
2.0
1.0
1.0
3.0
2.0
8.0
1.0
3.0
2.0
9.0
2.0
1.0
3.0
1.0
2.0
576.0
1.0
1.0
1.0
3.0
8.0
58.0
93.0
1.0
1.0
1.0
2.0
3.0
33.0
67.0
10.0
5.0
1.0
1.0
4.0
3.0
3.0
44.0
1.0
2.0
101.0
871.0
16.0
2.0
12.0
2.0
1.0
3.0
1.0
326.0
1.0
3.0
1.0
1448.0
189.0
338.0
1471.0
1.0
1587.0
1.0
23.0
2.0
1.0
3.0
3.0
43.0
1.0
84.0
1.0
2.0
6.0
405.0
1771.0
4.0
6.0
19.0
3.0
39.0
2.0
1.0
1.0
4.0
23.0
1.0
99.0
11.0
1.0
3.0
3.0
1.0
4.0
1.0
2.0
1.0
69.0
3.0
87.0
1.0
28.0
15.0
7959.0
101.0
1.0
48.0
1.0
1.0
8.0
2.0
4.0
227.0
288.0
1.0
25.0
3.0
3.0
3.0
9.0
539.0
1.0
1.0
4.0
27.0
41.0
4.0
1.0
1.0
3.0
57.0
10.0
2.0
2.0
1.0
129.0
1.0
1.0
72.0
105.0
2.0
409.0
1064.0
50.0
1.0
58.0
1.0
3.0
30.0
2.0
129.0
1.0
5.0
2.0
57.0
2.0
43.0
14.0
53.0
4.0
1.0
3.0
3.0
1.0
113.0
1.0
2.0
1.0
19.0
3.0
32.0
1.0
11.0
995.0
29.0
1.0
201.0
1.0
54.0
1.0
36.0
310.0
189.0
3.0
30.0
14.0
77.0
9.0
2.0
379.0
3.0
3.0
2.0
1.0
61.0
64.0
6.0
8.0
2.0
10.0
11.0
3.0
1.0
4.0
39.0
3.0
3.0
1.0
1.0
8.0
2.0
2.0
1.0
79.0
4.0
1.0
19.0
4.0
22.0
13.0
4.0
1.0
2.0
1.0
40.0
110.0
3.0
9.0
1.0
2.0
20.0
3.0
356.0
2.0
3075.0
6.0
1.0
32.0
2.0
1069.0
1222.0
3.0
1.0
3.0
965.0
1.0
3.0
6.0
1.0
1.0
2.0
1.0
5.0
8.0
293.0
3.0
16.0
6.0
1018.0
65.0
2.0
3.0
3.0
518.0
124.0
1.0
300.0
4.0
1.0
2.0
2.0
24.0
2278.0
8.0
139.0
3.0
1.0
350.0
259.0
320.0
19.0
1.0
2.0
40.0
16.0
9.0
1.0
2.0
1.0
22.0
272.0
1.0
244.0
2.0
2132.0
24.0
2.0
34.0
3.0
1.0
3.0
180.0
12.0
7.0
1.0
1.0
3.0
4.0
4.0
56.0
4.0
1.0
44.0
13.0
84.0
22.0
3.0
1.0
3.0
1.0
2.0
5.0
8.0
851.0
118.0
1106.0
1.0
129.0
3.0
2843.0
1.0
4.0
2.0
1.0
2.0
85.0
19.0
3.0
182.0
8.0
65.0
88.0
4.0
64.0
1.0
1.0
42139.0
20.0
14.0
1.0
2.0
3.0
2.0
1.0
35.0
4.0
1.0
1.0
56.0
2238.0
2.0
399.0
1.0
4.0
2.0
1462.0
2.0
16.0
1.0
3.0
1.0
368.0
44.0
3.0
3.0
1993.0
4.0
2.0
2.0
1.0
11.0
11.0
3.0
1.0
8.0
6.0
43.0
1.0
1.0
2.0
2.0
3.0
3.0
3.0
299.0
4.0
1.0
3.0
47.0
12.0
43.0
44.0
387.0
1.0
1.0
1.0
1069.0
1.0
17.0
2.0
13.0
2.0
4.0
2.0
7.0
3.0
105.0
2.0
151.0
1.0
2.0
747.0
282.0
6.0
2.0
1.0
9.0
1.0
1.0
1.0
14155.0
4.0
1.0
2.0
153.0
13.0
397.0
401.0
4.0
93.0
3.0
8.0
1.0
3.0
1067.0
415.0
1.0
3.0
99.0
82.0
1.0
2.0
55.0
44.0
61.0
5.0
3.0
12.0
1.0
34270.0
2.0
3.0
2.0
3.0
14.0
974.0
3.0
1.0
5.0
1.0
1.0
27.0
2.0
1385.0
334.0
1.0
3.0
3.0
1.0
2.0
319.0
69.0
3.0
150.0
14.0
1.0
1.0
1.0
85.0
3.0
2.0
2.0
7.0
17.0
2.0
5.0
19.0
1.0
270.0
16.0
3.0
1.0
19.0
1.0
3754.0
240.0
1.0
2.0
201.0
5.0
4.0
1751.0
61.0
18.0
1.0
3.0
1.0
1.0
5.0
4.0
13.0
674.0
1.0
1.0
38.0
19.0
1.0
4.0
64.0
4638.0
19.0
1.0
20.0
104.0
21.0
892.0
234.0
281.0
3.0
3.0
9.0
1.0
1.0
19.0
149.0
1.0
24.0
1.0
3.0
2.0
640.0
79.0
3.0
1622.0
1101.0
1.0
2.0
38.0
361.0
1.0
1.0
1.0
4939.0
1.0
1.0
1073.0
180.0
127.0
1.0
6.0
1.0
1.0
41.0
3.0
299.0
4.0
10.0
4.0
1.0
1674.0
1.0
1.0
102.0
3.0
1.0
3.0
47.0
1.0
1.0
1.0
25.0
9.0
3.0
10.0
24.0
9.0
3.0
19.0
20.0
3.0
4.0
149.0
24.0
1183.0
108.0
3.0
6.0
81.0
978.0
3.0
672.0
1.0
3.0
3.0
529.0
1.0
63.0
25.0
1.0
1.0
547.0
1.0
4.0
1.0
3.0
3.0
3.0
3.0
305.0
3.0
1.0
1.0
4.0
1.0
8.0
6.0
71.0
9.0
3.0
1.0
2.0
3.0
2.0
1386.0
3.0
1.0
2.0
1.0
2.0
5.0
24.0
107.0
17.0
22.0
288.0
90.0
507.0
401.0
1.0
1.0
77.0
4.0
2.0
389.0
5.0
46.0
214.0
259.0
3.0
3.0
3.0
404.0
7.0
6.0
248.0
1.0
1.0
111.0
19.0
24.0
4.0
3.0
14.0
19.0
23.0
4.0
2.0
59.0
717.0
1.0
1.0
20.0
2.0
2.0
6.0
12.0
1.0
1.0
1.0
1.0
5.0
804.0
3.0
1.0
1.0
1.0
721.0
284.0
7.0
2.0
7.0
3.0
61.0
4.0
1.0
1.0
1.0
176.0
5.0
2.0
1.0
1.0
3.0
1.0
1.0
21.0
1.0
4.0
288.0
3.0
1.0
5.0
2.0
386.0
1.0
1.0
1013.0
6.0
136.0
219.0
1023.0
16.0
1.0
1.0
3.0
3.0
3.0
25.0
1.0
5.0
1.0
3.0
7.0
3.0
9.0
1.0
5.0
152.0
288.0
9.0
9.0
4.0
7.0
100.0
3.0
586.0
2.0
46.0
35.0
3.0
10.0
1.0
3.0
90.0
1.0
36.0
2.0
66.0
248.0
14.0
45.0
2.0
3.0
1.0
1.0
8.0
9.0
11.0
23.0
1.0
3.0
79.0
82.0
9.0
12.0
104.0
1.0
3.0
1.0
3.0
4.0
3.0
4.0
938.0
14.0
28.0
3.0
2.0
31.0
1.0
2.0
8.0
1.0
1.0
1.0
1.0
3.0
467.0
12.0
2.0
1.0
663.0
4819.0
5242.0
5.0
428.0
2.0
1.0
1.0
289.0
137.0
12.0
5.0
1.0
16.0
3.0
133.0
13.0
6.0
2.0
55.0
521.0
1303.0
425.0
6.0
33.0
1.0
1.0
19.0
1.0
209.0
1.0
23.0
2.0
779.0
1.0
1.0
1.0
4.0
12.0
4.0
5.0
9.0
81.0
1.0
47.0
18.0
61.0
7.0
19.0
3.0
1.0
1.0
281.0
1.0
3.0
3.0
1.0
1.0
593.0
1.0
18.0
14.0
400.0
1.0
9.0
5.0
4.0
1.0
1.0
1045.0
15.0
6.0
3.0
20.0
279.0
1536.0
2.0
3.0
2.0
156.0
4.0
9.0
1.0
3.0
1.0
3.0
76.0
1.0
1.0
10.0
9.0
1.0
34.0
3.0
2.0
3.0
32.0
47.0
87.0
24.0
4.0
110.0
75.0
3.0
1.0
64.0
5.0
12.0
21.0
1.0
3.0
66.0
1.0
2050.0
162.0
1.0
439.0
1.0
3.0
1.0
1.0
771.0
88.0
3.0
27.0
48.0
530.0
19.0
35.0
1.0
1.0
2.0
3.0
1.0
1.0
1.0
2.0
2.0
2.0
279.0
977.0
10.0
3.0
4.0
1.0
9.0
1130.0
5.0
6.0
1.0
155.0
1.0
2.0
2.0
2201.0
4.0
3.0
21.0
1.0
2.0
34.0
1.0
4.0
1.0
21.0
3.0
2.0
4.0
14.0
737.0
1.0
3.0
58.0
3.0
30.0
1.0
315.0
1.0
19.0
6.0
3.0
82.0
1.0
8.0
3.0
17.0
17.0
3.0
878.0
5.0
9.0
1.0
4.0
1.0
1.0
1.0
1.0
42.0
3.0
2.0
1.0
1.0
2.0
23.0
35.0
336.0
7.0
1.0
3574.0
1.0
90.0
3.0
17.0
3.0
3.0
8.0
13233.0
4936.0
8.0
848.0
2.0
44.0
2.0
2.0
993.0
4.0
1.0
3.0
59.0
2.0
2.0
1.0
24.0
8.0
1.0
501.0
14.0
3.0
1.0
6.0
515.0
4.0
3.0
23.0
19.0
1.0
9.0
1.0
668.0
18.0
6.0
3.0
2.0
1286.0
3.0
19.0
7225.0
7.0
91.0
69.0
2.0
393.0
1.0
2.0
6.0
5.0
4.0
5.0
288.0
1.0
2387.0
9.0
1.0
4.0
7.0
2.0
1.0
282.0
2.0
389.0
9.0
344.0
220.0
4.0
4.0
15.0
102.0
2.0
3.0
1465.0
951.0
3.0
14.0
1.0
2052.0
3.0
1.0
10.0
2.0
5.0
6.0
9.0
140.0
3.0
897.0
714.0
34.0
138.0
3.0
51.0
1.0
2.0
7.0
8.0
1.0
6.0
1.0
167.0
1.0
3.0
2.0
3.0
3.0
31.0
1.0
79.0
1198.0
3.0
83.0
1.0
1066.0
2.0
1.0
128.0
1.0
943.0
10.0
70.0
205.0
7.0
3.0
1.0
16.0
8.0
84.0
43.0
3.0
3.0
1.0
615.0
2.0
451.0
10.0
3.0
3.0
1.0
3.0
3.0
11.0
1.0
1.0
1.0
1.0
1.0
2.0
811.0
1078.0
6.0
1.0
8.0
835.0
172.0
1.0
3.0
38.0
3.0
2.0
2.0
1.0
1.0
1.0
45.0
1.0
288.0
3.0
3.0
3.0
23.0
695.0
10.0
18.0
20.0
64.0
1.0
1.0
288.0
1.0
2.0
1.0
1.0
3.0
1.0
61.0
4.0
1.0
346.0
2.0
6.0
400.0
3.0
1.0
354.0
1.0
6.0
159.0
2.0
108.0
1.0
2.0
11.0
2666.0
1.0
3.0
1.0
1.0
3.0
1.0
1.0
19.0
1129.0
3.0
1.0
3.0
1.0
36.0
6.0
2.0
555.0
58.0
3.0
7.0
563.0
187.0
58.0
1.0
117.0
1.0
1.0
419.0
1.0
22.0
22.0
46.0
3.0
4.0
6.0
1.0
1.0
14.0
1018.0
3.0
6.0
351.0
1137.0
6.0
3.0
8.0
4.0
50.0
1.0
2.0
3.0
5.0
3.0
25.0
2.0
1.0
1.0
313.0
1.0
67.0
2.0
3.0
1.0
1.0
7.0
2.0
75.0
2.0
1401.0
1807.0
15.0
3.0
1.0
2.0
9.0
2845.0
80.0
1120.0
10.0
433.0
737.0
3.0
1.0
8.0
62.0
11.0
1.0
2.0
1.0
310.0
281.0
66.0
3.0
1.0
1.0
720.0
3.0
3.0
1.0
3.0
28.0
10110.0
5532.0
49.0
336.0
3.0
185.0
2.0
2.0
1.0
7.0
3.0
1.0
76.0
48.0
3.0
6.0
1.0
38.0
3.0
138.0
111.0
4.0
3.0
1.0
3.0
1.0
3.0
288.0
1.0
1.0
1.0
3.0
7.0
3.0
3.0
1.0
3.0
452.0
5.0
105.0
1.0
1.0
8.0
1266.0
282.0
1.0
1064.0
45.0
1762.0
1.0
1.0
5.0
4445.0
35.0
2.0
262.0
5.0
13.0
1.0
2.0
814.0
1.0
9.0
25.0
11.0
9.0
2.0
1.0
772.0
2.0
1.0
435.0
2.0
1.0
106.0
1.0
704.0
9.0
2.0
677.0
44.0
4711.0
103.0
3.0
46.0
11.0
3.0
8.0
1.0
1.0
4.0
1.0
2.0
1.0
3.0
2.0
4.0
1.0
4.0
89.0
9.0
25.0
4.0
3.0
14.0
1.0
1.0
1.0
1441.0
3.0
1.0
3.0
73.0
1.0
288.0
9.0
14.0
1.0
1.0
3.0
63.0
93.0
1088.0
1.0
8.0
35.0
1.0
8.0
808.0
1.0
3.0
2.0
1.0
308.0
5.0
13.0
3.0
1.0
1080.0
7.0
1.0
354.0
9.0
11.0
1.0
1.0
3.0
24.0
34.0
1.0
1.0
17.0
1.0
1994.0
1.0
1.0
1.0
3.0
1.0
24.0
576.0
2.0
3.0
5.0
4.0
26.0
2.0
1.0
2.0
12.0
1.0
35.0
11.0
1.0
5.0
1.0
9.0
1.0
1.0
55.0
2.0
10.0
7.0
351.0
748.0
535.0
20.0
8.0
351.0
2.0
6.0
13.0
1.0
823.0
1487.0
1.0
35.0
1.0
2.0
578.0
2.0
13.0
1400.0
188.0
72.0
7.0
1.0
41.0
203.0
5.0
3866.0
3.0
9.0
76.0
1.0
1.0
3.0
1.0
3.0
596.0
2.0
3.0
160.0
1032.0
1.0
1.0
1.0
3.0
1.0
351.0
1.0
2.0
1193.0
4331.0
64.0
1229.0
6.0
3.0
2.0
16.0
1.0
1.0
73.0
1.0
8.0
13.0
11.0
1.0
23.0
356.0
3.0
2.0
1.0
209.0
1.0
8.0
3.0
17.0
1.0
920.0
3.0
1225.0
15.0
1.0
2.0
155.0
1.0
3.0
4.0
2.0
33.0
5.0
4.0
3.0
3.0
5.0
7.0
23.0
3.0
5.0
1.0
8.0
1.0
354.0
2.0
1.0
5.0
18.0
8.0
70.0
1.0
125.0
3.0
63.0
7501.0
2942.0
4.0
1.0
3.0
64.0
6.0
23849.0
1.0
3.0
1018.0
1.0
3.0
1.0
1.0
1.0
1838.0
1.0
2.0
498.0
3.0
3.0
2.0
3.0
2.0
1.0
1.0
1036.0
2.0
24.0
1530.0
6.0
3.0
8.0
3.0
1.0
99.0
431.0
1.0
7.0
2.0
142.0
40.0
9.0
1.0
292.0
9.0
1.0
2.0
871.0
14.0
3.0
1.0
24.0
12.0
1.0
1.0
11.0
5.0
2.0
9.0
65.0
1.0
1.0
1042.0
4.0
3.0
4.0
8.0
365.0
9.0
1.0
1.0
668.0
3.0
38.0
1.0
3.0
1211.0
1.0
1.0
3.0
110.0
3.0
2.0
3.0
1.0
1.0
234.0
4.0
1.0
3.0
8.0
1.0
9.0
12.0
36.0
6.0
1.0
914.0
67.0
3.0
594.0
5.0
2.0
1170.0
3.0
3.0
1660.0
1.0
200.0
5.0
5182.0
19.0
3.0
277.0
5.0
2.0
4597.0
136.0
231.0
48.0
5.0
1.0
3.0
1.0
3.0
46.0
1.0
212.0
1.0
735.0
2.0
2.0
55.0
1.0
1.0
959.0
6.0
15.0
2.0
95.0
1.0
2.0
1.0
15.0
662.0
2.0
3.0
890.0
1.0
1.0
5.0
60.0
3.0
1.0
4.0
523.0
990.0
5625.0
29.0
2.0
4.0
7.0
3.0
1.0
23.0
16.0
8.0
18.0
34.0
601.0
51.0
30.0
1.0
5.0
225.0
104.0
1.0
3.0
1.0
49.0
2.0
4.0
2.0
7.0
257.0
2.0
3.0
2.0
5.0
5.0
197.0
3.0
16.0
3.0
2.0
3.0
3.0
1076.0
5.0
3.0
960.0
1.0
12.0
1.0
10.0
4.0
1.0
3.0
1.0
3.0
399.0
1.0
1.0
3.0
2.0
3.0
1.0
14.0
1.0
33.0
3.0
17.0
4.0
10.0
637.0
4.0
1.0
68.0
1.0
3.0
50.0
6.0
695.0
2358.0
8.0
3.0
1.0
3.0
2.0
3.0
17.0
3.0
1029.0
2.0
48.0
2.0
5.0
4.0
8.0
1.0
23.0
243.0
1.0
1.0
1.0
47.0
3.0
3.0
3.0
825.0
2.0
8.0
3.0
1.0
1.0
12.0
754.0
52.0
1.0
3.0
3.0
242.0
849.0
3655.0
65.0
2.0
9.0
2.0
19.0
1.0
55.0
34.0
1.0
2.0
3.0
5.0
19.0
10.0
3.0
1.0
2.0
10.0
1.0
8.0
4.0
5.0
255.0
80.0
4.0
934.0
9.0
4.0
2.0
3.0
3.0
1.0
2.0
3.0
1.0
72.0
15.0
1.0
2.0
160.0
1.0
86.0
1.0
2.0
2.0
1.0
1814.0
3.0
1.0
2.0
1.0
1.0
1.0
3.0
10.0
87.0
47.0
15.0
22.0
1.0
3.0
6.0
23.0
25.0
25.0
1.0
1.0
4.0
7.0
208.0
1.0
288.0
1.0
1.0
11.0
6.0
1.0
1.0
4.0
1669.0
9.0
1.0
1.0
267.0
4.0
1.0
10.0
1.0
1.0
2.0
19.0
5.0
295.0
3.0
11.0
3.0
8.0
54.0
11.0
9.0
1.0
3.0
7.0
1.0
16.0
2.0
1.0
1.0
1.0
3.0
1.0
1.0
18.0
649.0
3.0
2.0
14.0
10.0
20.0
3.0
10.0
1.0
3.0
1.0
2.0
4.0
3.0
3.0
1.0
56.0
28.0
2.0
288.0
71.0
1.0
6.0
3.0
4.0
1.0
2.0
22.0
2.0
3.0
1.0
4.0
12.0
1.0
1.0
234.0
1.0
1.0
3.0
3.0
7.0
1.0
1.0
4.0
2.0
3.0
1054.0
1.0
1.0
3.0
5.0
1.0
1.0
1299.0
1.0
3.0
3822.0
5.0
1.0
75.0
6.0
1.0
3.0
28.0
2.0
3.0
3.0
385.0
1.0
8.0
7.0
2.0
1.0
17.0
9.0
3.0
1.0
177.0
372.0
1.0
5.0
3.0
9.0
1.0
2.0
941.0
2.0
102.0
2.0
3.0
103.0
5.0
4.0
7.0
3.0
1.0
1.0
1.0
1.0
732.0
6.0
2.0
3.0
1.0
31.0
1.0
3.0
21.0
1.0
3.0
16.0
3.0
1733.0
3.0
1.0
1.0
1.0
292.0
20.0
2.0
31.0
7.0
1.0
5.0
9.0
73.0
242.0
3.0
3.0
2.0
2.0
4.0
146.0
3.0
1.0
660.0
3.0
4.0
5.0
2.0
47.0
6.0
10.0
1.0
51.0
1.0
3.0
9.0
45.0
16.0
4.0
3.0
3.0
1.0
71.0
8.0
3.0
1.0
17.0
2.0
1.0
1.0
4.0
3.0
313.0
1.0
1.0
29.0
3.0
3.0
2.0
14.0
1.0
261.0
1.0
1.0
15.0
73.0
11.0
2.0
6.0
13.0
3.0
1.0
41.0
1.0
1.0
24.0
2.0
2.0
1.0
10.0
155.0
11.0
4.0
2.0
36.0
26.0
1603.0
1.0
351.0
288.0
3.0
1.0
4.0
1.0
3.0
29.0
3.0
6.0
2.0
2.0
9.0
1.0
177.0
1683.0
4.0
66.0
1.0
1.0
1.0
1.0
4.0
1.0
1.0
37.0
3.0
1.0
4.0
953.0
1.0
1018.0
2.0
2.0
37.0
106.0
6.0
3.0
64.0
23.0
2.0
1.0
1.0
456.0
2.0
12.0
1.0
13.0
213.0
3.0
4.0
1.0
33.0
1.0
1.0
9.0
19.0
1.0
3.0
230.0
1.0
1.0
1.0
1.0
9.0
3.0
9.0
1.0
24.0
1.0
1.0
29.0
1.0
866.0
1.0
3.0
5.0
3.0
1.0
2.0
3.0
1.0
1.0
3.0
444.0
1.0
3.0
34.0
149.0
1072.0
24.0
3.0
58.0
1.0
124.0
8.0
4.0
714.0
8.0
7.0
126.0
1.0
87.0
1.0
35.0
55.0
6.0
22.0
442.0
3.0
10.0
2.0
3.0
13.0
20.0
77.0
1.0
55.0
3.0
9.0
3.0
1.0
389.0
5.0
1670.0
11.0
2.0
3.0
30.0
1.0
2.0
2276.0
1.0
1.0
18.0
1.0
3.0
12.0
170.0
2.0
57.0
1.0
1.0
1.0
6.0
1.0
9.0
3.0
17.0
1.0
2.0
140.0
4.0
2.0
132.0
22.0
5.0
16.0
4.0
1899.0
3.0
1.0
1.0
762.0
24.0
1.0
73.0
1.0
2.0
5.0
1.0
1018.0
1.0
41.0
3.0
1.0
1.0
1.0
14.0
1.0
8.0
183.0
1.0
2.0
2.0
560.0
4.0
4.0
3.0
2.0
3.0
6.0
72.0
1.0
24.0
2.0
185.0
3.0
14.0
2.0
3.0
3.0
9.0
3.0
17.0
31.0
8.0
95.0
3.0
2.0
834.0
3196.0
1.0
3.0
1.0
12.0
17.0
4.0
2.0
3.0
908.0
10449.0
4.0
1.0
3.0
12.0
3.0
16.0
10.0
257.0
8.0
1.0
1.0
217.0
8.0
13849.0
404.0
3.0
1.0
27.0
1.0
49.0
1.0
2.0
1.0
231.0
1.0
12.0
1.0
1.0
2.0
1.0
3.0
3.0
3.0
4.0
14.0
17.0
3.0
11.0
35.0
2.0
3134.0
3.0
1.0
167.0
7.0
2.0
3.0
2.0
1.0
3.0
7.0
1.0
1.0
1.0
1.0
11.0
1.0
7.0
5625.0
334.0
3.0
5.0
1.0
1.0
3.0
241.0
4.0
3.0
2.0
1.0
3.0
124.0
1.0
3.0
3.0
1.0
1.0
10.0
7.0
2.0
2.0
1.0
3.0
1.0
422.0
1.0
6.0
1.0
3.0
35.0
3.0
34.0
4.0
18.0
2.0
24.0
215.0
3.0
30.0
2.0
446.0
3.0
490.0
3.0
3.0
19.0
1.0
10.0
1.0
3.0
30.0
3.0
1137.0
1246.0
63.0
6.0
2.0
7.0
22.0
280.0
1084.0
2.0
24.0
7.0
1.0
13.0
11.0
23.0
1.0
16.0
1.0
4645.0
1.0
1.0
3.0
74.0
497.0
3.0
9.0
3.0
844.0
1.0
1.0
1.0
1.0
1.0
1.0
3.0
3.0
1824.0
9.0
3.0
942.0
1.0
3.0
1.0
1.0
2.0
5.0
3.0
3.0
103.0
2.0
3.0
2.0
4.0
8.0
7.0
1.0
3.0
1.0
104.0
4325.0
1.0
4.0
1256.0
1.0
351.0
1.0
2.0
3.0
13096.0
3.0
6.0
1.0
3.0
110.0
3.0
19.0
1514.0
2.0
138.0
2.0
860.0
1.0
1.0
3.0
3.0
1.0
6.0
47.0
36.0
4.0
22.0
1.0
121.0
1.0
1.0
1.0
1.0
1.0
34.0
3.0
60.0
3.0
3.0
2.0
3.0
1.0
128.0
2.0
3.0
12.0
4.0
1468.0
1633.0
1.0
4.0
2.0
1.0
1.0
5651.0
59.0
1.0
1.0
1.0
2.0
2639.0
1.0
11.0
125.0
8.0
19.0
1.0
13.0
1.0
3.0
3.0
1.0
1.0
2.0
3.0
2.0
2.0
1.0
2.0
1.0
227.0
3.0
4.0
22.0
1.0
1.0
1.0
3.0
1.0
2.0
1.0
1.0
362.0
926.0
5.0
1.0
6.0
1.0
1.0
1.0
3.0
1.0
9.0
1.0
5.0
2.0
42.0
17.0
1.0
3.0
3.0
1.0
18.0
21.0
2.0
4.0
1.0
963.0
6.0
29.0
3.0
1.0
1111.0
724.0
1.0
4.0
1.0
596.0
7.0
3.0
2.0
1.0
1.0
3.0
1.0
3.0
5976.0
55.0
1.0
1.0
3.0
26.0
1.0
4.0
2.0
158.0
1.0
1.0
441.0
6.0
1.0
3.0
3.0
8.0
1.0
109.0
2.0
5.0
2.0
7.0
2.0
3.0
1.0
2.0
9.0
3.0
77.0
3.0
117.0
71.0
2.0
4.0
3.0
628.0
5.0
3.0
2.0
1.0
1.0
1.0
2118.0
3.0
18.0
1.0
58.0
3.0
2.0
1.0
7.0
469.0
3.0
4.0
98.0
58.0
1.0
1.0
109.0
1559.0
2.0
1.0
4.0
4.0
3.0
1.0
14.0
4.0
1.0
1.0
658.0
1943.0
45.0
1.0
764.0
3.0
112.0
177.0
3.0
3.0
329.0
4.0
124.0
11.0
1.0
1144.0
5.0
1.0
1.0
2.0
66.0
3.0
3.0
6.0
21.0
2.0
1841.0
1.0
4.0
524.0
103.0
4.0
23.0
1.0
6.0
803.0
30.0
3.0
263.0
1.0
6.0
1.0
1.0
1.0
69.0
71.0
44.0
4.0
214.0
1.0
2.0
3.0
2.0
1.0
56.0
80.0
2.0
122.0
1.0
827.0
1.0
3.0
2.0
2.0
2.0
298.0
1.0
47.0
6.0
164.0
3.0
3.0
4.0
67.0
1.0
1.0
5.0
19.0
5.0
4459.0
845.0
8.0
15.0
170.0
5.0
1.0
3.0
1.0
1.0
19.0
558.0
1119.0
1.0
7117.0
2.0
24.0
18.0
1.0
156.0
1.0
2.0
1.0
2.0
1.0
3.0
1677.0
5.0
1521.0
161.0
99.0
29.0
1.0
1.0
2.0
4.0
2.0
3.0
5.0
55.0
45.0
1.0
3.0
3.0
2135.0
3.0
1.0
3.0
1.0
3.0
6.0
6.0
3.0
40.0
1.0
3.0
6.0
11.0
3.0
3.0
3.0
1.0
2.0
1.0
3.0
1.0
1.0
3100.0
4.0
1.0
2.0
1.0
1.0
1.0
19.0
1.0
4.0
21.0
6.0
23.0
3.0
9.0
7.0
1.0
69.0
5.0
2.0
1.0
629.0
1.0
3210.0
1.0
1.0
1.0
1.0
16.0
1.0
3.0
85.0
153.0
2.0
2.0
156.0
1.0
1.0
1.0
34.0
4.0
9.0
592.0
638.0
9.0
2.0
1.0
1.0
9.0
64.0
3.0
3.0
1.0
286.0
103.0
2143.0
1.0
9.0
296.0
5.0
1.0
5.0
98.0
3.0
23.0
9.0
1.0
6.0
1.0
819.0
47.0
3.0
745.0
3.0
6.0
1.0
492.0
113.0
3.0
282.0
8.0
3.0
1.0
1.0
2844.0
2.0
4.0
34.0
1.0
8.0
20.0
369.0
1.0
124.0
4.0
9.0
3.0
2.0
1999.0
10.0
1.0
5.0
24.0
30.0
1.0
1.0
8.0
4.0
43.0
31.0
1.0
257.0
3.0
3.0
2.0
183.0
439.0
2.0
70.0
78.0
38.0
40.0
3.0
3.0
178.0
3.0
16.0
3.0
12.0
2.0
1.0
1.0
7.0
54.0
34.0
6.0
768.0
1.0
1.0
2.0
3.0
2.0
6.0
8.0
10.0
168.0
2132.0
1.0
24.0
1.0
44.0
1.0
7.0
1.0
1.0
24.0
2002.0
1.0
6.0
2.0
4.0
3.0
4.0
13.0
7424.0
3.0
3.0
471.0
311.0
1.0
1.0
3.0
2.0
25.0
10.0
1.0
3.0
67.0
3.0
1064.0
4.0
455.0
5.0
1.0
1.0
3.0
3.0
340.0
170.0
2257.0
487.0
2.0
2.0
1.0
1.0
81.0
1.0
19.0
215.0
5.0
2.0
3.0
1.0
7.0
8.0
3.0
3.0
1.0
3.0
12.0
10.0
37.0
4.0
2.0
1.0
2.0
10.0
9.0
25.0
9.0
5.0
3.0
879.0
88.0
2.0
3.0
1.0
2.0
1.0
107.0
127.0
1.0
3.0
291.0
2.0
59.0
912.0
2.0
1.0
3.0
632.0
2.0
1.0
1.0
1410.0
3.0
2.0
1221.0
692.0
2.0
1.0
203.0
6.0
7.0
9.0
3.0
8.0
1.0
1.0
2.0
1.0
3.0
1312.0
1.0
20.0
2.0
1.0
1.0
74.0
3.0
3.0
1900.0
378.0
1.0
1.0
2.0
3.0
5.0
2.0
1.0
58.0
1.0
57.0
14.0
5.0
2.0
3.0
421.0
51.0
3.0
3.0
59.0
1.0
5.0
50.0
200.0
5.0
3.0
18.0
1.0
10.0
16.0
2.0
27.0
174.0
4.0
1.0
115.0
2.0
2.0
5242.0
1.0
3.0
1.0
27.0
79.0
1.0
1.0
3.0
331.0
1.0
1.0
9.0
362.0
1.0
1.0
2.0
3.0
3.0
1.0
3.0
2.0
360.0
9.0
15.0
1.0
1708.0
1.0
75.0
3.0
4.0
611.0
129.0
372.0
351.0
4.0
3.0
3.0
414.0
29.0
1018.0
1.0
107.0
1.0
1.0
3.0
3.0
3.0
5637.0
170.0
2597.0
1.0
4.0
24.0
1.0
1.0
1.0
1.0
36.0
341.0
2.0
13.0
29.0
1.0
2.0
187.0
6.0
2.0
8.0
1.0
4.0
24.0
8.0
162.0
1.0
1.0
4.0
13.0
4.0
1.0
1.0
2.0
17.0
1.0
72.0
4.0
3.0
48.0
3.0
3.0
3.0
1153.0
2.0
3.0
3.0
26.0
4.0
1.0
20.0
74.0
30.0
4.0
1.0
2.0
1.0
48.0
4.0
1.0
1.0
360.0
2.0
3.0
262.0
2.0
3.0
2.0
5.0
1.0
2.0
3.0
3.0
3.0
3.0
7.0
9.0
1.0
9.0
7.0
1.0
3.0
75.0
8.0
825.0
3.0
2.0
74.0
1.0
3.0
1.0
1.0
6.0
5.0
2731.0
152.0
3.0
1.0
2028.0
8.0
103.0
1.0
1.0
15.0
3.0
87.0
3.0
1.0
6.0
1.0
2.0
16.0
1925.0
7.0
4.0
1.0
2.0
3.0
1.0
1.0
4.0
35.0
732.0
1.0
2.0
356.0
197.0
24.0
1.0
156.0
14.0
6.0
1.0
3.0
712.0
4.0
53.0
2.0
51.0
102.0
2.0
3.0
1.0
1.0
3.0
1.0
1.0
8.0
5.0
4.0
18.0
1.0
580.0
16.0
1.0
109.0
217.0
6.0
203.0
250.0
2180.0
2.0
4.0
351.0
755.0
730.0
3.0
3.0
1.0
1.0
22.0
3.0
3.0
1.0
72.0
6.0
1.0
1.0
3.0
2.0
101.0
1.0
2.0
4.0
15.0
17.0
11.0
236.0
1.0
4.0
8.0
1.0
12.0
3.0
47.0
515.0
4.0
1.0
12.0
2217.0
2.0
213.0
910.0
3.0
1.0
45.0
2.0
1.0
14.0
47.0
10.0
1292.0
4.0
1.0
29.0
4.0
1.0
1.0
1.0
1.0
158.0
3.0
5.0
3.0
248.0
1.0
1.0
223.0
1.0
32.0
199.0
1.0
7.0
1.0
8.0
1064.0
149.0
3.0
3.0
1.0
1.0
287.0
4.0
4.0
1.0
65.0
10.0
36.0
32.0
2.0
69.0
4328.0
2.0
6.0
1.0
1.0
3.0
4.0
84.0
20744.0
5.0
8.0
8.0
1.0
1.0
10.0
10.0
1.0
2.0
4.0
2498.0
3.0
6.0
635.0
9.0
79.0
1.0
71.0
3077.0
337.0
2.0
3.0
4.0
617.0
1.0
1.0
59.0
1.0
219.0
31.0
1.0
29.0
2.0
24.0
12.0
16.0
407.0
8.0
1.0
45.0
1.0
1177.0
2.0
2.0
3.0
3.0
45.0
324.0
7.0
10.0
3.0
3.0
355.0
1.0
276.0
1.0
705.0
14017.0
3.0
3.0
2.0
242.0
9.0
1.0
1.0
35.0
17.0
3.0
11.0
3.0
243.0
1.0
3.0
178.0
7.0
1.0
3.0
24.0
3.0
2.0
29.0
175.0
3.0
3.0
158.0
2.0
4.0
33.0
117.0
555.0
7.0
11.0
49.0
3.0
2.0
2.0
2.0
2.0
258.0
1.0
3.0
31.0
3.0
81.0
1.0
1.0
3.0
5296.0
6.0
11.0
1.0
14.0
15.0
1.0
1.0
2.0
3.0
1.0
175.0
2487.0
1.0
71.0
19.0
71.0
3.0
7.0
3.0
3.0
157.0
4.0
1.0
1744.0
36.0
1.0
9.0
3.0
1.0
773.0
7.0
32.0
1.0
1.0
1017.0
68.0
15.0
6.0
2.0
1.0
1.0
3.0
4.0
876.0
1.0
5.0
3.0
3.0
2.0
1.0
3.0
2.0
2.0
8.0
1053.0
338.0
14.0
2.0
3838.0
1.0
1.0
230.0
1.0
2.0
5393.0
9.0
1.0
6.0
2329.0
3.0
179.0
1.0
3.0
22.0
1.0
1.0
61.0
21.0
1.0
2.0
204.0
227.0
5.0
961.0
1.0
447.0
3.0
149.0
1.0
4.0
9.0
1755.0
5.0
1.0
1.0
5.0
1.0
3.0
86.0
57.0
1.0
47.0
1.0
2.0
1.0
9.0
1.0
3.0
1.0
265.0
1.0
1599.0
3.0
2.0
260.0
1.0
3.0
27.0
21.0
31.0
3.0
2.0
1.0
2.0
3.0
55.0
1.0
3.0
1.0
3.0
18.0
2.0
3.0
45.0
30.0
3.0
1.0
2.0
76.0
1.0
24.0
3.0
28.0
843.0
3.0
26.0
2474.0
1.0
1.0
2.0
358.0
3.0
35.0
17776.0
2.0
6.0
1.0
157.0
152.0
6.0
2.0
1.0
1.0
4.0
2.0
1.0
1018.0
1.0
2.0
1.0
17.0
1.0
4.0
7.0
1.0
5.0
7.0
1.0
635.0
4.0
13.0
2.0
1.0
2.0
374.0
5.0
1.0
1.0
2.0
2.0
2.0
2.0
1.0
38.0
668.0
1.0
2.0
456.0
3.0
10.0
19.0
1.0
1.0
1477.0
1.0
123.0
3.0
3.0
749.0
3.0
66.0
1.0
1.0
3.0
5.0
29.0
4.0
2.0
3.0
1296.0
93.0
45.0
1.0
1.0
1.0
2.0
3.0
9.0
1540.0
1137.0
1.0
4.0
2382.0
1.0
1.0
1.0
4.0
2.0
1.0
1.0
2.0
1120.0
40.0
3.0
76.0
8.0
13.0
449.0
1.0
3.0
1018.0
104.0
243.0
1.0
1.0
1.0
1.0
3.0
17.0
2104.0
3.0
3.0
3.0
4.0
1.0
1.0
44.0
1.0
1.0
23.0
1.0
3.0
1.0
10.0
3.0
4.0
3.0
75.0
1.0
25.0
5.0
3.0
856.0
9.0
142.0
10.0
3.0
1.0
40.0
1.0
21.0
1.0
103.0
2.0
1.0
1.0
8.0
867.0
1.0
1.0
132.0
1.0
317.0
1017.0
67.0
5.0
19.0
15.0
21.0
414.0
31.0
1.0
9.0
1.0
1.0
2.0
3.0
3.0
4.0
2974.0
162.0
21.0
3.0
2.0
17.0
1.0
958.0
1.0
17.0
6.0
1.0
12.0
48.0
53.0
3.0
1.0
1018.0
7.0
5.0
1.0
3.0
7.0
47.0
6.0
1630.0
9.0
1.0
68.0
9.0
24.0
29.0
7.0
44.0
216.0
1.0
1.0
5.0
2.0
2.0
8.0
1.0
232.0
65.0
1.0
288.0
7.0
109.0
117.0
12.0
4.0
31.0
1689.0
1.0
8.0
6.0
23.0
3.0
3.0
3.0
4.0
1.0
1.0
1.0
52.0
3.0
10.0
3.0
1.0
103.0
11.0
6344.0
25.0
1.0
8.0
3.0
3.0
1.0
4.0
1.0
8.0
359.0
879.0
583.0
9.0
3.0
1.0
3.0
1.0
1.0
364.0
734.0
2.0
6.0
2.0
12.0
4.0
3.0
4.0
814.0
4.0
3.0
66.0
11.0
10007.0
2.0
1.0
1047.0
1.0
3.0
136.0
102.0
5.0
978.0
12.0
5.0
1.0
3.0
3.0
35.0
3.0
1.0
491.0
3.0
2.0
190.0
130.0
1.0
3.0
13.0
12.0
3.0
1.0
123.0
5.0
1.0
648.0
1743.0
3.0
1.0
1.0
9.0
1.0
2.0
102.0
3013.0
12.0
4.0
3.0
2.0
99.0
2599.0
16.0
252.0
3.0
57.0
3.0
5.0
3.0
211.0
149.0
1.0
3.0
1.0
33.0
3.0
6.0
1.0
33.0
1.0
1741.0
155.0
46.0
5.0
98.0
1.0
2.0
664.0
3.0
27.0
1.0
1.0
274.0
1.0
3586.0
3.0
1.0
3.0
4.0
1178.0
2.0
574.0
1052.0
1.0
1.0
8.0
1.0
4.0
1.0
262.0
1.0
1.0
19.0
1.0
2.0
2.0
11.0
761.0
1.0
659.0
14.0
23.0
5.0
122.0
1.0
4.0
353.0
7.0
61.0
3.0
32.0
3.0
2.0
9.0
3.0
33.0
25.0
1.0
3.0
3.0
232.0
256.0
26.0
335.0
3.0
232.0
109.0
1.0
1023.0
17.0
64.0
1.0
23.0
4.0
2.0
1304.0
728.0
1.0
4.0
3.0
8854.0
1891.0
4.0
6.0
22.0
20.0
102.0
8.0
1.0
3.0
3.0
2.0
1.0
3.0
34.0
55.0
37.0
3.0
927.0
11.0
2.0
988.0
3.0
2.0
1.0
2.0
3.0
5.0
2.0
3.0
20.0
1.0
301.0
2.0
1.0
300.0
3.0
3.0
24.0
4.0
11.0
1.0
3.0
1.0
94.0
11.0
3.0
2.0
3.0
1123.0
3.0
932.0
1.0
5.0
2.0
3.0
1.0
1.0
3.0
10.0
2.0
1.0
21.0
3.0
98.0
1698.0
168.0
1799.0
10.0
3.0
19.0
3.0
5.0
2.0
2678.0
11.0
8.0
1.0
1.0
3.0
34.0
4.0
2.0
2.0
78.0
3.0
1.0
18.0
2.0
17.0
15.0
208.0
3.0
343.0
6.0
34.0
23.0
7.0
3.0
41.0
177.0
1.0
1.0
145.0
1.0
1.0
3.0
1.0
131.0
297.0
3.0
4.0
1.0
2.0
3.0
3680.0
6.0
3.0
11.0
2.0
1.0
1.0
19.0
1.0
23.0
1.0
72.0
4.0
3.0
7.0
1.0
576.0
34.0
3.0
1.0
12.0
10.0
1561.0
1.0
1.0
3.0
1.0
1.0
47.0
1.0
17.0
561.0
2440.0
15.0
1.0
3.0
1.0
169.0
2.0
132.0
8.0
1.0
14.0
3.0
14.0
3.0
2.0
3.0
3.0
288.0
27216.0
1.0
2.0
75.0
6.0
192.0
1.0
3.0
5.0
3.0
4351.0
13.0
1.0
1.0
14977.0
1.0
10.0
232.0
1.0
2.0
1.0
3.0
79.0
1.0
26671.0
34.0
2.0
3.0
3.0
3.0
4.0
5.0
1.0
1.0
4.0
87.0
288.0
842.0
9.0
1.0
5.0
7.0
1.0
5.0
3.0
1.0
1.0
20.0
7.0
1.0
102.0
385.0
596.0
1.0
1.0
45.0
4.0
1.0
3.0
9.0
76.0
9.0
17.0
3.0
39.0
4.0
1.0
2.0
271.0
2.0
1.0
6.0
230.0
15.0
2.0
2.0
6.0
51.0
78.0
1.0
1.0
2.0
1.0
500.0
1.0
1.0
3.0
248.0
38.0
102.0
190.0
3.0
32.0
3.0
2.0
24.0
3.0
1.0
18.0
2.0
12.0
3.0
4.0
1482.0
1.0
15.0
8.0
35.0
1.0
2.0
19.0
1.0
282.0
28.0
16.0
3.0
3.0
1.0
2.0
3.0
147.0
107.0
1256.0
17.0
3.0
2174.0
7.0
252.0
4.0
1.0
43.0
1.0
203.0
7.0
62.0
3.0
1.0
4.0
3.0
1.0
1.0
3.0
3.0
2.0
28.0
3.0
1.0
2.0
1.0
846.0
1.0
370.0
19.0
2.0
4.0
3.0
1.0
3.0
24.0
1.0
2.0
38.0
68.0
24.0
4.0
1.0
159.0
1.0
17.0
107.0
1.0
9.0
2270.0
1.0
3.0
5690.0
1.0
3.0
6.0
351.0
5.0
1.0
54.0
1.0
2.0
27.0
3.0
1.0
1.0
17.0
5.0
1.0
6.0
2.0
689.0
2.0
7.0
55.0
1.0
27.0
1230.0
3.0
3.0
2.0
199.0
1.0
5.0
4.0
2.0
22.0
1.0
1.0
96.0
18.0
241.0
186.0
3.0
53.0
3.0
3.0
1.0
1.0
8.0
7.0
1.0
32.0
4.0
1403.0
649.0
1.0
2.0
1.0
1597.0
103.0
3.0
1.0
1.0
4.0
8.0
1.0
1075.0
238.0
1.0
1.0
3.0
9.0
3.0
348.0
3.0
32.0
10.0
2.0
2.0
17.0
1033.0
1.0
43.0
4.0
792.0
6.0
1.0
3.0
3.0
24.0
12.0
10.0
1.0
32.0
2.0
1.0
635.0
4.0
1.0
3.0
1.0
1.0
3.0
2.0
7.0
2.0
1.0
115.0
1.0
10.0
1.0
3.0
1310.0
2.0
1.0
10.0
1079.0
1.0
20.0
19.0
1.0
4.0
73.0
2.0
21.0
1.0
15.0
3.0
2.0
25.0
8.0
10.0
36.0
70.0
1.0
3.0
3.0
11.0
1.0
3.0
1.0
3.0
2.0
9.0
258.0
2.0
24.0
1.0
2.0
2786.0
127.0
23.0
3.0
410.0
55.0
867.0
1.0
25.0
11.0
7.0
1759.0
538.0
3.0
3.0
15.0
1.0
1.0
1.0
3.0
1.0
1.0
1.0
3.0
3.0
163.0
5.0
1075.0
1.0
1.0
2.0
1.0
1.0
17.0
22.0
31.0
46.0
1.0
5.0
3.0
1.0
6626.0
3.0
29.0
1.0
3333.0
2.0
12.0
4.0
1.0
1.0
3.0
4.0
3.0
8.0
1.0
1.0
1120.0
212.0
60.0
259.0
6.0
1.0
3.0
32.0
99.0
9.0
8.0
1.0
64.0
75.0
3.0
15.0
1.0
3.0
1.0
10.0
59.0
1.0
1.0
139.0
865.0
1.0
1.0
3.0
3.0
4.0
9.0
27.0
3.0
3.0
96.0
4.0
1032.0
1.0
3.0
8.0
3.0
3.0
200.0
1.0
295.0
3.0
9.0
40.0
28.0
4.0
1.0
3.0
3.0
1.0
74.0
535.0
39.0
2.0
9.0
162.0
3.0
24.0
69.0
16.0
1469.0
36.0
1.0
3.0
4766.0
7.0
260.0
2.0
5.0
3.0
1.0
942.0
3.0
4.0
17.0
6.0
1.0
71.0
6.0
2.0
5.0
1734.0
59.0
1.0
3.0
3.0
1.0
2.0
140.0
2.0
3.0
3.0
4008.0
8.0
2.0
2.0
19.0
313.0
2.0
1344.0
3.0
3.0
2185.0
3.0
1.0
742.0
1022.0
1.0
1.0
12.0
361.0
1.0
1.0
3.0
1.0
86.0
1.0
100.0
4.0
5.0
3.0
19.0
3.0
65.0
3.0
7.0
1.0
1.0
2473.0
50.0
3.0
1.0
28.0
2.0
36.0
5.0
1.0
2.0
1.0
576.0
32.0
3.0
1.0
2.0
10099.0
3.0
3.0
3.0
75.0
3.0
9.0
4.0
19.0
244.0
1.0
1.0
1.0
13.0
1.0
1.0
3.0
13.0
1.0
1.0
729.0
6.0
1.0
1.0
278.0
1919.0
105.0
2.0
10.0
1.0
1.0
87.0
172.0
1.0
1200.0
2.0
3.0
15.0
8.0
32.0
3.0
1.0
3.0
1.0
1.0
3.0
6.0
3.0
1.0
7.0
1.0
960.0
3.0
4.0
20.0
24.0
4.0
3.0
6.0
38.0
1.0
171.0
24.0
2.0
563.0
17.0
11.0
3.0
6.0
1.0
65.0
14.0
1.0
1.0
15.0
70.0
1.0
145.0
3.0
672.0
1018.0
1798.0
232.0
2.0
3.0
36.0
1.0
13.0
5232.0
9.0
2.0
38.0
8.0
1730.0
1027.0
1.0
36.0
3.0
1.0
3.0
3.0
2.0
16.0
3.0
26.0
773.0
1.0
289.0
24.0
3.0
2.0
2.0
320.0
8.0
1.0
19.0
3.0
12.0
4.0
6.0
1.0
12.0
2.0
1.0
3.0
1.0
1.0
65.0
477.0
3.0
1.0
32.0
2.0
22.0
244.0
3.0
1.0
2.0
18.0
1.0
33.0
2.0
4.0
2.0
33.0
1742.0
2.0
1834.0
33.0
1.0
1.0
7.0
689.0
1.0
937.0
176.0
41.0
1.0
89.0
1.0
1.0
3.0
2.0
9125.0
1.0
1.0
226.0
3.0
13149.0
1.0
3.0
823.0
718.0
47.0
2.0
2.0
50.0
3.0
369.0
1.0
16.0
27.0
66.0
2.0
1.0
1117.0
2.0
29.0
1.0
15.0
2.0
46.0
1.0
1.0
1.0
115.0
1.0
75.0
16.0
3.0
1.0
8.0
3.0
190.0
4.0
1180.0
1.0
2.0
2.0
8.0
1.0
122.0
1.0
1.0
1.0
1562.0
5.0
3.0
1.0
24.0
15.0
1.0
6.0
4.0
3.0
9.0
4.0
99.0
69.0
4.0
1018.0
2.0
1.0
9.0
5.0
3.0
44.0
3.0
9978.0
3.0
34.0
269.0
24.0
6.0
28.0
841.0
19.0
3.0
21.0
14.0
3.0
4.0
599.0
160.0
446.0
1.0
59.0
2.0
1.0
50.0
3.0
3.0
454.0
2.0
8.0
78.0
1.0
1.0
23.0
1.0
19.0
1.0
3.0
9.0
1.0
3.0
7.0
15.0
3.0
1.0
2.0
3.0
2.0
961.0
2.0
31.0
2.0
8.0
31.0
1.0
29.0
87.0
1.0
3.0
3.0
141.0
1.0
2.0
1.0
1.0
218.0
9.0
25.0
23.0
278.0
697.0
7.0
5.0
4.0
4.0
1.0
1.0
19.0
355.0
3.0
1.0
1.0
2.0
10.0
217.0
9.0
1.0
4.0
1.0
1297.0
71.0
644.0
1.0
1.0
1.0
14.0
14.0
2.0
1.0
784.0
90.0
90.0
2562.0
1.0
1.0
1.0
2.0
8.0
1.0
8.0
1.0
596.0
3.0
1.0
5.0
254.0
1.0
66.0
9.0
1.0
6.0
1.0
10.0
19.0
13.0
1.0
1013.0
1.0
33.0
19.0
28.0
1109.0
3.0
3.0
5.0
6.0
895.0
1.0
4.0
64.0
3.0
1.0
2.0
3.0
104.0
421.0
61.0
1.0
19.0
28512.0
6.0
8.0
7.0
93.0
460.0
2.0
4.0
21.0
292.0
228.0
1888.0
3084.0
154.0
2.0
1.0
3.0
1.0
3.0
67.0
3.0
121.0
1.0
227.0
1.0
3.0
1.0
3.0
2.0
8.0
3.0
13.0
4.0
2.0
85.0
3.0
36136.0
1.0
8.0
1.0
27.0
3.0
2.0
2.0
1.0
11.0
5.0
2.0
39.0
3.0
1.0
1.0
1.0
1.0
13.0
1.0
4626.0
9.0
3.0
18.0
2.0
12.0
7.0
1.0
2.0
1.0
1.0
1.0
15.0
319.0
3.0
13.0
1.0
7.0
3.0
1.0
1.0
1.0
2.0
1.0
453.0
6.0
621.0
1.0
263.0
1.0
1.0
282.0
7.0
7.0
10.0
3.0
1.0
1.0
5.0
339.0
36.0
105.0
2.0
1.0
4.0
9.0
1.0
1.0
83.0
13.0
1.0
9.0
1.0
3.0
3.0
4.0
22.0
58.0
6.0
1.0
3.0
7.0
960.0
1.0
6.0
7.0
49.0
324.0
3.0
60.0
2.0
2.0
323.0
1229.0
4.0
7.0
1.0
3.0
722.0
3.0
15.0
1.0
3.0
1.0
3.0
24.0
70.0
2.0
154.0
3.0
1339.0
71.0
2.0
1.0
3.0
600.0
8.0
8.0
5.0
65.0
65.0
1.0
13.0
1.0
3.0
3.0
278.0
518.0
1.0
3.0
1.0
1.0
1.0
5.0
28.0
3.0
1.0
1.0
3.0
2.0
2.0
20.0
15.0
1.0
7.0
1.0
59.0
3.0
1.0
5.0
991.0
2.0
17.0
1.0
19.0
3.0
9.0
25.0
2.0
20.0
379.0
1.0
2.0
71.0
1.0
1.0
1.0
3.0
4.0
6.0
2.0
103.0
5.0
6.0
1.0
836.0
2.0
153.0
3.0
65.0
1.0
15.0
2.0
8.0
4.0
167.0
7.0
3.0
751.0
6.0
48.0
3.0
11.0
1.0
8.0
916.0
1.0
1.0
1859.0
2.0
2818.0
12.0
2.0
794.0
1.0
3.0
7.0
3.0
9.0
1.0
1.0
11.0
66.0
49.0
3.0
1.0
1.0
2.0
5.0
1.0
1.0
1.0
2.0
2.0
33.0
3.0
3.0
3.0
1.0
3.0
3.0
21.0
10107.0
2.0
3.0
13.0
3.0
6.0
1.0
1.0
3.0
54.0
10.0
2.0
348.0
240.0
18.0
19.0
9.0
101.0
24.0
1.0
16.0
3.0
1.0
2.0
1.0
4.0
34.0
2.0
2.0
3.0
49.0
2.0
99.0
1.0
3.0
1.0
4.0
1.0
3.0
3.0
3.0
21.0
1.0
3.0
24.0
12.0
5.0
85.0
1.0
596.0
1490.0
553.0
3.0
4.0
4.0
47.0
1.0
717.0
8.0
3.0
27.0
4.0
4669.0
2.0
1.0
32.0
1.0
1671.0
3.0
3.0
1.0
3.0
24.0
1.0
3.0
6.0
456.0
1213.0
596.0
6.0
4.0
1.0
122.0
1.0
8166.0
3.0
70.0
1.0
1.0
2952.0
3.0
3.0
8.0
186.0
1.0
2.0
31.0
1.0
1.0
14.0
1.0
1.0
9.0
1.0
4.0
24.0
1723.0
8.0
1.0
1.0
1.0
3.0
625.0
4.0
3.0
23.0
64.0
2.0
1120.0
84.0
8.0
1.0
4.0
1.0
81.0
1482.0
15.0
1.0
24.0
10.0
1.0
45.0
1.0
14.0
4.0
2.0
13.0
1.0
2.0
2163.0
25.0
617.0
289.0
18.0
1.0
4.0
3.0
1.0
6.0
2.0
596.0
3.0
90.0
9.0
1.0
4.0
3.0
1.0
2.0
14498.0
15.0
17.0
1018.0
3.0
408.0
5.0
1.0
10.0
238.0
1.0
66.0
41.0
3.0
118.0
1.0
1.0
3.0
5.0
2060.0
217.0
3.0
17.0
10.0
1.0
1.0
3.0
8.0
56.0
420.0
1.0
24.0
3.0
9.0
313.0
3.0
3.0
2.0
6.0
70.0
93.0
24.0
3.0
1.0
1.0
7.0
8.0
2.0
1.0
20.0
91.0
34.0
3.0
3.0
2.0
4.0
3.0
1.0
7839.0
6.0
11.0
8.0
1.0
5.0
3.0
136.0
31.0
2.0
17.0
1.0
3.0
2.0
11.0
2.0
8.0
9.0
3.0
311.0
11.0
3.0
1.0
14.0
1.0
1.0
19.0
3.0
25.0
4.0
3.0
13.0
119.0
21.0
3.0
1.0
11.0
38.0
1.0
1.0
1.0
7.0
5.0
955.0
7.0
325.0
3.0
3.0
9.0
3.0
138.0
1257.0
8.0
1.0
14.0
1363.0
1.0
3.0
1.0
2.0
35.0
7923.0
10.0
3.0
3.0
1.0
6.0
6646.0
3.0
54.0
4.0
9.0
540.0
1.0
840.0
1.0
2.0
3.0
10.0
3.0
3.0
1.0
6.0
1.0
1.0
1.0
344.0
1.0
55.0
1086.0
1.0
1.0
60.0
1.0
12.0
3.0
4.0
615.0
696.0
3.0
3.0
1.0
458.0
2668.0
1.0
1.0
328.0
2.0
18.0
2.0
8.0
6.0
1.0
1.0
1065.0
1.0
1.0
1.0
3.0
1174.0
1.0
20.0
132.0
6.0
3.0
2.0
358.0
1.0
86.0
1.0
2.0
103.0
1.0
1.0
64.0
148.0
1.0
193.0
35.0
3.0
3.0
9.0
5.0
4.0
1.0
7.0
3.0
2144.0
206.0
2.0
65.0
27.0
2.0
63.0
6.0
34.0
2.0
292.0
12.0
2.0
43.0
1.0
1.0
18.0
1.0
1.0
9.0
4842.0
282.0
638.0
15.0
3.0
1.0
1.0
3.0
71.0
105.0
3.0
13.0
1.0
23.0
298.0
1.0
2.0
2.0
2.0
2.0
178.0
45.0
60.0
48.0
34.0
161.0
194.0
3.0
158.0
1.0
83.0
596.0
1.0
6.0
10.0
11.0
426.0
1556.0
2508.0
1.0
488.0
12.0
2.0
1.0
1906.0
132.0
1.0
2.0
1.0
1.0
567.0
1.0
2.0
15.0
6.0
6.0
1.0
3.0
18.0
3.0
10203.0
7.0
2.0
2.0
471.0
1.0
1.0
3.0
20.0
3.0
1.0
1.0
3.0
2.0
3.0
6.0
410.0
4.0
15.0
1.0
2.0
1.0
99.0
1.0
143.0
37.0
833.0
65.0
351.0
1200.0
1.0
8.0
13.0
41.0
1.0
17.0
24.0
4.0
5.0
21.0
3.0
2771.0
3.0
3.0
49.0
237.0
5.0
14.0
1.0
13.0
8.0
3.0
14.0
36.0
68.0
3.0
3.0
3.0
321.0
3.0
1.0
1116.0
1.0
5.0
7.0
19.0
3.0
2724.0
8.0
8.0
16.0
1.0
9.0
7.0
2.0
3.0
6.0
282.0
1.0
1.0
112.0
25.0
9.0
5.0
3.0
3.0
24.0
1.0
34.0
1.0
1.0
3.0
9.0
10.0
3.0
768.0
8.0
1.0
16.0
11.0
17.0
46.0
2.0
3.0
113.0
1.0
1.0
2.0
1.0
1.0
33.0
562.0
209.0
211.0
3.0
215.0
5.0
1.0
1.0
1.0
2.0
2.0
1.0
19.0
2.0
6.0
2.0
1.0
403.0
2.0
3.0
3.0
2.0
9.0
1.0
17.0
18.0
2.0
3.0
576.0
1.0
17.0
3.0
2.0
1.0
1.0
1474.0
3.0
701.0
766.0
1.0
1.0
24.0
15.0
17.0
77.0
1.0
1.0
3.0
979.0
14.0
6.0
1.0
9.0
10.0
3.0
16.0
248.0
1.0
2.0
4.0
2.0
33.0
1.0
1.0
87.0
3.0
532.0
2358.0
8.0
3633.0
1.0
5.0
7.0
19.0
1.0
3.0
1.0
1.0
11.0
1.0
1.0
28.0
30.0
6.0
1.0
3.0
1.0
50.0
10.0
31.0
24.0
2.0
351.0
2.0
1.0
1.0
1.0
18.0
18.0
2.0
42.0
741.0
152.0
1.0
2.0
1.0
3.0
745.0
3.0
17.0
1761.0
24.0
4.0
8.0
2.0
1.0
2.0
1.0
2.0
1.0
3.0
1.0
10.0
1.0
3.0
2.0
2.0
24.0
2.0
1.0
1.0
5.0
370.0
38.0
2.0
2.0
4.0
4.0
1.0
2.0
158.0
9.0
3.0
23.0
8.0
67996.0
1.0
3.0
1.0
284.0
4.0
33.0
1.0
9.0
127.0
36.0
5568.0
3.0
107.0
439.0
1.0
155.0
3.0
1.0
4.0
38.0
3.0
1.0
16.0
3.0
3.0
3.0
197.0
2.0
123.0
1.0
48.0
13.0
1.0
1.0
1.0
282.0
59.0
743.0
1.0
1775.0
5.0
17.0
69.0
932.0
181.0
55.0
530.0
3.0
4.0
8.0
1.0
6.0
4916.0
1296.0
1961.0
1424.0
1.0
3.0
853.0
66.0
9.0
2.0
38.0
5.0
2181.0
505.0
565.0
18.0
1.0
19.0
24.0
5.0
1.0
4.0
2.0
5.0
3.0
1.0
1.0
6.0
3.0
3.0
11.0
6.0
1.0
1908.0
5.0
3.0
1.0
1.0
3.0
2.0
5.0
1.0
17.0
4.0
4.0
1219.0
6.0
39.0
24.0
4.0
3.0
1.0
16479.0
4.0
13.0
1047.0
24.0
141.0
23.0
1.0
36.0
57.0
3.0
23.0
3.0
128.0
4.0
75.0
2.0
1.0
9.0
9.0
8.0
2333.0
5.0
310.0
1.0
1.0
77.0
2.0
1.0
6.0
2.0
3.0
83.0
53.0
2.0
4.0
457.0
3.0
2.0
24.0
106.0
4.0
3.0
3.0
3.0
4.0
10.0
1.0
1.0
1.0
9.0
689.0
2.0
133.0
2.0
94.0
1.0
1.0
23.0
9.0
1.0
770.0
30.0
2024.0
4.0
2.0
3.0
4.0
3.0
4.0
10.0
1.0
2.0
12.0
2.0
2.0
5190.0
7.0
205.0
342.0
2.0
1.0
9.0
1.0
596.0
5.0
30.0
553.0
1.0
1780.0
12.0
2158.0
1.0
1.0
3.0
3.0
3.0
1.0
1.0
10.0
3.0
3.0
1.0
21.0
16214.0
30.0
2.0
1.0
1.0
2.0
64.0
3.0
1.0
1.0
15.0
9.0
294.0
1.0
1.0
12.0
10.0
8.0
13.0
1.0
91.0
4.0
14.0
1.0
3.0
3.0
1.0
7.0
418.0
2435.0
9.0
34.0
27.0
3.0
1.0
37.0
21.0
1.0
109.0
1.0
518.0
6.0
1.0
8.0
1391.0
1.0
7.0
1.0
2.0
26.0
18.0
8.0
3.0
113.0
8.0
129.0
1.0
1.0
3.0
9.0
23.0
462.0
55.0
10.0
100.0
1.0
2.0
16.0
7.0
912.0
1.0
1.0
1.0
1.0
40.0
65.0
1.0
6.0
1.0
1.0
134.0
1.0
87.0
98.0
14.0
88.0
2.0
3.0
2.0
2.0
560.0
3.0
17447.0
1.0
3.0
16.0
3.0
370.0
3.0
196.0
7.0
13.0
6.0
2833.0
14.0
5.0
166.0
173.0
1.0
3.0
176.0
12.0
74.0
8.0
1.0
102.0
1.0
2.0
27.0
4.0
322.0
1.0
5.0
2.0
14.0
1.0
36.0
1240.0
6.0
61.0
3.0
3.0
3.0
7.0
3.0
24.0
2.0
72.0
15.0
1.0
8.0
1315.0
2.0
4.0
116.0
18.0
3.0
2.0
23.0
73.0
1.0
5.0
15.0
4.0
1.0
24.0
3.0
1.0
1.0
23.0
2.0
1.0
3.0
3.0
3.0
3.0
3.0
35.0
36.0
1.0
1.0
1.0
1.0
2.0
110.0
8.0
4.0
441.0
135.0
3.0
394.0
54.0
3.0
3.0
9.0
5.0
1.0
1153.0
1.0
24.0
16.0
576.0
8.0
1.0
256.0
10.0
5.0
67.0
3.0
2.0
21.0
1.0
1.0
1.0
10.0
3.0
5.0
14.0
65.0
545.0
4.0
6.0
218.0
28.0
282.0
3.0
14.0
1.0
6.0
1.0
19.0
4.0
16.0
111.0
19.0
60.0
5.0
1.0
4.0
455.0
232.0
1.0
50.0
4867.0
2.0
5.0
3.0
2.0
1459.0
3.0
33.0
3.0
5.0
1201.0
21.0
1.0
1.0
521.0
40.0
8.0
8.0
11.0
3.0
2440.0
420.0
313.0
5.0
1.0
1.0
3.0
930.0
93.0
19.0
2.0
115.0
9.0
8.0
7.0
3.0
3.0
56.0
1.0
229.0
1.0
1.0
1.0
14.0
1.0
3.0
2.0
392.0
7.0
1.0
3.0
1.0
3.0
351.0
1.0
134.0
27.0
1.0
1.0
3.0
21.0
1.0
2.0
18.0
3.0
1.0
3.0
1.0
3.0
8.0
1.0
1.0
18.0
178.0
1.0
1.0
3.0
3.0
13.0
351.0
1.0
3.0
930.0
2.0
107.0
2.0
74.0
2.0
1.0
832.0
3.0
1.0
1225.0
19.0
26.0
3.0
1.0
2.0
40.0
2.0
2.0
1.0
2.0
11.0
2.0
2.0
1.0
4.0
1.0
109.0
3.0
9.0
1.0
361.0
3.0
1.0
1.0
6.0
2.0
10.0
4.0
1.0
1.0
5.0
3.0
1.0
1.0
5.0
1.0
13.0
7.0
5.0
19.0
3.0
22.0
33108.0
1.0
20.0
1.0
452.0
3.0
3.0
64.0
1.0
69.0
213.0
3.0
172.0
17.0
1.0
6.0
1.0
15.0
2266.0
1.0
3.0
1.0
1.0
36.0
3.0
307.0
61.0
3.0
172.0
112.0
4.0
3.0
3.0
891.0
1.0
110.0
2.0
1.0
3.0
1.0
3.0
99.0
1.0
1.0
5.0
1.0
770.0
6.0
452.0
13187.0
3.0
4.0
3.0
4.0
3.0
1.0
56.0
1.0
2.0
1.0
85.0
269.0
4.0
3.0
54.0
2.0
3.0
4.0
4.0
3.0
1.0
65.0
1.0
23.0
144.0
3.0
1.0
1.0
3.0
3.0
2.0
1321.0
16.0
16.0
45.0
1.0
3.0
1379.0
25.0
421.0
17.0
1.0
10.0
75.0
1.0
1.0
2.0
90.0
40.0
1.0
3.0
14.0
2.0
1.0
1.0
2.0
6.0
4.0
9.0
1.0
1402.0
2.0
1.0
2.0
1.0
50.0
2.0
3.0
5275.0
9.0
3.0
1.0
9.0
3.0
232.0
2.0
1053.0
14.0
721.0
2.0
4.0
1.0
1.0
1.0
12.0
1.0
3.0
1.0
24.0
3.0
2.0
1.0
1.0
4.0
1.0
444.0
1.0
5.0
1.0
3.0
44.0
1.0
56.0
3.0
264.0
37.0
20.0
2.0
1.0
1.0
2.0
3.0
754.0
2.0
697.0
2.0
18.0
2.0
3.0
1.0
165.0
3.0
3.0
14.0
1.0
4.0
4.0
1.0
1.0
58.0
4.0
7.0
2.0
4.0
1.0
13.0
1.0
1.0
47.0
1.0
1.0
1.0
1.0
3.0
1.0
21.0
18.0
5.0
2.0
3.0
25.0
1.0
3.0
1.0
44.0
5.0
68.0
1.0
1.0
336.0
2.0
3.0
22.0
3.0
2.0
2.0
3.0
1.0
5.0
5.0
2.0
1.0
1.0
213.0
1.0
4.0
361.0
3.0
1.0
574.0
128.0
20.0
50.0
4.0
6.0
1394.0
20.0
944.0
2.0
19.0
30.0
288.0
4.0
6.0
3.0
225.0
1.0
338.0
84.0
1.0
3.0
17.0
1.0
289.0
7.0
4.0
4.0
1.0
697.0
1.0
14.0
5.0
39.0
95.0
4.0
3.0
2.0
2.0
6.0
3.0
1.0
2.0
88.0
607.0
1780.0
1.0
3.0
4.0
10.0
1.0
545.0
52.0
1.0
10.0
67.0
1.0
1.0
1.0
1.0
4.0
3.0
1.0
3.0
1.0
1869.0
1.0
1.0
429.0
3.0
3.0
42.0
33.0
1.0
1.0
15.0
3.0
5.0
1.0
7.0
7.0
1.0
23.0
2.0
1.0
2.0
8.0
1.0
5.0
69.0
1.0
1.0
1.0
4.0
3.0
624.0
2.0
3213.0
365.0
257.0
6.0
3.0
1.0
7.0
176.0
2.0
3.0
69.0
63.0
1.0
1.0
997.0
2.0
271.0
8.0
3.0
113.0
1552.0
244.0
1.0
1.0
1.0
1.0
1.0
3.0
4626.0
11.0
1.0
3.0
3.0
609.0
2.0
4.0
1.0
1514.0
3.0
3.0
5.0
212.0
4.0
278.0
26.0
515.0
12.0
1.0
1.0
6.0
1.0
4.0
1.0
7.0
1.0
1.0
1.0
23.0
6.0
13.0
1.0
1.0
1.0
1.0
3.0
10.0
1016.0
3.0
1.0
1.0
1.0
60.0
61.0
404.0
1.0
3.0
1.0
14.0
1070.0
2.0
2.0
361.0
1.0
3.0
2.0
22.0
692.0
1.0
1.0
2.0
3.0
3.0
338.0
16.0
4.0
24.0
1.0
1.0
173.0
3219.0
2.0
110.0
4.0
191.0
1.0
5.0
3.0
1.0
455.0
3.0
1.0
1.0
1.0
10.0
20.0
2.0
357.0
2.0
31.0
9.0
4.0
2011.0
292.0
6.0
1.0
9.0
509.0
6.0
1.0
1.0
55.0
1659.0
3.0
3.0
1.0
70.0
1.0
310.0
1.0
3.0
3.0
472.0
4.0
103.0
92.0
1.0
1139.0
1.0
1.0
1.0
686.0
88.0
3.0
1.0
2.0
2.0
1.0
3.0
2.0
1.0
1.0
200.0
17.0
2.0
5.0
15.0
2844.0
31.0
1.0
1.0
4.0
43.0
959.0
4683.0
1.0
65.0
1.0
1.0
1.0
1050.0
1.0
1.0
3.0
3.0
1.0
9.0
2.0
457.0
1.0
3.0
1.0
86.0
16.0
120.0
4.0
4.0
2.0
5.0
74.0
8.0
1799.0
2.0
6.0
517.0
2.0
13.0
500.0
1.0
28.0
45.0
460.0
1.0
1.0
1.0
520.0
12.0
1.0
3.0
68.0
3.0
3.0
1.0
3.0
2638.0
336.0
3.0
2.0
7.0
3.0
74.0
5.0
31.0
1.0
18.0
1.0
105.0
6.0
9.0
50.0
13.0
5.0
3.0
3.0
22.0
1.0
7.0
1.0
1.0
1.0
3.0
73.0
6.0
1.0
1.0
1.0
1.0
36.0
3.0
2.0
3.0
3.0
19.0
2.0
1.0
696.0
137.0
2.0
3.0
4620.0
3.0
329.0
2.0
9.0
3.0
1.0
2.0
1.0
21.0
21.0
1.0
1094.0
3.0
4.0
9.0
1.0
1.0
352.0
46.0
332.0
1.0
3.0
70.0
1.0
10.0
6.0
182.0
10.0
27.0
5.0
19.0
3.0
1.0
2.0
2.0
1.0
23.0
1.0
2.0
39.0
3.0
1.0
15.0
65.0
3.0
2.0
2.0
8.0
77.0
1.0
3.0
1.0
3.0
16.0
3.0
1.0
8.0
51.0
9.0
3.0
1.0
151.0
3.0
9.0
131.0
3574.0
931.0
7.0
9.0
5615.0
2.0
1185.0
2763.0
2.0
30.0
11.0
2.0
6.0
1.0
19.0
6692.0
3.0
443.0
45.0
2.0
1.0
2.0
2.0
1.0
3.0
1.0
5.0
1.0
1.0
1.0
9.0
4.0
2462.0
1.0
3.0
1.0
1.0
3.0
37.0
3.0
2.0
3.0
2.0
3.0
1.0
242.0
1.0
1.0
34.0
2.0
1.0
1018.0
3.0
1.0
3.0
31.0
1.0
123.0
334.0
1.0
5.0
1.0
1.0
5.0
1.0
1.0
903.0
39.0
5416.0
2.0
2.0
31.0
384.0
192.0
9.0
6.0
3.0
3.0
1.0
17.0
532.0
60.0
3.0
3.0
9.0
2.0
10.0
1.0
4.0
3.0
1.0
8.0
4.0
14.0
217.0
3.0
4.0
6.0
7.0
1.0
9.0
3.0
1000.0
3.0
1.0
7.0
30.0
2.0
1528.0
2.0
3.0
2822.0
53.0
4954.0
5.0
3.0
1225.0
2.0
126.0
1.0
1523.0
1.0
1.0
24.0
1.0
15.0
1.0
35.0
1.0
3683.0
15.0
656.0
2.0
5.0
5.0
1.0
2.0
50.0
1.0
28.0
166.0
972.0
3.0
8687.0
3.0
1.0
154.0
13.0
7.0
3.0
2.0
1.0
334.0
1.0
1.0
2.0
3.0
3.0
133.0
1.0
5.0
1.0
255.0
1.0
2.0
3.0
1.0
8913.0
3.0
1.0
29.0
1.0
19.0
1.0
3.0
3.0
609.0
3.0
3457.0
538.0
278.0
3.0
206.0
1.0
14.0
1.0
7.0
2.0
24.0
2.0
3.0
163.0
307.0
3.0
596.0
2.0
354.0
4.0
2.0
24.0
266.0
8.0
4.0
6.0
4.0
2.0
3.0
3.0
123.0
4.0
1.0
1.0
57.0
1.0
12.0
1.0
3.0
1.0
127.0
2.0
815.0
1.0
5.0
1.0
18.0
1.0
1.0
260.0
827.0
2.0
1.0
3.0
300.0
89.0
9.0
3.0
3.0
3.0
62.0
556.0
102.0
2.0
1.0
3.0
4.0
9.0
2.0
4.0
1.0
68.0
86.0
2.0
324.0
4.0
1.0
1.0
1.0
8.0
4.0
8.0
1170.0
961.0
1.0
7.0
4.0
1.0
1.0
3.0
17.0
21.0
7.0
32.0
3.0
124.0
1.0
24.0
32.0
5.0
6064.0
3.0
112.0
13.0
1.0
3.0
11.0
628.0
2.0
2.0
23.0
12.0
1.0
1.0
4.0
1.0
631.0
4.0
133.0
76.0
1.0
26.0
3.0
14.0
1.0
2.0
7.0
3.0
295.0
24.0
3.0
15.0
1.0
1.0
1.0
16.0
3.0
3.0
8.0
10.0
2.0
5.0
30.0
1.0
3.0
1.0
3.0
47.0
2.0
3.0
1.0
6.0
9.0
1183.0
1.0
2.0
1.0
1056.0
3.0
24.0
4.0
1.0
59.0
123.0
1.0
3788.0
1.0
3.0
1.0
1.0
3.0
3.0
9.0
3.0
1.0
400.0
784.0
7.0
1.0
3.0
91.0
1.0
3.0
1.0
3.0
13.0
1.0
1.0
634.0
28.0
7.0
1.0
115.0
23.0
9.0
1.0
38.0
43.0
2.0
3.0
444.0
3.0
12.0
3.0
3.0
2.0
335.0
26.0
2.0
3.0
69.0
3.0
1.0
19.0
3.0
1.0
2033.0
4.0
5.0
1.0
1.0
13.0
3721.0
1.0
2.0
2.0
1.0
1018.0
36.0
3.0
2.0
2.0
3.0
15.0
236.0
4.0
1.0
271.0
156.0
1.0
6.0
2.0
1.0
3.0
839.0
11.0
5.0
18.0
7.0
3.0
11.0
2549.0
3.0
2.0
1.0
3.0
204.0
23.0
1.0
1.0
12.0
1.0
1.0
1.0
109.0
44.0
3.0
10.0
1.0
4.0
3.0
726.0
7.0
2.0
1.0
8.0
1.0
1.0
4.0
2173.0
2.0
1.0
3.0
4.0
1.0
1.0
1.0
2.0
1.0
3.0
19.0
3.0
977.0
1.0
74.0
15.0
5952.0
5.0
1.0
12.0
1.0
23.0
1166.0
3.0
78.0
12.0
15.0
49.0
1.0
101573.0
58.0
2.0
5.0
1.0
4.0
3.0
478.0
43.0
1.0
714.0
1.0
6.0
5.0
9.0
3.0
293.0
1.0
76.0
2.0
11.0
1.0
4.0
60.0
1.0
1.0
4.0
3.0
37.0
1.0
2.0
39.0
3.0
1.0
1.0
1225.0
421.0
1.0
41.0
3.0
1.0
1.0
51.0
4.0
21.0
10.0
1.0
913.0
1.0
2.0
2.0
12.0
12.0
1.0
1.0
2.0
1.0
1005.0
7.0
40.0
1800.0
6.0
1.0
279.0
1.0
1.0
4.0
24.0
1.0
3.0
39.0
17.0
36.0
1.0
364.0
1.0
86.0
11.0
19.0
3.0
8.0
5.0
3.0
2.0
691.0
648.0
24.0
2.0
40.0
9.0
367.0
3.0
1.0
3.0
1.0
53.0
26.0
4.0
5.0
1.0
1.0
282.0
4.0
34.0
1.0
1.0
1564.0
2.0
349.0
5.0
33.0
12.0
3.0
1.0
5.0
2.0
5.0
2862.0
728.0
102.0
3.0
2.0
1.0
1.0
7.0
6.0
3.0
3.0
34.0
4.0
34.0
14.0
3.0
3.0
405.0
1.0
246.0
1.0
77.0
1.0
2.0
12.0
369.0
1.0
3.0
26.0
537.0
1643.0
355.0
5.0
124.0
356.0
36.0
1.0
69.0
359.0
1185.0
3.0
15.0
2.0
596.0
34.0
864.0
1.0
501.0
8.0
1.0
10.0
45.0
21.0
8.0
1.0
586.0
1.0
13.0
91.0
6.0
30.0
2.0
1.0
2.0
43.0
2.0
3.0
3.0
2.0
11.0
3.0
111.0
360.0
24.0
9.0
4.0
20.0
6.0
12.0
2674.0
260.0
24.0
4.0
43.0
11.0
1.0
2.0
31.0
889.0
109.0
20.0
3.0
1.0
3.0
1.0
3.0
5.0
14.0
10.0
2514.0
370.0
3.0
33.0
82.0
2.0
1.0
1.0
4.0
7.0
23.0
4.0
1.0
1.0
1.0
348.0
1.0
343.0
75.0
1.0
27853.0
3.0
1877.0
3.0
3.0
9.0
5.0
3.0
1.0
5.0
5.0
13.0
955.0
3.0
99.0
3.0
1.0
1.0
1.0
6.0
1.0
2.0
50.0
1.0
1.0
332.0
5.0
1.0
1.0
1.0
3.0
4.0
29.0
1.0
1.0
1.0
377.0
2.0
4541.0
3.0
7.0
3.0
3.0
17.0
2.0
6.0
4.0
85.0
138.0
1.0
1.0
1.0
3.0
1.0
3.0
3.0
622.0
961.0
1.0
1.0
6.0
6.0
1.0
3.0
1.0
1.0
3.0
2.0
55.0
7.0
112.0
10.0
1349.0
37.0
688.0
103.0
121.0
57.0
113.0
85.0
1018.0
153.0
1.0
9.0
157.0
3.0
1.0
6.0
3.0
2.0
3.0
2234.0
6.0
2.0
1.0
516.0
4.0
23.0
546.0
1.0
76.0
3092.0
1.0
1.0
13.0
1927.0
658.0
6.0
142.0
1.0
80.0
2.0
20.0
1.0
1.0
12.0
4.0
114.0
35.0
1.0
2.0
1.0
1.0
3.0
3.0
3.0
1.0
3.0
26.0
223.0
555.0
52.0
3.0
1.0
2.0
220.0
3.0
69.0
1.0
1.0
58.0
1.0
40.0
1.0
329.0
3.0
6.0
1570.0
2.0
3.0
1.0
3.0
70.0
2.0
1.0
1.0
1.0
1.0
3.0
1.0
3.0
2.0
1.0
1.0
2.0
3.0
1.0
1.0
1.0
4.0
1.0
871.0
196.0
1.0
1.0
157.0
900.0
6.0
8.0
1.0
3.0
21.0
1.0
446.0
1.0
559.0
17.0
1.0
1.0
1.0
24.0
8.0
17.0
21.0
998.0
3.0
3003.0
2.0
1.0
19.0
1.0
9.0
2500.0
655.0
8.0
3.0
1.0
1.0
1.0
1.0
19.0
1.0
1.0
2.0
22.0
6.0
56.0
3.0
17.0
4.0
1.0
3.0
3.0
50.0
1.0
16.0
1.0
1.0
3.0
2.0
5.0
1.0
2.0
1.0
3.0
1.0
134.0
9.0
3.0
2.0
20.0
1.0
2.0
1.0
1061.0
3.0
1.0
2.0
1869.0
3.0
120.0
1.0
24.0
1044.0
62.0
7.0
232.0
3.0
1.0
13096.0
1183.0
3.0
69.0
2.0
103.0
3.0
1.0
3.0
4443.0
159.0
3.0
16.0
2.0
3.0
8.0
3.0
45.0
1.0
4.0
2.0
1.0
1.0
4.0
110.0
15.0
3.0
9.0
1.0
3.0
1.0
12.0
1.0
1018.0
2.0
2.0
2.0
101.0
53.0
9.0
7.0
11.0
1.0
6.0
9.0
1.0
1.0
1.0
200.0
1.0
1.0
292.0
1.0
6.0
1.0
1.0
4.0
3.0
292.0
1.0
3.0
2.0
2.0
6.0
1.0
2.0
3.0
1.0
5.0
4.0
9.0
24.0
24.0
3.0
9.0
1.0
288.0
1.0
27.0
1.0
1.0
1.0
10.0
36.0
3.0
14.0
1.0
1.0
10.0
31.0
1.0
1.0
27.0
13.0
1.0
3.0
1.0
697.0
2.0
2.0
5.0
3.0
1.0
2.0
3.0
3.0
120.0
1.0
3.0
703.0
3.0
1.0
1.0
17.0
9.0
1.0
3.0
3.0
1.0
220.0
4.0
6.0
2.0
8.0
3.0
85.0
778.0
2.0
4.0
1.0
3.0
3.0
961.0
1.0
5.0
3.0
75.0
43.0
2.0
23.0
27.0
24.0
1.0
4.0
1.0
1.0
748.0
1.0
352.0
2.0
1.0
1.0
11.0
3.0
4.0
198.0
1.0
17.0
3.0
1.0
116.0
7.0
1.0
175.0
1.0
6.0
1576.0
685.0
11.0
3.0
874.0
17.0
2.0
24.0
1.0
85.0
3.0
1.0
27.0
1.0
1.0
2.0
1.0
3.0
55.0
4.0
2.0
89.0
7.0
12514.0
5.0
1.0
14.0
1017.0
17.0
9.0
3.0
2.0
6.0
109.0
1305.0
9.0
1120.0
66.0
3.0
1.0
10.0
7902.0
3.0
1.0
709.0
2414.0
12.0
1.0
19.0
3.0
960.0
1.0
3.0
113.0
1.0
1.0
1783.0
9.0
4.0
3.0
2.0
1.0
412.0
340.0
23.0
1650.0
157.0
8.0
1.0
4.0
10.0
79.0
3.0
1.0
3.0
1.0
444.0
1.0
1091.0
451.0
8.0
2.0
3.0
11.0
1.0
55.0
1.0
5.0
2.0
1.0
28.0
1.0
22.0
1.0
4.0
4.0
9.0
5.0
1.0
2.0
10.0
45.0
9.0
63.0
104.0
10.0
1.0
12.0
2.0
1.0
658.0
59.0
3.0
3.0
1.0
11.0
3.0
17.0
4292.0
4.0
674.0
121.0
9.0
17.0
1.0
1.0
17.0
9.0
3.0
29.0
93.0
3.0
4.0
1.0
2.0
965.0
4.0
1.0
3.0
1.0
2.0
21.0
3.0
1.0
50.0
3.0
492.0
2.0
3.0
2.0
11.0
55.0
3.0
8.0
40.0
1.0
1.0
1225.0
1.0
2.0
176.0
1.0
1.0
5.0
4.0
1.0
23.0
7.0
229.0
2931.0
2.0
12.0
3.0
3.0
5.0
86.0
3.0
12.0
1.0
125.0
1.0
2.0
6.0
16.0
1.0
114.0
2.0
3.0
728.0
1.0
506.0
3.0
14.0
2.0
6.0
619.0
5.0
8.0
2.0
3.0
1091.0
1.0
2.0
18.0
1.0
1.0
1.0
1.0
480.0
3.0
2.0
1.0
4.0
3.0
36.0
14.0
60.0
6.0
24.0
1.0
1.0
14.0
1419.0
2.0
2.0
4.0
1.0
1.0
1.0
1.0
9.0
1.0
3.0
6.0
1.0
2.0
1.0
366.0
1.0
18.0
46.0
1.0
15.0
91.0
3.0
3.0
218.0
9.0
15.0
13.0
462.0
1.0
1.0
6.0
2.0
2.0
152.0
441.0
4.0
1.0
3.0
11.0
3.0
27.0
3.0
42.0
3.0
3.0
1.0
21.0
3.0
9.0
1.0
86.0
14.0
19.0
6.0
3.0
2.0
1.0
15.0
152.0
87.0
16.0
11.0
1.0
4.0
1.0
1.0
110.0
5.0
1.0
293.0
18.0
2.0
20.0
2.0
1.0
8.0
45.0
3.0
1.0
9.0
70.0
1.0
1.0
329.0
1.0
2.0
5.0
1678.0
125.0
5.0
13.0
3.0
3.0
4.0
2.0
3.0
4.0
40.0
1.0
4.0
748.0
1.0
6.0
1.0
878.0
1.0
73.0
7.0
5.0
1.0
2.0
16.0
3.0
6.0
1.0
9352.0
7.0
8.0
7.0
1.0
596.0
3.0
3.0
2.0
3.0
7.0
10.0
1.0
1.0
1.0
1.0
10108.0
1.0
670.0
3.0
5.0
49.0
119.0
972.0
3.0
5932.0
1.0
1.0
1413.0
11578.0
8.0
8.0
1.0
3.0
5.0
10.0
1.0
8.0
56.0
510.0
64.0
3.0
1.0
4.0
1.0
2.0
3.0
134.0
34.0
2.0
9.0
788.0
4.0
1.0
146.0
3.0
115.0
3.0
917.0
3.0
2.0
1.0
3.0
2.0
63.0
1.0
923.0
3.0
3.0
2462.0
3.0
35.0
1.0
1.0
1.0
5.0
1.0
105.0
19.0
19.0
8.0
2.0
2.0
1.0
109.0
4.0
12.0
1331.0
31.0
3.0
371.0
4.0
1.0
12.0
48.0
2825.0
1.0
3.0
3.0
3.0
9.0
36.0
2.0
475.0
3.0
2.0
38.0
1.0
3.0
1027.0
5.0
680.0
2.0
1.0
3.0
7.0
98.0
1.0
474.0
2.0
1.0
22.0
2.0
147.0
5.0
74.0
1.0
1.0
1.0
1.0
58.0
2.0
10.0
2.0
3.0
7.0
3.0
15.0
2.0
17.0
1.0
1.0
36.0
1.0
1.0
62.0
173.0
1.0
41.0
1.0
943.0
20.0
4.0
3.0
658.0
367.0
20.0
253.0
1.0
14.0
1.0
3.0
1018.0
12.0
4.0
32464.0
4.0
267.0
102.0
2.0
108.0
8.0
3.0
3.0
2.0
1.0
1.0
3.0
1.0
34.0
7.0
1.0
9.0
154.0
1682.0
1.0
1.0
4.0
32115.0
3.0
4.0
7.0
3.0
3340.0
5.0
1.0
3.0
2.0
35.0
467.0
2.0
4.0
4.0
33.0
4.0
3.0
993.0
51.0
1.0
4.0
1.0
5.0
1.0
1.0
94.0
715.0
4.0
1.0
17.0
2.0
2.0
1.0
102.0
1.0
5.0
16.0
2.0
63.0
3.0
1.0
18.0
24.0
1.0
3.0
2.0
3.0
4.0
1.0
4.0
2.0
2.0
5.0
955.0
1756.0
6.0
1.0
8.0
1.0
312.0
1.0
3.0
3.0
1.0
102.0
3.0
1.0
1.0
196.0
19.0
1.0
3.0
29.0
394.0
2.0
69.0
3.0
3.0
3.0
2.0
106.0
683.0
8.0
1.0
8.0
71.0
7.0
3.0
2.0
1.0
400.0
2.0
29.0
3.0
1.0
674.0
1.0
2.0
7158.0
1934.0
1735.0
11.0
4.0
166.0
1.0
14.0
721.0
4.0
7.0
1.0
8.0
3.0
1.0
3.0
4.0
1.0
1.0
129.0
1.0
1018.0
596.0
3.0
149.0
1.0
1.0
3.0
1.0
235.0
9.0
174.0
2.0
3.0
5.0
1.0
4.0
4.0
6.0
3.0
1.0
5.0
3.0
2.0
471.0
32.0
1.0
2842.0
58.0
6.0
1.0
1.0
1225.0
771.0
3.0
1.0
2.0
3.0
40.0
3.0
1.0
1.0
24.0
4.0
5.0
2.0
6.0
905.0
5.0
2.0
1.0
4.0
120.0
2531.0
1883.0
1018.0
147.0
17.0
1.0
1.0
365.0
3.0
5.0
3.0
82.0
11.0
11.0
511.0
19.0
2.0
648.0
3.0
2.0
11.0
24.0
7.0
1.0
132.0
3.0
6.0
207.0
200.0
13.0
3.0
1776.0
40.0
25.0
3.0
1.0
845.0
1.0
56.0
231.0
2616.0
5.0
7.0
1.0
1.0
22.0
1.0
3.0
8.0
18.0
112.0
149.0
8.0
14.0
1.0
1261.0
961.0
14.0
1.0
3.0
73.0
4.0
3.0
3.0
2.0
70.0
8.0
1.0
4.0
2.0
240.0
15.0
5.0
13.0
729.0
3.0
40.0
65.0
2.0
134.0
60.0
3.0
1.0
24.0
3.0
3.0
1.0
1.0
3.0
1.0
3.0
352.0
7.0
19.0
3.0
9.0
36.0
24.0
2.0
34.0
3.0
1.0
4.0
110.0
27.0
1.0
1107.0
1.0
1.0
1341.0
18.0
1.0
4.0
1.0
17.0
1.0
3.0
19.0
14.0
253.0
1.0
1.0
147.0
1.0
1.0
1.0
3.0
3.0
2.0
19.0
6.0
24.0
2.0
15322.0
3.0
3.0
6.0
1.0
9.0
8.0
3.0
234.0
5.0
8.0
1.0
8.0
232.0
2.0
2.0
1.0
119.0
1.0
3.0
3.0
3.0
3.0
33.0
3.0
2.0
1.0
2.0
200.0
66.0
445.0
13.0
9.0
3.0
5.0
1.0
254.0
3.0
1.0
869.0
69.0
3.0
32.0
3.0
3.0
2.0
2.0
9.0
25.0
3.0
6.0
41424.0
187.0
11.0
861.0
3.0
152.0
2.0
5.0
1.0
1.0
3.0
62.0
254.0
6.0
3.0
14.0
496.0
3.0
2.0
38.0
4.0
3.0
1511.0
3.0
1.0
11.0
1.0
1.0
370.0
79.0
168.0
3.0
2.0
3.0
1.0
125.0
6.0
3.0
2.0
1.0
1.0
321.0
299.0
2.0
16.0
1.0
235.0
2.0
165.0
1.0
3.0
60.0
1.0
1.0
1.0
111.0
13.0
4.0
1086.0
2637.0
19.0
1.0
2.0
5.0
1.0
1.0
2.0
2.0
1.0
2.0
4.0
447.0
1071.0
285.0
1043.0
1.0
29.0
232.0
7.0
37.0
14.0
3.0
3.0
157.0
24.0
3.0
8.0
1.0
1.0
1.0
22.0
585.0
3.0
1.0
7.0
835.0
1.0
3.0
5.0
60.0
3.0
3.0
3.0
1.0
4.0
1.0
2132.0
1.0
242.0
3.0
1.0
3.0
1.0
2.0
1.0
3.0
13.0
8.0
8.0
28.0
1.0
3.0
11.0
8.0
2201.0
12.0
3.0
509.0
9.0
1.0
172.0
132.0
12904.0
1.0
796.0
1.0
96.0
1078.0
1.0
1539.0
2.0
387.0
1.0
3.0
642.0
1.0
3.0
2.0
22.0
1.0
65.0
3.0
50.0
1.0
338.0
1109.0
232.0
2.0
10.0
2.0
2.0
1.0
2.0
721.0
439.0
76.0
4.0
2.0
1.0
161.0
1.0
3.0
316.0
8.0
3.0
25.0
1.0
1.0
1.0
201.0
1.0
3.0
1.0
553.0
21.0
903.0
2.0
11.0
16.0
4.0
288.0
1641.0
1.0
3.0
1.0
14.0
3.0
1.0
64.0
1749.0
4.0
50.0
4.0
53.0
395.0
200.0
8.0
4.0
1.0
39.0
10.0
596.0
4.0
26.0
297.0
7.0
5.0
68.0
512.0
55.0
5.0
219.0
2.0
3.0
50.0
292.0
18.0
1.0
23.0
73.0
1.0
3.0
2.0
16.0
2.0
1.0
2.0
4.0
44.0
1.0
3.0
15.0
70.0
4.0
3.0
4.0
2.0
5.0
19.0
34.0
18.0
80.0
2.0
1.0
3.0
29.0
4.0
1.0
12.0
205.0
2.0
1.0
1.0
403.0
4.0
3.0
4.0
1.0
3.0
48.0
11.0
156.0
3.0
31.0
1.0
158.0
705.0
32.0
1.0
2.0
837.0
32.0
3.0
26.0
288.0
1.0
1.0
351.0
2.0
536.0
4.0
150.0
244.0
338.0
5.0
519.0
1.0
3.0
480.0
1.0
3.0
1262.0
4.0
3.0
1.0
2866.0
2.0
7.0
7.0
1.0
44.0
3.0
55.0
258.0
145.0
16.0
1.0
2.0
3.0
1.0
3.0
46.0
6.0
458.0
13.0
3.0
5.0
5.0
3.0
3.0
1.0
159.0
1.0
460.0
1.0
372.0
10.0
1.0
9175.0
1.0
4.0
2.0
33.0
1.0
1.0
2.0
38.0
10.0
129.0
4.0
907.0
153.0
1.0
7.0
1.0
4.0
4.0
4.0
1.0
1.0
1.0
19.0
3.0
374.0
1086.0
77.0
1016.0
11.0
1.0
3.0
4.0
3.0
3.0
90.0
1.0
4338.0
535.0
78.0
87840.0
2.0
1.0
3.0
1.0
90.0
5.0
319.0
281.0
9.0
65.0
1.0
1.0
1.0
1.0
27.0
6.0
9.0
60.0
1.0
4.0
2.0
1.0
167.0
7.0
2.0
6.0
34.0
3.0
1.0
4.0
344.0
1.0
9.0
5.0
3.0
5.0
107.0
697.0
9.0
5418.0
1.0
1.0
4.0
2.0
33.0
489.0
1.0
2.0
1.0
1120.0
1.0
2025.0
1.0
3.0
17.0
120.0
46.0
1.0
10.0
1.0
311.0
2.0
1.0
35.0
2.0
23.0
1.0
1080.0
1.0
30.0
1.0
1.0
62.0
34.0
4.0
2.0
3998.0
117.0
17.0
1.0
3.0
50.0
1.0
2.0
31.0
31.0
635.0
5.0
9.0
1.0
142.0
3.0
3186.0
1.0
2.0
4.0
14.0
4.0
1.0
11.0
2.0
22.0
1.0
2645.0
5.0
8.0
1830.0
2.0
3.0
11.0
1.0
2.0
14.0
7.0
24.0
3.0
46.0
6.0
1.0
20.0
8.0
3.0
1.0
215.0
2.0
2.0
1.0
1018.0
1.0
15.0
1204.0
3.0
7.0
3.0
1.0
1.0
3.0
477.0
1.0
2.0
1.0
426.0
39.0
118.0
3.0
9.0
5.0
1.0
1.0
1.0
292.0
1.0
2.0
1.0
3.0
10.0
592.0
8.0
40.0
2.0
33.0
9.0
605.0
76.0
3.0
2.0
1.0
1514.0
3.0
197.0
55.0
376.0
2.0
1057.0
308.0
349.0
9.0
6.0
1.0
1.0
436.0
1.0
3.0
9.0
3.0
8.0
98.0
2.0
63.0
11.0
24.0
2.0
5.0
3.0
3.0
2.0
24.0
9.0
338.0
23.0
1.0
255.0
7.0
1.0
14.0
58.0
410.0
9.0
6.0
3.0
1.0
1.0
109.0
1.0
3.0
4.0
3807.0
72.0
3.0
440.0
874.0
484.0
1602.0
1.0
1.0
1450.0
932.0
1.0
1.0
7.0
1.0
2.0
157.0
1.0
7.0
22.0
2.0
3.0
927.0
3.0
1.0
8.0
2.0
24.0
1.0
1.0
1.0
3.0
7.0
2.0
46202.0
2.0
236.0
599.0
4.0
1.0
1.0
4.0
90.0
1.0
4.0
238.0
1.0
335.0
4453.0
437.0
1.0
1.0
4.0
12.0
3.0
1.0
1.0
17.0
4.0
3.0
7.0
7.0
6.0
9.0
1.0
4.0
1.0
4.0
1.0
19.0
113.0
3.0
16.0
4.0
3.0
7.0
27.0
63.0
1948.0
2.0
3.0
5.0
8.0
1.0
9.0
902.0
1.0
1.0
1.0
65.0
23.0
280.0
2.0
57.0
2.0
1.0
102.0
3.0
7715.0
3.0
2.0
30.0
18.0
104.0
1.0
4.0
7.0
7.0
592.0
351.0
1.0
1.0
4.0
3.0
338.0
1.0
2.0
2.0
47.0
21.0
2.0
7.0
757.0
19.0
1.0
1.0
24.0
378.0
253.0
154.0
295.0
1.0
3.0
1.0
878.0
65.0
195.0
2.0
2.0
1.0
1.0
3.0
1383.0
3.0
1.0
337.0
3.0
48.0
3.0
49.0
2.0
1.0
3.0
15.0
3.0
2.0
1.0
3.0
1.0
16.0
4.0
1.0
2.0
35.0
1.0
5.0
54.0
1.0
12.0
1.0
12.0
1.0
3.0
2448.0
1.0
12.0
1.0
5.0
3.0
23.0
3.0
108.0
1.0
21.0
71.0
7.0
5.0
60.0
32.0
1.0
1232.0
3.0
14385.0
2.0
10.0
4.0
76.0
2067.0
9.0
25.0
1.0
10.0
3.0
1.0
9.0
3.0
69.0
2.0
5.0
3.0
4.0
4.0
2.0
739.0
1.0
8.0
2.0
3.0
43.0
3648.0
3.0
1.0
9.0
274.0
226.0
3.0
136.0
5.0
1615.0
4.0
1.0
8.0
2.0
3.0
30.0
3.0
256.0
1.0
371.0
7.0
911.0
1438.0
3.0
19.0
101.0
677.0
3.0
10.0
2.0
121.0
3.0
1.0
4.0
64.0
3.0
1.0
2.0
1.0
596.0
15.0
318.0
219.0
5.0
2.0
1.0
51.0
39.0
12.0
1137.0
2.0
1.0
257.0
2.0
1.0
13.0
19.0
2.0
2.0
6571.0
2.0
218.0
7.0
242.0
6.0
256.0
4.0
2.0
14.0
15.0
4.0
2582.0
1.0
433.0
20.0
1.0
272.0
1497.0
3.0
1.0
429.0
4.0
81.0
1.0
5.0
24.0
3.0
33.0
199.0
12.0
3.0
1112.0
1.0
2.0
3.0
3936.0
8.0
17.0
23.0
1.0
66.0
453.0
3.0
5.0
373.0
6.0
1015.0
30.0
8.0
1.0
11.0
3.0
1.0
8.0
3.0
9.0
5.0
2.0
4.0
3.0
2.0
3.0
1.0
3.0
3.0
2.0
3.0
1.0
19.0
3.0
20.0
2.0
19.0
1519.0
75.0
1.0
242.0
1.0
137.0
71.0
1.0
8.0
1.0
2.0
25.0
1.0
31.0
1.0
64.0
46.0
31.0
108.0
3.0
87.0
1.0
5.0
1.0
2.0
87.0
46.0
3.0
5.0
6.0
17.0
10.0
71.0
1.0
1.0
29.0
1.0
722.0
1.0
1.0
1.0
1246.0
4.0
77.0
12.0
3.0
4.0
2.0
62.0
9.0
1.0
1.0
2.0
1.0
19.0
3.0
3.0
288.0
11.0
38.0
3.0
3.0
3.0
91.0
232.0
1.0
2.0
3.0
1.0
117.0
106.0
10.0
1.0
117.0
320.0
2.0
2.0
6.0
50.0
3.0
36.0
17.0
5.0
105.0
350.0
1.0
187.0
13.0
1.0
8.0
8.0
1.0
17.0
3.0
3.0
3.0
1.0
1.0
236.0
2.0
30.0
5.0
7.0
35.0
332.0
11.0
10.0
10.0
9.0
8.0
3.0
4.0
2.0
1.0
1.0
17.0
2.0
1.0
1.0
1.0
18.0
3.0
105.0
1.0
1.0
2.0
22.0
31.0
1.0
1.0
7.0
3.0
1254.0
1.0
4.0
57.0
169.0
35.0
23.0
578.0
100.0
1.0
5.0
49.0
2.0
3.0
448.0
2.0
604.0
1.0
3.0
2.0
212.0
46.0
1.0
8.0
47.0
1.0
1.0
1.0
15.0
108.0
5.0
24.0
1.0
11.0
1.0
130.0
29.0
9.0
78.0
1.0
987.0
2.0
19.0
14.0
678.0
2.0
257.0
1.0
36.0
1.0
1.0
1.0
3.0
2.0
1.0
155.0
5.0
2.0
2.0
1.0
1418.0
2.0
24.0
3.0
1.0
1.0
696.0
85.0
2.0
3.0
8.0
3.0
60.0
335.0
2.0
307.0
1.0
1.0
114.0
7.0
1.0
1.0
6.0
9.0
1.0
351.0
3.0
29.0
222.0
17.0
1.0
3.0
10.0
20.0
1.0
105.0
1.0
3.0
33.0
1.0
1.0
163.0
1.0
6084.0
1.0
3.0
1.0
1.0
1.0
718.0
14189.0
2.0
3.0
86.0
226.0
11.0
3.0
24.0
3.0
3.0
3.0
312.0
2.0
9.0
16.0
138.0
3.0
1.0
1.0
230.0
1.0
3.0
839.0
3.0
6518.0
8.0
1.0
2.0
1.0
1.0
16.0
24.0
13.0
5.0
673.0
827.0
1.0
2.0
49.0
4.0
3.0
112.0
2.0
16.0
25.0
2.0
13.0
1480.0
391.0
6.0
24.0
2.0
1.0
4.0
3.0
1.0
292.0
1.0
936.0
1.0
1.0
3.0
1.0
101.0
1.0
3.0
1.0
251.0
4.0
5.0
42.0
3.0
1.0
4.0
3638.0
1644.0
8.0
1224.0
103.0
1412.0
1.0
9.0
14.0
1.0
4.0
1.0
3.0
8.0
110.0
1.0
3.0
1.0
4.0
3.0
1.0
3.0
4.0
3.0
32.0
411.0
102.0
40.0
1.0
3.0
2.0
4.0
51.0
1.0
364.0
3.0
3.0
48.0
5.0
39.0
60.0
6.0
37.0
3.0
1.0
636.0
3.0
1.0
3.0
4.0
2.0
5.0
3.0
33.0
3.0
282.0
29.0
1134.0
2.0
1179.0
4.0
55.0
2.0
1.0
1.0
7.0
1215.0
296.0
8.0
49.0
140.0
14.0
9.0
8.0
1.0
2.0
429.0
292.0
374.0
455.0
122.0
4.0
194.0
2.0
1.0
1.0
4.0
1.0
4.0
11.0
8.0
18.0
3.0
3.0
1.0
3.0
8.0
7.0
1.0
1.0
45.0
38.0
1.0
3.0
907.0
3.0
1.0
1.0
4.0
3.0
3.0
3.0
90.0
9.0
2.0
2.0
2.0
3.0
1.0
2.0
3.0
1.0
3.0
3.0
3.0
1.0
1.0
10.0
10.0
4.0
13142.0
1.0
4.0
63.0
3.0
1.0
3.0
7.0
70.0
2.0
157.0
9.0
596.0
2.0
7.0
3.0
18.0
5663.0
37.0
734.0
11.0
721.0
3.0
5.0
101.0
1.0
19.0
6.0
1181.0
1.0
3.0
202.0
22.0
1.0
1.0
13.0
9.0
1.0
3.0
1.0
267.0
9.0
5.0
63.0
1.0
683.0
206.0
2.0
1018.0
6.0
475.0
3.0
5.0
183.0
109.0
2.0
1.0
7.0
249.0
4.0
1.0
1426.0
1.0
8.0
351.0
9.0
4.0
50.0
3.0
1.0
9.0
2.0
1.0
2.0
1.0
1.0
2.0
14.0
33.0
565.0
3.0
3.0
6.0
1.0
2.0
110.0
31.0
3.0
1.0
1.0
24.0
186.0
1.0
2.0
1078.0
1.0
8.0
2.0
64.0
20.0
1.0
1.0
3.0
1.0
3.0
448.0
55.0
38.0
1.0
1.0
3.0
49.0
1.0
5.0
1.0
44.0
298.0
20.0
1484.0
353.0
4322.0
350.0
42.0
2.0
31.0
4.0
1.0
8.0
3.0
44.0
2.0
3.0
120.0
3.0
1.0
1.0
2.0
5.0
31.0
3.0
83.0
7.0
9.0
1.0
1.0
25.0
1.0
32.0
59.0
3.0
3.0
1039.0
1.0
50.0
8127.0
3.0
204.0
120.0
1.0
1.0
45.0
23.0
3.0
1.0
2.0
19.0
3.0
2.0
5.0
1.0
11.0
3.0
20.0
2.0
3.0
5.0
31.0
1.0
2.0
3.0
1.0
1.0
3.0
1.0
3435.0
1.0
1.0
1.0
6.0
10.0
215.0
3.0
5.0
25.0
1.0
2.0
14.0
10.0
4.0
2.0
4.0
2.0
1.0
1.0
1.0
10.0
9.0
2.0
100.0
19.0
2.0
90.0
2.0
34.0
1.0
64.0
1.0
2.0
183.0
11156.0
3.0
36.0
1186.0
1.0
1.0
11.0
1313.0
1.0
2.0
3.0
3.0
2.0
63.0
5.0
4.0
31.0
1.0
8.0
17.0
39.0
7.0
3.0
166.0
1.0
31.0
9.0
3.0
107.0
614.0
3.0
1.0
1.0
1.0
39.0
33.0
3.0
1.0
3.0
1.0
1.0
5.0
9.0
11.0
37.0
10.0
1.0
18.0
11.0
220.0
118.0
8.0
74.0
1.0
2.0
1.0
2.0
6.0
9.0
8.0
6.0
3.0
318.0
1.0
36.0
13.0
2.0
3.0
29.0
3.0
1.0
636.0
1.0
3.0
1.0
1.0
733.0
1171.0
4.0
1.0
1.0
1.0
9.0
3.0
1.0
185.0
2.0
259.0
2651.0
41.0
4.0
4.0
1.0
4.0
2.0
800.0
919.0
1.0
377.0
1.0
658.0
865.0
8.0
7.0
1.0
730.0
13.0
162.0
2.0
1037.0
2.0
2.0
1.0
172.0
3.0
2.0
7.0
19.0
1.0
1.0
1.0
12.0
6.0
419.0
16479.0
4.0
75.0
56.0
10.0
6.0
8.0
351.0
9.0
1.0
3.0
2.0
1.0
19.0
1.0
3.0
1.0
1.0
402.0
6.0
7.0
3.0
1.0
608.0
1.0
1.0
2.0
61.0
899.0
17.0
5.0
3.0
674.0
1.0
1.0
3.0
19.0
3.0
40.0
7.0
1.0
596.0
26.0
30.0
2.0
26.0
1.0
3.0
1.0
1.0
1.0
19.0
17.0
2.0
11.0
1.0
1.0
1.0
31.0
2.0
4.0
5.0
1447.0
9.0
4.0
1.0
43.0
1.0
2.0
1.0
58.0
3.0
1304.0
1.0
1.0
25.0
2.0
705.0
3.0
1.0
235.0
6.0
121.0
1.0
1677.0
3.0
6.0
1.0
2028.0
4.0
2.0
3.0
603.0
113.0
2.0
3.0
1.0
11.0
1.0
549.0
9.0
20.0
2.0
3.0
1.0
1.0
3.0
1.0
1.0
9.0
1.0
1225.0
115.0
29.0
1014.0
3.0
29.0
66.0
7.0
8.0
1.0
362.0
6.0
3.0
1.0
4.0
11.0
24.0
5.0
1902.0
2.0
1.0
33.0
2.0
2.0
3.0
3.0
1.0
3.0
1.0
132.0
4.0
15.0
12.0
3.0
1.0
5.0
3.0
7.0
2.0
24.0
2.0
1.0
50.0
3.0
2.0
1.0
59.0
3.0
1.0
10.0
1.0
3341.0
7.0
11.0
7.0
29.0
9.0
3.0
3.0
232.0
44.0
3.0
1018.0
10.0
15.0
1.0
28.0
1.0
16.0
3.0
6.0
60.0
2278.0
282.0
1.0
182.0
1.0
229.0
13.0
3.0
2.0
2.0
2.0
1120.0
3.0
1.0
62.0
2.0
1.0
10.0
1.0
73.0
191.0
1.0
496.0
633.0
3986.0
19.0
3.0
6.0
12.0
102.0
3.0
3.0
2.0
739.0
19.0
1.0
3.0
3.0
1.0
1.0
19.0
199.0
3.0
1.0
4.0
2.0
931.0
13.0
1.0
11.0
65.0
9.0
183.0
23.0
7.0
3.0
2.0
14.0
1.0
2429.0
12.0
1.0
1.0
1.0
82.0
2.0
1.0
1.0
641.0
1.0
14.0
6.0
4.0
3.0
14.0
8.0
3.0
3.0
9.0
8.0
475.0
134.0
2.0
1.0
2.0
161.0
149.0
43.0
1.0
9.0
131.0
4.0
24.0
13.0
57.0
1.0
1.0
2.0
1.0
3.0
283.0
1.0
36.0
1.0
2.0
3.0
3.0
5.0
1.0
3.0
12.0
3.0
3.0
16.0
2.0
1.0
115.0
15.0
3.0
274.0
3.0
282.0
41.0
3.0
3.0
2.0
1.0
2.0
1.0
1.0
1.0
2241.0
3.0
69.0
2.0
17.0
10.0
2.0
9.0
25.0
3.0
4.0
76.0
3.0
3.0
2.0
2.0
770.0
46.0
5.0
5.0
9.0
1035.0
1.0
4.0
1.0
158.0
1.0
23.0
1.0
67.0
4.0
73.0
1017.0
7.0
6.0
2.0
2.0
3.0
664.0
3.0
20.0
282.0
3.0
55.0
1.0
9.0
514.0
44.0
1.0
2.0
207.0
2.0
20.0
1.0
3.0
4.0
5.0
20.0
292.0
3.0
2946.0
3.0
2.0
186.0
3.0
261.0
3.0
14.0
2.0
63.0
54.0
1.0
33.0
3.0
4.0
222.0
3.0
1.0
1.0
3.0
2616.0
70.0
1.0
4.0
1.0
3.0
7.0
1.0
21.0
1.0
6273.0
2.0
729.0
9.0
28.0
1.0
3.0
4.0
1.0
1.0
1018.0
92.0
4.0
20.0
3.0
3.0
1.0
416.0
1.0
87.0
1.0
3.0
2.0
4.0
3.0
24.0
656.0
8.0
9.0
6.0
5.0
19.0
1.0
8.0
1.0
5.0
1.0
22.0
2.0
4.0
1.0
34.0
700.0
4.0
2.0
3.0
2.0
103.0
1.0
6.0
15.0
39.0
1.0
74.0
1.0
1.0
65.0
8.0
5.0
8.0
2.0
17.0
2.0
982.0
1.0
1.0
109.0
2.0
292.0
3.0
2.0
198.0
3.0
11.0
3.0
2.0
1.0
1.0
11.0
3.0
127.0
937.0
6.0
3.0
179.0
31.0
59.0
3.0
5.0
4.0
8.0
3.0
15.0
1.0
1.0
4.0
14.0
3.0
11.0
30.0
3.0
282.0
9.0
1.0
3.0
1.0
3.0
9.0
351.0
211.0
540.0
9.0
2.0
3.0
1.0
2.0
1.0
4.0
4.0
1.0
292.0
1.0
1.0
4.0
17.0
7.0
897.0
74.0
28.0
69.0
1.0
51.0
171.0
70.0
3.0
973.0
9.0
21.0
101.0
1.0
1.0
1.0
2.0
1.0
1.0
2481.0
6.0
18.0
1.0
4.0
46.0
2.0
17.0
1.0
2.0
7.0
135.0
1.0
12.0
1658.0
4.0
1.0
1.0
3.0
352.0
346.0
815.0
9.0
349.0
136.0
1.0
3.0
2.0
1.0
1.0
1018.0
6.0
6.0
1.0
1.0
3.0
10.0
3.0
3.0
1.0
3.0
212.0
8.0
3.0
1873.0
77.0
2.0
3.0
1.0
2.0
1.0
35.0
1.0
7.0
3.0
63.0
1.0
99.0
164.0
2.0
1.0
58.0
1325.0
887.0
1.0
21.0
31.0
5671.0
1.0
11.0
1.0
1.0
1.0
1.0
17.0
8.0
12.0
4.0
22.0
3.0
3.0
1.0
1.0
104.0
26.0
1.0
4.0
6.0
9889.0
1482.0
816.0
2.0
1.0
1.0
24.0
1.0
8.0
474.0
1.0
205.0
3333.0
8.0
34.0
1.0
6.0
104.0
368.0
10.0
1.0
1.0
365.0
24.0
2.0
1.0
1.0
23.0
647.0
1.0
1.0
1.0
288.0
4.0
3.0
337.0
9.0
3.0
1023.0
1.0
977.0
11.0
3.0
4.0
686.0
3.0
2.0
1.0
1.0
2.0
3.0
3.0
3.0
1.0
3.0
7.0
146.0
4.0
812.0
53.0
1243.0
8.0
5.0
3.0
2.0
5.0
3.0
28.0
56.0
32.0
5.0
232.0
264.0
1.0
3.0
1325.0
9.0
115.0
9.0
33.0
1.0
2.0
30.0
7.0
23.0
1.0
24.0
6.0
5.0
2.0
2.0
2.0
24.0
5.0
1.0
1.0
9.0
642.0
86.0
147.0
3.0
11.0
12.0
2.0
8.0
29.0
3.0
4.0
83.0
1.0
44.0
2.0
16.0
21.0
1.0
387.0
642.0
8.0
3.0
3.0
1.0
17.0
1.0
116.0
1.0
4.0
2.0
1.0
3.0
282.0
82.0
3.0
16.0
1.0
10.0
13.0
7.0
2.0
2.0
376.0
1.0
1.0
3.0
6.0
909.0
3.0
38.0
13.0
2.0
123.0
2.0
7.0
1.0
2.0
3.0
3.0
9.0
3.0
1.0
48.0
218.0
1.0
1.0
19.0
3.0
4.0
157.0
80.0
107.0
1.0
3.0
17.0
578.0
12.0
2.0
1.0
2.0
3.0
5.0
4.0
1.0
3.0
64.0
1528.0
298.0
44.0
3.0
116.0
6.0
2.0
19.0
381.0
89.0
2.0
1.0
3.0
62.0
3.0
8.0
75.0
2.0
3.0
95.0
17.0
14.0
1.0
1.0
1873.0
19.0
1.0
218.0
18.0
4.0
1.0
1.0
1.0
2.0
1.0
3.0
1.0
3.0
88.0
3.0
569.0
9.0
13.0
2.0
1.0
6.0
116.0
3.0
2.0
86.0
3.0
19.0
3.0
37.0
10.0
1215.0
1.0
128.0
65.0
596.0
3.0
3.0
58.0
240.0
1.0
10.0
3.0
3.0
6.0
1.0
324.0
1.0
1.0
1.0
3.0
3.0
450.0
1.0
3.0
1.0
1.0
3.0
1805.0
510.0
24.0
1.0
64.0
3.0
132.0
29.0
144.0
8.0
3.0
1360.0
1.0
74.0
2251.0
2105.0
3.0
1.0
1.0
7.0
35.0
3.0
14.0
52.0
1.0
1.0
1.0
4.0
1.0
3.0
2.0
62.0
2.0
4.0
1.0
2.0
3.0
3.0
1.0
60.0
2.0
14.0
3.0
1.0
5.0
7.0
1868.0
10001.0
759.0
1.0
125.0
2.0
1073.0
64.0
1.0
3.0
2.0
2.0
107.0
6.0
209.0
1.0
3.0
92.0
1.0
2.0
2.0
1485.0
1.0
3.0
1.0
4.0
1.0
1.0
72.0
1.0
26.0
27.0
2.0
56.0
3.0
4351.0
678.0
3.0
1.0
6757.0
1009.0
260.0
3.0
2.0
4.0
1.0
103.0
1.0
452.0
37.0
2.0
2.0
105.0
6.0
1.0
2.0
1.0
1.0
502.0
1.0
3.0
1.0
10.0
119.0
4.0
11.0
2.0
351.0
1.0
13.0
2.0
1.0
15.0
19.0
2.0
1.0
1.0
7.0
13.0
4.0
7.0
116.0
3.0
288.0
8.0
7.0
97.0
1.0
9.0
1.0
1.0
2.0
1.0
233.0
844.0
197.0
3.0
36.0
4.0
2.0
1.0
479.0
18.0
129.0
1.0
3.0
2.0
1835.0
3.0
1.0
232.0
1.0
3.0
4.0
7.0
19.0
3.0
4.0
3.0
6.0
5.0
3575.0
2.0
3.0
292.0
646.0
1.0
2.0
116.0
1.0
3.0
3.0
484.0
8.0
406.0
1.0
1.0
2.0
12.0
15.0
596.0
78.0
3.0
62.0
7.0
1.0
221.0
3.0
2.0
2.0
48.0
2219.0
2.0
64.0
1.0
18.0
596.0
3.0
1.0
50.0
13.0
1.0
1.0
1.0
1.0
3.0
97.0
2.0
1.0
2.0
87.0
9.0
1449.0
338.0
1.0
1.0
1.0
360.0
3.0
11.0
3.0
8.0
2.0
6.0
14.0
1.0
1.0
16.0
3.0
1.0
236.0
10.0
4.0
4.0
1.0
4.0
1.0
24.0
806.0
596.0
2.0
828.0
17.0
3.0
1.0
1.0
182.0
10.0
40.0
19.0
1.0
4.0
172.0
1.0
3.0
7.0
14.0
1.0
3.0
11.0
1.0
181.0
1.0
1.0
4.0
35.0
1.0
3.0
1.0
3.0
63.0
3.0
1.0
1.0
75.0
3481.0
17.0
351.0
48.0
8.0
1.0
5.0
3.0
1.0
2.0
407.0
797.0
8.0
696.0
5.0
76.0
598.0
11.0
159.0
20.0
3.0
29.0
3.0
1496.0
3.0
32.0
24.0
23.0
1.0
3.0
38.0
2041.0
2.0
3.0
19.0
353.0
8.0
1.0
961.0
24.0
36.0
1.0
3.0
3.0
1.0
175.0
4.0
6.0
206.0
21.0
1.0
4.0
12.0
17.0
7.0
3.0
4.0
1.0
24.0
329.0
13.0
2.0
10.0
22.0
1.0
312.0
152.0
212.0
596.0
341.0
2.0
408.0
1.0
115.0
1.0
3.0
2.0
9.0
107.0
180.0
251.0
1.0
1.0
19.0
91.0
6.0
3.0
6.0
1395.0
3.0
4.0
3.0
3.0
2.0
1.0
238.0
1.0
1310.0
1.0
1.0
1.0
106.0
67.0
8.0
1.0
2.0
2.0
6.0
1309.0
65.0
3.0
5.0
6.0
1.0
3.0
1.0
1.0
3.0
1.0
377.0
45.0
1.0
1.0
3.0
3.0
1.0
754.0
4.0
3.0
18.0
1.0
1.0
300.0
3.0
8.0
43.0
3.0
1.0
1066.0
1.0
143.0
19.0
2831.0
73.0
2.0
7.0
1.0
4.0
1424.0
36.0
11514.0
3.0
4.0
4.0
14.0
1.0
3.0
1.0
1.0
2.0
10.0
1.0
1.0
2.0
30.0
3.0
1.0
3.0
2.0
2.0
94.0
1.0
1.0
1483.0
2.0
588.0
3.0
31.0
1.0
30.0
47.0
2.0
4.0
3367.0
3.0
1.0
3.0
1.0
3.0
369.0
33.0
63.0
14.0
3.0
3.0
7.0
1.0
35.0
3.0
1.0
1.0
29.0
3.0
3.0
1.0
991.0
24.0
82.0
1.0
2.0
25288.0
7.0
11.0
368.0
1.0
23.0
98097.0
846.0
27.0
357.0
1.0
1.0
2.0
32.0
7.0
1.0
3.0
7.0
22.0
1.0
2.0
7.0
3.0
54.0
1.0
1.0
3.0
1.0
4.0
20.0
2.0
118.0
1.0
22.0
12.0
102.0
126.0
2.0
732.0
1.0
3.0
3.0
6.0
1.0
1.0
1.0
3.0
1.0
1.0
9.0
1.0
6.0
3.0
40.0
20.0
511.0
112.0
24.0
152.0
1.0
3.0
62.0
6.0
1.0
3347.0
3.0
8.0
3.0
2.0
6.0
1.0
7.0
2.0
253.0
79.0
9.0
244.0
1539.0
2.0
3.0
1.0
51.0
59.0
1.0
461.0
20.0
2.0
1.0
4.0
205.0
62.0
61.0
5.0
363.0
15.0
4.0
2.0
567.0
627.0
2.0
10.0
303.0
2.0
1.0
37.0
542.0
9.0
49.0
895.0
2.0
30.0
1.0
2.0
1.0
6.0
3.0
7.0
29.0
2.0
5.0
1.0
244.0
4.0
1.0
1.0
6.0
6.0
1.0
2.0
53.0
95.0
1.0
3.0
16.0
4.0
1020.0
3.0
1.0
9.0
9.0
2.0
1.0
19.0
26.0
1.0
1.0
1.0
54.0
4.0
3.0
28.0
13.0
106.0
15.0
1.0
20.0
30.0
3280.0
9.0
27.0
19.0
17.0
6.0
10002.0
14.0
2.0
10.0
33.0
1.0
12.0
5.0
2.0
2.0
2.0
6.0
64.0
710.0
2.0
2074.0
42.0
111.0
126.0
2040.0
1.0
305.0
4.0
89.0
1.0
18.0
33.0
1743.0
2.0
3.0
1.0
34.0
1095.0
20.0
1018.0
1.0
8.0
1.0
32.0
3.0
2.0
3.0
3.0
3.0
17.0
105.0
1091.0
21.0
7.0
4.0
1.0
8.0
1.0
1.0
1.0
1.0
2.0
2.0
1.0
33.0
1.0
4.0
6.0
3.0
75.0
3.0
49.0
4.0
3.0
2299.0
4.0
34.0
57.0
8.0
1.0
4.0
1.0
4.0
1.0
8.0
3.0
3.0
13911.0
88.0
1.0
2.0
5.0
3.0
4.0
133.0
3.0
273.0
66.0
9.0
1192.0
2.0
9.0
37.0
3.0
3.0
1.0
1.0
3.0
1.0
4.0
279.0
1.0
101.0
10001.0
2.0
1.0
1.0
8.0
1.0
4.0
3.0
2.0
3.0
112.0
2.0
177.0
4.0
2.0
2.0
12.0
3.0
56.0
2.0
13.0
573.0
392.0
8.0
264.0
3.0
3200.0
3.0
2.0
3.0
3.0
1.0
671.0
1.0
8.0
71.0
2.0
3.0
1745.0
3.0
1.0
3.0
1.0
19.0
1.0
25.0
2.0
2.0
3.0
8.0
141.0
1.0
4542.0
84.0
2.0
1.0
5.0
106.0
16.0
386.0
3.0
5.0
1.0
3.0
72.0
9.0
2.0
1050.0
1.0
3.0
1.0
9.0
3.0
727.0
1.0
3.0
1.0
13.0
3.0
3.0
117.0
1.0
1.0
3.0
1.0
4.0
6.0
3.0
2694.0
7.0
2.0
166.0
1392.0
23.0
49.0
392.0
2.0
1.0
1.0
368.0
157.0
126.0
292.0
17.0
3.0
396.0
10.0
1.0
3.0
75.0
80.0
3.0
737.0
7.0
23.0
1.0
288.0
8.0
1.0
4.0
1.0
457.0
1.0
4.0
2396.0
3.0
8.0
10545.0
2.0
3.0
3.0
121.0
586.0
1.0
23.0
610.0
1.0
1.0
3.0
2.0
12.0
35.0
3.0
10.0
22.0
5.0
1342.0
1.0
1.0
10076.0
12.0
2.0
5.0
9.0
4.0
18.0
479.0
1.0
2.0
1430.0
361.0
230.0
47.0
2630.0
1.0
5.0
1.0
6.0
592.0
3.0
2.0
22.0
3.0
3.0
110.0
189.0
1.0
3.0
24.0
6.0
46.0
6.0
51.0
7.0
1.0
3.0
2.0
230.0
1963.0
2.0
37.0
3.0
3.0
33.0
493.0
3.0
2.0
3.0
5.0
478.0
169.0
3.0
1.0
183.0
1.0
1.0
1.0
1.0
5.0
28.0
1.0
733.0
1.0
2.0
1.0
4.0
3.0
4.0
3219.0
1498.0
2.0
123.0
3.0
5.0
1.0
469.0
1.0
3.0
2.0
97.0
312.0
316.0
3.0
89.0
65.0
638.0
716.0
6.0
1.0
1.0
2.0
4.0
9.0
28.0
1.0
2892.0
130.0
2.0
3.0
88.0
1.0
1.0
2.0
4.0
2.0
20.0
2.0
107.0
3.0
15.0
1.0
1.0
961.0
2.0
2.0
34.0
11.0
65.0
3.0
1.0
4.0
512.0
2.0
41.0
51.0
8.0
2569.0
7.0
251.0
4.0
3.0
571.0
9.0
10.0
13.0
3.0
4.0
1.0
232.0
2.0
1.0
1.0
19.0
23.0
8691.0
1443.0
3.0
16.0
1.0
13.0
17.0
35.0
1.0
55.0
3.0
1063.0
1.0
93.0
1.0
3.0
8.0
23.0
9.0
2817.0
577.0
1.0
10.0
1.0
1.0
1.0
59.0
53.0
1.0
1.0
8.0
3.0
3.0
17.0
2.0
2472.0
3.0
3.0
87.0
1.0
2.0
153.0
903.0
1.0
1.0
6.0
1.0
22.0
3.0
1.0
4.0
1.0
2002.0
9.0
1.0
2.0
17.0
1.0
1.0
2.0
2.0
14.0
26.0
15.0
239.0
4.0
5.0
1.0
1.0
8.0
1.0
2.0
51.0
1.0
3.0
5.0
36.0
51.0
39.0
3215.0
1.0
8.0
3.0
73.0
22.0
1.0
33.0
2.0
292.0
3.0
672.0
870.0
13161.0
4.0
11.0
7.0
1.0
2.0
3.0
19.0
3.0
1754.0
60.0
3.0
11.0
172.0
1.0
3.0
96.0
1.0
3.0
2.0
4.0
1.0
19.0
721.0
1.0
73.0
22.0
2.0
305.0
7638.0
697.0
3.0
20.0
1.0
1.0
1.0
4026.0
1.0
17.0
28.0
3.0
14.0
4.0
1.0
1.0
79.0
2.0
74.0
3.0
2.0
3.0
34.0
1.0
1.0
15.0
1.0
6.0
2.0
42.0
3.0
1.0
2.0
3.0
4.0
177.0
4.0
2.0
584.0
110.0
1027.0
3.0
132.0
48.0
338.0
3.0
8.0
4624.0
1.0
1.0
2.0
5.0
255.0
2.0
1.0
1.0
34.0
1.0
64.0
1.0
2.0
3.0
434.0
1.0
19.0
3.0
10709.0
1.0
1.0
39.0
1.0
18.0
292.0
1075.0
1016.0
2.0
13.0
16.0
1.0
222.0
3.0
23.0
1.0
1.0
52.0
338.0
47.0
12.0
3.0
4.0
29.0
2.0
9.0
7.0
4.0
1.0
1.0
10.0
85.0
3.0
2.0
10.0
1.0
1.0
1.0
325.0
29.0
237.0
189.0
79.0
4667.0
24.0
101.0
102.0
8.0
1222.0
2.0
2.0
1.0
5.0
1.0
14.0
1406.0
42.0
45.0
3.0
23.0
5.0
2.0
843.0
1.0
1.0
29.0
3.0
1.0
55.0
1.0
6.0
1195.0
14.0
24.0
1.0
4.0
1.0
1867.0
1.0
4036.0
12.0
1.0
3.0
4.0
1.0
3.0
1.0
909.0
3.0
1.0
17.0
12.0
1814.0
2.0
732.0
188.0
11.0
2.0
1.0
247.0
1.0
81.0
256.0
1303.0
3.0
7.0
5.0
4.0
423.0
5.0
2.0
3.0
390.0
157.0
84.0
1.0
36.0
81.0
1.0
429.0
13.0
10.0
1.0
457.0
4.0
1.0
3.0
9.0
10.0
2771.0
2.0
1.0
3.0
3.0
1018.0
22.0
5.0
508.0
32.0
1.0
1.0
371.0
1.0
1.0
1.0
4.0
19.0
8.0
2.0
57.0
4.0
1.0
1.0
1.0
16.0
524.0
17.0
3.0
36.0
1.0
8.0
1.0
104.0
3.0
1.0
7.0
5.0
1193.0
1.0
1.0
17.0
1.0
1.0
2.0
3.0
2.0
1.0
52.0
29.0
23.0
136.0
2.0
1.0
3.0
2.0
9.0
3.0
20.0
1.0
19.0
961.0
70.0
2096.0
1.0
7.0
7.0
4.0
126.0
40.0
1183.0
1.0
5.0
10.0
7612.0
1.0
11.0
1.0
3.0
1.0
2.0
6.0
1476.0
8.0
3.0
1798.0
291.0
2.0
2.0
24.0
87.0
313.0
1.0
7.0
1.0
46.0
1.0
1.0
9.0
2.0
323.0
12.0
3.0
538.0
17.0
1.0
149.0
3.0
3.0
4.0
669.0
1.0
22.0
1.0
1.0
3.0
1.0
288.0
1.0
3.0
7.0
3.0
146.0
574.0
2.0
1.0
3.0
1.0
3.0
14339.0
17.0
166.0
467.0
9.0
102.0
98.0
542.0
3.0
1.0
2664.0
3.0
65.0
1.0
19.0
1.0
17.0
1.0
5.0
1.0
1.0
11.0
78.0
1.0
19.0
3.0
3.0
1.0
89.0
1.0
9.0
3.0
4.0
3.0
4.0
3.0
1.0
798.0
1.0
62.0
2.0
18.0
19.0
5.0
1.0
14.0
3587.0
47.0
3.0
8.0
240.0
294.0
52.0
2.0
130.0
69.0
7.0
2.0
10.0
596.0
4.0
17.0
1.0
1.0
1302.0
172.0
1.0
1.0
3.0
2.0
1.0
4.0
24.0
1.0
3.0
1.0
3.0
1.0
3.0
5.0
3.0
2.0
17.0
1.0
62.0
3.0
1.0
3.0
1.0
1.0
1.0
1.0
3.0
1.0
1.0
24.0
2.0
3.0
3.0
1.0
285.0
114.0
395.0
1.0
1.0
444.0
7.0
47.0
52.0
1.0
47.0
1.0
9.0
444.0
1.0
1.0
1.0
992.0
26.0
1.0
3.0
1.0
99.0
1.0
7272.0
297.0
3.0
7.0
5.0
1.0
4.0
3.0
1.0
731.0
65.0
1.0
8.0
1.0
3.0
1.0
1171.0
2.0
98.0
7.0
4.0
1.0
3.0
46.0
1.0
1.0
15.0
1.0
23.0
1.0
31.0
4.0
14.0
1.0
5.0
3.0
1.0
2.0
3.0
7.0
13.0
1.0
2.0
40.0
92.0
3.0
17.0
7.0
25.0
18.0
2.0
1.0
1.0
1.0
17.0
1.0
667.0
1.0
3424.0
11.0
6.0
2.0
2.0
2696.0
10.0
13.0
1.0
3.0
3.0
6.0
6.0
102.0
65.0
206.0
4.0
88.0
1145.0
183.0
1.0
1.0
79.0
1484.0
7.0
11.0
58.0
45.0
3.0
1.0
410.0
246.0
14385.0
3.0
8.0
2.0
1.0
1563.0
12.0
338.0
4.0
7.0
2.0
34.0
78.0
1.0
1.0
1.0
1.0
424.0
1075.0
5.0
1.0
3.0
1.0
695.0
11.0
1.0
6.0
61.0
1.0
2.0
2.0
3.0
2.0
3.0
3.0
4.0
3.0
24.0
71.0
528.0
314.0
430.0
51.0
9.0
182.0
37.0
1949.0
3.0
3.0
27.0
7.0
24.0
2.0
1.0
2.0
6.0
1.0
2.0
8.0
1.0
1.0
424.0
1.0
2.0
1.0
37.0
293.0
4.0
1.0
1.0
1.0
4.0
3.0
52.0
3.0
1.0
3.0
554.0
3.0
3.0
1.0
27.0
2.0
1.0
7.0
2.0
157.0
19.0
3.0
3.0
47.0
16.0
9.0
3.0
3.0
1.0
9.0
129.0
6.0
4.0
1290.0
65.0
8.0
1.0
1.0
3.0
1.0
375.0
68.0
3.0
104.0
37.0
2.0
1.0
78.0
331.0
129.0
717.0
2.0
1.0
3.0
1.0
1.0
2.0
24.0
3.0
1.0
1.0
5.0
1.0
16.0
18.0
7.0
1.0
13.0
971.0
3.0
3.0
1.0
6.0
7.0
20.0
105.0
1.0
2.0
3.0
2.0
3.0
3.0
1393.0
58.0
1305.0
140.0
1.0
8.0
1.0
571.0
4.0
3.0
2.0
47.0
14.0
997.0
1.0
28.0
1.0
2.0
5.0
1.0
1.0
516.0
142.0
17.0
5140.0
2.0
13.0
351.0
16.0
3.0
116.0
3.0
13.0
65.0
8.0
2.0
2.0
3.0
2.0
17.0
3.0
1.0
274.0
1.0
1.0
3.0
3.0
1.0
1552.0
7.0
7.0
15579.0
8.0
1.0
4006.0
1.0
3.0
1.0
5.0
1588.0
1.0
4.0
1.0
4.0
2.0
177.0
5.0
57.0
9.0
3.0
1.0
139.0
2.0
18206.0
3.0
1.0
7.0
1.0
4.0
29.0
524.0
2279.0
103.0
349.0
24.0
31.0
15.0
421.0
1.0
2.0
46.0
1.0
8022.0
4.0
3.0
405.0
76.0
6.0
8.0
1.0
4.0
15.0
3.0
1.0
3.0
6.0
6.0
34.0
3.0
73.0
7.0
18.0
6.0
310.0
3.0
6.0
5.0
4445.0
3.0
3.0
3.0
3.0
1.0
116.0
1.0
69.0
1.0
6.0
3.0
3.0
22.0
3.0
78.0
4.0
3.0
1145.0
3.0
3.0
1.0
282.0
131.0
2.0
444.0
1.0
1.0
987.0
40.0
1.0
4.0
3.0
1.0
3.0
1.0
1.0
16.0
1.0
5763.0
73.0
3.0
1.0
3.0
16.0
7.0
2.0
1.0
1.0
3.0
5.0
3.0
96.0
3.0
3.0
9.0
3.0
3.0
1.0
22.0
3.0
3.0
7.0
8132.0
47.0
1.0
1.0
19.0
5138.0
3.0
31.0
6.0
1.0
3.0
3.0
50.0
2.0
1705.0
3.0
1.0
157.0
344.0
1.0
6.0
367.0
1.0
1.0
524.0
10577.0
1.0
1137.0
75.0
1.0
1.0
48.0
1.0
24.0
1.0
515.0
214.0
1.0
1.0
1.0
374.0
1.0
22.0
3.0
1.0
3.0
7.0
1.0
1183.0
370.0
1.0
32.0
1.0
1.0
32.0
2.0
4.0
1.0
28.0
8.0
5.0
5.0
1.0
61.0
2.0
3.0
3.0
3.0
17.0
3.0
4.0
160.0
31.0
3.0
3.0
566.0
1.0
662.0
3.0
1018.0
1047.0
3.0
1.0
2.0
8.0
169.0
315.0
1.0
3.0
2.0
2.0
1.0
2.0
9.0
3.0
2.0
1.0
1018.0
36.0
8.0
1.0
1.0
1.0
1.0
555.0
3.0
1684.0
3.0
2.0
1.0
2.0
3.0
1.0
1.0
7.0
184.0
489.0
3.0
2.0
1.0
7.0
1.0
3.0
4.0
39.0
1.0
3.0
14.0
10.0
9.0
1734.0
1.0
10.0
1.0
14.0
1.0
2.0
1.0
1.0
20.0
3.0
1632.0
2974.0
1.0
1.0
17.0
1.0
1.0
1057.0
358.0
3.0
48.0
2.0
1.0
2.0
1.0
3.0
1.0
19.0
2962.0
41.0
11.0
289.0
1.0
3.0
2.0
1457.0
2.0
2.0
3.0
13.0
3.0
165.0
66.0
2127.0
2.0
9.0
4.0
1.0
4634.0
3.0
1.0
3.0
6.0
5.0
1.0
2.0
3.0
7.0
7.0
1.0
5.0
1.0
5.0
3.0
67.0
2.0
44.0
1.0
14.0
9.0
3.0
1.0
9.0
7.0
3.0
2.0
8.0
313.0
3.0
4.0
5.0
3.0
538.0
1.0
1492.0
9.0
3.0
16.0
574.0
4.0
3.0
1.0
1.0
169.0
4.0
3.0
3.0
1.0
1.0
5.0
94.0
1.0
2.0
1.0
4445.0
3.0
19.0
1.0
24.0
13.0
13.0
3.0
4.0
3.0
1.0
1027.0
8.0
9.0
164.0
3.0
1.0
107.0
8.0
492.0
1216.0
1.0
207.0
61.0
32.0
3.0
2.0
1.0
1.0
1.0
1.0
3.0
1.0
4.0
531.0
1.0
110.0
1.0
1163.0
3.0
1.0
2.0
4.0
19.0
4.0
32.0
178.0
9.0
11.0
697.0
1800.0
1.0
67.0
4.0
490.0
5.0
1.0
1.0
1.0
2.0
9.0
8.0
74.0
5.0
8.0
11.0
1659.0
3.0
1.0
2.0
159.0
7.0
12.0
1.0
1.0
3.0
3.0
2.0
1.0
1.0
1580.0
14.0
2.0
38.0
3.0
34.0
1.0
115.0
39.0
1015.0
1.0
2.0
1.0
22.0
1.0
3.0
405.0
117.0
1.0
193.0
596.0
2865.0
3.0
1.0
18.0
421.0
1.0
3.0
3.0
1.0
1.0
3.0
3.0
1.0
69.0
2.0
3.0
7.0
8.0
3.0
1230.0
2.0
1.0
22.0
4.0
1.0
3.0
3.0
30.0
1.0
1.0
1.0
3.0
137.0
1.0
6.0
4.0
3.0
55.0
23.0
2.0
14.0
1.0
36.0
1434.0
313.0
3.0
31.0
709.0
674.0
1.0
8397.0
3.0
7.0
1.0
1.0
9.0
3.0
22.0
1.0
3.0
23.0
4.0
34.0
1.0
1.0
1.0
1.0
8.0
1.0
2.0
3.0
29.0
2.0
3033.0
224.0
1.0
3.0
1.0
17.0
1.0
1.0
4.0
43.0
278.0
1.0
1.0
1871.0
1.0
1.0
9.0
39.0
3.0
3.0
10.0
33.0
2.0
1.0
3.0
596.0
19.0
7.0
46.0
47.0
3.0
2.0
576.0
453.0
3.0
3.0
1.0
18.0
1112.0
47.0
1.0
3.0
2.0
8.0
3.0
14.0
11.0
1.0
159.0
60.0
17.0
1.0
1.0
17.0
1.0
87.0
3.0
14.0
37.0
16.0
9.0
1.0
2.0
4.0
17.0
2.0
1.0
13.0
19.0
3.0
10.0
5.0
2.0
3.0
19.0
2.0
1.0
270.0
17924.0
1.0
1.0
24.0
2.0
6.0
17.0
34.0
3.0
2.0
2.0
1.0
2.0
436.0
871.0
16.0
1.0
1.0
2.0
3.0
5.0
13.0
5.0
3.0
33.0
2608.0
3.0
1.0
24.0
10.0
3.0
1.0
3.0
1.0
8.0
27.0
21971.0
21.0
1.0
1.0
187.0
2.0
136.0
64.0
103.0
1.0
941.0
20.0
2.0
2.0
3.0
97.0
6.0
2.0
3.0
1.0
18.0
2.0
678.0
1.0
3.0
1.0
2341.0
1.0
13.0
1.0
1.0
2.0
817.0
88.0
3.0
2.0
66.0
5.0
8.0
82.0
3.0
3.0
19.0
24.0
8.0
5.0
369.0
34.0
2.0
6.0
74.0
2.0
1.0
19.0
2.0
1.0
3356.0
17.0
1.0
2.0
1.0
15.0
8.0
1.0
2.0
1.0
2.0
1.0
2.0
21.0
6.0
17.0
5.0
2.0
61.0
17.0
1.0
3.0
8.0
1.0
3.0
30.0
5.0
292.0
8.0
69.0
1.0
1.0
2.0
1.0
1.0
1.0
18.0
6.0
5.0
611.0
45.0
5.0
4.0
2.0
5.0
13.0
3.0
29.0
3.0
1.0
231.0
5.0
1.0
10.0
24.0
70.0
2.0
2.0
12.0
31.0
1095.0
1.0
1.0
1.0
390.0
3.0
4.0
1.0
32.0
25.0
2.0
3.0
715.0
1.0
3.0
1.0
2.0
1.0
3.0
4.0
1.0
15.0
1.0
1.0
1.0
378.0
6.0
6.0
1.0
1.0
3.0
2.0
1.0
1.0
1640.0
7.0
1.0
2.0
65.0
176.0
1.0
2.0
1.0
1.0
436.0
5.0
1.0
1018.0
1.0
2.0
31.0
1018.0
1.0
1.0
4.0
4.0
3.0
56.0
1.0
9.0
21.0
3.0
5.0
75.0
77.0
272.0
3.0
3.0
17.0
3.0
5.0
421.0
10.0
3.0
4.0
3.0
15.0
596.0
2.0
1.0
19.0
3.0
1.0
4.0
67.0
2.0
483.0
9.0
164.0
18.0
403.0
3.0
4.0
227.0
898.0
6.0
1.0
3.0
3.0
66.0
1.0
1.0
2.0
1.0
1.0
1.0
6.0
27.0
1.0
2.0
24.0
9.0
3.0
13061.0
1.0
1.0
2.0
975.0
1.0
323.0
4.0
1138.0
3.0
2.0
4.0
3.0
1.0
7.0
1007.0
1.0
2.0
3.0
8.0
24.0
1.0
8.0
3.0
2.0
488.0
4.0
1.0
1.0
3.0
7.0
2.0
2.0
395.0
1.0
3.0
1.0
2.0
63.0
1.0
2.0
3.0
194.0
3.0
1.0
1.0
3.0
2391.0
3.0
1525.0
3.0
3.0
3.0
1.0
383.0
114.0
1.0
3.0
186.0
5.0
509.0
11.0
44.0
97.0
3.0
1.0
2.0
1.0
3.0
2.0
24.0
1.0
2.0
3.0
1.0
3.0
3.0
1.0
260.0
3.0
542.0
1343.0
668.0
1.0
2.0
1.0
3.0
2.0
1.0
1.0
1.0
2.0
53.0
2.0
2.0
55.0
2.0
12.0
2.0
8.0
2100.0
1.0
2.0
2.0
533.0
9.0
5.0
8.0
299.0
1.0
105.0
7.0
1.0
1.0
3.0
17.0
5.0
2.0
85.0
19.0
1.0
4002.0
1.0
288.0
25.0
46.0
2.0
3.0
3.0
19.0
1.0
1.0
32.0
1.0
1.0
3.0
33.0
538.0
9.0
4.0
1.0
1.0
2.0
65.0
2.0
2.0
2.0
1.0
3.0
1.0
288.0
27.0
1.0
47.0
1.0
3.0
172.0
31.0
417.0
14.0
1.0
2.0
1.0
1.0
3.0
1.0
3.0
1266.0
9.0
1.0
1.0
246.0
14.0
1.0
1.0
1.0
3.0
1569.0
2.0
1.0
6.0
55.0
1.0
1.0
67.0
3.0
9.0
1.0
16.0
3.0
3.0
571.0
29.0
8.0
1.0
1.0
1.0
274.0
2.0
6.0
301.0
3.0
1.0
1.0
91.0
4.0
1.0
6.0
1.0
1.0
46.0
4.0
1.0
5.0
439.0
14.0
9.0
596.0
3.0
4452.0
4.0
10.0
10.0
2.0
4.0
1.0
841.0
1.0
305.0
87.0
4.0
9.0
1.0
3.0
13891.0
3.0
21.0
1.0
2.0
1.0
1.0
1.0
1.0
51.0
1.0
2.0
3.0
3.0
6.0
1.0
10.0
24.0
88.0
76.0
1.0
1.0
1083.0
1.0
8.0
14.0
22.0
195.0
64.0
2.0
1.0
1669.0
20.0
23.0
8677.0
3.0
1.0
940.0
1.0
4.0
119.0
71.0
1.0
26.0
8.0
2.0
2705.0
9.0
1.0
1.0
7.0
663.0
1.0
248.0
2.0
2.0
2.0
2.0
1.0
172.0
6.0
3.0
2.0
7.0
25.0
748.0
198.0
4.0
1.0
2.0
3.0
10.0
314.0
16.0
1.0
4.0
9.0
1.0
1111.0
1.0
1.0
1.0
1.0
2.0
5.0
31.0
1.0
1.0
1.0
1.0
1.0
2.0
1.0
244.0
1.0
19.0
1.0
1.0
2.0
643.0
3.0
864.0
5.0
1.0
3.0
3.0
1.0
16.0
302.0
1.0
77.0
7043.0
1.0
39.0
3.0
1.0
69.0
26.0
1.0
127.0
106.0
1.0
1.0
1.0
2.0
28.0
4.0
1.0
1.0
19155.0
8.0
1.0
1022.0
10.0
3.0
234.0
9.0
3.0
38.0
7.0
1.0
4.0
1.0
1.0
9.0
60.0
253.0
1.0
1.0
1.0
4.0
24.0
651.0
3.0
3.0
1.0
2.0
1.0
55.0
7.0
132.0
21.0
1.0
36.0
2.0
3.0
8.0
2.0
2.0
1.0
35.0
1.0
29.0
3.0
1.0
1.0
4.0
4.0
3.0
1.0
3.0
8.0
1.0
2.0
1.0
1.0
4.0
1.0
6.0
176.0
18.0
84.0
1.0
716.0
97.0
5.0
18.0
4.0
1.0
1.0
3.0
23.0
72.0
2.0
69.0
185.0
3.0
1.0
7.0
3308.0
32.0
3.0
16.0
189.0
2.0
1.0
2.0
1032.0
1.0
1.0
1.0
2.0
192.0
79.0
3.0
13.0
1.0
4.0
1.0
2.0
1.0
1.0
4.0
5.0
63.0
300.0
7.0
5.0
1.0
1.0
1.0
53.0
58.0
3.0
4.0
52.0
1.0
3.0
1.0
5.0
3.0
688.0
287.0
12.0
8.0
1.0
3.0
3.0
89.0
160.0
34.0
3.0
1.0
3.0
17.0
73.0
296.0
4.0
3.0
3.0
1.0
1240.0
1.0
3.0
19.0
1.0
3.0
1.0
3.0
120.0
2.0
3.0
1285.0
510.0
3.0
10.0
3.0
1.0
131.0
2.0
3.0
25.0
1.0
282.0
3.0
37.0
1.0
2.0
292.0
1.0
1.0
81.0
31.0
1.0
81.0
14.0
1.0
3.0
10.0
4.0
1.0
6.0
3.0
41.0
125.0
1017.0
3.0
2.0
1.0
2.0
1.0
20.0
3.0
42.0
42.0
446.0
1.0
509.0
37.0
19.0
3.0
1.0
1.0
19.0
4.0
3961.0
1.0
25.0
73.0
273.0
754.0
10.0
1.0
2.0
1.0
1.0
4711.0
728.0
553.0
2.0
1.0
7535.0
7.0
4.0
255.0
2.0
1.0
186.0
1.0
548.0
3.0
2.0
1.0
1.0
2.0
2.0
3.0
3.0
24.0
9.0
85.0
361.0
2.0
8.0
24.0
1.0
3.0
17.0
13.0
1.0
22.0
3.0
2.0
6.0
1.0
3.0
3.0
7.0
2.0
6.0
3.0
512.0
1.0
8.0
1606.0
1.0
3.0
3.0
6.0
2.0
6.0
3.0
21.0
1225.0
8.0
8.0
3.0
200.0
1.0
3.0
3.0
26.0
3.0
33.0
21.0
461.0
547.0
124.0
116.0
1.0
2.0
79.0
11.0
3.0
779.0
81.0
19.0
2.0
21.0
13.0
1.0
3.0
20.0
23.0
1102.0
9.0
2.0
7.0
1.0
10.0
178.0
7.0
107.0
173.0
2.0
17.0
3.0
561.0
1.0
5.0
34.0
2.0
7.0
8.0
2.0
6.0
1.0
9.0
1.0
2812.0
4.0
1.0
2.0
731.0
3.0
1.0
2.0
3.0
1.0
5.0
1.0
1.0
52.0
2.0
17.0
1.0
601.0
4.0
1.0
720.0
8.0
113.0
1.0
783.0
1.0
18.0
2.0
254.0
370.0
9.0
2.0
14.0
1.0
22.0
1836.0
30.0
35.0
61.0
7.0
2.0
6.0
1.0
6.0
132.0
1497.0
4.0
4.0
260.0
2.0
3.0
1.0
1.0
8.0
1176.0
6.0
94.0
1.0
1.0
9.0
529.0
240.0
1.0
3.0
3.0
1.0
1.0
4.0
2.0
1.0
1.0
2.0
128.0
1.0
526.0
9.0
137.0
12.0
25.0
2.0
3.0
4.0
410.0
3.0
1.0
1.0
1683.0
351.0
1.0
3.0
8.0
1.0
11.0
16.0
12.0
2.0
1.0
227.0
1.0
2.0
7.0
1.0
19.0
1.0
961.0
102.0
1.0
1.0
2.0
6.0
3.0
5.0
3.0
3.0
1.0
1.0
8.0
1.0
3.0
1.0
2.0
278.0
3.0
2.0
31.0
1.0
779.0
1.0
338.0
1.0
1090.0
61.0
1.0
9.0
2824.0
1.0
3.0
6.0
31.0
1.0
862.0
2.0
1.0
715.0
2.0
3.0
14.0
1.0
1.0
2.0
2.0
68.0
107.0
41.0
1.0
2.0
2.0
19.0
2.0
1843.0
2.0
7.0
3.0
65.0
6.0
1.0
2.0
25.0
14.0
1.0
1.0
5.0
9.0
3.0
5.0
13574.0
1031.0
105.0
1.0
2474.0
1.0
1047.0
1.0
3.0
1.0
5.0
3.0
10.0
1.0
301.0
3.0
2.0
3.0
2.0
1.0
1.0
1.0
2.0
1.0
3.0
1.0
1.0
3.0
1.0
1860.0
2.0
3.0
2616.0
2.0
620.0
44.0
3.0
44.0
13.0
9.0
1.0
8.0
3.0
5.0
3.0
12.0
764.0
20.0
1505.0
122.0
20.0
3.0
1.0
1030.0
1.0
17.0
10.0
3.0
87.0
50.0
960.0
15.0
33.0
3.0
4.0
1.0
1.0
3.0
30.0
8.0
3.0
1.0
43.0
1.0
2.0
2.0
28.0
11048.0
1775.0
2.0
828.0
5.0
3.0
28.0
109.0
3.0
3.0
1.0
6.0
1.0
1.0
58.0
3.0
1352.0
8.0
154.0
5.0
9.0
8.0
1.0
10.0
4.0
8.0
40.0
56.0
3.0
374.0
9.0
207.0
1367.0
5.0
4.0
1.0
1.0
1.0
41.0
3.0
5.0
368.0
292.0
3.0
34.0
46.0
330.0
55.0
1.0
2851.0
9.0
2.0
1.0
1.0
1.0
1.0
7.0
1.0
6.0
3.0
3.0
4.0
2.0
22.0
5.0
1.0
1.0
29.0
1.0
363.0
351.0
1291.0
27.0
5.0
7.0
10.0
1.0
1.0
3.0
3.0
3.0
3.0
109.0
3.0
4.0
1.0
78.0
3.0
1.0
4.0
113.0
1.0
1.0
4.0
4.0
1.0
1.0
313.0
3.0
21.0
1.0
2671.0
1.0
3.0
2.0
1.0
571.0
1.0
45.0
232.0
1213.0
3.0
1.0
6.0
10.0
1591.0
1.0
2.0
4.0
4.0
2.0
1027.0
70.0
2.0
18.0
32.0
1.0
1.0
5.0
99.0
12.0
1.0
1.0
2.0
69.0
1.0
3.0
11.0
2.0
4.0
2.0
10.0
1.0
4.0
612.0
1.0
1.0
27.0
97.0
8.0
3.0
1.0
81.0
181.0
2.0
53.0
1.0
3150.0
15.0
1.0
1.0
14.0
1.0
9.0
39.0
9.0
1.0
3.0
1.0
5.0
1.0
4.0
4.0
7.0
3.0
117.0
3.0
3.0
2.0
1.0
2.0
1.0
3.0
3.0
1.0
737.0
4.0
1.0
2.0
9.0
10.0
3.0
4.0
163.0
292.0
1.0
2.0
1.0
5.0
7.0
6.0
1.0
8.0
1.0
1.0
7.0
6.0
3.0
3.0
1.0
1.0
112.0
9.0
5.0
99.0
1.0
4.0
3.0
1.0
1.0
2.0
59.0
3.0
1.0
1.0
3.0
523.0
22.0
9.0
1.0
1.0
3.0
1.0
741.0
3.0
15.0
1.0
2.0
7.0
1.0
772.0
2.0
36.0
3.0
5.0
1.0
6.0
1.0
3.0
3.0
6.0
1.0
1159.0
34.0
20.0
3.0
3.0
21.0
3.0
1.0
3.0
15690.0
1136.0
7.0
1.0
2.0
3.0
1.0
3.0
2.0
7.0
11.0
30.0
3.0
29.0
282.0
58.0
12.0
9.0
3.0
121.0
1.0
27.0
2538.0
512.0
2.0
42.0
65.0
11.0
3.0
7.0
1.0
19.0
25.0
10.0
2.0
2.0
1.0
8.0
88.0
1.0
1.0
1.0
585.0
25.0
108.0
1.0
1.0
1068.0
1.0
3.0
1087.0
45.0
1.0
101.0
3.0
3.0
1.0
55.0
1337.0
203.0
7.0
1.0
1126.0
4.0
74.0
1.0
12.0
284.0
19.0
1.0
3.0
1.0
257.0
61.0
1.0
1.0
1.0
3.0
12.0
1.0
1.0
1.0
4.0
11.0
1.0
3.0
3.0
1.0
6.0
15.0
153.0
3.0
3.0
4.0
1.0
16.0
29.0
9.0
99.0
1.0
4.0
470.0
3.0
227.0
1.0
3.0
863.0
3.0
125.0
5.0
4.0
941.0
6.0
3.0
14.0
1.0
7679.0
4.0
2.0
1.0
2.0
17.0
67.0
1.0
2.0
8.0
1.0
152.0
3.0
515.0
1.0
4.0
1.0
107.0
9.0
7.0
208.0
3278.0
6.0
3.0
4.0
5.0
3.0
5.0
1.0
342.0
3.0
1.0
23.0
65.0
3.0
4.0
172.0
9.0
29.0
1.0
1.0
1.0
3.0
65.0
3.0
1.0
6.0
14.0
2.0
157.0
3.0
35.0
2.0
1.0
1976.0
1.0
19.0
1.0
71.0
3.0
29.0
2.0
3.0
1.0
13.0
2.0
1.0
3.0
1.0
6.0
770.0
32.0
2.0
2.0
125.0
737.0
111.0
1.0
3.0
2.0
14.0
5.0
1.0
3.0
282.0
1.0
3.0
1.0
434.0
14.0
3.0
1.0
2.0
11.0
106.0
136.0
4.0
171.0
1.0
1.0
3.0
1.0
3.0
6.0
589.0
103.0
2.0
17.0
22.0
14.0
1547.0
1.0
3.0
7.0
400.0
3.0
1.0
753.0
15.0
1.0
1.0
3.0
310.0
3.0
8.0
1.0
1.0
8056.0
28.0
3.0
17.0
12.0
2.0
1.0
1726.0
42.0
1.0
9.0
231.0
590.0
1.0
1.0
2.0
3.0
7.0
32.0
11.0
1.0
15.0
3.0
11.0
1.0
3.0
1.0
1.0
1.0
1657.0
86.0
1.0
1.0
781.0
1.0
152.0
3.0
14.0
5.0
1.0
3.0
7.0
10.0
1834.0
131.0
2.0
9.0
2.0
1.0
5.0
3.0
1.0
2795.0
1856.0
1.0
1.0
3.0
2.0
3.0
4.0
15.0
377.0
1.0
421.0
198.0
91.0
3.0
3.0
3.0
1.0
214.0
39.0
4.0
24.0
2.0
11.0
11.0
3.0
23.0
1.0
3.0
8.0
1.0
2.0
1.0
701.0
1.0
3.0
832.0
8.0
1.0
6.0
3.0
1.0
1.0
120.0
1.0
2.0
61.0
54.0
1.0
6.0
3.0
1.0
2.0
4.0
3.0
3.0
4.0
80.0
3.0
5.0
1.0
1.0
1.0
299.0
1.0
12.0
9.0
133.0
1.0
7.0
2.0
1.0
3.0
1.0
3.0
1.0
2.0
17.0
97.0
3.0
1.0
24.0
6.0
1.0
23.0
3.0
33.0
22.0
353.0
2.0
1.0
1002.0
1.0
2.0
24.0
9.0
1.0
5.0
2.0
1.0
1538.0
2.0
2.0
47.0
2.0
5.0
15.0
3.0
3.0
9.0
16.0
18.0
2461.0
1.0
45.0
4.0
2.0
99625.0
351.0
2.0
1.0
10.0
1.0
535.0
54.0
1.0
9.0
27.0
1.0
77.0
2.0
11.0
1.0
2.0
1.0
1.0
2.0
137.0
7255.0
1.0
485.0
3.0
944.0
6.0
7.0
1.0
1.0
3.0
103.0
5.0
8.0
17.0
3.0
3.0
118.0
2.0
3.0
1.0
1.0
313.0
6.0
71.0
38.0
2.0
2.0
1.0
9.0
101.0
3.0
1059.0
59.0
1.0
443.0
3.0
8.0
1.0
75.0
104.0
91.0
1.0
4.0
2.0
505.0
1.0
1.0
242.0
82.0
4.0
374.0
2.0
1.0
5.0
1451.0
14.0
481.0
4.0
1.0
1.0
4633.0
1.0
10.0
5.0
3.0
1082.0
1.0
13.0
1.0
28.0
63.0
3.0
1.0
6.0
1.0
1.0
16.0
54.0
16.0
111.0
65.0
1.0
3.0
77.0
298.0
4.0
19.0
15.0
515.0
1.0
2.0
7.0
157.0
4.0
101.0
1.0
1.0
2.0
4.0
4.0
1.0
3.0
1.0
3.0
44.0
2.0
1.0
3.0
33.0
902.0
126.0
2870.0
17.0
3.0
3.0
1.0
2.0
1.0
1.0
1.0
721.0
8.0
9.0
16.0
3.0
6.0
3.0
56.0
295.0
65.0
64.0
1.0
54.0
1.0
7.0
1.0
36.0
1.0
3.0
106.0
3.0
3.0
1.0
1.0
2.0
2.0
1.0
731.0
2.0
1.0
2.0
43.0
5.0
1.0
24.0
960.0
3.0
2.0
6.0
2.0
7.0
2.0
3.0
17.0
2.0
2.0
2.0
36.0
516.0
11.0
74.0
1.0
391.0
1.0
4.0
3.0
1.0
3.0
300.0
2.0
2.0
1159.0
11074.0
1.0
6.0
45.0
1.0
1.0
1615.0
19.0
3.0
1.0
1.0
16.0
21.0
3.0
176.0
3.0
2.0
6061.0
2.0
1.0
3.0
3.0
3.0
32.0
8.0
6.0
26.0
1.0
1.0
3.0
1.0
3.0
58.0
4.0
5.0
2.0
24.0
2178.0
1.0
2.0
8.0
1.0
3.0
3.0
319.0
1.0
2.0
29.0
1.0
3.0
3.0
51.0
62.0
24.0
19.0
379.0
296.0
102.0
3.0
8.0
920.0
21358.0
1.0
57.0
3.0
3.0
1475.0
1.0
5.0
316.0
2.0
307.0
5.0
186.0
1.0
7.0
404.0
2.0
3.0
1.0
5.0
4.0
1.0
23.0
288.0
17.0
1.0
1.0
1.0
1.0
20.0
1806.0
16.0
1.0
16.0
30.0
1.0
8.0
3.0
2.0
1.0
202.0
3.0
655.0
3.0
1.0
65.0
1.0
102.0
579.0
123.0
1.0
3.0
36.0
557.0
24.0
6.0
1852.0
3.0
1.0
1.0
75.0
9.0
15.0
88.0
49.0
1.0
453.0
1.0
3.0
4.0
1222.0
4.0
1.0
3.0
7.0
2.0
2.0
2.0
55.0
32.0
482.0
2.0
69.0
2.0
40.0
4.0
753.0
313.0
1.0
3.0
2.0
67.0
13.0
3.0
3.0
6398.0
4.0
1016.0
22.0
1.0
2.0
3.0
34.0
1.0
1.0
11.0
1.0
13.0
17.0
3.0
55.0
4.0
20.0
33.0
5.0
10.0
868.0
5.0
1.0
1.0
2.0
3.0
48.0
8.0
46.0
33.0
155.0
3.0
1.0
8.0
351.0
251.0
1976.0
7.0
2.0
30.0
5.0
3.0
1.0
3.0
1.0
16.0
55.0
6.0
260.0
42.0
3.0
21.0
2.0
74.0
2.0
16.0
3.0
3.0
4.0
4.0
110.0
337.0
2.0
50.0
5.0
1816.0
1.0
4.0
29.0
1.0
40.0
52.0
4.0
69.0
1.0
3.0
12.0
3.0
4.0
2.0
3.0
3.0
115.0
621.0
2.0
1.0
3.0
2.0
1.0
1.0
379.0
8.0
248.0
65.0
1.0
2122.0
1.0
2.0
288.0
4.0
381.0
75.0
3.0
1.0
3.0
3.0
289.0
154.0
292.0
3.0
2.0
4.0
2.0
6.0
16.0
1.0
2.0
5.0
48.0
3.0
7.0
2.0
24.0
2.0
8.0
616.0
1.0
1117.0
1748.0
1.0
4.0
1.0
1.0
55.0
8.0
1.0
2.0
1.0
3.0
29.0
3.0
18.0
1.0
1687.0
40.0
3.0
19.0
23.0
8.0
4.0
5.0
7.0
2.0
4.0
8.0
1.0
17.0
1.0
2.0
104.0
1.0
1.0
74.0
1.0
2.0
1.0
1.0
3.0
5.0
3.0
4.0
26.0
554.0
16.0
4898.0
1.0
1298.0
87.0
1.0
3.0
24.0
1.0
69.0
1.0
1.0
2.0
2.0
3.0
1.0
51.0
556.0
3.0
3.0
63.0
161.0
33.0
2.0
3.0
1.0
165.0
1.0
5.0
818.0
154.0
1.0
4.0
779.0
1.0
3.0
10.0
1.0
3.0
31.0
2.0
3.0
1.0
248.0
274.0
1.0
1.0
1.0
5.0
2.0
42.0
4.0
1.0
421.0
15.0
8.0
2.0
219.0
1.0
1.0
1.0
3.0
771.0
311.0
604.0
1.0
5.0
17.0
3.0
2.0
1.0
35.0
33.0
1.0
3766.0
1.0
58.0
162.0
6.0
1.0
13.0
2.0
1065.0
1.0
5.0
1.0
3.0
1.0
13.0
12.0
1.0
3.0
61.0
1.0
5.0
3.0
3.0
82.0
1.0
1.0
3.0
1.0
4.0
3.0
686.0
1.0
1.0
3.0
1.0
1.0
3.0
4.0
180.0
1.0
1.0
1265.0
376.0
3.0
1.0
4223.0
68.0
1.0
2.0
3.0
135.0
1.0
4.0
2.0
1.0
1.0
3.0
3.0
354.0
19.0
10.0
2.0
600.0
1.0
3.0
3.0
712.0
5.0
48.0
14.0
1.0
1.0
4.0
8.0
316.0
5.0
3.0
1.0
3.0
5.0
2645.0
77.0
10.0
152.0
62.0
19.0
2.0
3.0
1.0
6.0
3.0
874.0
2.0
75.0
1.0
156.0
32.0
943.0
3.0
66.0
16.0
515.0
3.0
913.0
247.0
796.0
102.0
73.0
311.0
20.0
1.0
9.0
1.0
1.0
1.0
2.0
18.0
14.0
1.0
13.0
1.0
3.0
1.0
9.0
3.0
5.0
33.0
310.0
9.0
1.0
10.0
3.0
3.0
1159.0
77.0
1619.0
4460.0
379.0
4.0
1.0
547.0
9.0
66.0
3.0
1.0
2.0
14.0
61.0
2.0
124.0
1.0
3.0
5.0
35.0
3.0
2.0
74.0
783.0
6704.0
97.0
30.0
580.0
96.0
438.0
1.0
1.0
79.0
3.0
1.0
47.0
3.0
4.0
2.0
4.0
17.0
3.0
389.0
2.0
4.0
6731.0
3.0
606.0
3.0
3.0
1.0
38.0
320.0
12.0
17.0
3.0
41.0
4.0
6.0
3.0
2.0
205.0
257.0
14.0
1185.0
1.0
23.0
174.0
24.0
1.0
3.0
1569.0
11.0
354.0
5.0
2.0
1.0
278.0
2.0
1.0
1.0
333.0
1269.0
1.0
79.0
3.0
58.0
2.0
3.0
1.0
17.0
16.0
23.0
669.0
2290.0
3.0
143.0
1.0
1.0
3.0
16.0
6.0
4.0
555.0
1.0
269.0
4.0
4.0
73.0
24.0
5.0
3.0
17.0
3.0
59.0
20.0
1.0
1.0
3.0
3.0
1462.0
137.0
1.0
73.0
14.0
1.0
3.0
4.0
1.0
11.0
2.0
3994.0
1.0
1.0
282.0
112.0
32.0
687.0
3.0
3.0
1.0
1.0
1.0
2.0
10.0
31.0
79.0
2.0
7.0
2.0
2.0
30.0
2.0
242.0
2.0
1.0
1.0
1.0
3.0
167.0
37.0
205.0
4.0
10.0
17.0
2.0
3.0
17.0
3.0
1.0
3.0
128.0
24.0
1.0
1.0
4540.0
3.0
1.0
177.0
2.0
7.0
1621.0
3.0
10.0
21.0
15.0
30.0
3.0
9.0
1.0
2.0
7.0
5.0
4.0
1.0
3.0
3.0
1.0
351.0
1.0
2.0
2.0
49.0
62.0
1.0
3.0
2.0
1.0
21.0
1.0
2.0
72.0
288.0
1.0
1.0
1.0
1765.0
8.0
10.0
2.0
6.0
1.0
2.0
51.0
20.0
421.0
1.0
2.0
2.0
1.0
1.0
3.0
1.0
2.0
12.0
3.0
38.0
21.0
1.0
1.0
11.0
547.0
34.0
3.0
328.0
1.0
1.0
124.0
11.0
214.0
7.0
42.0
23.0
13.0
17.0
351.0
3.0
47.0
531.0
1.0
13.0
87.0
1.0
16.0
1.0
12.0
582.0
4.0
54.0
282.0
48.0
7.0
2735.0
2.0
1.0
102.0
108.0
10.0
4.0
586.0
1.0
1.0
12.0
1.0
106.0
8.0
73.0
1039.0
2.0
2.0
28.0
10.0
2.0
11.0
1.0
6.0
2.0
1.0
1001.0
2.0
12.0
8.0
3.0
16.0
322.0
3.0
1.0
1.0
3.0
1.0
2.0
154.0
3.0
6.0
2.0
3.0
2.0
7.0
75.0
3.0
3.0
3.0
4.0
13181.0
5.0
89.0
967.0
29.0
22.0
162.0
12.0
75.0
1.0
1.0
3.0
36.0
23.0
3.0
6.0
7.0
1116.0
1018.0
14.0
6.0
2.0
75.0
4.0
7.0
888.0
4.0
3.0
25.0
7.0
16.0
19.0
2.0
1.0
92.0
2803.0
1.0
1.0
3.0
37.0
1.0
107.0
2.0
10.0
39.0
3.0
40.0
202.0
82.0
135.0
59.0
12.0
30.0
67.0
553.0
6.0
167.0
1.0
3.0
8.0
67.0
1763.0
14.0
1.0
1.0
166.0
1.0
18.0
1.0
1.0
1.0
3.0
69.0
2.0
1.0
2.0
1.0
3.0
2131.0
948.0
9.0
3.0
1.0
2196.0
3.0
3.0
130.0
906.0
3.0
3.0
125.0
1.0
265.0
3.0
3.0
10.0
3.0
4.0
104.0
32.0
132.0
1.0
7.0
1.0
1.0
3.0
69.0
30.0
1008.0
1.0
1.0
4.0
3.0
8.0
3.0
19.0
3.0
54.0
2.0
24.0
3.0
10.0
3783.0
3.0
2.0
295.0
11.0
118.0
8.0
1.0
14.0
6.0
3.0
1.0
11.0
25.0
3.0
2.0
692.0
3.0
305.0
19.0
54.0
34.0
1.0
640.0
3.0
10.0
1.0
396.0
5.0
33.0
1.0
2.0
1.0
2.0
1.0
1.0
1078.0
7.0
21.0
1.0
6.0
179.0
769.0
9.0
1.0
22.0
1.0
3.0
1.0
1.0
52.0
12.0
172.0
1.0
3.0
1.0
10.0
3.0
23.0
24.0
1.0
4.0
1.0
3.0
1.0
17.0
3.0
1669.0
1.0
2.0
5.0
1.0
374.0
6.0
3.0
1.0
5054.0
33.0
8.0
10.0
2.0
3.0
3.0
1.0
1426.0
1.0
1.0
4.0
5.0
10.0
22.0
5.0
3.0
1.0
882.0
1.0
3.0
7.0
81.0
3.0
7.0
9.0
4.0
8.0
2.0
43.0
5.0
3.0
85.0
1.0
3.0
288.0
1.0
3.0
8.0
41.0
1.0
4.0
1.0
2529.0
696.0
35.0
2.0
4.0
2.0
5.0
1.0
17.0
2.0
1.0
3.0
16.0
1.0
467.0
51.0
438.0
7.0
2.0
1.0
6.0
274.0
46.0
3.0
7.0
842.0
1.0
557.0
1.0
1.0
56.0
3.0
69.0
5.0
4337.0
21.0
1.0
2.0
1.0
1.0
3.0
5.0
1.0
64.0
6.0
1.0
20.0
2.0
3.0
4.0
6.0
2.0
2.0
15.0
13.0
3.0
445.0
1.0
3.0
2.0
3.0
1.0
3.0
60.0
10.0
1.0
1.0
1.0
1.0
338.0
5.0
10.0
38.0
5.0
1224.0
5.0
10.0
3.0
1088.0
2.0
2.0
1.0
4.0
3.0
1.0
1.0
591.0
3.0
133.0
1.0
17.0
719.0
1.0
3.0
1.0
170.0
10.0
3.0
29.0
1.0
3.0
4.0
1.0
10.0
1.0
142.0
121.0
11.0
624.0
4.0
2.0
1.0
33.0
1521.0
1.0
12.0
16.0
17.0
2.0
1.0
384.0
12.0
1141.0
1.0
11.0
153.0
3.0
2.0
1.0
7.0
1.0
3.0
2.0
1.0
1.0
97.0
6.0
24.0
3.0
10.0
3.0
1.0
20.0
1.0
794.0
14.0
6.0
682.0
4.0
358.0
1.0
1.0
1.0
8.0
3.0
3.0
1.0
184.0
351.0
7.0
1.0
2.0
2.0
1.0
3.0
313.0
201.0
1.0
1.0
3.0
37.0
75.0
21.0
1.0
24.0
2.0
9.0
18.0
3.0
1.0
1.0
1.0
7.0
232.0
1.0
24.0
1.0
3.0
1198.0
2.0
542.0
7.0
25.0
2.0
19831.0
5.0
1.0
85.0
3.0
4.0
1.0
1.0
98.0
3.0
40.0
19.0
14.0
12.0
1.0
36.0
11.0
1.0
2.0
149.0
26.0
11.0
44.0
14.0
963.0
2.0
1.0
38614.0
2.0
1230.0
10.0
1.0
3.0
1.0
11.0
209.0
1.0
2.0
4.0
278.0
14.0
3.0
507.0
1.0
2677.0
13.0
2.0
3.0
4.0
2.0
20.0
63.0
4.0
6.0
18.0
2.0
749.0
6.0
1.0
262.0
33.0
1.0
1.0
1.0
3.0
1.0
1.0
1.0
36.0
5.0
27.0
3.0
632.0
1.0
1.0
4.0
15975.0
1.0
3.0
1.0
1.0
1.0
167.0
75.0
3.0
1.0
22.0
2.0
3.0
54.0
2.0
1.0
15.0
4.0
3.0
127.0
1600.0
8.0
6.0
10.0
32.0
1.0
1.0
12.0
1.0
517.0
19.0
12.0
3.0
3.0
1.0
1.0
1.0
5.0
2.0
2.0
11.0
8.0
1.0
2.0
2.0
1.0
1.0
2.0
21.0
1.0
11.0
9.0
4.0
58.0
3.0
166.0
3.0
1.0
1.0
8.0
1.0
1.0
1.0
36.0
1.0
3.0
15.0
10.0
5.0
1.0
567.0
3.0
131.0
1256.0
3.0
5.0
1.0
1.0
1.0
1.0
96.0
3.0
971.0
5.0
2.0
69.0
1.0
1.0
3.0
8.0
5.0
10.0
19.0
4.0
42.0
1.0
1.0
7.0
1.0
17165.0
12.0
1.0
1.0
1.0
11.0
1.0
3.0
1.0
4.0
2.0
521.0
458.0
1.0
1.0
2.0
89.0
1.0
6.0
4.0
5.0
6.0
1.0
18.0
12.0
33.0
3.0
17.0
52.0
2.0
1420.0
25.0
3.0
1.0
10.0
4.0
2.0
1.0
566.0
4.0
1.0
3.0
14.0
3.0
3.0
1.0
1.0
2.0
2.0
3.0
107.0
3.0
3.0
21.0
1.0
201.0
1684.0
102.0
1.0
56.0
3.0
12.0
1337.0
1.0
4.0
9.0
2.0
3.0
3434.0
11.0
3.0
232.0
2.0
6.0
2.0
1.0
2.0
2.0
24.0
2347.0
3.0
31.0
338.0
2.0
2.0
1.0
3.0
2.0
3.0
968.0
1.0
1.0
3.0
1063.0
3.0
15.0
1.0
1174.0
336.0
7.0
1.0
7.0
1.0
7.0
1.0
3.0
300.0
3.0
17.0
3.0
7.0
3.0
3.0
4.0
1.0
3.0
282.0
1.0
996.0
56.0
13.0
74.0
1.0
1.0
2.0
14.0
26.0
3.0
16.0
3.0
5.0
537.0
2.0
2.0
1.0
9.0
6.0
101.0
1.0
2.0
4537.0
451.0
399.0
3.0
238.0
6.0
5.0
4.0
473.0
1097.0
1.0
1.0
155.0
762.0
1.0
1.0
34.0
6.0
23.0
1511.0
21.0
1.0
816.0
1944.0
1.0
4.0
716.0
4.0
73.0
3727.0
3.0
23.0
62.0
7.0
1.0
1.0
3.0
157.0
9.0
38.0
9.0
1622.0
1.0
1.0
663.0
166.0
3.0
9.0
3.0
2.0
1.0
583.0
6.0
18.0
25.0
66.0
1.0
5.0
3.0
24.0
13818.0
1.0
887.0
21.0
1.0
1.0
4.0
16.0
282.0
37.0
441.0
1.0
3.0
55.0
173.0
1107.0
2.0
19.0
3.0
3.0
15.0
66.0
1134.0
3.0
8.0
7.0
2819.0
1.0
17.0
5.0
1.0
10001.0
1.0
3.0
832.0
233.0
1.0
1.0
3.0
4.0
170.0
43.0
67.0
1.0
30.0
1.0
31.0
71.0
16651.0
3.0
48.0
22.0
1.0
780.0
3.0
34.0
1687.0
2.0
1.0
3.0
1.0
2.0
3.0
15.0
1.0
8.0
2.0
42.0
38.0
1.0
133.0
3.0
3.0
3.0
2.0
6.0
158.0
512.0
47241.0
5.0
39.0
55.0
2.0
1.0
18.0
2.0
7.0
3.0
77.0
288.0
99.0
1.0
1.0
152.0
2.0
2.0
973.0
1.0
1.0
2.0
3.0
1.0
1.0
188.0
1.0
3.0
1.0
2.0
1.0
3.0
1.0
3.0
13.0
737.0
31.0
25.0
1.0
3.0
35.0
2.0
1.0
3.0
1.0
2.0
3.0
1.0
813.0
351.0
8.0
1.0
1.0
3.0
295.0
3.0
3.0
2.0
1.0
3.0
1.0
7.0
2.0
21.0
14.0
419.0
44.0
9581.0
76.0
4.0
2.0
415.0
2.0
3.0
3.0
2.0
1.0
152.0
423.0
8.0
6.0
9.0
6188.0
1.0
6.0
8.0
15.0
24.0
3.0
1.0
12.0
1.0
9.0
1.0
3362.0
1.0
1.0
5.0
1.0
9.0
3.0
14.0
1.0
3.0
2.0
1.0
1.0
3.0
2.0
1074.0
1.0
1.0
3.0
3.0
1795.0
3.0
1.0
1.0
34.0
5.0
1.0
40.0
1.0
42.0
63.0
1.0
27.0
3.0
1059.0
1.0
3.0
1.0
9.0
2.0
1.0
6.0
211.0
1.0
1.0
3.0
24.0
2.0
5.0
6.0
443.0
5110.0
1121.0
4.0
1.0
3.0
1.0
47.0
6.0
1.0
8.0
78.0
9.0
1.0
38.0
1.0
49.0
1.0
5.0
1.0
1.0
1.0
12.0
1.0
2.0
28.0
3.0
2.0
3.0
1.0
4.0
2.0
9.0
232.0
1.0
16.0
2.0
103.0
4.0
2.0
338.0
1.0
1.0
2.0
7.0
19.0
4.0
1.0
5.0
150415.0
6.0
1.0
9.0
2.0
2.0
661.0
190.0
14.0
138.0
288.0
722.0
10.0
1.0
4.0
3.0
1.0
2.0
2.0
6.0
3.0
3.0
14.0
2.0
375.0
1.0
28.0
3.0
2.0
2.0
370.0
11.0
1.0
2.0
81.0
1.0
1.0
2.0
9.0
3.0
1.0
1.0
9.0
596.0
3.0
75.0
33.0
1.0
7.0
182.0
19.0
6.0
3.0
2.0
10423.0
9.0
3.0
1.0
30.0
338.0
1.0
3.0
2.0
2.0
27.0
7.0
1.0
76.0
254.0
622.0
3.0
27.0
3.0
10.0
351.0
1.0
36.0
9.0
1.0
14.0
2.0
5.0
32949.0
34.0
16.0
9.0
21.0
10.0
1.0
17.0
6.0
7.0
1.0
2.0
3.0
2.0
1.0
1.0
1.0
27.0
1.0
67.0
9.0
1.0
538.0
2162.0
1.0
1.0
3.0
15.0
2.0
1.0
668.0
9.0
2.0
6251.0
30.0
19.0
1059.0
24.0
384.0
1.0
428.0
157.0
2.0
1.0
3.0
1.0
1.0
3.0
961.0
1.0
27.0
3.0
4.0
3.0
4.0
36.0
1.0
1.0
364.0
1.0
1.0
9.0
3.0
6.0
1.0
1.0
2.0
1.0
2.0
1.0
3.0
2.0
12.0
4.0
3.0
5.0
535.0
3.0
6.0
285.0
89.0
1.0
2.0
5.0
3.0
4.0
22.0
1.0
6.0
4.0
1.0
3.0
3.0
56.0
1.0
837.0
1.0
21.0
318.0
3.0
5.0
2.0
3.0
52.0
19.0
1.0
5.0
4.0
1.0
1.0
1.0
295.0
121.0
56.0
8.0
63.0
2.0
63.0
3.0
2.0
3.0
9.0
2.0
1352.0
12.0
1117.0
354.0
2.0
4.0
2.0
3.0
8.0
1.0
37.0
1.0
7.0
1.0
10.0
1.0
3.0
2.0
1.0
1.0
140.0
4.0
1.0
2.0
135.0
1.0
1.0
1.0
3.0
3.0
9.0
1.0
241.0
1.0
4.0
9.0
14.0
1.0
1.0
4.0
1.0
1018.0
1.0
3.0
3.0
1.0
23.0
46.0
1.0
4.0
1.0
1.0
3.0
207.0
1.0
32.0
6.0
3.0
272.0
6.0
1.0
6.0
6.0
3.0
3.0
6.0
71.0
4.0
45.0
3.0
3.0
2319.0
3.0
305.0
28.0
1.0
1.0
14385.0
1057.0
1.0
338.0
8.0
8.0
1.0
2.0
11.0
3.0
45.0
1.0
2.0
682.0
4.0
1.0
117.0
3.0
29.0
2.0
2.0
36.0
1.0
1075.0
2.0
21.0
2.0
26.0
272.0
363.0
154.0
2674.0
136.0
1117.0
55.0
75.0
3.0
3139.0
781.0
3.0
1033.0
1.0
523.0
1.0
3.0
637.0
21.0
436.0
12.0
1120.0
2.0
3.0
86.0
6.0
2.0
1.0
8.0
3.0
3.0
22.0
22.0
16.0
1.0
547.0
1004.0
9.0
5.0
4.0
2.0
3.0
3.0
1.0
2.0
57.0
1.0
1.0
2440.0
1.0
2.0
3.0
76.0
2.0
9.0
8.0
484.0
6.0
95570.0
2.0
24.0
6.0
402.0
4.0
3.0
1.0
5.0
17.0
1.0
1.0
1.0
5.0
1.0
1.0
6.0
5006.0
1.0
1.0
1.0
8.0
1.0
7.0
15.0
1.0
2391.0
1.0
5.0
3.0
6.0
129.0
4.0
1.0
2.0
3.0
3.0
452.0
4.0
21.0
1.0
4.0
9.0
5.0
28.0
1.0
1.0
259.0
2049.0
1.0
3.0
37.0
3438.0
11.0
101.0
6.0
23.0
67.0
375.0
50.0
4.0
3.0
55.0
55.0
1.0
1.0
95.0
3.0
1.0
10.0
1.0
35.0
4.0
3.0
3.0
19.0
1.0
836.0
6.0
1.0
1.0
6.0
1.0
3473.0
717.0
2.0
1.0
94.0
105.0
1944.0
1.0
22.0
69.0
1.0
94.0
114.0
13.0
3.0
313.0
7.0
1.0
1.0
1.0
10.0
1.0
1.0
55.0
3.0
43.0
4.0
1.0
23.0
1018.0
1.0
1076.0
2.0
495.0
30.0
1.0
1.0
3.0
3.0
2.0
1.0
10.0
1.0
3.0
2.0
8.0
4612.0
4.0
1.0
11.0
31.0
84.0
9.0
4.0
355.0
573.0
6.0
3.0
75.0
3.0
88.0
190.0
3.0
3.0
40.0
313.0
8.0
1.0
1.0
296.0
3.0
4.0
2.0
2.0
108.0
19.0
3.0
11.0
3.0
236.0
1.0
6.0
1.0
8.0
1.0
46.0
6.0
1.0
3.0
225.0
367.0
94.0
1.0
2.0
19.0
1386.0
3.0
2.0
14.0
961.0
1.0
1.0
459.0
2.0
3.0
1.0
3.0
17.0
1.0
2.0
6.0
1.0
1.0
2.0
6.0
3.0
351.0
5.0
92.0
400.0
2.0
1.0
7.0
674.0
3.0
10.0
4.0
4.0
2.0
1.0
10.0
9678.0
494.0
220.0
7.0
3.0
1314.0
4.0
3.0
666.0
1.0
2.0
420.0
840.0
1.0
2.0
1.0
7.0
1422.0
4.0
263.0
9.0
63.0
70.0
1.0
9.0
1.0
1.0
1.0
17.0
52.0
1.0
2.0
3.0
4.0
1.0
1.0
2.0
2.0
3.0
1.0
2397.0
5.0
1.0
3.0
17.0
683.0
3.0
8.0
3.0
1.0
113.0
1010.0
9.0
1.0
22.0
1.0
19.0
2.0
138.0
4.0
2.0
1.0
2.0
3.0
1.0
1.0
1.0
2.0
90.0
2.0
1209.0
1.0
213.0
12.0
86.0
1.0
102.0
35.0
1.0
16.0
3.0
1.0
121.0
1.0
4.0
1.0
2.0
6.0
1.0
3.0
16.0
18.0
13.0
7.0
3.0
23.0
1.0
351.0
3.0
2.0
512.0
5.0
34.0
193.0
7.0
813.0
9.0
4.0
1574.0
271.0
10001.0
36.0
17.0
1.0
1.0
17.0
16.0
65.0
945.0
13.0
2.0
1.0
1.0
10.0
14.0
1.0
1.0
351.0
3.0
1.0
4.0
11.0
2.0
1.0
3.0
12.0
25.0
8.0
1.0
2.0
1004.0
15.0
2.0
1216.0
164.0
3.0
2.0
2.0
401.0
1.0
907.0
724.0
21.0
3.0
277.0
191.0
282.0
68.0
3.0
15.0
10.0
3.0
1.0
52.0
19.0
9.0
77.0
6.0
3.0
3.0
1.0
652.0
1.0
15.0
6.0
3.0
1.0
1.0
1.0
183.0
112.0
1.0
1.0
4.0
321.0
7.0
11.0
102.0
1.0
2.0
1041.0
4.0
2.0
1272.0
532.0
2.0
3.0
4.0
3.0
1.0
4.0
66.0
1.0
2.0
1.0
5.0
1.0
2.0
8.0
1.0
146.0
1.0
14.0
773.0
2681.0
3.0
3.0
1033.0
1.0
9.0
7.0
1.0
1.0
292.0
1887.0
2.0
1.0
6.0
1.0
2.0
296.0
152.0
6.0
1.0
1.0
2617.0
39.0
67.0
670.0
1.0
5.0
3.0
1.0
2.0
235.0
3.0
11.0
3.0
1.0
1.0
2.0
16.0
2.0
5.0
7.0
411.0
148.0
5.0
13.0
1.0
1.0
3.0
1.0
1.0
6.0
540.0
1.0
4.0
1.0
3.0
1.0
1.0
14.0
1.0
19.0
1.0
1140.0
1.0
3.0
3.0
1.0
1.0
16.0
20.0
2.0
50.0
118.0
3.0
4.0
87.0
696.0
1.0
1.0
14.0
7.0
4.0
288.0
1.0
1.0
11.0
1.0
8.0
611.0
9.0
1.0
16.0
4075.0
3.0
1.0
1.0
101.0
5.0
3.0
1.0
3.0
2.0
29.0
1.0
23.0
25.0
7.0
1707.0
5.0
337.0
1760.0
48.0
235.0
40.0
361.0
3.0
1.0
2.0
3.0
9.0
1.0
1513.0
1.0
2.0
22.0
2.0
948.0
12.0
10.0
9.0
2905.0
615.0
2.0
1.0
10.0
3494.0
2.0
1.0
3.0
1.0
3.0
280.0
182.0
56.0
1.0
4.0
2.0
1.0
892.0
1027.0
2.0
5.0
2.0
2.0
590.0
1.0
3.0
1.0
24.0
1.0
2.0
2.0
78.0
30.0
1981.0
2.0
905.0
3.0
3.0
10.0
3.0
1.0
1.0
15.0
1.0
4.0
27.0
208.0
1350.0
4.0
1.0
6.0
175.0
1.0
2.0
2.0
1.0
3.0
1.0
2059.0
1.0
1.0
2.0
1.0
185.0
1.0
3.0
1244.0
3.0
1.0
3.0
76.0
1.0
1.0
2.0
15.0
161.0
6.0
3.0
8.0
27.0
3.0
3.0
1.0
2.0
1.0
77.0
1.0
9.0
3.0
14.0
2.0
1.0
8.0
1.0
39.0
1631.0
3.0
218.0
3.0
9.0
1.0
3.0
1.0
27.0
2.0
3.0
700.0
4.0
11.0
326.0
47.0
4.0
4.0
557.0
3.0
13.0
3.0
2.0
8.0
3.0
31.0
1.0
1.0
296.0
2.0
2.0
568.0
1.0
8.0
5.0
1.0
8.0
5.0
16.0
16.0
3.0
232.0
375.0
315.0
27.0
1.0
1.0
6.0
124.0
2592.0
56.0
3.0
2.0
24.0
9.0
106.0
2.0
24.0
5079.0
146.0
1.0
2132.0
2.0
6.0
1.0
4.0
1029.0
3.0
10.0
2.0
2.0
1800.0
1.0
7.0
3.0
1.0
2.0
1.0
169.0
1.0
11.0
988.0
8.0
2.0
3.0
44.0
1.0
4.0
4.0
15.0
1.0
1.0
351.0
34.0
204.0
61.0
1.0
24.0
1.0
4.0
617.0
697.0
4.0
1.0
1.0
39.0
8.0
1.0
1.0
10173.0
3.0
3.0
14.0
1.0
3.0
76.0
3.0
1.0
3.0
1.0
80.0
1.0
1.0
2.0
2.0
2.0
231.0
30.0
30.0
6.0
30.0
670.0
3.0
1.0
3.0
3.0
8.0
3.0
1.0
1.0
584.0
1.0
3.0
1.0
3.0
1.0
19.0
444.0
1.0
200.0
6.0
4.0
19.0
3.0
4.0
2.0
1.0
3.0
43.0
2.0
8.0
2.0
3.0
15.0
2.0
35.0
1.0
56.0
3.0
92.0
17.0
4.0
3.0
288.0
1.0
1.0
6.0
45.0
3.0
1.0
4.0
1.0
4.0
5.0
7.0
29.0
1.0
29.0
2.0
1.0
74.0
16.0
1.0
2.0
19483.0
5.0
2.0
1.0
1.0
37.0
1.0
3.0
2.0
1.0
356.0
7.0
160.0
22.0
351.0
6.0
2.0
14189.0
3.0
1.0
26.0
1.0
1.0
82.0
1.0
13.0
8.0
15.0
1.0
2.0
1.0
5.0
1.0
87.0
1.0
1.0
860.0
25.0
4.0
533.0
2584.0
3.0
2.0
1.0
3.0
1.0
3.0
1.0
5.0
41.0
23.0
1.0
2.0
136.0
54.0
5.0
3.0
1.0
15.0
1.0
3.0
22.0
1.0
2.0
42.0
2.0
346.0
1.0
81.0
30.0
1.0
21.0
1.0
1.0
694.0
7.0
5.0
2.0
11.0
2.0
5.0
6.0
104.0
370.0
6.0
3.0
13619.0
20.0
7.0
1.0
21.0
4.0
2508.0
1.0
8.0
3.0
2.0
1.0
4.0
2.0
20.0
3.0
156.0
1.0
46.0
32.0
9.0
4.0
1.0
1.0
1.0
11.0
4.0
17.0
1.0
1.0
1047.0
554.0
175.0
24.0
15.0
3.0
3.0
2.0
5.0
13.0
1.0
720.0
1.0
7.0
4.0
2.0
7.0
102.0
3.0
3.0
3.0
1.0
105.0
3.0
7.0
16.0
220.0
1.0
20.0
18.0
1.0
1.0
19.0
64.0
3.0
198.0
22.0
15.0
36.0
122.0
106.0
3.0
1.0
1.0
4597.0
545.0
8.0
1.0
14.0
630.0
75.0
2.0
4.0
14.0
1.0
1018.0
4.0
3.0
10316.0
3.0
2.0
1.0
2.0
3.0
232.0
2.0
3.0
2.0
3.0
518.0
20.0
350.0
770.0
9.0
2.0
3.0
21.0
311.0
2.0
3.0
18.0
1018.0
4.0
3.0
364.0
1.0
1.0
2.0
1.0
83.0
2.0
12.0
1296.0
2.0
1.0
2.0
2.0
1196.0
2.0
15047.0
1.0
1011.0
353.0
26.0
1.0
66.0
10.0
1349.0
1009.0
21.0
1.0
1018.0
1.0
2.0
1.0
9.0
1.0
7.0
4.0
25.0
2.0
4.0
102.0
12.0
351.0
1.0
1.0
1.0
1.0
1.0
1.0
2.0
516.0
340.0
10.0
1.0
7.0
15.0
1.0
10.0
2.0
6.0
3.0
4.0
959.0
29.0
2.0
2.0
2.0
282.0
3.0
320.0
2.0
5.0
83.0
9.0
151.0
6.0
22.0
1.0
17.0
172.0
62.0
1.0
6.0
6.0
1.0
1.0
34.0
3.0
4.0
19.0
14.0
3.0
553.0
388.0
515.0
10341.0
1.0
17.0
7.0
16.0
103.0
3.0
156.0
83.0
1.0
12.0
168.0
1.0
1.0
1.0
17.0
3.0
24.0
71.0
1.0
4.0
24.0
48.0
28.0
1.0
1.0
9.0
3.0
10.0
4.0
1.0
1.0
1.0
4.0
3.0
4.0
1.0
7.0
1.0
3.0
2.0
9.0
3.0
1.0
526.0
1.0
2.0
5.0
75.0
1.0
4.0
3.0
341.0
338.0
3.0
7.0
329.0
1.0
73.0
1.0
1.0
1.0
6.0
1491.0
2.0
7.0
1.0
1.0
7903.0
30.0
3.0
825.0
3.0
11.0
1.0
47.0
1.0
7885.0
3.0
3.0
3.0
5.0
128.0
253.0
257.0
1.0
1.0
1.0
841.0
4.0
9.0
288.0
28.0
1.0
223.0
3.0
1083.0
1.0
1.0
58.0
1.0
40.0
1.0
175.0
21.0
1.0
4.0
6.0
4.0
6.0
24.0
506.0
23.0
1.0
11.0
2.0
3.0
1.0
5.0
3.0
1.0
1.0
756.0
20.0
7.0
5.0
826.0
3.0
3.0
3.0
1.0
1.0
2.0
8.0
53.0
846.0
41.0
58.0
3.0
2.0
11.0
7.0
9.0
1.0
1.0
288.0
1.0
1.0
4.0
3.0
69.0
3.0
1.0
1.0
8.0
378.0
50.0
2.0
514.0
2.0
1544.0
62.0
4.0
142.0
3.0
3.0
1.0
6.0
4.0
47.0
1.0
3.0
2.0
1309.0
2.0
1.0
58079.0
14.0
1.0
1.0
5.0
1.0
1671.0
2959.0
3.0
5.0
6.0
15.0
1.0
8.0
2.0
3.0
3.0
1.0
1.0
3.0
82.0
24.0
65.0
583.0
457.0
17.0
2.0
576.0
100.0
150.0
2.0
1.0
1.0
1.0
1.0
3.0
4.0
1.0
1.0
2.0
1.0
194.0
1.0
97.0
825.0
1.0
2.0
5.0
1.0
1.0
1.0
2.0
1.0
118.0
205.0
3.0
1.0
2.0
1.0
3.0
2783.0
57.0
964.0
91.0
1.0
1.0
8829.0
17.0
1.0
3.0
1.0
1.0
1.0
804.0
1.0
9.0
1.0
5.0
8432.0
268.0
3.0
479.0
7.0
87.0
232.0
1.0
1.0
38.0
14.0
1.0
30.0
103.0
53.0
11.0
4.0
16.0
3.0
8.0
3.0
128.0
613.0
5.0
618.0
725.0
3.0
1.0
1308.0
18.0
12.0
2.0
2.0
3.0
3.0
2.0
125.0
130.0
535.0
50.0
143.0
1.0
2.0
112.0
55.0
1.0
961.0
20.0
1.0
1.0
3.0
4.0
3.0
7.0
14.0
1.0
4.0
1.0
2.0
10.0
3.0
1099.0
152.0
3.0
1.0
3.0
1.0
3.0
1.0
5.0
5077.0
8.0
1.0
87.0
3.0
31.0
1.0
5.0
3.0
62.0
1.0
13.0
3.0
16.0
23.0
1.0
3.0
1.0
11.0
1.0
3.0
4.0
74.0
2.0
166.0
109.0
1.0
29.0
1.0
524.0
327.0
11.0
1.0
28.0
18.0
3.0
3.0
351.0
1.0
49.0
4.0
1.0
14.0
2.0
44.0
10.0
88.0
75.0
3.0
9.0
9.0
10.0
9.0
5.0
3.0
1.0
1159.0
56.0
4.0
1.0
66.0
3.0
3.0
10.0
712.0
10.0
865.0
2.0
23.0
19.0
2.0
4.0
3.0
7.0
16.0
3.0
1.0
1.0
663.0
8.0
253.0
1940.0
1.0
25.0
1.0
2.0
1.0
4.0
16.0
2.0
3.0
1.0
36.0
1.0
1.0
1.0
391.0
36.0
3.0
203.0
261.0
999.0
707.0
31.0
21.0
1.0
1.0
1.0
3.0
696.0
3.0
2.0
1.0
2.0
3.0
1.0
12.0
1.0
8.0
2.0
3.0
3.0
9.0
173.0
1.0
102.0
59.0
133.0
55.0
1.0
240.0
27.0
2.0
1.0
5.0
164.0
2.0
1.0
7.0
7.0
21.0
246.0
65.0
37.0
1.0
4.0
123.0
17.0
131.0
326.0
9.0
1.0
106.0
1.0
55.0
4.0
3.0
1.0
1.0
2.0
1.0
1738.0
1.0
1.0
19.0
1.0
261.0
3.0
16.0
1.0
4.0
1.0
3.0
3.0
961.0
1.0
1.0
57.0
1.0
2.0
1.0
8.0
1029.0
3.0
3.0
19.0
1.0
2.0
1.0
15.0
3.0
1.0
4.0
112.0
1.0
1.0
3.0
2.0
2.0
35.0
102.0
12.0
14385.0
1412.0
9.0
60.0
8.0
4.0
1.0
2.0
109.0
342.0
1.0
3.0
2.0
1.0
4.0
1.0
15.0
471.0
2.0
696.0
1.0
8.0
2.0
1018.0
1.0
1.0
1.0
164.0
19.0
15.0
2.0
3.0
2.0
1206.0
1.0
3.0
1.0
24.0
13.0
371.0
53.0
2.0
3.0
3.0
1.0
1.0
1.0
444.0
75.0
2.0
1.0
3.0
306.0
2.0
1.0
1.0
3.0
1401.0
1.0
3.0
18.0
165.0
3.0
3803.0
1.0
2.0
11.0
3.0
1.0
28.0
2.0
1.0
44.0
53.0
125.0
474.0
34.0
1.0
93.0
143.0
2.0
282.0
4.0
1.0
24.0
7.0
1.0
2.0
1.0
1.0
4.0
5.0
9.0
15.0
6.0
4.0
1.0
27.0
6.0
4145.0
1.0
270.0
2.0
66.0
1.0
1.0
351.0
3.0
5.0
3.0
1.0
13.0
3.0
3.0
1.0
1.0
56.0
29.0
1.0
13840.0
1.0
1383.0
107.0
303.0
1.0
1.0
3.0
10.0
2.0
11564.0
1.0
25.0
2.0
13.0
61.0
3.0
3.0
713.0
62.0
5.0
317.0
1.0
818.0
23.0
1.0
4.0
351.0
10.0
5.0
3.0
9.0
9.0
152.0
1.0
2.0
9.0
1.0
5.0
848.0
3.0
3.0
354.0
2.0
14.0
1.0
1.0
9.0
1.0
50.0
1.0
1.0
2.0
10.0
541.0
3.0
7.0
29.0
1.0
1.0
30.0
696.0
261.0
1.0
15.0
836.0
4.0
2.0
1.0
1.0
6.0
3.0
15.0
292.0
1.0
2.0
1.0
2.0
2.0
8.0
1.0
596.0
3.0
4.0
12.0
3.0
3.0
2.0
1.0
448.0
26.0
1.0
1.0
2.0
14.0
55.0
265.0
3.0
44.0
1.0
1.0
8.0
135.0
401.0
3.0
3.0
71.0
5.0
4.0
3.0
19.0
4.0
2.0
2.0
1.0
19.0
1.0
3.0
3.0
3.0
7.0
3.0
185.0
1.0
9.0
2.0
5616.0
1.0
5.0
472.0
39.0
1.0
2.0
21.0
3602.0
1.0
3.0
1.0
1.0
257.0
17.0
1.0
3.0
7.0
1.0
3.0
685.0
1.0
1.0
28.0
1.0
4.0
3.0
3.0
2.0
449.0
83.0
117.0
92.0
3.0
8.0
3.0
11.0
2.0
1.0
5.0
5.0
10004.0
2.0
12.0
2.0
44.0
3.0
2.0
17.0
6.0
4.0
1.0
457.0
1225.0
6.0
6.0
493.0
7.0
3.0
31.0
149.0
7.0
2.0
3.0
1.0
2.0
1.0
47.0
1.0
1.0
2.0
45.0
5.0
4.0
3.0
1078.0
2.0
1.0
7.0
13.0
2.0
10.0
1164.0
3.0
3.0
7877.0
210.0
18.0
23.0
3.0
3732.0
3.0
1.0
2.0
22.0
24.0
2.0
2.0
9.0
670.0
25.0
1.0
6.0
1.0
138.0
1.0
2.0
2.0
8.0
15.0
2.0
1.0
1584.0
316.0
17.0
1.0
2.0
1.0
6.0
19.0
9.0
3.0
3197.0
3.0
1.0
2.0
24.0
62.0
2.0
11.0
1.0
3.0
7.0
1.0
25.0
1.0
69.0
2.0
3.0
3.0
1.0
2.0
1.0
1.0
1189.0
60.0
59.0
1.0
7.0
2.0
1.0
4.0
301.0
11.0
55.0
3.0
337.0
27.0
39.0
1.0
2.0
9.0
24.0
1.0
4.0
3.0
2.0
65.0
7.0
1.0
1.0
4.0
1.0
1.0
3574.0
3.0
11.0
1.0
1.0
3.0
2.0
731.0
20.0
3.0
2.0
4.0
3.0
2.0
1.0
11.0
5.0
1.0
41.0
2.0
3.0
19.0
74.0
23.0
3.0
591.0
34.0
209.0
2.0
1.0
243.0
1.0
19.0
86.0
3.0
1.0
1.0
3.0
23.0
1928.0
4.0
10.0
12.0
14.0
3.0
4.0
269.0
3.0
65.0
3.0
1.0
94.0
9.0
17.0
5661.0
9.0
388.0
15.0
84.0
22.0
95.0
14189.0
9.0
179.0
8.0
3.0
4.0
94.0
16.0
1.0
11.0
1904.0
1.0
3.0
2.0
4.0
1.0
2.0
1.0
183.0
9.0
8.0
1.0
3.0
12.0
1.0
351.0
3.0
19.0
3.0
1.0
2.0
5.0
4.0
9.0
92.0
1240.0
3.0
1.0
1.0
30.0
2.0
3.0
907.0
4.0
4.0
3.0
273.0
20.0
3.0
8.0
1.0
5.0
6.0
7.0
196.0
43.0
1018.0
242.0
12.0
1.0
2.0
153.0
1.0
96.0
77.0
1.0
19.0
3.0
3.0
1.0
2532.0
32.0
216.0
3.0
329.0
1265.0
2.0
1487.0
13.0
3.0
187.0
3.0
1.0
1.0
4.0
1.0
1.0
3.0
3.0
477.0
921.0
5.0
2.0
7.0
2768.0
5.0
9.0
3.0
17.0
117.0
1.0
1.0
4.0
3574.0
1.0
24.0
3.0
7.0
548.0
8.0
2.0
814.0
144.0
2.0
1.0
111.0
1.0
32.0
25.0
8.0
5.0
2.0
3.0
1.0
3.0
3.0
1.0
1.0
3.0
16.0
2.0
4.0
287.0
1.0
1.0
5.0
2594.0
11.0
124.0
4301.0
3.0
50.0
351.0
10.0
1.0
2.0
2.0
1.0
17.0
8.0
10.0
2.0
1.0
2135.0
1.0
149.0
4351.0
1.0
32.0
2.0
2.0
2.0
7.0
71.0
1.0
1.0
3.0
1.0
2.0
3.0
1831.0
117.0
2.0
5.0
8.0
2.0
1.0
29.0
2.0
17.0
3.0
2.0
127.0
472.0
6.0
279.0
2.0
1.0
191.0
5.0
12.0
1.0
65.0
1.0
1018.0
4.0
3.0
38.0
1.0
1.0
6.0
4.0
36.0
421.0
5.0
1.0
1.0
9.0
1.0
103.0
3.0
3.0
9.0
1.0
744.0
1.0
3.0
819.0
8.0
1.0
22.0
1.0
232.0
7.0
1.0
1.0
798.0
75.0
487.0
1.0
1.0
1.0
3.0
82.0
62.0
18.0
511.0
23.0
2.0
2.0
1.0
3.0
2.0
29.0
4.0
30.0
1.0
1.0
3.0
1.0
695.0
1.0
289.0
1.0
14.0
3.0
3.0
157.0
3.0
3.0
117.0
2.0
1.0
52.0
1.0
1.0
1.0
8.0
6.0
1.0
4.0
15.0
4.0
7.0
69.0
6.0
15.0
1982.0
1.0
4.0
2.0
2.0
45.0
10.0
1.0
2.0
1246.0
6.0
2.0
27.0
3.0
200.0
3.0
4599.0
1.0
121.0
1319.0
14385.0
12.0
2.0
3.0
4.0
3873.0
2.0
47.0
1.0
16.0
1.0
6.0
3.0
24.0
100.0
13.0
3.0
132.0
3.0
717.0
5.0
3.0
1.0
1.0
1.0
2.0
2.0
2.0
5.0
243.0
2.0
1.0
1.0
1.0
3.0
26.0
1.0
282.0
45.0
1.0
3.0
2.0
25.0
25.0
3.0
444.0
1.0
1.0
4.0
4356.0
5.0
1.0
1.0
288.0
3.0
30.0
1.0
2.0
5.0
2.0
23.0
46.0
5.0
9.0
3.0
712.0
1.0
3.0
19.0
10.0
800.0
1.0
244.0
1.0
3.0
19.0
3.0
668.0
1596.0
1.0
3.0
3.0
1.0
31.0
1.0
3.0
9.0
1.0
3.0
3.0
326.0
4.0
3.0
3.0
1.0
26.0
3.0
3.0
1.0
4.0
972.0
6.0
3.0
4.0
28.0
1331.0
2.0
3.0
1083.0
4.0
46.0
1.0
1648.0
3.0
1025.0
1.0
1.0
3.0
3.0
3.0
4.0
1.0
3.0
1.0
3.0
1.0
15.0
9.0
15.0
7.0
4.0
11.0
7.0
2.0
2.0
1.0
34.0
2.0
1.0
45.0
1637.0
423.0
2.0
3.0
1.0
6.0
1.0
10.0
1.0
1.0
1.0
96.0
3.0
1.0
107.0
3.0
2.0
484.0
194.0
114.0
1.0
1.0
51.0
3.0
18.0
1.0
177.0
5.0
13.0
3.0
28.0
5.0
3.0
3.0
1.0
9.0
1.0
1.0
2.0
1.0
4.0
2.0
440.0
123.0
1.0
225.0
635.0
1944.0
1.0
4.0
2.0
1.0
60.0
3.0
359.0
2.0
3.0
15.0
117.0
3.0
3.0
1.0
13.0
1.0
2.0
1.0
1.0
1.0
6.0
2.0
1.0
1.0
90.0
3.0
23.0
289.0
4.0
19.0
134.0
2.0
10.0
351.0
3.0
4.0
1.0
1.0
2.0
9.0
9.0
2.0
1.0
3.0
41.0
240.0
7.0
1.0
8.0
1.0
3.0
1.0
4.0
4.0
1.0
1.0
2.0
3.0
17.0
8.0
55.0
3.0
1.0
288.0
65.0
3.0
10.0
1.0
1.0
979.0
1626.0
1.0
3.0
7140.0
2.0
960.0
286.0
19.0
1.0
1.0
1.0
4.0
1810.0
193.0
1.0
1.0
1.0
3.0
3.0
1.0
5.0
1.0
1.0
2.0
32.0
685.0
257.0
2.0
2.0
362.0
15.0
1.0
3.0
3.0
9.0
6.0
1.0
1.0
431.0
1.0
1406.0
961.0
3.0
1.0
14.0
4.0
1734.0
65.0
3.0
1.0
2486.0
1.0
26.0
47.0
2.0
3.0
4.0
2.0
18.0
119.0
10.0
3.0
79.0
10.0
1.0
9106.0
3.0
611.0
1.0
3.0
1708.0
3024.0
3.0
591.0
1.0
1.0
2.0
22.0
65.0
1.0
50.0
24.0
1.0
52.0
1.0
2.0
5.0
1587.0
400.0
3.0
56.0
2.0
4.0
146.0
1.0
5.0
1.0
3.0
30.0
3.0
1.0
3.0
241.0
3.0
16.0
622.0
3.0
2.0
3.0
56.0
1.0
46.0
1.0
3.0
25.0
1.0
3.0
3.0
1.0
1.0
1.0
3.0
2.0
440.0
6.0
24.0
1.0
10.0
262.0
650.0
3.0
113.0
9.0
1.0
171.0
1.0
3.0
2.0
786.0
3.0
7.0
56.0
1215.0
1.0
10.0
3.0
4.0
1.0
44.0
1.0
103.0
10.0
3.0
2.0
64.0
1.0
1.0
1.0
2190.0
3.0
2.0
82.0
1.0
19.0
1.0
1.0
4.0
1.0
1.0
54.0
1517.0
2.0
32.0
1518.0
1.0
3.0
11.0
4304.0
2.0
1364.0
3.0
282.0
1765.0
1.0
4.0
4.0
660.0
10.0
285.0
40.0
3.0
273.0
3.0
1.0
1.0
5.0
1.0
1.0
4.0
5.0
206.0
511.0
1.0
3.0
1.0
1.0
3.0
63.0
3.0
1.0
288.0
8.0
1.0
17.0
74.0
1.0
51.0
351.0
1520.0
50.0
8.0
4.0
1.0
446.0
141.0
4.0
1.0
2.0
3.0
123.0
64.0
12.0
6.0
943.0
2.0
1.0
3.0
1.0
3.0
16.0
2.0
1.0
11.0
1.0
1018.0
5.0
3.0
3.0
1.0
3.0
9.0
1.0
1.0
2.0
1.0
21.0
1250.0
11.0
3.0
180.0
10.0
103.0
2.0
2.0
19.0
9.0
8.0
306.0
8.0
3.0
1.0
1.0
1.0
282.0
3.0
3.0
107.0
3.0
3.0
189.0
751.0
2.0
6.0
1.0
1.0
17.0
1.0
1.0
12.0
3.0
26.0
1.0
1.0
4.0
1.0
3.0
8.0
1.0
50.0
25.0
1.0
3.0
9.0
3.0
1.0
125.0
3.0
10.0
7.0
1.0
40.0
11.0
12.0
1.0
1.0
4.0
3.0
7.0
52.0
81.0
9.0
1.0
4.0
1.0
1.0
3.0
2.0
2.0
6.0
1.0
13.0
3.0
4.0
5.0
3.0
3.0
3.0
1.0
3.0
2.0
3.0
3.0
2.0
24.0
3.0
3.0
4.0
9.0
79.0
5.0
12.0
1.0
28.0
28.0
1.0
3.0
1.0
4.0
20.0
13.0
1.0
80.0
158.0
476.0
1.0
3.0
1.0
19.0
313.0
35.0
6.0
43.0
7.0
2.0
52.0
4.0
1.0
13.0
2.0
8.0
185.0
2.0
3.0
7331.0
446.0
179.0
3.0
20.0
1.0
3.0
532.0
3.0
472.0
28.0
6267.0
3.0
1.0
1113.0
16.0
10.0
65.0
1.0
1.0
3.0
1.0
1.0
1.0
10.0
64.0
1.0
3.0
6.0
7.0
97.0
7.0
1.0
1.0
19.0
351.0
22.0
1.0
3812.0
1.0
2.0
3.0
36.0
1.0
3.0
57.0
3.0
19.0
19.0
55.0
3.0
8.0
288.0
3.0
19.0
1.0
14.0
576.0
550.0
3.0
1.0
33.0
736.0
3.0
2.0
5.0
1.0
19.0
3.0
3.0
5530.0
3.0
5.0
141.0
23.0
3.0
1.0
3.0
152.0
24.0
2879.0
351.0
1.0
8.0
1.0
1.0
3.0
218.0
1.0
154.0
1.0
1.0
3.0
39.0
2.0
3.0
1.0
8.0
797.0
21.0
15.0
1.0
3.0
9.0
2.0
6.0
1.0
7.0
1.0
18.0
5.0
2.0
96.0
8.0
5.0
1.0
15.0
3.0
2.0
12.0
49.0
3.0
282.0
1.0
144.0
3.0
3.0
1.0
8.0
2.0
4811.0
611.0
8.0
24.0
3.0
1.0
862.0
279.0
2.0
33.0
123.0
3.0
282.0
21.0
4.0
1.0
5.0
10.0
10.0
1.0
1.0
55.0
3.0
2.0
551.0
9.0
3.0
292.0
1.0
3.0
18.0
8.0
27.0
1.0
6.0
12.0
2829.0
467.0
3.0
1.0
11.0
81.0
2.0
17.0
1.0
242.0
5.0
50.0
727.0
1.0
3.0
8.0
6.0
75.0
2.0
4.0
6.0
5.0
901.0
58.0
2.0
11.0
3.0
8.0
7.0
14.0
289.0
3.0
557.0
1.0
13.0
1.0
377.0
4.0
67.0
1.0
1.0
1.0
3.0
3.0
3.0
6.0
3.0
37.0
1.0
3.0
1.0
22.0
336.0
9.0
1.0
2.0
34.0
4.0
1.0
14.0
2.0
3.0
1.0
77.0
19.0
1.0
124.0
1.0
1.0
1.0
4.0
1362.0
642.0
5.0
158.0
3.0
3.0
2.0
1.0
1.0
9.0
4435.0
2.0
4.0
13.0
14.0
141.0
1.0
1246.0
47.0
1427.0
15.0
3.0
3.0
3943.0
101.0
47.0
5.0
3.0
2.0
1.0
3.0
179.0
4.0
3.0
1.0
3.0
301.0
1.0
1839.0
4.0
291.0
576.0
570.0
3.0
3.0
1.0
33.0
1.0
3.0
1.0
202.0
2.0
32.0
8.0
7.0
2.0
209.0
4.0
6.0
1.0
4.0
1.0
5.0
1.0
24.0
3.0
1.0
102.0
3.0
5915.0
7.0
9.0
2.0
1.0
1.0
2.0
1.0
1530.0
124.0
643.0
8.0
21.0
25.0
4.0
4.0
2.0
24.0
1.0
1.0
125.0
4.0
3.0
2.0
2.0
162.0
516.0
8.0
1.0
33.0
20.0
57.0
3.0
2.0
1755.0
961.0
73.0
7.0
1.0
3.0
3.0
1.0
113.0
292.0
1.0
20.0
16.0
10.0
2.0
1.0
1.0
1075.0
59.0
3.0
4.0
5.0
696.0
1.0
6071.0
25.0
18.0
6.0
4.0
1.0
19.0
6.0
612.0
150.0
1.0
179.0
1.0
3.0
157.0
3.0
3.0
1.0
959.0
1.0
13.0
3.0
1.0
4.0
1.0
4.0
696.0
638.0
3.0
805.0
292.0
2.0
30.0
3.0
1.0
1.0
10.0
5.0
210.0
710.0
6.0
2.0
119.0
4.0
3.0
2.0
1.0
3.0
1.0
2.0
199.0
5.0
2087.0
3.0
3.0
2.0
7865.0
5.0
3.0
375.0
5.0
3596.0
965.0
7.0
2.0
1.0
1.0
3.0
1.0
1.0
4.0
39.0
1.0
2.0
3830.0
3.0
5.0
3.0
86.0
3.0
25.0
2132.0
4.0
2.0
5.0
55.0
4.0
28.0
210.0
1.0
102.0
52.0
42.0
2.0
1045.0
1.0
9.0
3.0
1.0
23.0
3.0
1.0
1.0
4444.0
1642.0
3.0
1.0
3.0
1.0
88.0
3.0
968.0
1.0
43.0
2.0
4.0
995.0
160.0
2.0
1.0
1.0
2.0
2.0
6.0
5.0
39212.0
3.0
29.0
1.0
4.0
22.0
3.0
1.0
80.0
13.0
2.0
1.0
1.0
8.0
1.0
486.0
3.0
85.0
1287.0
517.0
7.0
2.0
5.0
1.0
273.0
1.0
1.0
21.0
1.0
2620.0
242.0
5.0
5.0
1.0
1.0
977.0
6.0
1.0
1.0
2.0
15.0
2.0
1.0
1.0
3.0
375.0
1.0
128.0
1.0
33.0
596.0
1838.0
29.0
3.0
1331.0
2.0
97.0
279.0
1.0
15.0
50.0
1.0
4.0
42.0
2.0
6.0
4.0
11.0
13.0
12.0
8.0
1.0
3.0
2183.0
83.0
30.0
23.0
2.0
2312.0
11.0
1.0
5.0
2.0
3.0
55.0
1.0
1002.0
3.0
138.0
2.0
1.0
7.0
6.0
1.0
1.0
4.0
502.0
696.0
5.0
3.0
3.0
1.0
1.0
3.0
1.0
3.0
74.0
576.0
3.0
1.0
34.0
41.0
12.0
31.0
32.0
24.0
2453.0
8.0
3.0
16.0
1.0
1.0
12.0
24.0
2.0
41.0
1.0
2440.0
57.0
16.0
1.0
36.0
3.0
2.0
1.0
7.0
1.0
292.0
240.0
19.0
3.0
2.0
11.0
3587.0
10.0
9.0
3.0
9.0
1143.0
9.0
1.0
3.0
6.0
1.0
5.0
1.0
14.0
1.0
7.0
4.0
3.0
1.0
1.0
1.0
4.0
120.0
1.0
4.0
43.0
18.0
34.0
1.0
13.0
3.0
72.0
1.0
1.0
54.0
2.0
17.0
6.0
25.0
1.0
57.0
2.0
972.0
1.0
1.0
2.0
7.0
1.0
1.0
11059.0
3.0
225.0
4.0
3.0
3.0
1.0
3.0
1.0
5.0
369.0
1.0
3.0
3.0
7.0
1.0
40.0
1.0
3.0
2672.0
7.0
1.0
1.0
2.0
3.0
1576.0
41.0
2.0
15.0
3.0
1.0
1.0
2.0
19.0
1.0
19.0
1.0
126.0
257.0
1.0
39.0
3.0
5.0
72.0
2.0
141.0
2.0
18.0
34.0
1.0
34.0
10.0
2.0
3.0
3.0
1949.0
1.0
1.0
2544.0
175.0
3.0
4.0
1737.0
180.0
2.0
1.0
2.0
351.0
1.0
3.0
21.0
16.0
681.0
7.0
1.0
1.0
3.0
2.0
1.0
2.0
13.0
3.0
123.0
26.0
27.0
18088.0
3.0
1.0
2.0
85.0
1.0
2428.0
103.0
232.0
3.0
1.0
454.0
3.0
3.0
123.0
21.0
3.0
7890.0
19.0
21.0
2.0
8.0
3.0
1.0
13.0
1.0
10.0
29.0
750.0
123.0
1.0
3.0
3.0
136.0
1.0
64.0
3.0
1.0
1.0
1185.0
8.0
1.0
1.0
746.0
1.0
4.0
3.0
1.0
36.0
1.0
3.0
4.0
1.0
19.0
3.0
1.0
1403.0
2841.0
343.0
1.0
2.0
3.0
4.0
19.0
1.0
51.0
24.0
3.0
22.0
4.0
9.0
19.0
4.0
5.0
3.0
596.0
1.0
1120.0
8181.0
1.0
281.0
2.0
1.0
1.0
3.0
1.0
5.0
7.0
1.0
1.0
23.0
30.0
1.0
12.0
12.0
1.0
7.0
3.0
29.0
2.0
325.0
3.0
1.0
3.0
1.0
1.0
8.0
961.0
3.0
3.0
493.0
10.0
1433.0
2.0
638.0
1.0
1.0
7.0
1.0
3461.0
1.0
3.0
1.0
1.0
3.0
1.0
561.0
1.0
431.0
6.0
4.0
730.0
1.0
981.0
22.0
2.0
11.0
3.0
390.0
10.0
1.0
44.0
1.0
1.0
3.0
1.0
164.0
5.0
130.0
1.0
959.0
1.0
1.0
2.0
1.0
6.0
69.0
2.0
8.0
4.0
1.0
192.0
4.0
52.0
2.0
5.0
1488.0
1.0
1.0
10.0
167.0
31.0
4.0
5.0
14.0
24.0
5.0
19.0
11.0
100.0
3.0
2.0
1095.0
1904.0
228.0
2.0
2.0
1.0
1.0
401.0
1.0
3.0
51.0
3.0
82.0
1.0
1.0
70.0
24.0
1.0
102.0
3.0
1229.0
1.0
313.0
5707.0
3.0
1.0
1.0
5.0
2.0
2.0
2.0
56149.0
335.0
49.0
1.0
9.0
3.0
3.0
81.0
1444.0
4.0
8.0
1.0
9.0
4.0
1.0
5.0
4.0
2.0
58.0
68.0
17.0
8.0
39.0
43.0
292.0
2.0
1.0
10.0
5.0
15.0
1.0
3.0
247.0
292.0
3.0
3.0
2.0
1.0
4.0
345.0
3.0
3.0
4.0
1262.0
1.0
710.0
45.0
4.0
1.0
13.0
4.0
1.0
535.0
380.0
1.0
14.0
5.0
5.0
24.0
1.0
3.0
74.0
5.0
3.0
36.0
1.0
3.0
460.0
9.0
3.0
1018.0
595.0
408.0
7.0
1.0
2.0
1.0
4.0
1.0
5.0
1.0
21.0
9.0
3.0
4.0
2423.0
5.0
65.0
512.0
6.0
921.0
1.0
4.0
1.0
923.0
4.0
3.0
3.0
688.0
576.0
354.0
1.0
50.0
122.0
279.0
1.0
34.0
2.0
1.0
1.0
614.0
2.0
9.0
331.0
11.0
1.0
1.0
3.0
202.0
5.0
7.0
140.0
12.0
1.0
104.0
14.0
1.0
170.0
641.0
1.0
1.0
3.0
1.0
2.0
1.0
1.0
40.0
1.0
2.0
2.0
136.0
12.0
5.0
1.0
319.0
198.0
19.0
3.0
4.0
1018.0
20.0
64.0
34.0
6.0
3.0
2.0
1.0
712.0
13.0
67.0
1.0
11.0
355.0
3.0
10.0
1.0
1.0
2.0
1.0
75.0
3.0
3.0
1.0
1.0
1.0
2.0
3.0
444.0
4.0
4.0
3.0
3.0
1.0
3.0
111.0
1.0
2.0
1.0
1.0
5.0
1.0
1.0
2.0
9.0
2235.0
13.0
1.0
3.0
435.0
3.0
3.0
977.0
1.0
24.0
39.0
655.0
1.0
1.0
3.0
2.0
3.0
1063.0
1.0
7.0
3.0
9.0
56.0
8.0
1340.0
1.0
376.0
1.0
3.0
32.0
1.0
595.0
9.0
2.0
3.0
108.0
1.0
426.0
1.0
1.0
3.0
2.0
39.0
10.0
375.0
1.0
7.0
4.0
1.0
1.0
3.0
3157.0
60.0
279.0
2.0
1.0
7.0
32.0
1.0
5.0
23.0
34.0
6.0
3.0
6.0
3.0
17.0
24.0
7.0
157.0
40.0
176.0
3.0
6.0
4.0
1.0
3.0
1.0
3.0
1.0
1.0
1.0
9.0
1.0
4.0
3.0
5.0
1.0
4.0
3.0
9.0
1.0
2.0
28.0
6.0
2.0
1.0
25.0
2.0
6.0
8.0
2.0
1110.0
2.0
5.0
4.0
1.0
53.0
3.0
3.0
11.0
346.0
50.0
1229.0
3.0
3.0
7.0
1.0
2.0
9.0
4.0
6.0
4.0
58.0
3.0
22.0
47.0
7.0
1.0
3.0
1.0
3.0
3.0
4.0
514.0
521.0
2.0
1660.0
17.0
3.0
1168.0
282.0
1.0
4.0
3.0
5.0
1.0
3.0
4.0
2456.0
50.0
23.0
16571.0
3.0
3.0
761.0
109.0
281.0
3.0
3.0
46.0
3.0
2.0
2739.0
1.0
13.0
39.0
180.0
12.0
24.0
46.0
1.0
9.0
2.0
10.0
1.0
981.0
14.0
5.0
296.0
1.0
1.0
7.0
37.0
31.0
55.0
1.0
2.0
1.0
9.0
1.0
29.0
103.0
25.0
1.0
6.0
3.0
2.0
5.0
5.0
18.0
2.0
4.0
10.0
429.0
5962.0
25.0
3.0
2.0
1.0
5.0
232.0
2.0
1.0
2.0
1.0
8.0
119.0
3.0
3.0
365.0
628.0
31.0
431.0
38.0
33.0
47.0
2.0
3.0
1.0
1.0
3.0
1.0
5.0
1.0
33.0
1.0
19.0
14.0
2.0
2.0
1.0
7.0
3.0
3.0
193.0
1.0
1.0
18.0
4.0
1.0
17.0
6.0
1.0
2.0
4.0
1.0
16.0
27.0
4.0
19.0
5.0
5.0
3.0
2.0
3.0
39.0
1.0
1.0
3.0
6.0
1.0
3.0
1.0
1.0
66.0
2.0
3.0
24.0
111.0
1097.0
8.0
1.0
1.0
191.0
4.0
152.0
1.0
107.0
3.0
1.0
3.0
1235.0
1.0
1449.0
3.0
1.0
1.0
6.0
1.0
6.0
23.0
1.0
620.0
1.0
55.0
108.0
1.0
1.0
5.0
2.0
1.0
4.0
1.0
1625.0
1.0
67.0
1282.0
3.0
21.0
763.0
1.0
2.0
3.0
157.0
3.0
3.0
111.0
3.0
6.0
1.0
2008.0
1.0
10.0
1038.0
1.0
69.0
3.0
421.0
35.0
356.0
3.0
8.0
1.0
37.0
28.0
1.0
64.0
2.0
1.0
1120.0
2.0
18.0
182.0
225.0
3.0
14.0
74.0
1.0
1.0
871.0
1.0
2.0
6276.0
1.0
20.0
351.0
2.0
4.0
5.0
2.0
3.0
1.0
3.0
779.0
14.0
6.0
1.0
19.0
3.0
7.0
8.0
1.0
8.0
3.0
1.0
1.0
2094.0
865.0
6.0
137.0
1.0
1.0
5.0
27.0
69.0
2.0
835.0
2.0
11.0
42.0
1.0
579.0
5.0
1.0
114.0
826.0
1.0
5.0
1.0
3.0
4.0
2.0
13.0
33.0
1.0
338.0
2.0
2.0
1225.0
835.0
19.0
21.0
1.0
4.0
7.0
16.0
36.0
2.0
13.0
19.0
1.0
58.0
1.0
2.0
205.0
3.0
835.0
3.0
10.0
1.0
13.0
55.0
3.0
1.0
1.0
1.0
273.0
86.0
1044.0
5.0
9.0
65.0
375.0
3.0
3.0
3.0
1.0
5.0
21.0
824.0
338.0
18.0
1.0
3.0
53.0
977.0
2.0
2.0
152.0
1.0
5.0
216.0
1.0
89.0
1.0
150.0
7.0
11.0
34.0
16.0
1.0
9.0
2.0
9.0
2.0
11.0
2.0
2.0
464.0
4.0
27.0
3.0
117.0
1.0
24.0
1.0
12.0
6.0
1.0
5.0
2.0
4.0
8.0
2.0
92.0
1.0
3.0
3.0
1.0
3.0
2.0
3.0
3.0
3.0
176.0
3.0
41.0
4.0
5.0
1.0
41.0
1.0
168.0
229.0
47.0
1.0
10.0
23.0
1.0
8.0
7.0
109.0
1.0
1111.0
4.0
9.0
244.0
1.0
2.0
1.0
607.0
1.0
136.0
109.0
20.0
42.0
1476.0
10.0
1.0
1.0
1.0
16.0
2.0
282.0
14.0
49.0
375.0
1.0
4.0
3.0
1.0
24.0
17.0
1340.0
1.0
1.0
3.0
4.0
1.0
137.0
3.0
2.0
76.0
232.0
1.0
10.0
1.0
1.0
8.0
1.0
2616.0
3.0
3.0
1.0
3.0
16.0
2.0
6460.0
162.0
1.0
5.0
172.0
9.0
18.0
249.0
289.0
5.0
1.0
3.0
1680.0
3.0
3.0
214.0
1.0
24.0
296.0
7.0
1.0
3.0
118.0
2.0
3.0
1.0
1.0
3.0
1.0
512.0
1.0
1.0
20.0
3.0
159.0
9.0
3.0
3.0
252.0
3.0
3604.0
78.0
1.0
3.0
1.0
1147.0
17.0
124.0
3.0
1.0
9.0
39.0
1.0
2.0
3.0
33.0
370.0
2.0
328.0
160.0
241.0
15.0
6.0
7.0
3.0
114.0
1.0
313.0
4.0
1.0
7.0
9.0
2.0
3.0
24.0
1.0
3.0
1.0
255.0
2.0
781.0
1.0
96.0
168.0
7.0
1.0
19.0
5.0
3.0
9247.0
3.0
11.0
696.0
3.0
24.0
24.0
2.0
3.0
3.0
1.0
1.0
400.0
5.0
9.0
3.0
16.0
1.0
4.0
1.0
1.0
2.0
4.0
4.0
9.0
1.0
117.0
3.0
79.0
16.0
58.0
1.0
24.0
104.0
4.0
8.0
26.0
8.0
69.0
1.0
4.0
1.0
100.0
2.0
1.0
1.0
4.0
2.0
4160.0
18.0
2.0
102.0
2.0
1.0
1.0
41.0
1.0
1071.0
1.0
6.0
2.0
1.0
205.0
1251.0
1.0
8.0
266.0
2.0
1.0
20.0
3.0
1.0
1.0
2.0
4.0
24.0
1.0
3.0
8.0
2.0
8.0
404.0
928.0
25.0
4307.0
1.0
19.0
3.0
1.0
3.0
2.0
3.0
9.0
66.0
9.0
1.0
1.0
1.0
73.0
1.0
32.0
1.0
44.0
178.0
724.0
1.0
15.0
227.0
47.0
8.0
1.0
2.0
2.0
4.0
3.0
3.0
18.0
181.0
3.0
9.0
14.0
20.0
1.0
5.0
7.0
1.0
5.0
9.0
14.0
4.0
9.0
3.0
3.0
5.0
1.0
7.0
9.0
1.0
658.0
1.0
1.0
1.0
3.0
5.0
21.0
214.0
2433.0
2.0
1.0
22.0
282.0
2.0
3.0
14.0
2.0
13096.0
1.0
3.0
3.0
1.0
1882.0
3.0
3.0
2.0
1.0
1.0
25.0
14.0
11.0
16.0
4.0
604.0
3.0
1.0
384.0
13.0
4.0
1.0
2.0
16.0
28.0
3.0
5.0
6.0
2.0
94.0
2.0
1.0
18.0
430.0
3.0
4158.0
1.0
14.0
2.0
68.0
10.0
1.0
457.0
16.0
2562.0
1.0
2.0
3.0
56.0
1.0
2.0
9.0
33.0
2.0
1.0
8.0
5.0
721.0
10.0
2.0
1.0
31.0
2.0
106.0
1.0
1.0
15.0
88.0
34.0
1.0
2.0
2.0
10.0
113.0
3.0
1.0
20.0
26.0
12.0
7.0
2.0
3.0
3.0
1.0
1.0
1.0
1.0
1.0
4.0
1.0
3.0
3.0
65.0
10.0
1.0
4508.0
1.0
1.0
3.0
1.0
65.0
2.0
2.0
5.0
234.0
14.0
11.0
88.0
16.0
11.0
2.0
100.0
98.0
3.0
6.0
734.0
1.0
2.0
1211.0
1.0
3.0
1.0
3.0
3.0
150.0
1.0
3.0
266.0
11.0
1.0
1.0
124.0
9.0
1.0
1.0
1.0
3.0
1.0
17.0
2.0
3.0
44.0
49.0
3.0
19.0
3.0
3.0
1.0
1273.0
1.0
15649.0
1.0
3.0
18.0
5.0
24.0
3.0
8.0
146.0
1035.0
1.0
1101.0
5.0
1.0
5242.0
3.0
2.0
4.0
1.0
6.0
4.0
1016.0
1.0
2.0
3.0
356.0
104.0
1.0
2.0
307.0
4.0
3.0
1.0
51.0
3.0
4.0
2.0
263.0
2.0
2.0
804.0
3.0
1.0
47.0
834.0
61.0
11.0
153.0
3.0
625.0
2.0
1.0
19.0
282.0
3.0
21.0
6.0
2.0
64.0
1.0
8875.0
7.0
5.0
8.0
4.0
95.0
3.0
1.0
3.0
7.0
3.0
2.0
1.0
1.0
1.0
5.0
1.0
1.0
3.0
1.0
2.0
14.0
1.0
46.0
3.0
1.0
1.0
1.0
574.0
1.0
1.0
1.0
2.0
2.0
1.0
1.0
3.0
1.0
4.0
575.0
591.0
1.0
1.0
1.0
24.0
8.0
2.0
1.0
9.0
2.0
1.0
19.0
19.0
3.0
1.0
12.0
2.0
2.0
765.0
1.0
1.0
720.0
1.0
5.0
2.0
1.0
5.0
2.0
3.0
2.0
1.0
7.0
4.0
1.0
6.0
29.0
1.0
7.0
1.0
153.0
2.0
1.0
1.0
4768.0
1.0
36.0
1.0
58.0
2.0
11.0
1.0
8.0
2.0
3.0
3.0
1.0
1.0
11.0
1.0
24.0
3.0
83.0
36.0
3.0
1.0
13465.0
2.0
5.0
3.0
1.0
2.0
12.0
1.0
2.0
111.0
3.0
23.0
1.0
960.0
6.0
113.0
1.0
1.0
1.0
1.0
7.0
179.0
5956.0
45.0
1.0
1.0
164.0
1049.0
287.0
364.0
1.0
32.0
90.0
107.0
3.0
1191.0
2.0
3226.0
332.0
1.0
10.0
4.0
3.0
1.0
3.0
3.0
1.0
524.0
86.0
3.0
2.0
8.0
3.0
3.0
3.0
9.0
3.0
8.0
8.0
1.0
1.0
4.0
183.0
1.0
3.0
7.0
283.0
34.0
1.0
1.0
1.0
164.0
14.0
4.0
7.0
3.0
2.0
326.0
1.0
61.0
5.0
8.0
6.0
3.0
450.0
3.0
351.0
1.0
1.0
3.0
14.0
1.0
53.0
12.0
55.0
1.0
1829.0
2.0
3.0
3.0
102.0
1.0
1.0
10927.0
1.0
3.0
8.0
2.0
3.0
1.0
7.0
3.0
3.0
55.0
1.0
2.0
258.0
65.0
298.0
576.0
1987.0
314.0
4.0
3.0
3.0
3.0
1.0
961.0
6.0
3.0
3.0
89.0
1149.0
8.0
1.0
3.0
1301.0
2.0
4.0
3.0
219.0
1.0
36.0
292.0
1.0
3.0
1.0
11.0
9.0
1.0
3.0
9.0
137.0
1.0
5.0
265.0
1.0
1.0
11.0
2.0
1.0
1.0
5.0
1.0
3.0
1.0
4.0
3.0
1.0
6.0
1.0
15.0
15.0
1.0
1.0
26.0
33.0
1.0
3.0
1.0
58.0
993.0
1.0
6.0
15.0
5.0
1.0
1438.0
3.0
1.0
2.0
2.0
4.0
11.0
1.0
3.0
24.0
19.0
1.0
2.0
288.0
8.0
1.0
4.0
1.0
2.0
1.0
64.0
1.0
310.0
127.0
1.0
1.0
14.0
3.0
6.0
2.0
3.0
3.0
1.0
12.0
72.0
69.0
268.0
79.0
1.0
2.0
3.0
5.0
34.0
878.0
2.0
17.0
84.0
3.0
9.0
35.0
18.0
6.0
494.0
18.0
124.0
1.0
3.0
64.0
58.0
13.0
16.0
1.0
1.0
5.0
1.0
4.0
61.0
2.0
10.0
666.0
2.0
2.0
3.0
433.0
3.0
5.0
482.0
1.0
1.0
265.0
62.0
29.0
1.0
5.0
19.0
6.0
1.0
3.0
15.0
959.0
1.0
17.0
1.0
17.0
1.0
3.0
1.0
1656.0
190.0
8.0
167.0
3.0
3.0
512.0
27.0
1.0
9.0
7.0
78.0
1.0
9.0
65.0
2.0
1.0
1059.0
4.0
3.0
24.0
419.0
1.0
90.0
2.0
3.0
3.0
1.0
1.0
8.0
3.0
67.0
5.0
388.0
37.0
1.0
4.0
23.0
278.0
3.0
4.0
33.0
3.0
3.0
3.0
4.0
31.0
16.0
16.0
60.0
3.0
4.0
1.0
6.0
3.0
253.0
12.0
4.0
93.0
8.0
1.0
3.0
56.0
3.0
10.0
374.0
6.0
1.0
1.0
3.0
101.0
2.0
86.0
1.0
3.0
5.0
405.0
2.0
2.0
347.0
22.0
1426.0
1897.0
1.0
1.0
1.0
15.0
1.0
3.0
1.0
1.0
16.0
11.0
3.0
1.0
3.0
42.0
3.0
189.0
2.0
3.0
594.0
7.0
2.0
1.0
30.0
1.0
178.0
2.0
2.0
3.0
308.0
26.0
1.0
2761.0
112.0
4.0
98.0
4.0
1.0
4.0
63.0
1.0
3.0
2.0
3.0
1.0
2.0
3.0
23.0
1.0
7.0
1.0
1.0
8.0
1.0
4302.0
19.0
530.0
71.0
1.0
14.0
1.0
1.0
1.0
9.0
4.0
596.0
1.0
128.0
10.0
7.0
1.0
1.0
3.0
44.0
1.0
3.0
4.0
62.0
3395.0
98.0
1.0
1.0
1.0
1018.0
1258.0
17.0
2.0
3.0
2.0
3.0
27.0
34.0
2.0
2.0
35.0
56.0
13216.0
1.0
1.0
79.0
3.0
3.0
1.0
72.0
1.0
294.0
17.0
24.0
3.0
7.0
388.0
1.0
1.0
1.0
5.0
1.0
8.0
1.0
1.0
2.0
1.0
6.0
103.0
1.0
1.0
77.0
153.0
3.0
1.0
175.0
18.0
1.0
2.0
2.0
45.0
1.0
113.0
1.0
2.0
64.0
17.0
2.0
14.0
23.0
38.0
3.0
1.0
3.0
2.0
1.0
1.0
1.0
2.0
2134.0
8.0
2.0
45.0
2.0
1.0
4.0
1.0
1.0
13.0
3.0
1.0
3.0
282.0
119.0
3.0
24.0
3.0
1.0
1.0
3.0
3.0
137.0
648.0
3.0
4.0
1.0
2.0
1999.0
26.0
3.0
209.0
192.0
40.0
29.0
1.0
1.0
3.0
20.0
74.0
1.0
81.0
1865.0
1.0
1.0
17.0
8.0
1.0
3.0
263.0
152.0
194.0
1.0
19.0
3.0
1.0
1.0
1.0
132.0
3.0
3.0
19.0
10.0
5.0
36.0
18.0
4.0
2.0
2.0
2.0
14913.0
1.0
2.0
2.0
1.0
82.0
1.0
1.0
58.0
3.0
3.0
19.0
553.0
1.0
1111.0
2.0
1.0
3.0
3.0
643.0
28.0
2.0
543.0
8.0
1.0
2.0
4.0
593.0
2.0
26.0
5.0
23.0
1.0
26.0
8.0
2.0
2.0
596.0
21.0
2.0
41.0
1.0
1.0
1.0
3.0
1.0
150.0
1.0
20.0
87.0
2.0
13.0
3.0
2.0
8.0
1.0
5.0
2.0
15.0
3.0
24.0
128.0
3.0
2.0
1.0
45.0
1.0
16.0
27.0
1.0
5.0
475.0
1338.0
8.0
2.0
6.0
1.0
5.0
2.0
39.0
1.0
1.0
1.0
3.0
1.0
1.0
1.0
2.0
3.0
6.0
684.0
374.0
576.0
4.0
1.0
1030.0
75.0
3.0
171.0
1.0
1.0
66.0
1.0
4.0
2.0
712.0
2.0
5.0
40.0
1.0
3.0
3.0
1.0
138.0
1.0
1.0
1.0
5521.0
1.0
934.0
24.0
30.0
1.0
134.0
6.0
5.0
3.0
219.0
2.0
486.0
1.0
1.0
3.0
1.0
1.0
1.0
14.0
600.0
494.0
8683.0
3.0
3.0
1.0
34.0
172.0
3.0
2.0
27.0
1.0
272.0
3.0
115.0
3690.0
1.0
292.0
1.0
2.0
21.0
3.0
160.0
1.0
48.0
35.0
4.0
2.0
14.0
3.0
3.0
21.0
3.0
44.0
1.0
3.0
2.0
4.0
3.0
5.0
34.0
2.0
1.0
1.0
1.0
4.0
83.0
14.0
4.0
3.0
46.0
1.0
1938.0
11.0
9.0
4.0
3.0
494.0
815.0
1.0
31.0
165.0
1288.0
4.0
4.0
1.0
1.0
54.0
3.0
1.0
23.0
4.0
652.0
3.0
1.0
515.0
24.0
1.0
3.0
3.0
2.0
2.0
52.0
85.0
1.0
1265.0
2.0
66.0
5.0
712.0
3.0
200.0
43.0
38.0
1.0
3.0
4.0
19.0
91.0
1.0
207.0
87.0
72.0
4.0
2.0
369.0
1.0
3.0
14.0
1060.0
102.0
51.0
1.0
1.0
50.0
1.0
3.0
2.0
10.0
4.0
3.0
9.0
1.0
2.0
4.0
199.0
3.0
57.0
24.0
10.0
32.0
1.0
3.0
1.0
2.0
10.0
3.0
27.0
3.0
1.0
1.0
4.0
1.0
212.0
3.0
305.0
73.0
73.0
183.0
2.0
3.0
25.0
1.0
2.0
8.0
13.0
19.0
1.0
1.0
19.0
3.0
35.0
527.0
1.0
3.0
2009.0
192.0
1.0
1.0
4.0
1.0
1.0
13.0
1.0
4.0
310.0
3.0
1.0
1.0
6.0
1.0
1.0
238.0
533.0
2.0
11.0
610.0
3.0
3.0
23.0
2.0
12.0
116.0
142.0
417.0
2.0
4.0
8.0
1.0
344.0
1.0
2.0
4.0
2.0
1.0
1.0
3.0
2.0
3.0
24.0
2.0
1.0
1.0
1.0
779.0
2.0
9.0
510.0
19.0
1.0
122.0
13.0
2.0
638.0
2.0
3.0
1.0
7.0
138.0
1.0
2.0
1.0
9.0
3.0
1017.0
32.0
18.0
3.0
2.0
3.0
2.0
8.0
1.0
512.0
23.0
26.0
7.0
2.0
1.0
233.0
1.0
13.0
3.0
1.0
1.0
3.0
72.0
3.0
30.0
1338.0
176.0
1.0
933.0
4.0
15.0
33.0
354.0
1.0
38.0
3.0
4.0
5.0
76.0
8.0
3.0
27.0
4.0
10.0
210.0
1.0
4.0
2.0
4.0
18.0
4.0
16076.0
29.0
2.0
3.0
20.0
1.0
282.0
3.0
1.0
33.0
145.0
1.0
3.0
1.0
465.0
7.0
65.0
42.0
1.0
171.0
3.0
8.0
1.0
1.0
3.0
3.0
3.0
1.0
3.0
280.0
4.0
6.0
2.0
24.0
2398.0
2.0
11.0
365.0
3.0
1.0
1.0
5.0
36.0
12.0
1.0
1.0
3.0
3580.0
3.0
813.0
1.0
1.0
4.0
3.0
3.0
1.0
4.0
18.0
6.0
2.0
1054.0
1.0
2040.0
9.0
2.0
5.0
10.0
86.0
1.0
4.0
1.0
990.0
3.0
9.0
337.0
31.0
351.0
6.0
4.0
1.0
2.0
166.0
63.0
134.0
721.0
5.0
5.0
19.0
3.0
282.0
2.0
1.0
1869.0
122.0
1.0
2068.0
3.0
2.0
797.0
753.0
1.0
22.0
3.0
8.0
4.0
2.0
3.0
1.0
52.0
3.0
152.0
31.0
11.0
2.0
11.0
17.0
1.0
2.0
9.0
47.0
3.0
1.0
3.0
1.0
1.0
60.0
2.0
3.0
2933.0
256.0
1.0
3.0
14385.0
595.0
2.0
1.0
1.0
74.0
17.0
3.0
253.0
1.0
1.0
2019.0
3.0
580.0
9.0
22.0
3.0
8.0
3.0
8.0
3.0
2.0
3.0
3.0
14.0
7.0
3.0
1.0
7.0
3.0
3.0
1.0
121.0
1.0
4.0
4.0
1842.0
120.0
156.0
3.0
1.0
1.0
7.0
1.0
1.0
1.0
7.0
119.0
1.0
17.0
1.0
45.0
1.0
2.0
4445.0
51.0
3.0
3.0
1.0
1018.0
1.0
2.0
86.0
32.0
1.0
4.0
7.0
2.0
1.0
1.0
3.0
21.0
73.0
1.0
2.0
5.0
2.0
3.0
2.0
6.0
5.0
1.0
2.0
1.0
31.0
11.0
1.0
178.0
1481.0
1.0
24.0
9.0
3.0
286.0
2391.0
270.0
2.0
1.0
1.0
1.0
2.0
1117.0
19.0
19.0
1.0
20.0
14.0
2.0
1.0
717.0
1.0
10.0
1.0
6.0
9.0
1.0
4.0
1.0
12.0
4534.0
3.0
44.0
1.0
59.0
1.0
1.0
569.0
3.0
2.0
5460.0
3.0
6.0
8.0
22.0
43.0
3.0
1.0
3.0
21.0
3.0
1.0
2.0
1.0
1.0
39.0
3.0
2.0
2.0
9.0
3.0
1.0
9.0
6.0
1.0
1.0
31.0
2.0
2.0
1.0
1.0
3.0
1.0
9.0
1.0
72.0
2.0
2.0
1.0
17.0
1.0
57.0
775.0
457.0
56.0
8.0
4.0
220.0
24.0
3.0
17.0
11.0
4.0
67.0
7.0
29.0
1152.0
10.0
3.0
13.0
147.0
65.0
1246.0
1.0
1.0
2.0
3.0
1.0
1.0
91.0
14002.0
2.0
246.0
3.0
117.0
3275.0
13.0
8.0
3.0
181.0
58.0
984.0
6.0
4.0
1.0
3.0
2323.0
1.0
57.0
36.0
1.0
3.0
2.0
3.0
5.0
1.0
3.0
1.0
1371.0
9.0
195.0
2.0
1.0
918.0
57.0
2.0
1.0
13.0
178.0
15.0
1.0
362.0
3.0
1.0
3.0
1.0
65.0
3.0
16426.0
7.0
116.0
2.0
4.0
3.0
5753.0
3.0
1.0
253.0
1.0
21.0
2.0
257.0
4.0
61.0
65.0
3.0
224.0
2.0
3.0
14385.0
1.0
514.0
9.0
2.0
3.0
2.0
714.0
103.0
2.0
4.0
1.0
3.0
18.0
1.0
13840.0
7.0
3.0
1067.0
280.0
1.0
1.0
67.0
3.0
96.0
18.0
1.0
9.0
2.0
9.0
2.0
22.0
323.0
10.0
1.0
8.0
1.0
490.0
1.0
421.0
1.0
9.0
7.0
1.0
1.0
2.0
2.0
15.0
3.0
2.0
3.0
1.0
7.0
1.0
9.0
3.0
1.0
4.0
8.0
47.0
232.0
47.0
4.0
288.0
1.0
1.0
1.0
1.0
2841.0
7091.0
2.0
3.0
109.0
492.0
1.0
3.0
4.0
3.0
30.0
3.0
8.0
4.0
3.0
1.0
4.0
308.0
8.0
2.0
1.0
1.0
3.0
1116.0
78.0
3.0
1.0
39.0
1.0
109.0
3.0
2.0
2.0
335.0
1.0
353.0
1300.0
1.0
1.0
4.0
1.0
3.0
1.0
355.0
6.0
26.0
3.0
38.0
313.0
1.0
9.0
2.0
605.0
12.0
292.0
79.0
1.0
2.0
1200.0
184.0
32.0
23.0
44.0
17.0
3.0
1.0
11.0
3.0
6.0
1.0
41.0
4.0
4.0
1.0
1.0
1.0
47.0
3.0
2.0
5.0
15.0
82.0
1.0
11.0
1496.0
269.0
11.0
1.0
1.0
5.0
7.0
2.0
19.0
1.0
2.0
3.0
32.0
9.0
534.0
2.0
1.0
2.0
1.0
1.0
1.0
2.0
1.0
295.0
4.0
1.0
366.0
5.0
1.0
3.0
1200.0
1.0
3.0
8.0
6.0
28.0
1.0
2.0
1.0
484.0
388.0
17.0
1.0
10.0
1.0
4.0
550.0
27.0
8.0
4.0
1.0
19.0
1.0
81.0
1.0
1.0
50.0
4.0
80.0
8.0
10.0
42.0
3.0
1.0
3.0
102.0
10.0
10.0
6.0
101.0
26985.0
2065.0
117.0
1.0
646.0
1.0
9.0
1.0
7.0
302.0
1.0
3.0
13978.0
2.0
1.0
198.0
19.0
2.0
77.0
30.0
1.0
7.0
1.0
2.0
3.0
2.0
71.0
1.0
3.0
3.0
1.0
1.0
3.0
1.0
187.0
10.0
3.0
172.0
1.0
1.0
4.0
69.0
83.0
2.0
1.0
338.0
14.0
8.0
2.0
3.0
362.0
1.0
1.0
1.0
75.0
234.0
3.0
4.0
351.0
1.0
5.0
351.0
65.0
152.0
2.0
39.0
2.0
17.0
160.0
47.0
1.0
5.0
1.0
313.0
13.0
1056.0
1.0
2.0
3.0
24.0
3.0
44.0
596.0
2.0
961.0
668.0
1.0
2.0
3.0
2000.0
1.0
41.0
177.0
2.0
1.0
8.0
70.0
14.0
8.0
3.0
2.0
42.0
6.0
3.0
1.0
115.0
7.0
27.0
112.0
3.0
3.0
24.0
11.0
2.0
10963.0
5.0
8.0
9.0
3.0
5.0
25.0
3.0
1.0
13818.0
4.0
9.0
1.0
187.0
3.0
1.0
19.0
1.0
3.0
1.0
4.0
581.0
137.0
1.0
3.0
1.0
177.0
20.0
1.0
2.0
282.0
1.0
1.0
972.0
7.0
12.0
1.0
2769.0
134.0
6.0
5.0
3645.0
2.0
36.0
13.0
2.0
3.0
2.0
727.0
1.0
1.0
4.0
13.0
19.0
107.0
39.0
9.0
1060.0
4.0
2.0
2.0
33.0
3.0
2.0
280.0
4.0
51.0
2.0
3.0
1.0
24.0
3.0
1.0
1.0
2.0
1.0
1.0
5.0
3.0
1.0
104.0
1.0
3.0
1.0
64.0
1003.0
2.0
3.0
2.0
1.0
1383.0
8.0
24.0
1.0
3.0
4.0
1291.0
8.0
2.0
2.0
197.0
47.0
24.0
401.0
21.0
3.0
17.0
2466.0
58.0
4.0
1.0
1662.0
1.0
20.0
372.0
8.0
2.0
1.0
38.0
1.0
1.0
1.0
105.0
19.0
3.0
1.0
2444.0
39.0
96.0
1.0
1.0
3.0
3.0
1963.0
3.0
512.0
288.0
3.0
2.0
7.0
636.0
3.0
40.0
1.0
6.0
1.0
1.0
1.0
5.0
382.0
24.0
1.0
112.0
8.0
9.0
2.0
3.0
60.0
1.0
1.0
3.0
1.0
2.0
48.0
2.0
13.0
497.0
256.0
149.0
1.0
4.0
3.0
160.0
4.0
1.0
1.0
1620.0
5.0
1.0
9.0
2.0
49.0
1.0
218.0
1738.0
9.0
6.0
3.0
3.0
14.0
1.0
23.0
1.0
16.0
1.0
677.0
1.0
1.0
8.0
2.0
4.0
42.0
15.0
3.0
3.0
3.0
5.0
3.0
6.0
656.0
1.0
2.0
9.0
5.0
1.0
2.0
7.0
66.0
63.0
37.0
3.0
709.0
2.0
15.0
1.0
3.0
16.0
9.0
1.0
3.0
3.0
15.0
3300.0
576.0
3.0
1.0
129.0
2.0
14.0
102.0
1813.0
1.0
1.0
4.0
2.0
1120.0
4.0
477.0
3.0
4.0
11.0
4.0
3.0
1.0
3.0
468.0
1.0
7.0
6.0
2.0
125.0
1.0
1.0
441.0
5.0
3.0
542.0
576.0
2.0
323.0
1.0
2.0
1.0
2.0
1.0
8.0
12.0
1.0
1.0
9.0
893.0
22.0
1.0
1.0
1.0
110.0
8.0
4.0
215.0
3.0
2.0
3.0
1072.0
75.0
21.0
3.0
32.0
30.0
3.0
19.0
2.0
1.0
1432.0
102.0
33.0
1.0
17.0
3.0
4.0
4.0
11.0
1.0
909.0
3.0
1.0
1015.0
1.0
861.0
116.0
8.0
25.0
3.0
2.0
1.0
7.0
1.0
1932.0
2.0
39.0
1.0
132.0
24.0
1.0
3.0
1.0
1.0
188.0
2.0
227.0
15.0
3.0
2.0
2.0
2.0
1.0
1.0
38.0
4.0
16.0
1.0
23.0
288.0
65.0
1.0
2.0
11.0
1.0
547.0
3.0
3.0
9.0
1.0
3.0
2.0
3.0
74.0
4.0
833.0
1.0
779.0
69.0
2.0
184.0
18.0
1.0
29.0
2.0
2.0
22.0
104.0
1.0
6.0
2.0
1533.0
3.0
1554.0
7.0
102.0
43.0
176.0
22.0
28.0
3.0
1.0
3.0
921.0
1.0
11.0
1.0
4.0
4.0
7.0
8.0
2.0
67.0
138.0
15.0
11.0
191.0
1376.0
5.0
1297.0
1.0
1.0
1303.0
293.0
1.0
3.0
3.0
4.0
3.0
74.0
75.0
2.0
1206.0
4.0
24.0
1.0
1.0
24.0
14.0
1357.0
1.0
24.0
1.0
3.0
3.0
2.0
347.0
880.0
1.0
5.0
33.0
199.0
2.0
13.0
23.0
43.0
3.0
1.0
2.0
1.0
119.0
469.0
2.0
31.0
1.0
9.0
1.0
1.0
3.0
33.0
5604.0
13.0
20.0
1.0
46.0
3.0
41.0
16.0
3108.0
1.0
118.0
42.0
1018.0
2806.0
3.0
63.0
8.0
1.0
1.0
1.0
10.0
312.0
4.0
55.0
52.0
282.0
18.0
19.0
209.0
5.0
15.0
4.0
1.0
12.0
686.0
4.0
4.0
1.0
1.0
2.0
351.0
1.0
1.0
3.0
1.0
1.0
16.0
1.0
26.0
17.0
2.0
1.0
89.0
7.0
18.0
1.0
1.0
49.0
1.0
1.0
2.0
12.0
2.0
179.0
1.0
10.0
19.0
1.0
2.0
8.0
2.0
14354.0
2.0
3.0
1.0
391.0
2.0
6.0
448.0
1056.0
4.0
42.0
14.0
12.0
3.0
658.0
2.0
3.0
3.0
943.0
1.0
3.0
3.0
55.0
3.0
737.0
2.0
2.0
5.0
63.0
2.0
51.0
3.0
475.0
2.0
1.0
1.0
3.0
8.0
1.0
1.0
13.0
1.0
1.0
1.0
6.0
6085.0
166.0
167.0
3.0
461.0
171.0
7.0
4.0
4.0
715.0
1.0
517.0
1.0
12.0
1.0
1.0
9.0
266.0
1606.0
51.0
1.0
1.0
2.0
1.0
4.0
3.0
1972.0
8.0
4.0
338.0
58.0
2.0
2.0
2.0
17.0
1.0
6.0
3.0
188.0
4.0
3.0
2.0
24.0
8.0
35.0
8.0
596.0
1.0
4.0
1.0
8.0
1.0
1.0
2.0
2.0
1.0
17.0
22.0
3.0
3.0
2.0
27.0
3.0
1.0
657.0
2.0
1.0
3.0
10.0
1.0
1.0
3.0
11.0
1.0
1.0
38.0
3.0
6.0
289.0
33.0
2.0
404.0
3.0
1.0
2.0
3.0
358.0
457.0
3.0
6.0
14.0
1.0
3.0
1240.0
158.0
8.0
4093.0
1.0
20.0
8.0
3.0
1.0
350.0
14.0
1.0
1.0
1.0
2.0
29.0
129.0
648.0
1.0
1637.0
31.0
4.0
2.0
4.0
10.0
522.0
5.0
5.0
1.0
3.0
166.0
2.0
1.0
1.0
14.0
12.0
4.0
30.0
1.0
3.0
1.0
950.0
1.0
26.0
10.0
4.0
434.0
3.0
6.0
3.0
1.0
3.0
1.0
158.0
2.0
3.0
3.0
11.0
15.0
1.0
2.0
1442.0
240.0
3.0
1.0
102.0
32.0
2.0
52.0
3.0
1.0
2.0
3.0
2.0
107.0
1.0
21.0
1.0
9.0
12.0
1.0
4.0
3.0
3.0
92.0
1.0
1.0
4.0
1.0
10.0
697.0
1.0
3.0
9.0
3.0
2.0
2.0
25.0
3.0
2.0
3.0
1.0
1401.0
2.0
17.0
3.0
158.0
2.0
5.0
2.0
24.0
17.0
19.0
1.0
1.0
1.0
54.0
12.0
1.0
1.0
86.0
3.0
359.0
1.0
1.0
1.0
46.0
1.0
1593.0
12.0
408.0
4.0
3.0
1.0
283.0
16.0
46.0
730.0
2.0
2829.0
27.0
1.0
1.0
4.0
3.0
1.0
1.0
117.0
19.0
1.0
1.0
3.0
2.0
1.0
1.0
55.0
36.0
3.0
3.0
2.0
1.0
1.0
4.0
5.0
932.0
2.0
10.0
26.0
16.0
1.0
5.0
106.0
4.0
13.0
1.0
32.0
12.0
23.0
7.0
19.0
114.0
3.0
370.0
484.0
487.0
8.0
232.0
1.0
50.0
59.0
900.0
8.0
3304.0
3.0
61.0
10.0
597.0
26.0
1.0
438.0
9.0
1.0
1.0
1.0
1.0
1.0
8.0
3.0
1.0
440.0
13096.0
10.0
2.0
1.0
24.0
3.0
1.0
241.0
1.0
1.0
1.0
1.0
3.0
1.0
3.0
1.0
5.0
16.0
2.0
19.0
3.0
1.0
658.0
723.0
1.0
4.0
12.0
1.0
117.0
2.0
391.0
5.0
3.0
2.0
16.0
4.0
1.0
2.0
116.0
2.0
78.0
1.0
2.0
16.0
4.0
3.0
685.0
36.0
1.0
1.0
3.0
3.0
1.0
1.0
3.0
5.0
15.0
3.0
19.0
46.0
2.0
38.0
1.0
123.0
80.0
3.0
17.0
3.0
1.0
1.0
1.0
3.0
1.0
326.0
3.0
171.0
17.0
1674.0
1.0
431.0
9.0
5.0
1.0
28.0
22.0
4853.0
251.0
191.0
1.0
2.0
8.0
677.0
111.0
38.0
3.0
1.0
29.0
3.0
3.0
15.0
2.0
93.0
164.0
2.0
323.0
2.0
1.0
243.0
1.0
2.0
1.0
17.0
41.0
1601.0
8.0
10.0
19.0
2.0
56.0
5.0
1.0
3235.0
6.0
3.0
424.0
4.0
43.0
3.0
3.0
5.0
87.0
2.0
103.0
1.0
9.0
24.0
14189.0
3.0
370.0
164.0
58.0
175.0
59.0
6.0
2.0
2.0
1.0
1.0
2.0
5.0
19.0
20.0
3.0
9.0
3.0
6.0
1.0
3.0
3.0
31.0
147.0
1.0
3.0
74.0
4.0
8.0
2.0
5.0
668.0
839.0
1.0
208.0
19.0
5573.0
3.0
4.0
11.0
2.0
2.0
3.0
69.0
3.0
344.0
536.0
5.0
1.0
21.0
27.0
7.0
1.0
1.0
338.0
1.0
1.0
4.0
24.0
1.0
8.0
3.0
932.0
41.0
6.0
199.0
1617.0
2.0
116.0
376.0
668.0
102.0
5.0
25.0
6.0
4.0
24.0
15.0
3.0
814.0
5.0
1.0
3679.0
1381.0
6.0
198.0
411.0
3.0
1.0
1.0
1.0
2.0
19.0
1.0
4.0
214.0
7.0
2.0
1.0
114.0
9.0
3.0
1290.0
1.0
21.0
762.0
74.0
1.0
321.0
1.0
1.0
662.0
979.0
1.0
1.0
10.0
1.0
16.0
7.0
1198.0
2.0
39.0
21.0
5.0
1.0
35.0
614.0
1.0
1180.0
3.0
1.0
1.0
3.0
2.0
9.0
10.0
1.0
2.0
1.0
9.0
8.0
1574.0
13.0
177.0
7.0
1.0
4.0
6.0
67.0
3.0
10.0
2.0
19.0
19.0
2.0
7.0
8.0
5.0
3.0
584.0
6.0
75.0
2.0
1.0
1.0
5.0
2.0
1.0
537.0
3.0
40.0
18.0
1.0
1.0
92.0
8.0
16.0
11.0
5.0
135.0
4.0
3.0
1.0
364.0
1728.0
3.0
6.0
13.0
1.0
1.0
46.0
258.0
3.0
55.0
278.0
17.0
5.0
4.0
919.0
797.0
3.0
1.0
21.0
17.0
34.0
1.0
1.0
9.0
1.0
457.0
591.0
444.0
287.0
97.0
5.0
288.0
1.0
1506.0
3.0
916.0
21.0
33.0
1164.0
5.0
2.0
2.0
1.0
1546.0
3.0
3.0
1.0
1730.0
4.0
1.0
1.0
1.0
1.0
2.0
3.0
3.0
4.0
3.0
21.0
2416.0
9.0
24.0
4.0
3.0
1.0
26.0
10.0
1.0
2.0
1.0
104.0
16.0
65.0
1112.0
7.0
6.0
444.0
6.0
2.0
1.0
3.0
1.0
3.0
30.0
3.0
1.0
5.0
9.0
1.0
1.0
461.0
17.0
8.0
2.0
6.0
3.0
1.0
2.0
177.0
238.0
2.0
28.0
10.0
173.0
30.0
2.0
3.0
114.0
3.0
725.0
17.0
4.0
1.0
371.0
19.0
5.0
500.0
3.0
6.0
1.0
1031.0
4.0
30.0
3.0
1.0
252.0
3.0
1.0
1.0
2.0
5.0
1.0
14.0
1.0
34.0
1.0
20.0
55.0
16.0
19.0
1.0
1.0
25.0
1.0
314.0
1.0
1.0
2.0
5.0
69.0
253.0
7.0
2441.0
33.0
288.0
183.0
1.0
3.0
3.0
5.0
3.0
3.0
93.0
7.0
1.0
3.0
3.0
3.0
1.0
3.0
1.0
220.0
3.0
1953.0
1.0
87.0
450.0
5.0
2.0
1.0
102.0
584.0
1.0
132.0
316.0
3.0
159.0
2.0
48.0
1.0
1.0
2.0
1997.0
1.0
21.0
1.0
9.0
4.0
1297.0
202.0
20.0
24.0
897.0
2.0
1.0
300.0
10.0
1.0
3.0
5.0
1.0
16.0
1.0
6.0
321.0
1.0
4.0
105.0
3.0
4.0
1.0
351.0
3.0
7.0
1.0
2.0
3.0
12.0
3.0
6.0
288.0
3.0
33.0
1.0
2.0
2.0
1.0
2.0
3.0
1.0
76.0
6.0
19.0
3.0
1.0
3.0
5.0
2.0
1.0
1.0
1.0
369.0
5.0
24.0
1.0
19.0
15.0
3.0
19.0
154.0
82.0
1.0
27.0
1.0
352.0
3.0
289.0
1.0
114.0
4.0
12.0
1.0
3.0
2.0
1.0
6.0
3.0
1.0
6.0
1.0
3.0
2.0
2.0
18.0
201.0
186.0
21.0
1338.0
1.0
2.0
1.0
2.0
1.0
787.0
709.0
16.0
8.0
1.0
3.0
21.0
111.0
1.0
2926.0
75.0
1.0
2.0
841.0
2.0
2.0
1.0
7.0
2823.0
58.0
20.0
96.0
3.0
3.0
76.0
178.0
1.0
360.0
797.0
553.0
3.0
1.0
16.0
158.0
1.0
8.0
14.0
1.0
92.0
4.0
1.0
3.0
3.0
1.0
29.0
3.0
1439.0
24.0
49816.0
19.0
1.0
155.0
426.0
3.0
3.0
492.0
4.0
145.0
1.0
2.0
14.0
98.0
14.0
17.0
1117.0
8.0
513.0
1.0
4.0
338.0
38.0
3.0
3.0
73.0
1.0
2.0
1.0
7.0
12.0
2.0
233.0
1.0
4.0
1.0
4.0
4.0
55.0
1.0
1.0
15.0
15.0
3.0
3.0
3.0
1.0
580.0
2.0
1.0
1.0
66.0
1.0
64.0
1.0
40.0
3.0
33.0
3.0
3.0
9.0
1.0
1355.0
424.0
2.0
3.0
1276.0
4.0
1.0
3.0
17.0
34.0
11.0
1.0
3.0
72.0
1.0
351.0
7.0
3.0
4619.0
3.0
778.0
108.0
588.0
3.0
3.0
5.0
117.0
3.0
1.0
25.0
40.0
1.0
1.0
1309.0
9.0
2.0
1.0
271.0
1.0
17.0
4.0
1.0
71.0
1.0
4.0
293.0
7.0
3.0
1.0
1.0
3.0
5.0
28.0
2.0
232.0
8.0
1.0
227.0
1.0
1.0
99.0
3.0
1176.0
1574.0
1.0
475.0
3.0
106.0
5201.0
2.0
2.0
4.0
1.0
48.0
3.0
7.0
7.0
1.0
16.0
9.0
697.0
1.0
490.0
293.0
126.0
2.0
2.0
1.0
33.0
1.0
10.0
15.0
4.0
3.0
1.0
10.0
8.0
2.0
8.0
1.0
16.0
3.0
1.0
14.0
3.0
7.0
4.0
19.0
1.0
3.0
1.0
91.0
829.0
28.0
2.0
394.0
3.0
4.0
1.0
338.0
1.0
2.0
282.0
46.0
1494.0
7.0
8.0
19.0
1503.0
7.0
28.0
6.0
4.0
3.0
3.0
65.0
2.0
1.0
3.0
3.0
779.0
220.0
25.0
3.0
1.0
105.0
1.0
30.0
1.0
3.0
2.0
1.0
3.0
1.0
1.0
293.0
9.0
215.0
18.0
2.0
1.0
8.0
889.0
166.0
13.0
2.0
10.0
1.0
433.0
60.0
1.0
1023.0
460.0
1.0
4.0
3.0
1067.0
1.0
11.0
3.0
1127.0
1.0
83.0
2.0
68.0
1.0
1.0
15.0
71.0
3.0
1.0
725.0
1.0
422.0
86.0
46.0
7.0
1.0
1.0
1.0
2.0
2.0
1.0
1.0
14.0
96.0
141.0
5746.0
5.0
19.0
2.0
7.0
1.0
1.0
1.0
4.0
86.0
1.0
10.0
2.0
28.0
2.0
2.0
365.0
282.0
22.0
313.0
1.0
770.0
1.0
9.0
1.0
1.0
14.0
3.0
10.0
2.0
2.0
1.0
1.0
2.0
46.0
1.0
65.0
2.0
1.0
4.0
1.0
7.0
2.0
1.0
3.0
1.0
2.0
1.0
1.0
3.0
40.0
1.0
1.0
6.0
7.0
1.0
5.0
3.0
55.0
20.0
272.0
5.0
259.0
89.0
4.0
3.0
24.0
3.0
4.0
3.0
2.0
2.0
2.0
3.0
2.0
2.0
2.0
1.0
309.0
10.0
1.0
1.0
8.0
201.0
2.0
1.0
16.0
1.0
10.0
1.0
150.0
1.0
1.0
2.0
19.0
592.0
18.0
186.0
1.0
3.0
1.0
351.0
2.0
1.0
1.0
8.0
1.0
153.0
514.0
1.0
1.0
3.0
15.0
3.0
8.0
9.0
11.0
1.0
1.0
9.0
166.0
2.0
1.0
18.0
41089.0
2.0
1018.0
3.0
870.0
4612.0
7.0
910.0
2.0
65.0
5.0
7.0
2.0
3.0
4.0
70.0
1.0
3.0
3.0
1.0
1.0
661.0
1.0
1.0
1.0
1.0
16.0
9.0
64.0
3.0
110.0
16.0
26.0
308.0
4.0
741.0
73.0
1.0
6.0
1.0
102.0
3.0
3.0
315.0
60.0
211.0
1.0
369.0
23.0
22.0
1043.0
2.0
1.0
12.0
8.0
139.0
2.0
1.0
3.0
21.0
1.0
1.0
17.0
1.0
3.0
1.0
38.0
1.0
102.0
15.0
4.0
24.0
40.0
860.0
1.0
365.0
51.0
8.0
1.0
65.0
3.0
3.0
22.0
12.0
1271.0
1.0
7982.0
3.0
2.0
5.0
1.0
152.0
8.0
3.0
1.0
351.0
5.0
433.0
351.0
58.0
3.0
3.0
848.0
1.0
102.0
2.0
7.0
55.0
11.0
1.0
3.0
1.0
10.0
2.0
1.0
10.0
7.0
1.0
1.0
7.0
11.0
2.0
5.0
6.0
23.0
650.0
9.0
3.0
31.0
1008.0
1.0
3.0
63.0
526.0
1325.0
1.0
3.0
278.0
1618.0
20.0
1.0
1.0
1.0
1.0
9.0
1.0
2.0
1.0
1.0
1.0
3.0
1.0
4.0
1.0
743.0
3.0
25.0
1.0
139.0
228.0
3.0
1.0
1.0
70.0
3.0
8.0
5.0
4.0
2358.0
1.0
6.0
9.0
1.0
1.0
1.0
3.0
1.0
3.0
13.0
2.0
3.0
1.0
3.0
2.0
2.0
1.0
2.0
2.0
19.0
614.0
2.0
75.0
1.0
4.0
3.0
1.0
1.0
45.0
3.0
239.0
1.0
22.0
1.0
1.0
5.0
542.0
4.0
5.0
2.0
1.0
1.0
443.0
1.0
17.0
288.0
15.0
4.0
1.0
3.0
2.0
1.0
185.0
1.0
15.0
3.0
1.0
8.0
72.0
2.0
14.0
1.0
274.0
8.0
3.0
1.0
1.0
2.0
1.0
4.0
5.0
36.0
278.0
3.0
20.0
3.0
1.0
20.0
8.0
2.0
2.0
3.0
1.0
231.0
3.0
22.0
16.0
4.0
1.0
1258.0
37.0
4.0
2.0
20.0
8674.0
2.0
43.0
3.0
45.0
1.0
1.0
3.0
1.0
9.0
3.0
2.0
1.0
2.0
2.0
55.0
3.0
1.0
1.0
1.0
32.0
93.0
4.0
3.0
1.0
1761.0
1.0
1.0
8.0
6.0
2.0
333.0
4.0
80.0
2.0
7.0
8.0
3.0
5.0
170.0
1.0
2.0
1.0
13.0
1.0
323.0
16.0
82.0
1.0
101.0
1.0
285.0
99.0
1.0
2.0
2.0
1.0
13.0
1848.0
1.0
3.0
2.0
3.0
512.0
1.0
3.0
5.0
1.0
125.0
3.0
1.0
1.0
3.0
237.0
1.0
11.0
312.0
3.0
2.0
1.0
2.0
74.0
1.0
1.0
3.0
229.0
3.0
1.0
1.0
3.0
3.0
280.0
1.0
2.0
2.0
2.0
3.0
2.0
1.0
15.0
2.0
12.0
3.0
3.0
3.0
10.0
1.0
1.0
4.0
11.0
20.0
1.0
8.0
1.0
880.0
1.0
35.0
2.0
615.0
1.0
382.0
3.0
85.0
20953.0
5.0
25.0
3.0
122.0
25.0
362.0
1.0
3.0
15.0
27.0
132.0
3.0
1.0
6.0
1.0
1.0
9.0
8.0
46.0
8.0
1.0
23.0
8.0
4.0
5.0
3.0
3.0
24.0
1425.0
218.0
3.0
30.0
490.0
1.0
2.0
16479.0
69.0
3.0
6.0
1.0
4.0
159.0
34.0
2.0
2.0
4.0
1.0
1.0
1.0
1.0
16.0
16.0
1.0
1.0
8.0
4.0
2.0
4.0
4.0
3.0
106.0
8.0
16.0
1.0
1.0
1.0
1.0
1.0
3.0
8.0
116.0
5.0
1.0
3.0
499.0
2.0
1.0
13.0
9.0
27.0
2.0
3.0
311.0
5.0
3.0
28.0
1.0
10.0
1420.0
2.0
1.0
12.0
342.0
50.0
1.0
2.0
2.0
274.0
24.0
19.0
2.0
58.0
1546.0
1.0
1.0
3.0
8.0
2.0
1.0
4.0
4.0
1.0
165.0
136.0
3.0
3.0
47.0
36.0
8.0
1.0
1.0
565.0
2.0
3.0
3.0
1992.0
9.0
3.0
117.0
2.0
14385.0
29.0
39.0
2.0
56.0
1.0
9.0
1.0
10.0
1294.0
685.0
3.0
44.0
3.0
3.0
1.0
15.0
7.0
2.0
1257.0
23.0
4.0
63.0
2.0
1.0
12.0
215.0
13.0
6.0
1.0
1.0
11.0
5.0
2.0
63.0
62.0
652.0
1.0
17.0
2.0
1.0
1.0
284.0
21.0
3.0
3.0
12.0
3.0
2.0
9.0
2.0
3.0
1.0
2.0
62.0
3.0
10.0
1337.0
2.0
4.0
2.0
2.0
3.0
3.0
1.0
67.0
2.0
1.0
2.0
213.0
66.0
104.0
3.0
1.0
1.0
1.0
20.0
1.0
38.0
47.0
88.0
1.0
1.0
83.0
1.0
90.0
178.0
1.0
2.0
14560.0
3.0
705.0
1536.0
1.0
441.0
2.0
1.0
2.0
4.0
5.0
212.0
3.0
3.0
1018.0
19.0
1.0
5462.0
23.0
453.0
1.0
557.0
7.0
2.0
21.0
3.0
3.0
3.0
5.0
1.0
1.0
369.0
9.0
5003.0
1.0
288.0
1.0
3.0
39.0
1.0
5.0
4.0
1.0
3.0
47.0
1.0
9.0
10510.0
4.0
14189.0
3.0
16.0
2.0
999.0
5.0
4.0
2.0
2.0
1.0
13.0
19.0
7.0
1.0
4.0
1.0
4.0
1.0
1.0
468.0
1.0
3.0
3.0
1.0
1.0
24.0
1.0
1.0
217.0
18.0
3.0
1927.0
1.0
4.0
110.0
10.0
2.0
3.0
91.0
8.0
2.0
1.0
4.0
1422.0
701.0
8.0
3805.0
1.0
5.0
10.0
1.0
1.0
24.0
1.0
1.0
1.0
1225.0
146.0
2.0
2.0
4.0
3.0
1.0
1.0
17.0
4.0
1.0
38.0
6.0
2.0
1.0
47.0
582.0
351.0
2.0
351.0
1.0
18.0
1.0
3.0
1.0
3.0
2.0
31.0
638.0
3.0
12.0
36.0
43.0
134.0
2444.0
4.0
19.0
904.0
3.0
10.0
9.0
1.0
159.0
2.0
1.0
1.0
24.0
11.0
13.0
4.0
1320.0
3.0
63.0
29.0
3.0
1.0
8.0
8.0
3.0
102.0
351.0
4.0
6.0
18.0
23.0
9.0
22.0
1469.0
2.0
292.0
1.0
109.0
3.0
1.0
7.0
58.0
1.0
1.0
1.0
12.0
1.0
1.0
22.0
6.0
4.0
39.0
9.0
3.0
510.0
1.0
19.0
2.0
106.0
3.0
1.0
3.0
377.0
16.0
5.0
7.0
1.0
2.0
3.0
926.0
3.0
1.0
133.0
3.0
1.0
1.0
3.0
1.0
3.0
278.0
3.0
14385.0
16.0
712.0
3.0
3.0
4.0
1.0
7.0
5.0
5.0
1.0
3.0
1.0
1.0
2.0
101.0
3.0
21.0
1.0
288.0
286.0
3.0
1.0
15.0
1.0
74.0
2.0
22.0
3.0
3.0
1.0
19.0
6.0
16.0
16.0
143.0
6.0
1.0
90.0
3.0
1.0
1.0
2.0
20.0
2.0
113.0
3.0
4.0
1.0
2.0
7.0
2.0
288.0
1.0
10.0
15.0
6.0
2.0
4.0
15.0
11.0
1.0
4.0
1.0
3.0
3.0
102.0
32.0
3.0
32.0
1.0
641.0
96.0
3.0
1.0
3.0
1.0
1.0
3.0
12.0
1.0
4445.0
4.0
2.0
11.0
42.0
3.0
1.0
8.0
20.0
85.0
87.0
2.0
50.0
3.0
2.0
7.0
6.0
1.0
1269.0
152.0
4.0
1.0
3.0
1.0
3.0
6.0
13.0
3.0
9.0
2.0
292.0
38.0
168.0
324.0
1.0
17.0
1.0
2.0
1.0
19.0
1054.0
1.0
1.0
2.0
1929.0
6.0
3.0
3.0
475.0
3.0
16.0
3.0
1.0
199.0
4.0
2.0
3.0
8.0
1.0
3.0
67.0
25.0
1.0
1.0
472.0
4223.0
3.0
13.0
7.0
6.0
30.0
3.0
244.0
9.0
2.0
4.0
3.0
68.0
6.0
2746.0
3.0
1.0
270.0
36.0
4.0
1.0
34.0
3.0
16.0
1.0
6.0
1.0
3.0
5.0
9002.0
1.0
15.0
19.0
130.0
1.0
3.0
8.0
18.0
5.0
201.0
1.0
9.0
1.0
3.0
1.0
8.0
1.0
2.0
155.0
6.0
14.0
4.0
2.0
4.0
1.0
1.0
1314.0
4.0
1.0
5.0
7.0
1.0
4.0
4.0
24.0
1.0
3.0
2.0
3.0
1.0
7.0
1.0
1.0
3.0
1.0
1.0
1.0
611.0
3.0
16465.0
1.0
1.0
76.0
4.0
3.0
1246.0
1.0
3.0
54.0
958.0
6.0
2.0
3.0
348.0
635.0
1.0
4.0
1.0
17.0
3.0
2.0
1.0
7.0
351.0
2.0
3.0
1.0
2.0
2.0
1429.0
8125.0
9.0
6876.0
4.0
2.0
3.0
58.0
59.0
3.0
1.0
282.0
12.0
2.0
9.0
3.0
25.0
1.0
34.0
4.0
13.0
1.0
13.0
14.0
3.0
117.0
1.0
2.0
7.0
23.0
2.0
3.0
1.0
161.0
1.0
12.0
1.0
25.0
4078.0
6.0
3.0
1.0
82.0
2.0
2.0
5.0
36.0
2.0
4.0
2.0
3.0
1.0
20.0
3.0
2.0
4.0
6.0
361.0
351.0
2.0
1.0
1.0
940.0
23.0
11.0
3.0
3.0
3.0
1.0
2.0
3.0
1004.0
1.0
34.0
3.0
68.0
685.0
2.0
1.0
69.0
336.0
1.0
42.0
51.0
3.0
3.0
2.0
3.0
77.0
21.0
4.0
19241.0
3.0
2.0
1.0
1.0
2.0
57.0
19.0
13.0
576.0
24.0
11076.0
1.0
142.0
16.0
1.0
123.0
6.0
6.0
286.0
3.0
515.0
1.0
1.0
5.0
263.0
8.0
106.0
65.0
3.0
2.0
48.0
3.0
4.0
1.0
2.0
1.0
2.0
513.0
82.0
47.0
4.0
4.0
2.0
1.0
4351.0
77.0
290.0
22.0
8.0
18.0
1.0
5.0
1.0
3159.0
4.0
62.0
1.0
1.0
2.0
1.0
1.0
252.0
12.0
64.0
8.0
772.0
108.0
2.0
81.0
17.0
1.0
1.0
2.0
3.0
6.0
55.0
3.0
1.0
1.0
1.0
96.0
18.0
2.0
1.0
1.0
23.0
1.0
19.0
3789.0
895.0
41.0
3.0
1.0
1.0
69.0
1.0
1.0
8.0
288.0
5.0
2.0
16.0
1.0
4.0
697.0
1.0
6.0
9.0
3.0
28.0
2.0
1.0
12.0
2.0
2.0
1.0
10.0
1.0
1.0
3.0
3.0
1631.0
1.0
1200.0
1189.0
1.0
1.0
3.0
1.0
1.0
1.0
1674.0
3.0
5.0
1.0
1.0
22.0
2.0
3.0
537.0
34.0
485.0
1.0
10.0
1.0
36.0
14.0
16.0
337.0
4.0
2.0
4.0
1.0
2.0
6.0
3.0
1.0
7.0
1.0
1.0
17165.0
43.0
1.0
1.0
1.0
2155.0
3.0
97.0
1773.0
2.0
73.0
12.0
24.0
8.0
134.0
2.0
2.0
33.0
19.0
10.0
254.0
37.0
713.0
23.0
16.0
1.0
1.0
1.0
1.0
4.0
5.0
1.0
1.0
15.0
1.0
3.0
66.0
666.0
3.0
1.0
549.0
1.0
1.0
2224.0
203.0
199.0
78.0
1.0
1.0
73.0
4.0
2.0
1.0
18.0
1.0
3.0
1300.0
1.0
7.0
3.0
2.0
254.0
3.0
3.0
3.0
1646.0
87.0
17.0
28.0
1.0
2.0
18.0
5.0
5.0
3.0
3.0
1.0
13.0
1.0
1.0
226.0
2.0
5.0
2.0
1.0
857.0
3.0
3.0
272.0
2462.0
1.0
31.0
5.0
1.0
120.0
3.0
164.0
3.0
6.0
1.0
2.0
110.0
3.0
1451.0
1.0
1.0
1.0
118.0
637.0
1.0
3.0
1.0
1.0
16.0
665.0
412.0
1.0
1.0
1.0
9.0
550.0
71.0
1.0
1.0
3.0
797.0
3.0
2.0
3.0
1.0
75.0
8.0
1.0
1.0
1.0
11.0
4.0
221.0
9.0
2.0
1.0
1031.0
5.0
24.0
282.0
24.0
1.0
205.0
6.0
598.0
2.0
553.0
13.0
1.0
4879.0
24.0
3.0
1.0
2.0
203.0
3.0
1.0
1.0
703.0
102.0
1.0
7.0
3.0
3.0
30.0
2.0
5.0
1191.0
8.0
17.0
1179.0
1.0
40.0
351.0
32.0
48.0
1821.0
4.0
9.0
4.0
123.0
1.0
351.0
1.0
5.0
596.0
2.0
6.0
5.0
11.0
1.0
1748.0
4.0
2.0
3.0
722.0
81.0
3.0
3.0
3.0
3.0
12.0
1.0
1.0
6.0
22.0
35.0
2.0
2.0
357.0
15.0
2.0
1.0
1438.0
7.0
1.0
12.0
2.0
39.0
8.0
5.0
20.0
11.0
779.0
1.0
33.0
5.0
2.0
1.0
74.0
3.0
1.0
9.0
9.0
300.0
2418.0
56.0
1.0
3.0
9.0
1.0
1.0
1.0
1.0
889.0
2.0
68.0
280.0
8.0
23.0
1.0
1517.0
250.0
3.0
22.0
16.0
848.0
2.0
2.0
9.0
1.0
10.0
2.0
11.0
3.0
1.0
1062.0
3.0
3.0
450.0
66.0
3.0
2.0
5.0
63.0
2746.0
1.0
2.0
20.0
3.0
1.0
3.0
2.0
4.0
3.0
3.0
8668.0
74.0
1.0
3.0
408.0
11.0
2.0
4.0
8.0
1.0
81.0
6121.0
4.0
4.0
3.0
1.0
5.0
1.0
1.0
3.0
2.0
13.0
1.0
24.0
3.0
8671.0
2.0
170.0
1.0
3.0
1.0
2.0
44.0
68.0
429.0
1.0
1.0
1.0
157.0
4.0
1.0
6.0
1.0
3.0
22.0
1.0
3.0
1.0
4.0
1.0
17.0
1.0
16.0
3.0
33.0
1.0
10.0
1.0
26.0
387.0
5.0
55.0
4.0
521.0
3.0
3.0
3.0
77.0
692.0
1.0
1.0
1.0
48.0
3.0
6.0
31.0
49.0
1.0
1183.0
1.0
7.0
1.0
1778.0
3.0
1.0
3.0
4.0
1.0
4.0
1.0
93.0
6.0
132.0
5.0
1.0
17.0
2.0
142.0
1.0
3.0
13.0
415.0
1.0
452.0
1.0
14.0
36.0
1.0
4.0
12.0
14.0
3.0
6.0
1.0
1.0
120.0
1.0
531.0
99.0
6.0
4.0
94.0
68.0
2214.0
28.0
3.0
3.0
554.0
824.0
51.0
3.0
1.0
18.0
39.0
3.0
1.0
7.0
79.0
7.0
23.0
8.0
299.0
3.0
1147.0
1.0
31.0
439.0
3489.0
7.0
1.0
1.0
1.0
15.0
2.0
2.0
77.0
9.0
1517.0
2.0
98.0
117.0
12.0
291.0
2.0
287.0
1.0
1.0
21.0
3.0
1.0
1.0
1.0
3.0
3.0
1.0
36.0
78.0
1.0
1.0
282.0
3.0
1.0
1.0
1.0
16.0
1.0
24.0
1308.0
69.0
6.0
12.0
1.0
351.0
1.0
75.0
50.0
1.0
24.0
1.0
26.0
3.0
12.0
1.0
369.0
1420.0
1.0
1.0
1.0
11.0
2.0
3.0
2.0
7.0
13.0
549.0
3.0
1.0
4.0
11514.0
1.0
1225.0
1.0
1.0
1.0
3.0
942.0
2.0
29.0
1.0
415.0
3.0
357.0
162.0
3.0
2.0
10.0
1080.0
14.0
2.0
1.0
7.0
3.0
4.0
5.0
3.0
26.0
1.0
1.0
3.0
3.0
1.0
4.0
1197.0
70.0
8.0
177.0
1.0
1.0
4.0
19.0
89.0
2.0
1.0
1.0
2.0
3.0
3.0
1.0
1.0
16.0
1.0
17.0
12.0
3.0
1.0
8.0
6.0
458.0
1.0
8.0
1.0
1.0
104.0
3.0
1.0
1.0
3.0
381.0
1.0
1.0
3.0
3.0
863.0
250.0
2.0
3.0
11.0
2.0
1.0
3.0
2.0
6.0
1.0
3.0
8.0
4.0
1.0
2.0
3.0
304.0
4.0
1.0
3.0
2.0
28.0
1.0
39.0
2.0
3.0
4.0
1.0
10.0
26.0
1.0
228.0
3.0
205.0
4.0
10.0
3.0
1.0
1.0
3.0
1.0
1.0
370.0
73.0
1.0
3.0
1.0
11.0
2.0
3.0
4.0
2.0
5.0
8.0
403.0
33.0
1.0
5.0
2.0
4.0
1.0
3.0
32.0
1.0
292.0
18.0
2.0
1.0
18.0
24.0
1.0
1.0
1.0
1.0
1.0
232.0
11.0
19.0
3.0
1.0
1048.0
25.0
3.0
3.0
8.0
1.0
1183.0
296.0
1.0
3.0
19.0
6.0
181.0
5.0
31.0
23.0
2313.0
54.0
5.0
1.0
1.0
1.0
13.0
4.0
2.0
697.0
30.0
1.0
9.0
1.0
4.0
2.0
3.0
1.0
2091.0
3.0
27.0
1.0
1.0
814.0
1.0
2.0
1.0
47.0
1000.0
3.0
1.0
4.0
2.0
14.0
2.0
23.0
2706.0
83.0
557.0
16.0
1.0
3.0
3.0
1.0
2.0
1.0
1.0
3.0
12.0
109.0
1.0
9.0
1.0
3.0
4.0
2.0
74.0
3.0
1.0
1.0
121.0
4.0
3.0
3.0
638.0
3.0
8.0
28.0
5.0
9.0
1.0
229.0
2.0
200.0
12.0
4.0
1.0
2.0
3.0
4.0
5.0
4.0
2.0
1.0
3.0
1.0
14.0
5.0
39.0
30.0
226.0
167.0
2.0
3.0
560.0
1.0
2.0
1.0
1.0
1.0
4.0
31.0
1.0
1.0
9.0
5.0
217.0
274.0
3.0
3.0
7.0
3.0
24.0
847.0
1.0
1.0
1.0
81.0
1.0
89.0
2.0
1.0
3.0
1.0
32.0
3.0
3.0
3.0
1.0
4.0
2.0
16.0
2.0
15.0
1.0
16.0
18.0
1.0
1.0
3.0
60.0
34.0
1029.0
3.0
1.0
22.0
1.0
66.0
1.0
6.0
9.0
3.0
7913.0
1.0
13653.0
1.0
4.0
366.0
4.0
1.0
4.0
3.0
1.0
5.0
1.0
2.0
4.0
351.0
596.0
1.0
157.0
3.0
3.0
1.0
1.0
2.0
817.0
351.0
1.0
1.0
3.0
322.0
84.0
18.0
7.0
395.0
5.0
3.0
13.0
19.0
1.0
4.0
3.0
1.0
3.0
1229.0
3.0
1.0
3.0
7.0
28.0
2.0
3.0
2.0
13.0
1487.0
878.0
2.0
2.0
183.0
331.0
2.0
3.0
39.0
123.0
19.0
1.0
3.0
589.0
1.0
3.0
1.0
22.0
1.0
3.0
3707.0
20.0
1.0
5.0
1.0
9.0
1.0
24.0
1.0
3.0
4.0
1.0
20567.0
1.0
1.0
3.0
2.0
21.0
48.0
1.0
19.0
1.0
5.0
18.0
15.0
2.0
3.0
2.0
3.0
1.0
5396.0
12.0
17.0
8.0
1.0
96.0
2.0
1.0
2.0
1.0
1.0
1.0
421.0
1.0
47.0
6.0
38.0
9.0
1.0
525.0
1.0
8.0
2.0
4.0
1.0
2.0
4.0
5587.0
3.0
1.0
61.0
9.0
3.0
38.0
7.0
4.0
3.0
3.0
1.0
596.0
7.0
184.0
1.0
87.0
5.0
1.0
1.0
20.0
103.0
1.0
7.0
2.0
1.0
3.0
48.0
1.0
2.0
1.0
1.0
19.0
447.0
10.0
2.0
1.0
33.0
5.0
1.0
1.0
4.0
3.0
38.0
1.0
12235.0
112.0
1.0
37.0
295.0
3.0
332.0
1.0
1.0
1.0
4.0
244.0
1.0
5.0
102.0
1.0
633.0
1.0
2.0
1.0
1.0
40.0
25.0
3.0
3.0
5.0
1.0
304.0
1.0
17.0
3.0
162.0
10.0
1.0
5.0
8.0
59.0
3.0
7.0
44.0
351.0
2.0
3.0
1.0
2.0
1.0
1.0
16.0
1.0
5515.0
5.0
3.0
49.0
2.0
6.0
2.0
3.0
1.0
4.0
303.0
1961.0
731.0
1.0
34.0
1.0
413.0
1.0
1.0
22.0
1.0
27.0
24.0
19.0
21.0
9.0
3.0
4.0
6598.0
3.0
11.0
44.0
1.0
44.0
753.0
10.0
1.0
1.0
1.0
2.0
13.0
39.0
3.0
4.0
88.0
160.0
1.0
2.0
1.0
1.0
2.0
4.0
3.0
23.0
3.0
3.0
1582.0
1.0
3.0
3.0
3.0
79.0
1.0
1.0
1.0
21.0
263.0
3.0
376.0
215.0
1.0
3.0
1.0
2.0
3.0
2.0
5.0
3.0
10.0
200.0
1.0
3.0
1.0
1.0
1.0
3.0
2.0
1429.0
11.0
4.0
89.0
3.0
1.0
1.0
1.0
3.0
12.0
1303.0
2.0
2.0
351.0
3.0
4.0
2.0
2.0
2.0
17.0
4.0
10.0
1.0
37.0
1.0
12.0
3.0
3.0
1.0
3.0
1.0
5.0
35.0
764.0
452.0
1.0
38.0
2.0
2.0
2.0
1.0
2.0
688.0
66.0
3.0
1.0
3.0
1960.0
2131.0
370.0
3.0
305.0
365.0
1.0
3.0
844.0
4.0
7.0
1.0
1.0
3.0
1159.0
1.0
39.0
588.0
1.0
1.0
1.0
216.0
3.0
5.0
1.0
65.0
5.0
3.0
1.0
5.0
1.0
3.0
1034.0
24.0
4.0
1.0
1.0
117.0
106.0
1.0
1.0
3.0
336.0
3.0
1555.0
4.0
3.0
1.0
31.0
1.0
2.0
1.0
2.0
5.0
2.0
102.0
2.0
369.0
40.0
152.0
3.0
2.0
491.0
1.0
1.0
4.0
374.0
3.0
23.0
3.0
10.0
3.0
1.0
6.0
439.0
2.0
2.0
1.0
2.0
503.0
4.0
1.0
1533.0
3.0
3.0
2.0
5.0
1.0
36.0
3.0
2.0
1.0
21.0
10.0
34.0
3.0
8.0
30.0
3.0
1.0
161.0
1.0
102.0
3.0
4.0
3.0
54.0
1.0
2.0
2.0
26.0
5.0
1.0
1.0
3.0
6.0
8.0
3.0
2.0
1.0
71.0
1.0
5.0
1.0
6.0
2.0
33.0
1.0
1.0
2.0
95.0
4.0
1.0
3.0
2.0
19.0
3.0
13.0
3.0
3.0
6.0
15.0
13.0
1.0
2.0
2.0
6.0
1.0
73.0
111.0
1.0
6.0
3.0
1.0
865.0
3.0
1.0
1.0
2.0
98.0
1.0
334.0
2.0
3.0
43.0
621.0
4.0
1.0
281.0
1.0
5.0
435.0
1.0
16.0
1.0
207.0
1.0
25.0
3.0
1.0
3.0
1.0
72.0
351.0
11.0
3.0
154.0
20.0
1.0
6.0
2065.0
18.0
22.0
105.0
7.0
3.0
118.0
3.0
99.0
1.0
2.0
11.0
3.0
2.0
3.0
1.0
2.0
7.0
6.0
1.0
1053.0
1.0
30.0
1.0
1.0
1.0
2.0
3.0
1.0
3.0
2.0
1.0
41.0
1.0
5.0
3.0
3.0
3.0
3.0
1.0
4.0
16.0
30.0
1071.0
4.0
264.0
6.0
43.0
1.0
2.0
33.0
1115.0
4.0
2.0
8.0
2.0
1.0
1.0
14385.0
1.0
25.0
1.0
1179.0
2.0
6.0
1.0
2616.0
8.0
1.0
37.0
4.0
10.0
9.0
2.0
4.0
3.0
2.0
3.0
12.0
26.0
1.0
1.0
4.0
6.0
1.0
3.0
6.0
1.0
4.0
3.0
292.0
102.0
3.0
9.0
4.0
1.0
1.0
3.0
3.0
3.0
1.0
1.0
3.0
35.0
1.0
9.0
10.0
1003.0
2.0
1.0
839.0
1.0
362.0
1.0
13.0
3.0
1.0
18.0
512.0
5.0
19.0
2.0
28.0
3.0
3.0
1.0
1.0
1.0
472.0
11.0
6.0
4.0
3.0
4.0
3.0
2.0
8.0
4.0
4.0
2.0
5.0
2312.0
76.0
67.0
1.0
8.0
3.0
3.0
4.0
7.0
3.0
460.0
58.0
1.0
1.0
1.0
157.0
713.0
14.0
1.0
3.0
1.0
3.0
3.0
3.0
2.0
37.0
1.0
1.0
1.0
5.0
827.0
234.0
1.0
8.0
1.0
1.0
9.0
2.0
5823.0
1.0
3.0
4.0
1.0
1.0
68.0
123.0
8.0
434.0
4.0
8.0
386.0
281.0
1.0
1.0
30.0
2259.0
573.0
1.0
38.0
2.0
1.0
1.0
9.0
2.0
2.0
3.0
2.0
6.0
1.0
3.0
4.0
102.0
107.0
404.0
16.0
2.0
9.0
124.0
6.0
429.0
2.0
737.0
783.0
5.0
282.0
2.0
1105.0
22.0
34.0
1.0
9.0
3.0
3.0
3.0
4.0
1437.0
56.0
1.0
2.0
22.0
5.0
1.0
1.0
3.0
1.0
177.0
41.0
4.0
2.0
1451.0
6.0
1296.0
313.0
74.0
2.0
1.0
10.0
3.0
2.0
457.0
130.0
3.0
1.0
1.0
1.0
1.0
20.0
4.0
1.0
9.0
278.0
1.0
9.0
1.0
2.0
2.0
1.0
7.0
3.0
1700.0
1.0
9.0
19.0
282.0
34.0
122.0
50.0
5.0
1.0
5787.0
3.0
2.0
346.0
24.0
53.0
8.0
1131.0
8.0
2.0
12.0
2.0
72.0
5.0
4.0
12.0
205.0
42.0
85.0
3.0
3.0
432.0
1.0
674.0
104.0
512.0
4.0
1.0
2.0
1.0
17.0
17.0
1.0
464.0
4.0
1.0
3.0
4.0
358.0
4.0
5.0
11.0
12.0
1.0
10.0
1.0
3.0
16.0
22.0
578.0
6.0
961.0
33.0
94.0
1.0
2.0
2.0
34.0
9.0
4.0
3.0
3.0
3.0
1.0
1.0
1.0
1.0
1596.0
1.0
1.0
1.0
992.0
1.0
8.0
1.0
2.0
91.0
75.0
2.0
3.0
34.0
31.0
1.0
3.0
1.0
2083.0
699.0
454.0
2.0
3.0
37.0
14.0
2.0
1.0
1.0
49.0
38.0
1.0
1.0
200.0
54.0
2.0
1276.0
2.0
1.0
29.0
379.0
1.0
3.0
262.0
28.0
4.0
8.0
9.0
12.0
3.0
2.0
3.0
23.0
44.0
8.0
4.0
6.0
29.0
1.0
3.0
6.0
1.0
4.0
3.0
27.0
409.0
7.0
58.0
7.0
164.0
40.0
1.0
7.0
3.0
1.0
3.0
3.0
311.0
932.0
3.0
1.0
2.0
2.0
1.0
2.0
1.0
107.0
16.0
1.0
4.0
297.0
5.0
3334.0
11.0
9.0
22.0
3.0
80.0
4.0
702.0
4.0
24.0
6.0
7.0
3.0
24.0
9.0
13.0
8.0
1.0
14.0
3.0
1.0
10.0
3.0
1.0
5.0
1.0
8.0
9.0
5707.0
17.0
489.0
4.0
8.0
6.0
8.0
3.0
9.0
89.0
20.0
950.0
2.0
1.0
11.0
12.0
1.0
2.0
1.0
14.0
5568.0
2.0
170.0
1.0
262.0
16479.0
3.0
657.0
2.0
3.0
41.0
1.0
1.0
84.0
1188.0
2.0
3.0
457.0
10.0
25.0
1575.0
2389.0
5.0
1.0
138.0
14.0
3939.0
132.0
11.0
60.0
51.0
9.0
1249.0
4.0
21.0
2.0
9.0
1.0
12.0
457.0
102.0
3.0
13.0
25.0
1419.0
2.0
4.0
1.0
3140.0
1320.0
1.0
3.0
4.0
2.0
3.0
3.0
1.0
1.0
3.0
3133.0
45.0
2.0
1.0
3.0
1.0
1.0
3.0
3.0
1.0
2.0
6.0
9.0
1.0
1.0
2.0
3.0
3.0
3.0
149.0
4.0
2.0
1.0
1.0
35.0
1.0
1.0
10.0
1.0
1.0
55.0
5.0
4.0
3.0
1.0
3.0
7.0
2.0
4.0
1.0
1.0
6.0
12.0
2.0
8.0
3.0
327.0
8.0
19.0
1.0
35.0
1.0
288.0
57.0
3.0
2.0
2.0
12.0
55.0
17.0
9.0
20.0
1.0
38.0
3.0
35.0
316.0
2.0
3.0
3.0
3.0
6.0
11.0
3.0
1.0
1.0
3.0
3.0
243.0
1.0
7.0
15.0
1.0
1.0
4.0
1394.0
1299.0
33.0
5.0
6.0
2.0
1.0
20.0
1.0
7.0
5.0
4.0
7.0
1.0
1.0
11.0
737.0
801.0
635.0
45.0
10.0
486.0
1.0
1.0
1.0
19.0
25.0
29.0
1.0
74.0
1.0
1.0
1.0
6.0
477.0
1.0
1.0
2.0
7.0
1.0
3.0
2.0
3.0
19.0
1.0
1.0
6.0
1.0
1.0
1.0
6.0
1.0
3.0
1.0
1.0
40.0
60.0
8.0
8.0
3.0
274.0
1223.0
784.0
1.0
4.0
1.0
1.0
9.0
596.0
5.0
659.0
2.0
1.0
21.0
422.0
24.0
370.0
10.0
128.0
129.0
3.0
3.0
141.0
8.0
2.0
10.0
2.0
3.0
4.0
1.0
2.0
8830.0
1.0
21.0
3.0
1.0
9.0
1.0
1.0
1.0
23.0
19.0
4.0
1.0
1.0
1.0
3.0
11.0
3.0
24.0
28.0
117.0
6.0
317.0
2.0
1.0
25.0
1.0
30.0
1.0
19.0
1050.0
1.0
18.0
1166.0
1.0
8.0
43.0
3.0
576.0
436.0
1.0
1585.0
2936.0
1.0
7.0
2.0
835.0
674.0
2.0
37.0
6.0
1.0
63.0
30.0
4.0
89.0
3.0
3.0
252.0
1734.0
1.0
1.0
3.0
2.0
204.0
1.0
3.0
3.0
3.0
2.0
20.0
772.0
1.0
1.0
3.0
3.0
1.0
1.0
103.0
554.0
3.0
2.0
102.0
1.0
8.0
5.0
1.0
142.0
2.0
2.0
2.0
7.0
875.0
358.0
100.0
3.0
14411.0
961.0
52.0
1.0
4.0
3.0
26.0
2.0
4.0
3.0
106.0
1.0
1.0
2.0
337.0
1.0
36.0
1.0
1.0
3.0
1.0
2.0
2.0
7.0
7.0
5072.0
2.0
6.0
3.0
1256.0
2.0
1.0
2.0
1081.0
2.0
14.0
1.0
2.0
1.0
3.0
33.0
1.0
9.0
2.0
2.0
2.0
18.0
2.0
1078.0
1.0
2.0
16.0
4.0
8.0
1.0
1.0
1.0
101.0
1.0
2.0
34.0
2.0
399.0
1.0
458.0
1.0
3.0
20.0
1.0
61.0
6.0
64.0
4.0
8537.0
414.0
5.0
1.0
9.0
1.0
3.0
3.0
1.0
5.0
1.0
2.0
48.0
1.0
4.0
1.0
16.0
1.0
48.0
2.0
2.0
22.0
262.0
15.0
338.0
4.0
2.0
1.0
1.0
22.0
1.0
1.0
1832.0
3612.0
1.0
3.0
1.0
13.0
1.0
14.0
1.0
4.0
3.0
1069.0
1.0
3.0
2.0
1.0
1.0
1.0
103.0
1.0
319.0
3.0
1.0
1.0
3.0
9.0
2794.0
51.0
12.0
7.0
152.0
3.0
1.0
6.0
1.0
1.0
7.0
1.0
8.0
314.0
1.0
1.0
89.0
1.0
5.0
4.0
34.0
1.0
1.0
3.0
6.0
10.0
39.0
2.0
24.0
87.0
1.0
6.0
1344.0
183.0
78.0
16528.0
8102.0
17.0
1.0
3.0
840.0
1.0
577.0
66.0
24.0
115.0
3.0
2.0
17.0
4.0
3.0
1.0
1.0
80.0
1.0
49.0
4.0
248.0
14.0
943.0
1.0
1.0
5.0
3.0
71.0
1.0
3.0
1.0
1.0
1657.0
177.0
4.0
1.0
1.0
5.0
2.0
3.0
3.0
9.0
18.0
1.0
89.0
3.0
25.0
31.0
24.0
381.0
96.0
3.0
7.0
1.0
3.0
133.0
1.0
2.0
7.0
14.0
10.0
1.0
1.0
2.0
610.0
3.0
47.0
1.0
9.0
266.0
2.0
3.0
611.0
680.0
14.0
308.0
1.0
3.0
3.0
155.0
21.0
6.0
359.0
744.0
1.0
1.0
2.0
3.0
24.0
6.0
1.0
1.0
1.0
88.0
2.0
41.0
3.0
11.0
2940.0
2.0
1.0
4.0
2.0
3.0
1.0
33.0
1.0
263.0
102.0
1.0
12.0
3.0
3.0
63.0
2889.0
1010.0
69.0
1.0
1.0
1.0
3.0
4.0
9.0
1.0
242.0
3.0
56.0
800.0
3.0
1.0
6.0
731.0
11.0
70.0
2.0
206.0
1157.0
39.0
2.0
39.0
3672.0
3.0
596.0
1.0
79.0
25.0
491.0
3.0
2.0
8.0
99.0
1.0
1.0
282.0
1.0
3.0
270.0
69.0
3.0
97.0
1.0
472.0
439.0
27.0
1.0
3.0
457.0
1.0
1.0
10.0
3.0
194.0
4.0
123.0
32.0
8.0
4.0
3.0
211.0
1.0
1.0
1.0
1.0
7.0
1.0
42.0
13.0
2.0
1.0
1.0
2.0
1.0
3.0
3.0
1.0
39.0
1.0
3.0
1114.0
6.0
1.0
3.0
1.0
4.0
21.0
7.0
3.0
8.0
34.0
1.0
4.0
3.0
1.0
1.0
1.0
2.0
23.0
3.0
1.0
3.0
24.0
213.0
2.0
1.0
1.0
1.0
3.0
3.0
1.0
8.0
38.0
4.0
269.0
14.0
2.0
1.0
1.0
31.0
15.0
17.0
1.0
3.0
3.0
3.0
31.0
7.0
1.0
27.0
103.0
3.0
1.0
11.0
59.0
1.0
4.0
3.0
2.0
3.0
155.0
24.0
11.0
7.0
24.0
1.0
6918.0
2.0
3.0
9739.0
1.0
1.0
4.0
4.0
3.0
1.0
2.0
1.0
3.0
2.0
1.0
3.0
2.0
248.0
222.0
4.0
1.0
4.0
1.0
419.0
25.0
16.0
1.0
8.0
84.0
1.0
5.0
4.0
1.0
5.0
1.0
652.0
1422.0
11.0
1.0
4.0
1.0
3.0
1.0
228.0
3.0
1.0
1.0
93.0
1.0
3.0
17.0
1.0
1.0
59.0
16.0
392.0
2.0
1.0
2.0
14.0
14.0
51.0
1.0
2.0
3.0
11.0
2.0
3.0
3.0
1.0
2.0
3.0
1.0
3.0
3.0
8.0
6.0
2.0
18.0
1.0
1.0
113.0
2.0
3.0
29.0
3.0
1.0
1.0
1.0
20.0
1.0
3.0
2.0
1088.0
3043.0
2.0
1214.0
3114.0
1.0
1.0
20.0
3.0
1.0
2.0
4.0
1.0
1.0
4.0
110.0
1.0
1.0
687.0
1.0
24.0
122.0
2.0
67.0
1.0
25.0
3.0
575.0
282.0
1.0
1393.0
1.0
14.0
107.0
4.0
248.0
1.0
5.0
1.0
12.0
1.0
1.0
6.0
1.0
1.0
2031.0
3.0
30.0
1910.0
3.0
9.0
9.0
3.0
9.0
3.0
8.0
108.0
1.0
461.0
103.0
6.0
516.0
3.0
6.0
13000.0
1.0
25.0
4.0
489.0
9.0
1.0
1.0
3.0
2.0
3.0
241.0
1.0
288.0
6.0
1.0
1.0
5.0
3.0
7.0
2.0
166.0
98.0
5.0
1.0
11.0
5.0
2.0
69.0
5.0
39.0
4.0
696.0
30.0
3.0
90.0
8.0
2.0
1.0
26.0
1.0
267.0
1.0
3.0
4.0
9.0
317.0
2.0
3207.0
94.0
2.0
66.0
1.0
4.0
1.0
3.0
1.0
3.0
12.0
4799.0
3.0
4.0
1.0
596.0
9.0
9.0
1.0
15.0
185.0
2.0
5.0
1.0
3.0
113.0
1.0
78.0
17.0
2.0
9.0
3.0
87.0
1.0
71.0
1.0
11.0
1.0
1.0
421.0
2.0
696.0
10.0
6.0
87.0
2.0
458.0
7.0
3.0
31.0
4.0
26.0
1.0
9.0
2.0
3.0
1.0
810.0
10.0
40.0
1.0
76.0
3.0
3.0
1.0
1.0
1.0
7.0
4.0
1.0
13.0
403.0
24.0
3.0
3.0
36.0
1256.0
7.0
2.0
264.0
4.0
8.0
1.0
1.0
1.0
3.0
1.0
1.0
27.0
839.0
2.0
1.0
696.0
1.0
2.0
1.0
8.0
8.0
61.0
7.0
1.0
6.0
596.0
2.0
3.0
7.0
8.0
62.0
2.0
41.0
537.0
3.0
6.0
1.0
1.0
1.0
3.0
13.0
9.0
4009.0
9.0
3.0
9.0
8.0
4.0
3.0
1.0
3.0
12.0
4.0
4.0
1.0
9.0
5.0
3.0
1.0
243.0
1.0
1.0
5.0
1.0
3.0
1.0
3.0
364.0
363.0
2.0
24.0
6.0
40.0
46.0
1.0
1.0
1.0
6.0
998.0
167.0
3.0
2.0
22.0
20.0
1.0
1.0
1.0
513.0
1.0
4.0
4.0
225.0
5.0
3.0
1.0
3.0
143.0
465.0
2.0
2.0
23.0
1.0
1.0
1.0
1.0
246.0
1.0
1.0
1.0
1.0
5.0
175.0
1.0
14.0
1.0
232.0
1.0
19.0
3.0
7.0
4.0
3.0
3.0
1.0
69.0
962.0
39.0
1.0
8.0
1.0
33.0
278.0
3.0
1.0
2.0
5.0
2.0
6.0
414.0
16.0
103.0
1.0
3.0
1.0
20.0
1.0
1.0
3.0
10.0
20.0
2.0
2885.0
33.0
2.0
960.0
4.0
3.0
3.0
2.0
5.0
236.0
3.0
1.0
1.0
2.0
7.0
9.0
7.0
1.0
3.0
536.0
1.0
1.0
1.0
34.0
1.0
1.0
1.0
143.0
65.0
2.0
5.0
410.0
1.0
388.0
1.0
3.0
17.0
22895.0
1.0
1.0
2601.0
1.0
1.0
2.0
18136.0
241.0
3.0
1.0
3.0
1.0
13.0
3.0
105.0
1.0
11.0
5.0
3.0
3.0
3.0
10.0
14.0
3803.0
1.0
40.0
1038.0
1.0
15.0
1.0
2.0
6.0
7.0
404.0
5.0
1.0
274.0
22.0
6.0
2.0
5.0
2.0
212.0
2.0
3.0
3.0
16.0
4.0
2.0
4.0
3.0
2.0
191.0
1.0
1.0
1.0
15.0
1.0
3.0
1.0
37.0
965.0
3.0
833.0
2.0
3.0
18.0
97.0
1.0
1.0
2.0
5.0
4.0
1.0
1.0
1.0
3.0
31.0
24.0
7.0
3.0
3.0
288.0
2.0
1.0
1.0
1.0
50.0
253.0
3.0
38.0
1.0
128.0
37.0
725.0
69.0
15.0
1097.0
1602.0
22.0
1.0
1178.0
119.0
4.0
22.0
85.0
9.0
43.0
3.0
23.0
1.0
3.0
4.0
1.0
829.0
269.0
17.0
8.0
3.0
1.0
146.0
157.0
1.0
18.0
3.0
1.0
3.0
59.0
13.0
8.0
2414.0
65.0
1.0
3.0
13.0
82.0
3.0
1.0
75.0
1140.0
103.0
40.0
293.0
1.0
117.0
1.0
1175.0
1.0
1.0
1.0
6.0
1.0
1.0
31.0
4.0
22.0
14.0
1.0
5082.0
1.0
1.0
1.0
602.0
16.0
1.0
2.0
10.0
1018.0
2.0
4.0
1.0
1.0
1.0
3.0
100.0
1.0
2.0
2.0
1.0
1.0
2.0
1.0
34.0
9.0
1.0
1.0
466.0
1.0
1.0
1.0
35.0
1.0
20.0
3.0
60.0
1.0
4.0
4.0
1.0
102.0
10.0
29.0
18.0
3.0
288.0
1.0
5.0
535.0
576.0
6.0
390.0
2.0
16.0
66.0
2.0
6801.0
1.0
9.0
1090.0
3.0
7.0
65.0
75.0
75.0
13.0
29.0
1.0
3.0
20505.0
4.0
3.0
1.0
4.0
1.0
3.0
1.0
3.0
35.0
2.0
83.0
1.0
1.0
86.0
1.0
3.0
31.0
3.0
2.0
329.0
1.0
6.0
7.0
1229.0
7.0
9.0
1.0
1.0
1.0
6.0
2.0
3.0
2.0
512.0
2.0
615.0
1.0
1.0
3.0
100.0
2.0
3.0
172.0
2.0
3.0
1.0
3.0
8.0
6.0
2.0
1.0
78.0
398.0
313.0
1.0
1130.0
1.0
5.0
8.0
1.0
4.0
228.0
1372.0
13.0
1.0
20.0
1.0
9.0
11.0
18.0
17.0
3.0
4.0
13.0
13782.0
8.0
1.0
3.0
8.0
7.0
3.0
4.0
671.0
11.0
1.0
288.0
3.0
3.0
4.0
27.0
4.0
3.0
29.0
3.0
2.0
1.0
420.0
9.0
9.0
99.0
1.0
49000.0
439.0
3.0
4.0
85.0
102.0
3.0
19.0
23.0
23.0
9.0
121.0
1450.0
3.0
1.0
1.0
27.0
3.0
1.0
1080.0
2.0
3.0
3.0
1359.0
313.0
705.0
50.0
21.0
14.0
116.0
2.0
1.0
1575.0
19.0
2.0
73.0
3.0
1200.0
1.0
14.0
542.0
12.0
4.0
11959.0
4137.0
2.0
3.0
1192.0
17.0
3.0
4.0
3.0
3.0
2.0
3.0
2.0
524.0
2.0
25.0
16.0
1027.0
85.0
724.0
6.0
13706.0
10.0
12.0
3.0
6.0
17.0
81.0
134.0
121.0
3356.0
428.0
2.0
102.0
8.0
1.0
57.0
48.0
17.0
282.0
59.0
1.0
1.0
4.0
2.0
1.0
58.0
5.0
1.0
2.0
1.0
1.0
3.0
4.0
2.0
4.0
1.0
6.0
3.0
8.0
2.0
56.0
12.0
2.0
1.0
13.0
1.0
3.0
2.0
18.0
95.0
8.0
40.0
2.0
5794.0
3.0
3.0
2.0
2.0
1.0
3.0
8.0
7.0
596.0
2.0
205.0
11.0
232.0
17.0
1.0
1.0
2101.0
7.0
2.0
51.0
2.0
6.0
3.0
1.0
1.0
16.0
2.0
1.0
1.0
17.0
729.0
30.0
382.0
3.0
4.0
1.0
1646.0
1.0
8.0
1.0
3.0
4.0
1048.0
1.0
13.0
1.0
9.0
1.0
6.0
1.0
4.0
4.0
2.0
3.0
2.0
1.0
1921.0
186.0
28.0
927.0
323.0
1916.0
10.0
175.0
41.0
2.0
2.0
1.0
1.0
72.0
1.0
1.0
3.0
100.0
1.0
15.0
49.0
6.0
4.0
11.0
10.0
11.0
1.0
33.0
2.0
4.0
3.0
36.0
14.0
1.0
1276.0
16.0
1.0
6.0
1.0
4.0
3.0
17.0
8.0
85.0
3828.0
1.0
3.0
1.0
142.0
66.0
54.0
2.0
3689.0
1.0
17.0
197.0
1.0
2.0
10.0
24.0
601.0
961.0
2.0
149.0
4.0
9.0
2.0
8.0
9.0
282.0
3.0
36.0
517.0
3.0
49.0
1.0
87.0
1.0
15.0
9.0
3.0
1.0
6.0
1.0
220.0
1.0
2.0
7.0
3.0
3.0
1.0
1.0
1.0
3.0
3.0
1194.0
3.0
2.0
3.0
25.0
44.0
55.0
2.0
3.0
288.0
3.0
209.0
351.0
3.0
17.0
3.0
3.0
1.0
5.0
1773.0
5.0
2.0
11.0
3.0
1.0
3.0
1.0
1.0
17.0
4.0
2.0
3.0
788.0
3.0
62.0
5.0
116.0
144.0
1.0
2.0
10.0
149.0
177.0
7.0
3627.0
5.0
3.0
2.0
2575.0
2.0
14.0
43.0
1766.0
3.0
1.0
1.0
3425.0
9.0
10.0
1.0
1.0
1.0
1.0
871.0
5904.0
2.0
1.0
1.0
5.0
3.0
1.0
1.0
2.0
1.0
14.0
5.0
30.0
1109.0
17.0
2.0
12.0
11.0
321.0
5.0
397.0
2.0
1579.0
8.0
1.0
3139.0
696.0
3.0
2.0
1.0
3.0
4.0
301.0
1578.0
24.0
19.0
1.0
160.0
8.0
2.0
5.0
1.0
47.0
1536.0
71.0
1.0
122.0
1.0
23.0
7.0
3.0
1.0
2.0
3.0
4.0
2.0
1.0
421.0
2.0
583.0
1.0
7.0
2.0
2.0
2.0
1.0
10.0
2.0
176.0
1.0
2.0
26.0
7.0
737.0
36.0
38.0
4.0
3.0
1.0
115.0
337.0
3.0
2.0
2.0
19.0
1.0
1.0
9072.0
112.0
1718.0
1.0
3.0
442.0
7.0
395.0
2.0
1.0
1.0
1.0
2.0
1.0
5.0
2.0
4017.0
10.0
22.0
3.0
4.0
26.0
19076.0
3.0
98.0
32.0
1.0
1.0
1.0
1.0
5.0
16.0
232.0
569.0
687.0
10032.0
1.0
1.0
268.0
450.0
278.0
3.0
7.0
2.0
3.0
89.0
3.0
1.0
1.0
1.0
3.0
1.0
1.0
54.0
351.0
1.0
17.0
3.0
1259.0
8.0
4.0
25.0
1.0
33.0
2.0
9.0
3.0
8.0
1.0
1.0
1.0
1.0
1.0
5.0
22.0
5.0
24.0
23.0
14.0
2.0
218.0
42.0
1.0
3.0
4.0
2.0
89.0
3.0
4.0
3.0
63.0
55.0
556.0
1130.0
3.0
3.0
1.0
3.0
8.0
509.0
32.0
1.0
1.0
65.0
1.0
281.0
27.0
5.0
23.0
10.0
4.0
5.0
3.0
2.0
1.0
3.0
384.0
2.0
6.0
3.0
52.0
1.0
122.0
55.0
3.0
3.0
8.0
2.0
23.0
25.0
2.0
2.0
5.0
3.0
4.0
2.0
5.0
1.0
1.0
2.0
743.0
115.0
87.0
1.0
717.0
1.0
2.0
45.0
1.0
144.0
1.0
1.0
513.0
47.0
13522.0
3.0
54.0
7.0
7.0
19.0
1.0
44.0
1.0
7.0
2.0
3.0
33.0
85.0
6.0
55.0
4.0
25.0
1.0
3.0
121.0
1.0
1.0
7.0
36.0
216.0
1.0
939.0
1.0
2.0
1.0
207.0
1.0
3.0
4.0
1.0
3.0
5.0
1.0
8.0
3.0
1.0
2.0
3.0
771.0
1.0
38.0
3.0
2.0
3.0
4.0
100.0
80.0
1.0
2.0
2.0
1064.0
34.0
6.0
3.0
3.0
24.0
15.0
6.0
835.0
13.0
1.0
223.0
1.0
3.0
210.0
1.0
3.0
228.0
3.0
3.0
1.0
6.0
1.0
7.0
1.0
10.0
1.0
3.0
1.0
3.0
4.0
3.0
1.0
5.0
152.0
124.0
2082.0
1.0
1.0
43189.0
44.0
91.0
235.0
1.0
8.0
4.0
2.0
6.0
66.0
15.0
6.0
5.0
1.0
11.0
1.0
42.0
2.0
19.0
2.0
19.0
596.0
1.0
79.0
2869.0
17.0
1.0
3.0
4.0
15.0
20.0
172.0
3.0
3.0
13.0
1.0
6.0
1723.0
18.0
1.0
2.0
1.0
2.0
29.0
5.0
1.0
1.0
1.0
596.0
1.0
2.0
9.0
4.0
1.0
1.0
4.0
2.0
1.0
1.0
5.0
3.0
3.0
1.0
13.0
288.0
863.0
3.0
11.0
3.0
25.0
3.0
19.0
2.0
528.0
8.0
1.0
7.0
16.0
3.0
1.0
327.0
14.0
8.0
8.0
4.0
3.0
10.0
7.0
23.0
1.0
1.0
3.0
3.0
1.0
18.0
3.0
2.0
1.0
3.0
3.0
356.0
11.0
1.0
10.0
2.0
2.0
2.0
1.0
270.0
1.0
2.0
8.0
4.0
3.0
1.0
1.0
8.0
10.0
29.0
2.0
4.0
2.0
9.0
3.0
26.0
2.0
1.0
2474.0
16.0
311.0
1.0
10.0
1.0
1.0
1.0
645.0
16.0
9.0
1.0
1.0
756.0
8.0
1.0
77.0
132.0
3.0
1.0
21.0
30.0
1.0
1.0
135.0
6.0
19.0
6.0
88.0
149.0
3.0
2.0
1.0
5.0
1.0
23.0
69.0
4.0
3.0
2421.0
1.0
1.0
46.0
3.0
1.0
3.0
3.0
65.0
9.0
3.0
19.0
2.0
1.0
825.0
1.0
3.0
960.0
1.0
3.0
1.0
432.0
4.0
18.0
5.0
4.0
10.0
3.0
32.0
43.0
2.0
3.0
3.0
3.0
14.0
719.0
1.0
921.0
1.0
25.0
6.0
1.0
1.0
2.0
6.0
13.0
3.0
11.0
2.0
3.0
4.0
2.0
1.0
3.0
9.0
6.0
2.0
1.0
12062.0
6463.0
21.0
29.0
32.0
514.0
2.0
2.0
1.0
36.0
71.0
19.0
122.0
24.0
117.0
1.0
1.0
24.0
3.0
210.0
122.0
3.0
1.0
2.0
8.0
3.0
3.0
4.0
15.0
3.0
103.0
4.0
3.0
58.0
6.0
8.0
3.0
5.0
1.0
2.0
61.0
3.0
97.0
72.0
1.0
4.0
1.0
1224.0
4.0
1.0
1.0
5.0
6.0
169.0
9.0
8.0
10.0
110.0
769.0
19.0
78.0
3.0
3.0
13.0
3.0
46.0
4.0
1.0
17.0
19.0
8.0
3.0
8.0
383.0
1.0
677.0
1.0
1.0
1.0
41.0
1098.0
1.0
421.0
6.0
1.0
1.0
1.0
1.0
12.0
95.0
8.0
166.0
3.0
1218.0
3.0
46.0
2.0
1.0
3.0
2.0
1.0
18.0
3.0
19.0
7.0
1.0
2.0
3.0
1.0
1.0
67.0
1.0
1.0
9.0
596.0
2.0
21.0
21.0
2.0
1.0
3239.0
14.0
3.0
28.0
50.0
1.0
8.0
842.0
4.0
1.0
3.0
30.0
3.0
2.0
4.0
17.0
21.0
103.0
9.0
1.0
1.0
1.0
1.0
153.0
2.0
2.0
1.0
4.0
1.0
5.0
3.0
43.0
2.0
24.0
126.0
3.0
3.0
1.0
18.0
8.0
1.0
1.0
1.0
4.0
1.0
1.0
2.0
6.0
23.0
1.0
3.0
74.0
948.0
1.0
2.0
2.0
36.0
86.0
1.0
65.0
3.0
276.0
2.0
2.0
420.0
20.0
3.0
965.0
3.0
1759.0
26.0
8.0
3.0
5.0
362.0
576.0
193.0
1.0
42.0
3.0
23.0
16.0
2.0
4.0
2.0
1.0
2.0
1.0
17.0
2.0
9.0
203.0
2.0
26.0
1.0
1.0
2134.0
66.0
1.0
3.0
3.0
5.0
12.0
3.0
6.0
24.0
4.0
3.0
64.0
3.0
90.0
34.0
2241.0
1.0
3.0
3.0
24.0
1.0
4458.0
7.0
8.0
508.0
7.0
292.0
11.0
108.0
1109.0
160.0
656.0
70.0
1.0
2.0
3.0
3.0
1.0
2.0
1.0
265.0
71.0
1.0
34.0
91.0
215.0
2.0
5.0
2.0
45.0
625.0
6.0
2.0
2006.0
2.0
7.0
58.0
4.0
8.0
12.0
1.0
17.0
1.0
3.0
17.0
2.0
1.0
1.0
4.0
3.0
14.0
467.0
188.0
28.0
181.0
1.0
2.0
361.0
1.0
17.0
26.0
1.0
1.0
31.0
3.0
1.0
23.0
1114.0
3.0
3.0
2162.0
2.0
3.0
62.0
13.0
1.0
3.0
2.0
1.0
1.0
3.0
1.0
2310.0
6.0
838.0
1.0
3.0
32.0
2.0
59.0
8.0
49.0
8.0
420.0
3.0
1.0
1.0
24.0
54.0
3.0
1.0
2.0
3.0
1.0
1.0
2.0
12.0
787.0
1.0
2.0
1.0
68.0
3.0
5.0
2.0
77.0
1.0
11.0
5290.0
8.0
3.0
1.0
3.0
2.0
60.0
2037.0
178.0
53.0
1.0
4.0
28.0
1.0
98.0
13.0
15806.0
66436.0
212.0
4.0
1.0
1.0
10.0
107.0
3.0
410.0
4983.0
1.0
1.0
6.0
39.0
1.0
576.0
4237.0
1.0
4.0
4.0
51.0
1.0
1.0
1.0
1.0
48.0
2.0
1.0
132.0
1.0
1.0
2.0
13.0
2.0
14.0
268.0
581.0
35.0
961.0
878.0
4.0
2.0
109.0
10.0
1.0
17.0
3.0
3.0
5.0
3.0
1.0
132.0
517.0
2.0
1.0
1.0
3.0
20.0
878.0
3.0
1.0
3.0
1.0
1.0
3.0
5.0
21.0
1.0
81.0
2.0
79.0
2.0
3.0
1.0
7.0
310.0
374.0
6.0
85.0
2.0
11.0
9.0
1.0
4.0
160.0
14.0
11.0
45.0
4.0
906.0
3.0
1.0
5.0
3.0
2.0
3.0
1.0
3.0
19.0
8.0
4.0
37.0
2.0
5.0
10927.0
9.0
4.0
2.0
1.0
1.0
1.0
4.0
320.0
1.0
1.0
1.0
2.0
2.0
2.0
4.0
2016.0
1.0
1.0
1829.0
3.0
1.0
11.0
7.0
4.0
1.0
190.0
21.0
1.0
2.0
524.0
1.0
3.0
1.0
1.0
1.0
859.0
3.0
1.0
23.0
3.0
19978.0
3.0
3.0
19.0
596.0
1.0
1.0
1.0
71.0
3.0
32.0
3.0
5.0
4.0
1311.0
1.0
2.0
124.0
26.0
1.0
275.0
675.0
5.0
175.0
31.0
120.0
452.0
4.0
1.0
3.0
1.0
5.0
244.0
3.0
1000.0
6.0
3.0
1.0
37.0
1.0
3.0
4.0
9.0
8.0
1.0
1.0
13.0
6.0
1.0
3.0
72.0
3.0
1261.0
1.0
2.0
15.0
17.0
24.0
7.0
11.0
6.0
1.0
1.0
3.0
32.0
53.0
236.0
961.0
1.0
4.0
10.0
1.0
25.0
4.0
27.0
3.0
1.0
76.0
8.0
944.0
1.0
4.0
835.0
3000.0
2.0
5.0
848.0
3.0
3.0
3.0
140.0
5.0
3.0
47.0
1.0
1.0
4283.0
1.0
1.0
241.0
3.0
14.0
2.0
11.0
12.0
3.0
3.0
5.0
2688.0
31.0
3.0
77.0
946.0
2.0
3.0
2.0
815.0
429.0
4.0
3.0
3.0
407.0
1151.0
1.0
3.0
8.0
1.0
3.0
1.0
1118.0
480.0
2.0
1.0
1.0
7.0
8.0
45.0
1.0
3.0
72.0
3.0
3.0
15.0
3.0
1867.0
24.0
4.0
91.0
929.0
7916.0
1.0
24.0
1.0
2.0
1.0
1.0
1536.0
781.0
24.0
1959.0
8.0
1.0
3.0
6.0
2.0
1.0
24.0
28.0
12.0
17.0
1.0
5.0
2.0
17.0
1.0
158.0
5.0
58.0
1.0
4.0
12.0
234.0
1.0
6.0
3.0
6.0
1.0
8.0
218.0
7.0
33.0
31.0
3.0
14.0
238.0
2.0
1.0
43.0
50.0
3.0
1285.0
235.0
15.0
17.0
4.0
336.0
4.0
16.0
2.0
208.0
3.0
1.0
1682.0
414.0
8.0
1.0
7.0
288.0
711.0
2890.0
258.0
1.0
11.0
1.0
280.0
1.0
1.0
5.0
285.0
1.0
2.0
1.0
23.0
2.0
1246.0
2.0
8.0
3.0
3.0
283.0
3.0
1.0
762.0
2.0
7.0
3.0
113.0
1.0
14.0
6.0
3.0
69.0
1.0
17.0
1721.0
2.0
2.0
19.0
3.0
10.0
24.0
13.0
17.0
1.0
3.0
11564.0
1.0
4.0
1354.0
1299.0
22.0
10.0
2.0
3.0
164.0
1.0
207.0
3.0
15.0
21.0
1.0
7.0
2.0
160.0
24.0
3.0
33.0
51.0
1.0
3.0
1.0
3.0
51.0
110.0
3.0
26.0
1.0
39.0
1.0
5.0
4.0
4.0
1.0
277.0
1.0
3.0
3.0
23.0
2.0
5.0
81.0
2.0
4.0
2440.0
2.0
2.0
26.0
31.0
596.0
638.0
175.0
34.0
1530.0
7.0
1.0
1.0
1.0
2.0
2.0
1.0
5.0
11.0
3.0
17.0
3.0
2.0
3.0
3.0
21.0
1.0
3.0
885.0
2.0
1.0
618.0
472.0
1.0
102.0
7.0
284.0
39.0
1.0
147.0
3.0
8.0
339.0
2777.0
40.0
3.0
1.0
1.0
8.0
1.0
2.0
2.0
9.0
2.0
1.0
1.0
4.0
9.0
3.0
1.0
15.0
932.0
246.0
1.0
7.0
338.0
19.0
1.0
2.0
1.0
3.0
1.0
117.0
1.0
3.0
1.0
33.0
149.0
33.0
2.0
3.0
66.0
3.0
1.0
3.0
8.0
422.0
2.0
16.0
1.0
19.0
5.0
1.0
1.0
59.0
2717.0
8.0
1.0
342.0
3.0
3.0
2.0
2.0
30.0
181.0
3.0
31.0
90.0
1.0
3.0
148.0
1.0
1252.0
30.0
8.0
33.0
177.0
2.0
3.0
1.0
3.0
1331.0
3.0
3.0
6.0
4.0
3.0
5.0
3.0
1.0
43.0
8.0
7.0
1.0
198.0
1.0
200.0
370.0
1.0
3.0
2.0
2.0
156.0
19.0
3.0
4.0
3033.0
1.0
1.0
30.0
3.0
5.0
4.0
2.0
3.0
8.0
1.0
7.0
3.0
1.0
2.0
1.0
156.0
3.0
1.0
3.0
295.0
2.0
4.0
8.0
4.0
19.0
1.0
1.0
9.0
16.0
1.0
36.0
604.0
38.0
33.0
89.0
156.0
404.0
4.0
2.0
1319.0
140.0
4.0
1.0
8.0
1.0
3.0
1.0
162.0
2.0
3.0
3.0
1.0
4537.0
24.0
1.0
3.0
2.0
24.0
1.0
4.0
1.0
400.0
5.0
7.0
17.0
7.0
3.0
17.0
13.0
6.0
692.0
2.0
6.0
1018.0
1.0
677.0
14.0
183.0
851.0
282.0
638.0
126.0
3.0
5.0
351.0
200.0
1.0
1444.0
20.0
47.0
1.0
1.0
24.0
3.0
372.0
76.0
425.0
7.0
51.0
326.0
3.0
3.0
168.0
351.0
494.0
3.0
75.0
3.0
120.0
1.0
4.0
97.0
2.0
5.0
3.0
3.0
1.0
3.0
11.0
3.0
747.0
33.0
67.0
627.0
3.0
65.0
1.0
1.0
6.0
3.0
5.0
3.0
3.0
10.0
5.0
1.0
3839.0
6.0
3.0
1.0
3.0
3.0
35.0
1.0
506.0
811.0
2.0
365.0
1105.0
3.0
3.0
3.0
3.0
3.0
12.0
20.0
6.0
618.0
1.0
8.0
3.0
4.0
4.0
1.0
1.0
1.0
3.0
23.0
24.0
472.0
73.0
1.0
1.0
19.0
2.0
19.0
1.0
7.0
1.0
3.0
1.0
1.0
1.0
2.0
9.0
2.0
5.0
6.0
1.0
3.0
12.0
166.0
1.0
3.0
1.0
9.0
3.0
14.0
86.0
54.0
6085.0
664.0
1.0
1.0
4.0
216.0
3.0
3.0
115.0
51.0
131.0
1121.0
20.0
4.0
4.0
22.0
17.0
1.0
160.0
9.0
5657.0
3.0
851.0
3.0
3.0
149.0
3.0
44.0
3.0
42.0
3.0
3.0
1.0
2.0
313.0
1.0
11.0
3.0
378.0
1.0
2.0
1.0
1.0
2.0
1.0
58.0
9.0
67.0
1.0
3.0
1.0
1.0
3.0
4.0
2.0
1.0
3.0
3.0
3.0
33.0
17.0
3.0
2.0
77.0
9.0
2.0
5.0
22.0
1.0
22.0
2.0
3.0
4.0
16.0
71.0
8.0
1.0
34.0
4.0
1.0
123.0
65.0
3.0
7.0
1.0
45.0
10.0
38.0
1.0
368.0
2.0
344.0
2.0
4.0
19.0
823.0
166.0
15.0
3.0
20.0
2.0
7.0
2.0
1.0
1.0
771.0
10.0
1.0
1.0
1.0
3.0
1.0
596.0
72.0
697.0
7.0
26.0
135.0
79.0
3.0
1.0
158.0
1.0
7.0
13.0
972.0
36.0
1.0
45.0
1.0
3.0
2124.0
2.0
10.0
7.0
55.0
76.0
1.0
3.0
25.0
697.0
1.0
1.0
1.0
1.0
7.0
3.0
1.0
2.0
80.0
142.0
3.0
6.0
440.0
1.0
3.0
116.0
62.0
5.0
24.0
696.0
2.0
1.0
2.0
3.0
2.0
1.0
4.0
3.0
9.0
838.0
1.0
1.0
6.0
3.0
6.0
2.0
2.0
1.0
1.0
19.0
75.0
26.0
1.0
1.0
1.0
2.0
10.0
615.0
1.0
30.0
3.0
9.0
6.0
6.0
1.0
1.0
35.0
3.0
1.0
45.0
7.0
1.0
15.0
1.0
1.0
4.0
20.0
1090.0
2.0
1.0
3.0
3.0
1.0
312.0
212.0
9.0
1.0
10.0
2.0
3.0
23.0
21.0
2.0
286.0
15.0
3.0
192.0
1.0
1.0
8.0
1.0
15.0
2.0
16.0
2.0
3.0
1.0
4.0
14.0
1.0
3306.0
50.0
47.0
3.0
21.0
1.0
60.0
11.0
247.0
363.0
2.0
5.0
2.0
1.0
1.0
3.0
232.0
19.0
30.0
45.0
4.0
3.0
99.0
245.0
1.0
1.0
1027.0
3.0
3.0
2.0
17.0
3.0
2.0
4.0
50.0
3.0
2725.0
374.0
6.0
1.0
4.0
20.0
10377.0
1.0
1.0
7.0
2224.0
28.0
20.0
1.0
9.0
3.0
1.0
4.0
3.0
61.0
4.0
14.0
21.0
55.0
16.0
196.0
1.0
10.0
7.0
7.0
3.0
3.0
112.0
10.0
2.0
6664.0
4.0
1.0
1.0
1.0
1.0
52.0
3.0
576.0
686.0
3.0
1.0
85.0
1.0
1.0
36.0
68.0
16.0
1.0
60.0
255.0
12.0
3.0
1.0
743.0
1.0
1.0
1187.0
3.0
50.0
9.0
4.0
26.0
3.0
482.0
2.0
4.0
29.0
1.0
1.0
1.0
3.0
1.0
1.0
4.0
6.0
61.0
1.0
70.0
2.0
1.0
2.0
4.0
8.0
581.0
242.0
88.0
4.0
115.0
1.0
3.0
351.0
259.0
20.0
2.0
1.0
1.0
1.0
2.0
27.0
3.0
3.0
1.0
1.0
2.0
4.0
27.0
7.0
3.0
3.0
9.0
4.0
3.0
204.0
6.0
3.0
86.0
8.0
17.0
18.0
2.0
6.0
3.0
2.0
18.0
225.0
3.0
1.0
4946.0
59.0
8.0
105.0
10.0
729.0
2.0
1.0
3.0
3.0
1.0
1.0
12.0
5.0
3.0
149.0
12.0
1.0
3.0
62.0
1.0
119.0
2.0
77.0
30.0
1.0
52.0
3.0
73.0
2313.0
1.0
148.0
1.0
1.0
118.0
3574.0
3.0
2.0
3.0
3.0
5.0
82.0
18.0
18.0
8.0
737.0
1152.0
3.0
3.0
225.0
1.0
9.0
2.0
1.0
9.0
1.0
9.0
1.0
1.0
1.0
1.0
8.0
4.0
220.0
3.0
105.0
1.0
3.0
4.0
2.0
3.0
7.0
4211.0
351.0
8.0
1832.0
3.0
10.0
3.0
1.0
1.0
1.0
1.0
133.0
5.0
197.0
1.0
3.0
32.0
9.0
10.0
37.0
15.0
4169.0
4.0
3.0
16.0
1040.0
3167.0
3.0
78.0
617.0
1.0
41.0
3.0
14.0
1.0
1439.0
1.0
1.0
3.0
476.0
1117.0
2.0
1.0
3.0
3.0
708.0
6185.0
70.0
101.0
8.0
1.0
1.0
412.0
2.0
11.0
1.0
36.0
3.0
3.0
24.0
30.0
1.0
25.0
1.0
153.0
3.0
288.0
1.0
1.0
1.0
3.0
1088.0
46.0
12.0
230.0
3.0
5.0
1.0
3.0
12.0
102.0
2.0
1.0
1.0
21.0
1.0
68.0
1.0
1.0
24.0
12.0
1018.0
21.0
102.0
1.0
3.0
7.0
3.0
3.0
51.0
3.0
1.0
12.0
3.0
48.0
3.0
2.0
1.0
1703.0
306.0
1.0
114.0
3.0
2.0
3.0
2.0
1.0
1.0
79.0
1.0
3.0
961.0
9.0
4.0
4.0
1.0
364.0
1.0
196.0
3.0
40.0
4.0
16.0
1.0
7.0
75.0
122.0
1.0
2616.0
5.0
6.0
2.0
255.0
157.0
1.0
301.0
3.0
1.0
12877.0
1.0
3.0
1.0
282.0
1.0
1.0
1.0
6.0
1.0
1.0
1.0
2.0
1.0
783.0
999.0
1.0
1.0
22.0
22.0
2.0
4.0
3.0
2.0
3.0
15.0
1.0
1.0
75.0
26.0
1.0
1.0
2.0
1360.0
1.0
4.0
3.0
8.0
2.0
1.0
1.0
2.0
55.0
4.0
1514.0
3.0
1666.0
3587.0
657.0
8.0
3.0
2.0
3.0
237.0
129.0
1.0
2.0
99.0
4.0
101.0
1.0
3.0
1.0
3.0
12.0
6.0
24.0
1.0
5.0
475.0
2.0
1.0
33.0
10.0
1.0
3.0
1.0
1.0
6.0
3.0
1.0
5.0
1.0
2.0
1.0
1.0
3.0
62.0
235.0
1.0
1.0
1.0
7.0
5.0
3.0
4.0
1.0
16.0
116.0
8.0
1.0
2154.0
17.0
7.0
1.0
3.0
55.0
2.0
4.0
74.0
28.0
1117.0
2.0
12.0
3.0
3.0
2.0
7.0
1.0
2.0
19.0
1.0
3.0
69.0
3.0
1.0
2.0
5.0
10.0
1.0
1.0
1.0
7.0
8.0
3.0
1.0
3.0
1.0
47.0
162.0
214.0
2.0
4.0
1.0
6.0
1.0
1.0
1.0
4.0
1.0
4.0
3.0
1.0
1.0
2.0
9.0
1.0
1.0
232.0
70.0
2.0
3.0
1.0
86.0
2358.0
1.0
2.0
5.0
6.0
3.0
676.0
2.0
91.0
3.0
172.0
1.0
1.0
3.0
140.0
2.0
58.0
12.0
1.0
107.0
3.0
105.0
49.0
34.0
270.0
5.0
3.0
11.0
76.0
8.0
9.0
496.0
1.0
603.0
20.0
3.0
1.0
3.0
275.0
99.0
4.0
1.0
39.0
1.0
1.0
19.0
164.0
63.0
1.0
3.0
1.0
145.0
1.0
1.0
4.0
792.0
2.0
26.0
1.0
3.0
2.0
96.0
1.0
4.0
1.0
6.0
8.0
717.0
1.0
6.0
2.0
1.0
1.0
4.0
18.0
149.0
7.0
1.0
3.0
421.0
2.0
5.0
24.0
1151.0
40.0
3.0
9.0
1.0
20.0
102.0
1035.0
2.0
34.0
5.0
1.0
31.0
150.0
1.0
2819.0
1.0
3.0
73.0
7.0
3.0
9.0
26.0
37.0
26.0
5.0
1.0
1.0
1.0
665.0
932.0
1.0
8.0
8.0
1.0
1.0
1.0
4.0
4445.0
3.0
3.0
101.0
3.0
7.0
1.0
1.0
3.0
11.0
2.0
2.0
24.0
1.0
3.0
2.0
2.0
1.0
16.0
1.0
3.0
956.0
6.0
3.0
23.0
198.0
4.0
3.0
2.0
4.0
769.0
1.0
2.0
3.0
2.0
1.0
69.0
3.0
1.0
3.0
3.0
13.0
6.0
3.0
43.0
961.0
3.0
8.0
1.0
8.0
5.0
45.0
81.0
5.0
169.0
3.0
3.0
716.0
1.0
1.0
1021.0
957.0
2.0
2.0
116.0
3.0
4.0
1.0
3.0
1.0
13.0
2.0
3.0
1.0
3.0
1.0
12657.0
4.0
2.0
13.0
1.0
1.0
13.0
19.0
1.0
2.0
1.0
160.0
9.0
5.0
1.0
14.0
186.0
1.0
6.0
1.0
549.0
2.0
4.0
1050.0
355.0
222.0
3.0
11.0
1.0
327.0
1141.0
1.0
2.0
1318.0
1.0
3.0
79.0
1.0
4.0
73.0
1.0
93.0
5.0
9.0
4936.0
2.0
3.0
23.0
110.0
9.0
70.0
15.0
84.0
1023.0
112.0
3.0
1.0
1.0
3.0
1.0
17.0
1.0
24.0
11.0
2.0
2.0
1.0
3.0
2.0
2.0
336.0
4.0
79.0
1.0
2.0
1.0
1.0
1.0
1.0
6.0
12.0
1.0
1.0
1.0
1.0
7.0
1.0
1.0
134.0
1.0
78.0
2.0
39.0
679.0
8.0
45.0
2.0
4.0
1.0
276.0
4.0
1.0
565.0
3.0
57.0
39.0
668.0
141.0
46.0
2.0
451.0
16.0
619.0
1.0
19.0
1.0
54.0
1.0
1986.0
23.0
3.0
2.0
3.0
767.0
77.0
1.0
386.0
18.0
1.0
3.0
1.0
8.0
112.0
2.0
1.0
1092.0
1.0
1.0
1.0
773.0
51.0
3.0
3.0
3.0
3.0
631.0
3.0
1.0
2.0
3.0
608.0
1.0
1.0
8.0
29.0
3.0
1.0
10.0
4.0
1.0
2.0
2.0
1.0
1.0
351.0
1.0
2.0
2.0
1.0
20.0
2.0
3.0
1.0
3.0
74.0
35.0
1.0
33.0
1.0
1.0
33.0
1.0
273.0
1.0
11.0
22.0
1663.0
884.0
3.0
961.0
17.0
2.0
135.0
3.0
2.0
4.0
194.0
834.0
3.0
1.0
24.0
55.0
1070.0
1.0
5.0
5.0
97.0
3.0
45.0
3.0
1.0
1541.0
3.0
3.0
1762.0
2.0
420.0
46.0
31.0
1466.0
3.0
6.0
11.0
1.0
2.0
1.0
395.0
1.0
12.0
1.0
370.0
1.0
3.0
3.0
2.0
1.0
282.0
117.0
3.0
6.0
1.0
3.0
3.0
2.0
1.0
2.0
146.0
14.0
4.0
2.0
1.0
3.0
3.0
1.0
5223.0
1.0
1.0
4.0
9.0
1.0
75.0
3.0
2.0
1.0
325.0
174.0
1.0
1.0
10.0
3.0
5.0
33.0
59.0
66.0
3.0
1.0
36.0
5.0
1.0
181.0
1.0
103.0
2.0
3.0
555.0
8.0
86.0
3.0
1.0
4.0
82.0
3.0
4.0
8.0
570.0
1.0
3.0
11.0
742.0
7.0
24.0
351.0
5.0
94.0
23.0
6.0
1.0
1.0
7.0
5.0
1.0
1.0
1.0
8.0
1.0
241.0
5.0
1.0
29.0
1.0
92.0
2360.0
705.0
2.0
1.0
4.0
4.0
3.0
24.0
2741.0
5.0
2.0
2171.0
2.0
87.0
10.0
2.0
3.0
1.0
3305.0
8.0
3.0
3.0
296.0
3.0
4.0
11.0
1.0
1.0
4.0
3.0
1.0
421.0
90.0
1.0
5.0
2.0
2390.0
17.0
668.0
545.0
9.0
96.0
1.0
1.0
2.0
31.0
1.0
1.0
1.0
3796.0
1.0
3.0
59.0
7.0
1120.0
28.0
16.0
1.0
1.0
4.0
2.0
1.0
37.0
3.0
1.0
1.0
280.0
1.0
1.0
5.0
3.0
3.0
6.0
712.0
1.0
1.0
1.0
1.0
2.0
1614.0
1366.0
105.0
3.0
2.0
3.0
13684.0
615.0
4.0
49.0
3.0
10.0
3.0
1.0
2.0
2.0
71.0
28.0
1.0
1.0
3.0
1.0
1.0
1.0
3.0
17425.0
2.0
224.0
1523.0
4.0
1.0
2.0
5.0
4.0
1.0
1.0
22.0
85.0
2.0
368.0
3.0
1.0
9.0
2.0
5.0
1.0
1.0
3.0
8.0
261.0
24.0
6.0
59.0
6.0
1.0
1303.0
1.0
2.0
3.0
19.0
1150.0
117.0
17.0
14.0
525.0
1.0
5.0
1.0
194.0
34.0
2.0
1.0
117.0
3.0
31.0
4.0
10.0
1.0
207.0
1018.0
501.0
1197.0
3.0
16127.0
3.0
3.0
711.0
1.0
16.0
39.0
2.0
56.0
46.0
415.0
2.0
1.0
363.0
2.0
1.0
5.0
24.0
3.0
4.0
2.0
10.0
3.0
36.0
513.0
2.0
41.0
1.0
9.0
135.0
4.0
1.0
84.0
3.0
1.0
3.0
149.0
3.0
1.0
619.0
3.0
8.0
3.0
3.0
1.0
17.0
3.0
26.0
2.0
1.0
1.0
2.0
1.0
1.0
3.0
129.0
3.0
124.0
653.0
1.0
3.0
450.0
1.0
11.0
20.0
1.0
7190.0
128.0
9.0
158.0
26.0
1.0
10.0
1.0
463.0
22.0
1.0
1.0
1.0
2.0
474.0
7.0
1.0
3.0
3.0
3.0
3.0
3.0
1.0
3.0
2.0
1.0
9.0
6.0
1146.0
341.0
2.0
3443.0
8.0
1.0
1.0
1.0
1.0
1.0
62.0
24.0
467.0
1.0
32.0
3.0
3.0
3.0
3.0
1.0
1.0
50.0
5.0
3.0
234.0
16.0
4356.0
2.0
3.0
949.0
265.0
292.0
164.0
8.0
108.0
1.0
1.0
1.0
73.0
1.0
7.0
75.0
1.0
2.0
1.0
1.0
8.0
46.0
2.0
2.0
30.0
63.0
2496.0
3.0
14.0
14.0
3.0
959.0
6.0
5.0
113.0
3.0
34.0
715.0
2.0
1.0
1.0
565.0
898.0
457.0
1.0
2.0
3.0
3.0
769.0
1152.0
451.0
2.0
1.0
1.0
1.0
16.0
1.0
25.0
3.0
1.0
63.0
2.0
292.0
1.0
112.0
127.0
21.0
6.0
3.0
1038.0
2.0
3.0
1.0
1.0
7.0
1.0
2.0
1.0
4.0
18.0
2.0
43.0
6.0
5.0
1.0
3.0
3.0
1832.0
3.0
103.0
71.0
14.0
19.0
2.0
2.0
1.0
351.0
3.0
1.0
1.0
2.0
3.0
2596.0
3.0
2492.0
3.0
1.0
4.0
1.0
679.0
5495.0
1.0
4.0
3.0
1.0
3.0
2.0
78.0
311.0
1.0
445.0
19.0
87.0
49118.0
5.0
2.0
3.0
24.0
17.0
3.0
3.0
2.0
3.0
395.0
5.0
1.0
17.0
1.0
3.0
16.0
1.0
19.0
172.0
1.0
1.0
2.0
9.0
6.0
1.0
66.0
32.0
2.0
152.0
1.0
1.0
3130.0
91.0
89.0
1.0
3.0
611.0
2.0
5.0
6.0
180.0
1.0
506.0
66.0
124.0
512.0
59.0
1.0
75.0
3.0
495.0
2.0
1.0
3.0
2383.0
48.0
1.0
9.0
57.0
3.0
4.0
3.0
206.0
1.0
2.0
19.0
3.0
3.0
31.0
232.0
5.0
9.0
1.0
14.0
2.0
1.0
3.0
4.0
2.0
3.0
1.0
2.0
4.0
3.0
1.0
2.0
3.0
8.0
166.0
2.0
6.0
1.0
3352.0
288.0
45.0
3.0
67.0
1.0
1.0
1.0
62.0
1.0
103.0
977.0
168.0
261.0
4.0
4322.0
1.0
1.0
61.0
4.0
12.0
1.0
1.0
9.0
1.0
516.0
1.0
8.0
19.0
4.0
209.0
5.0
1.0
1.0
2.0
1.0
3.0
1.0
4623.0
2.0
366.0
3.0
3.0
2.0
13.0
2.0
1.0
1.0
2.0
319.0
3.0
2.0
20.0
1.0
3.0
230.0
32.0
2.0
2.0
1.0
3.0
1.0
1.0
1.0
5.0
2.0
961.0
2.0
3.0
1.0
4.0
1824.0
17.0
5.0
17.0
1.0
3.0
21.0
61.0
2.0
3.0
4.0
102.0
3.0
153.0
1.0
1059.0
1.0
1.0
3.0
4.0
13.0
5.0
2.0
1.0
1.0
75.0
4.0
3.0
13.0
1.0
1.0
31.0
82.0
44.0
12.0
1.0
23.0
1.0
3.0
948.0
77.0
961.0
7.0
3.0
3.0
4.0
2.0
2.0
6.0
7.0
2.0
59.0
5.0
22.0
3.0
8.0
3.0
2.0
3.0
15.0
38.0
5.0
2.0
579.0
13.0
1.0
1.0
4.0
10.0
1.0
3.0
9.0
1.0
3.0
4.0
1.0
3.0
9.0
3.0
2.0
71.0
2.0
3.0
2.0
3.0
12.0
2.0
84.0
1.0
61.0
87.0
3.0
11.0
9.0
10.0
4.0
539.0
1.0
3.0
9.0
184.0
990.0
2.0
5.0
19.0
2.0
7.0
3.0
39329.0
35.0
292.0
475.0
1.0
248.0
14.0
1.0
6.0
1.0
3.0
143.0
1.0
1.0
3.0
3.0
4.0
5.0
166.0
16.0
9.0
1.0
4.0
2.0
1.0
172.0
2.0
2.0
438.0
3.0
29.0
1055.0
2.0
4.0
114.0
3.0
720.0
5.0
241.0
46.0
979.0
567.0
2.0
12.0
1.0
1.0
5.0
1.0
2.0
7.0
4.0
7.0
2.0
377.0
2.0
4.0
2.0
1.0
3.0
106.0
3.0
3.0
3606.0
1.0
151.0
3.0
2.0
92.0
27.0
113.0
1.0
3.0
1.0
10.0
2.0
3850.0
5.0
1.0
510.0
3.0
33.0
1.0
1.0
3.0
1005.0
295.0
3.0
22.0
1912.0
24.0
2.0
205.0
7.0
21.0
43.0
50.0
1.0
3.0
2.0
4.0
41.0
1.0
585.0
49.0
1675.0
17.0
2.0
1.0
1.0
1.0
3.0
274.0
5.0
98.0
9.0
1.0
3.0
3.0
146.0
63.0
3.0
4.0
246.0
1.0
1.0
1.0
4.0
4.0
108.0
634.0
32.0
3965.0
1.0
37.0
57.0
4.0
8.0
19.0
3.0
1494.0
2.0
311.0
1.0
3.0
3.0
3.0
122.0
8.0
1.0
86.0
14.0
25.0
1.0
1.0
17.0
2.0
40.0
26.0
1.0
9.0
6.0
1.0
92.0
1.0
1.0
1.0
57.0
1.0
3.0
1.0
1.0
16.0
2.0
2.0
1198.0
1.0
3.0
89.0
4.0
18.0
3.0
214.0
3.0
1.0
1.0
1.0
1.0
293.0
3.0
1.0
8.0
22.0
3.0
1.0
281.0
46.0
1.0
2.0
3.0
4.0
3.0
816.0
241.0
24.0
2.0
1.0
3.0
6.0
1.0
230.0
46.0
60.0
37.0
288.0
8.0
3.0
11.0
16.0
10.0
1.0
1.0
10.0
29.0
1897.0
27.0
19.0
1.0
288.0
3.0
3.0
146.0
1.0
16.0
1854.0
24.0
1.0
2.0
9.0
3.0
2.0
1.0
1.0
25.0
1.0
8.0
358.0
3.0
6.0
3.0
108.0
146.0
20.0
2.0
1.0
1.0
3.0
3.0
375.0
3.0
1483.0
548.0
15.0
1.0
34.0
3.0
705.0
257.0
2.0
265.0
1.0
152.0
1.0
334.0
83.0
3.0
7.0
4.0
1.0
1.0
1.0
2.0
664.0
1.0
4.0
9.0
18.0
2.0
4.0
7.0
17.0
3.0
1.0
3.0
322.0
2.0
1.0
53.0
3.0
62.0
2.0
3.0
1.0
11.0
1.0
351.0
14.0
5.0
1.0
5.0
2.0
23.0
1.0
166.0
282.0
3416.0
3.0
3.0
4.0
7.0
24.0
1.0
2.0
284.0
73.0
59.0
3.0
3.0
886.0
1.0
1.0
1.0
2.0
2.0
1.0
1.0
2.0
22.0
4.0
1.0
3.0
612.0
9.0
3.0
51.0
136.0
149.0
2.0
9.0
7.0
3.0
48.0
3.0
5.0
19.0
29.0
18.0
1.0
1.0
2.0
44.0
3.0
1.0
190.0
1.0
1.0
3.0
4.0
101.0
368.0
2.0
1.0
2.0
3.0
18.0
3.0
1.0
2.0
17.0
2.0
2.0
1.0
723.0
2.0
1.0
51.0
112.0
1.0
351.0
1.0
3.0
1.0
1.0
3.0
5096.0
7.0
4.0
1.0
1.0
3.0
1.0
14485.0
980.0
1.0
1.0
1.0
14955.0
10.0
1.0
14.0
168.0
59.0
1.0
1.0
3.0
161.0
1027.0
773.0
3.0
3.0
742.0
1.0
125.0
96.0
15.0
4.0
101.0
12.0
846.0
3.0
21.0
1.0
15.0
41.0
1.0
5.0
10.0
7.0
2.0
3.0
1.0
51.0
1.0
24.0
80.0
3.0
827.0
1.0
27.0
1.0
1.0
4.0
1.0
2.0
1.0
278.0
1.0
6.0
1.0
28.0
559.0
1.0
959.0
1.0
1.0
3.0
3.0
45.0
5.0
62.0
5.0
2.0
117.0
24.0
3.0
1.0
5.0
1.0
863.0
1.0
1.0
1.0
1.0
4.0
3.0
1.0
3.0
4.0
1.0
1.0
1571.0
1.0
1.0
1.0
1.0
8.0
394.0
1.0
1.0
1.0
3.0
5326.0
1.0
1.0
3.0
74.0
3.0
1.0
21.0
1.0
147.0
19.0
2.0
9.0
5.0
268.0
2.0
156.0
3.0
3.0
4.0
34.0
9.0
7.0
1256.0
33.0
312.0
224.0
66.0
1.0
45.0
26.0
1.0
3.0
14.0
5.0
5.0
2.0
3.0
1.0
29.0
4.0
1.0
21.0
1.0
87.0
1.0
3.0
1.0
1.0
27.0
8.0
351.0
1308.0
1.0
74.0
3.0
2.0
84.0
371.0
47.0
3.0
69.0
3.0
1.0
1.0
1.0
4.0
2.0
19.0
2.0
3.0
63.0
27.0
414.0
3.0
10.0
1291.0
3.0
344.0
17.0
2.0
1.0
1353.0
4.0
2.0
9.0
3.0
1476.0
3.0
23.0
4.0
3.0
3.0
4.0
5.0
1.0
1.0
2.0
1.0
161.0
3.0
64.0
1078.0
1.0
9.0
3.0
809.0
608.0
24.0
3.0
3696.0
3.0
3.0
1.0
11.0
488.0
1.0
1.0
2.0
1.0
58.0
965.0
18.0
2.0
1.0
1.0
70.0
3.0
813.0
11.0
3.0
13.0
191.0
63.0
42.0
2.0
128.0
1.0
92.0
204.0
32.0
3.0
4.0
4.0
1.0
34.0
1.0
1.0
3.0
7338.0
4.0
1.0
1.0
4.0
7.0
48.0
3.0
3.0
9.0
9.0
1.0
1.0
1.0
11.0
3.0
123.0
15.0
33.0
2.0
1.0
140.0
596.0
1.0
238.0
9.0
10.0
1125.0
3.0
3.0
22.0
151.0
5.0
1.0
10.0
2.0
1.0
1.0
24.0
5124.0
13.0
125.0
3.0
483.0
9.0
2.0
3.0
2.0
8.0
1.0
1772.0
43.0
6.0
1.0
7.0
274.0
3.0
65.0
18.0
1.0
1.0
1.0
9.0
1.0
1.0
3.0
3.0
3.0
160.0
1.0
5.0
1.0
152.0
11.0
1.0
64.0
473.0
5.0
2.0
23.0
9.0
12.0
1.0
1.0
1.0
412.0
5.0
1.0
3.0
1.0
2.0
3.0
562.0
1.0
1.0
3.0
1.0
2.0
1084.0
1.0
2.0
1.0
800.0
2.0
1.0
2.0
696.0
1.0
549.0
1.0
2.0
1225.0
5.0
4.0
1.0
126.0
1.0
4.0
2.0
5.0
2.0
38.0
1.0
1.0
3.0
1.0
3.0
1088.0
35.0
3.0
574.0
1.0
1.0
2.0
23.0
3.0
1.0
3.0
8.0
1170.0
889.0
174.0
3.0
1.0
1.0
266.0
25.0
2217.0
148.0
19.0
22.0
55.0
1018.0
748.0
6.0
3.0
1.0
2.0
2.0
1.0
1598.0
196.0
1.0
117.0
1.0
1.0
2.0
3.0
3.0
1.0
85.0
3.0
3.0
2.0
1.0
1.0
3.0
4.0
65.0
1.0
6.0
13840.0
1.0
10.0
3.0
3.0
1.0
1114.0
2.0
3.0
7.0
25.0
12.0
1.0
2.0
1.0
6.0
3.0
1.0
4.0
5.0
1.0
1.0
5.0
3.0
3.0
429.0
4.0
8.0
696.0
10.0
342.0
8.0
24.0
1.0
3.0
1.0
4.0
2.0
1.0
1.0
5.0
1.0
4.0
29.0
1.0
326.0
399.0
4.0
526.0
4.0
118.0
34.0
1.0
1.0
3.0
17.0
15.0
26.0
1.0
1.0
1166.0
11.0
10.0
2.0
4.0
68.0
1.0
37.0
18.0
5.0
417.0
13.0
1237.0
2.0
76.0
3.0
17.0
1.0
661.0
1.0
279.0
1.0
1.0
33.0
23.0
4.0
1.0
85.0
3.0
23.0
17.0
3.0
1.0
3.0
1.0
66.0
13.0
1.0
2.0
1.0
6.0
66.0
1307.0
793.0
27.0
1.0
3.0
565.0
4.0
13.0
1.0
9.0
4.0
249.0
1.0
3.0
699.0
1.0
14.0
12.0
58.0
7.0
275.0
2.0
19.0
4.0
3.0
2.0
56.0
457.0
3.0
2.0
11.0
16.0
1131.0
3.0
7.0
576.0
3.0
1.0
1.0
1.0
1.0
3.0
205.0
4.0
5.0
2.0
2.0
2.0
82883.0
2.0
7.0
9.0
105.0
17.0
522.0
24.0
1.0
130.0
21.0
1.0
1121.0
1.0
8.0
29.0
2.0
1947.0
3.0
2.0
1.0
48.0
882.0
1.0
1.0
2.0
457.0
16.0
1044.0
3.0
3.0
1.0
83.0
1.0
3.0
3.0
2.0
2.0
3.0
5.0
2.0
1.0
1.0
1.0
3.0
7.0
4.0
1.0
9.0
1.0
4521.0
32.0
3.0
1.0
10.0
89.0
4.0
3.0
326.0
1.0
1.0
2.0
3.0
3.0
2.0
943.0
13.0
3048.0
3.0
1.0
1465.0
16.0
1.0
1.0
1.0
123.0
1027.0
1.0
24.0
1.0
9.0
45.0
3.0
29.0
1916.0
1.0
71.0
1.0
3.0
1.0
110.0
1.0
27.0
4.0
1.0
2.0
1.0
9.0
1.0
51.0
1648.0
1.0
5.0
11.0
1.0
1.0
1.0
3.0
50.0
1.0
29.0
6.0
4.0
421.0
3.0
3.0
1.0
3.0
27.0
2.0
960.0
4.0
2.0
3.0
45.0
1.0
8.0
3.0
1.0
2.0
149.0
18.0
1.0
8.0
25.0
2.0
2.0
1.0
1.0
3.0
2.0
7.0
526.0
129.0
1.0
4.0
877.0
192.0
692.0
1.0
3.0
255.0
1.0
3.0
3.0
342.0
2.0
1.0
9.0
73.0
27.0
1.0
65.0
15.0
4.0
6.0
1.0
1.0
507.0
2.0
5.0
252.0
1.0
348.0
265.0
1.0
70.0
1330.0
351.0
1.0
19.0
36.0
3.0
55.0
62.0
1.0
3.0
961.0
2.0
3.0
443.0
250.0
8.0
2.0
10.0
2.0
1.0
95.0
1.0
181.0
2.0
3.0
30.0
14.0
1.0
3.0
1.0
33.0
3.0
62.0
1.0
1.0
2.0
2.0
2.0
7.0
1.0
1.0
64.0
65.0
16.0
13.0
1.0
714.0
1.0
3.0
2.0
32.0
172.0
3.0
1556.0
1.0
1.0
5831.0
12.0
1.0
77.0
1457.0
2.0
1.0
1.0
3.0
1.0
1.0
584.0
1.0
156.0
3.0
105.0
1.0
1.0
17.0
6.0
4.0
15.0
400.0
163.0
24.0
2.0
932.0
3.0
1.0
828.0
1.0
3.0
2645.0
1.0
97.0
1.0
1.0
11080.0
1.0
423.0
1.0
572.0
1.0
3.0
19.0
1.0
232.0
8.0
8.0
16.0
7.0
7.0
1.0
3.0
1.0
1598.0
586.0
1.0
10149.0
28.0
1.0
4.0
9.0
512.0
1.0
1.0
9.0
1.0
1.0
2.0
1.0
3.0
3.0
67.0
72.0
49.0
7.0
1397.0
5.0
6.0
1.0
1.0
4.0
9.0
1.0
3.0
351.0
3.0
3.0
2.0
1.0
3.0
3.0
1.0
696.0
854.0
1.0
14.0
1662.0
2.0
18.0
215.0
3.0
1.0
3.0
1.0
1.0
3.0
1.0
2564.0
1.0
1.0
34.0
1.0
314.0
12.0
2.0
10.0
14.0
19.0
3.0
3.0
22.0
690.0
3.0
2.0
1669.0
1.0
1.0
9.0
1183.0
1.0
439.0
16.0
1.0
1078.0
29.0
3.0
72.0
16.0
51.0
130.0
75.0
55.0
754.0
3.0
1.0
4.0
606.0
3.0
10.0
9.0
115.0
1.0
1.0
22.0
1.0
1.0
3.0
28.0
16.0
2.0
4.0
3.0
1.0
2529.0
87.0
2.0
21.0
56.0
292.0
3.0
65.0
2.0
3.0
25.0
12.0
793.0
1.0
3.0
1.0
2.0
1.0
15.0
7.0
2.0
16.0
18.0
17.0
2.0
2.0
13.0
11.0
3.0
110.0
24.0
53.0
6.0
288.0
30.0
5.0
1329.0
1.0
19.0
1.0
3.0
1.0
270.0
3.0
4287.0
1.0
1.0
58.0
7.0
2.0
1.0
555.0
1.0
3.0
3.0
1667.0
1.0
1.0
102.0
795.0
1007.0
10.0
15.0
31.0
1.0
1105.0
3.0
36.0
2.0
31.0
1.0
654.0
19.0
371.0
102.0
4.0
7.0
2.0
2.0
3.0
7.0
31.0
1.0
1.0
80.0
6.0
4.0
1.0
1.0
8.0
10.0
18.0
10.0
3.0
3.0
88.0
239.0
6.0
3.0
1.0
12.0
29.0
17.0
3.0
7.0
23.0
19.0
4.0
3.0
3.0
1.0
2.0
29.0
4137.0
3.0
18.0
3.0
2.0
13.0
1.0
206.0
1.0
3.0
3.0
410.0
3.0
106.0
16.0
2.0
55.0
342.0
5.0
2.0
520.0
2.0
3.0
3.0
439.0
800.0
1.0
4.0
2.0
3.0
1.0
2.0
7.0
14.0
5.0
18.0
1.0
10.0
1.0
1.0
17.0
584.0
1.0
6.0
1.0
24.0
1.0
4.0
3.0
9.0
9.0
1.0
5.0
43.0
5033.0
3.0
521.0
1.0
5.0
2401.0
1.0
1.0
2.0
3.0
877.0
2.0
1.0
2.0
45.0
2.0
1.0
1.0
87.0
2.0
2.0
2.0
2.0
1.0
125.0
3.0
6.0
1.0
21.0
1.0
1.0
47.0
50.0
3.0
1.0
1.0
39.0
21.0
17.0
714.0
2.0
9.0
2.0
1.0
1.0
3.0
7.0
1.0
1018.0
1.0
18.0
7.0
1.0
3.0
3.0
1018.0
1217.0
131.0
1239.0
2.0
3.0
2.0
23.0
1.0
4.0
3.0
4.0
1.0
211.0
1.0
1.0
2.0
242.0
249.0
1.0
1.0
3.0
4.0
1.0
1.0
255.0
1.0
770.0
91.0
116.0
1.0
24.0
1386.0
40.0
17.0
74.0
2.0
6.0
9.0
1.0
14.0
1.0
2.0
3.0
142.0
97.0
12.0
3.0
114.0
1.0
646.0
1.0
469.0
285.0
30.0
3.0
879.0
1.0
4.0
1000.0
10.0
2.0
3.0
4.0
3.0
3.0
3.0
1176.0
1.0
73.0
3.0
43.0
1.0
56.0
2.0
27.0
3.0
115.0
1.0
1.0
1.0
3.0
1.0
8.0
1.0
97.0
3.0
4.0
1988.0
10.0
55.0
1.0
22.0
10.0
1.0
3.0
60.0
46.0
389.0
5.0
12.0
5.0
1.0
1.0
3.0
10.0
1.0
10.0
2.0
42.0
3.0
4.0
5179.0
2.0
2.0
1.0
84.0
1.0
1.0
2.0
136.0
1.0
1.0
20.0
18.0
3.0
1.0
4.0
2.0
3.0
1.0
28.0
49.0
1.0
3.0
3.0
2.0
13.0
1.0
8.0
24.0
1.0
3.0
1.0
466.0
1.0
70.0
607.0
12.0
3.0
16.0
121.0
3.0
2.0
2232.0
5.0
4.0
1.0
4.0
2.0
1522.0
1.0
2.0
3.0
3.0
17.0
107.0
2.0
351.0
3.0
1.0
2.0
1.0
1.0
2.0
3.0
62.0
29.0
42.0
338.0
1.0
11.0
9.0
3.0
3.0
596.0
2.0
1.0
3.0
4.0
11.0
477.0
18.0
270.0
1.0
3.0
129.0
12.0
13.0
1.0
1.0
7.0
2.0
2.0
2.0
32.0
158.0
1.0
5.0
3575.0
1078.0
1.0
2.0
1.0
5.0
10.0
3.0
24.0
7.0
1.0
47.0
3.0
1.0
1407.0
3.0
1.0
104.0
9.0
4.0
127.0
1.0
1.0
1084.0
1.0
18.0
4.0
5.0
1.0
5.0
1.0
4.0
23.0
851.0
1.0
3.0
450.0
291.0
101.0
1069.0
1320.0
2.0
1.0
7.0
1.0
1.0
1.0
36.0
1103.0
60.0
3.0
1.0
3.0
1.0
25.0
10.0
3.0
810.0
6776.0
1.0
1030.0
1.0
2.0
42.0
23.0
285.0
33.0
3.0
2.0
2.0
2.0
1.0
1.0
2.0
21.0
17.0
3.0
10.0
9.0
557.0
31.0
3.0
3.0
49.0
2.0
83.0
26.0
1.0
1.0
3.0
3.0
1.0
728.0
10.0
5.0
1.0
3.0
61.0
61.0
1.0
22.0
3.0
2.0
1.0
558.0
17.0
3.0
2.0
4.0
1.0
885.0
1044.0
338.0
999.0
186.0
4.0
3.0
1.0
1.0
3.0
1083.0
3.0
338.0
1206.0
13.0
10.0
43.0
2.0
9.0
3.0
103.0
13.0
1.0
3.0
5.0
590.0
3.0
3.0
1.0
1.0
1.0
1.0
3.0
8380.0
1.0
1.0
23.0
5.0
1418.0
3.0
157.0
4.0
3.0
8.0
351.0
3.0
4.0
1.0
3.0
127.0
16.0
1.0
1.0
271.0
1287.0
3.0
1.0
10668.0
1.0
1482.0
4.0
5.0
3.0
32.0
26.0
3.0
82.0
19.0
153.0
3.0
1400.0
3.0
351.0
3.0
2.0
980.0
211.0
2.0
4.0
967.0
1.0
3.0
1.0
2.0
1.0
2.0
1.0
1.0
4.0
930.0
140.0
1.0
4.0
348.0
53.0
7.0
6.0
4.0
1.0
1.0
2.0
1.0
807.0
1.0
1.0
19.0
1.0
24.0
4.0
19.0
1.0
15.0
8.0
6.0
16.0
5.0
4.0
1.0
5.0
3.0
361.0
1.0
10.0
279.0
11.0
53.0
5.0
3.0
1.0
4.0
9.0
9.0
1.0
3.0
1.0
73.0
29.0
351.0
1.0
1.0
13.0
1.0
281.0
1.0
3.0
82.0
28.0
113.0
19.0
1787.0
12.0
3.0
10.0
93.0
1.0
1119.0
7.0
1.0
1.0
718.0
1.0
130.0
10.0
12.0
19.0
3.0
2.0
138.0
328.0
7.0
11.0
1.0
3.0
303.0
3.0
1.0
292.0
6.0
1.0
590.0
1300.0
3.0
4.0
2.0
33.0
1.0
140.0
2.0
4.0
1.0
127.0
3.0
2.0
3.0
1.0
590.0
1729.0
1.0
1025.0
3.0
3.0
13840.0
2.0
1.0
8.0
1.0
2.0
4.0
11.0
555.0
10.0
65.0
2440.0
1.0
43.0
5.0
1.0
3.0
2.0
3.0
1.0
52.0
2.0
15.0
2.0
58.0
7.0
1.0
9.0
1033.0
1.0
649.0
51.0
5.0
1.0
3492.0
58.0
75.0
1.0
15.0
2.0
13.0
4.0
3.0
5.0
2.0
3.0
352.0
1.0
3.0
2.0
15.0
122.0
19.0
1590.0
1.0
4906.0
7.0
15.0
3.0
61.0
9.0
25.0
5.0
46.0
1.0
3.0
131.0
114.0
19.0
1.0
31.0
1.0
9.0
313.0
24.0
1.0
1.0
77.0
906.0
3.0
4.0
227.0
3.0
1474.0
100.0
1.0
733.0
3.0
3.0
1.0
23.0
13.0
740.0
11.0
1.0
3.0
44.0
6.0
3.0
10.0
22.0
683.0
9.0
1586.0
29.0
8.0
3.0
1.0
143.0
404.0
127.0
2.0
3.0
2.0
3.0
3.0
1.0
1.0
23.0
5.0
374.0
19.0
3.0
2.0
1.0
12.0
1.0
1.0
1076.0
3.0
3.0
4.0
1.0
18.0
24.0
28.0
50.0
3.0
28.0
5.0
1.0
23.0
1.0
19.0
1.0
1.0
460.0
1.0
2.0
3.0
3.0
21.0
219.0
1.0
839.0
1282.0
1.0
4.0
11.0
1.0
1.0
24.0
11.0
204.0
79.0
5.0
2.0
189.0
369.0
1.0
3.0
16.0
4.0
1.0
2.0
214.0
3.0
5.0
2.0
321.0
3.0
3.0
12.0
8.0
1.0
3.0
61.0
65.0
2.0
12.0
1.0
285.0
9116.0
1.0
2.0
24.0
6.0
2.0
1.0
3.0
338.0
92.0
6.0
683.0
14.0
8.0
1.0
1.0
9.0
1000.0
1.0
364.0
17.0
4.0
1.0
2809.0
15.0
76.0
1.0
2.0
6.0
1.0
4.0
1276.0
77.0
3.0
3.0
3.0
24.0
1.0
87.0
1124.0
11.0
1.0
20.0
18.0
22.0
3.0
3.0
3.0
5.0
16.0
5.0
1159.0
1.0
1.0
3.0
286.0
29.0
15.0
3.0
3.0
1.0
2.0
1.0
24.0
1.0
3.0
39.0
14.0
10.0
2.0
1.0
1.0
2.0
287.0
33.0
4.0
74.0
19.0
19.0
1.0
8.0
338.0
30.0
2.0
3.0
231.0
50.0
4.0
282.0
4.0
4.0
523.0
1.0
131.0
7.0
105.0
8.0
1.0
1.0
38.0
1.0
4.0
5.0
244.0
90.0
4.0
2.0
2.0
1.0
978.0
2.0
810.0
2.0
1.0
8.0
2.0
1.0
266.0
7.0
3.0
1445.0
3.0
1.0
2.0
9.0
3.0
3.0
1.0
388.0
14.0
32.0
2446.0
3.0
1.0
8.0
26.0
5.0
9.0
3.0
3.0
1.0
90.0
143.0
14.0
19.0
19.0
11.0
16.0
152.0
9.0
2171.0
1.0
3.0
5.0
1.0
421.0
2.0
3.0
2.0
3.0
9.0
172.0
3.0
3.0
2.0
48.0
1.0
1.0
1.0
11.0
1.0
4.0
6.0
151.0
1.0
3.0
74.0
1017.0
3.0
916.0
666.0
3.0
9.0
1.0
1.0
8.0
1.0
10.0
1.0
1.0
1.0
6.0
3.0
23.0
1.0
7.0
3.0
1.0
731.0
3.0
1.0
1.0
1.0
4.0
319.0
1.0
11.0
1.0
3.0
1.0
6.0
3.0
2.0
2.0
1.0
1888.0
232.0
3.0
2.0
11.0
15.0
4.0
4.0
73.0
1747.0
3.0
254.0
9.0
1.0
1.0
8.0
1.0
8.0
101.0
2.0
74.0
3.0
1.0
4.0
1.0
6.0
1.0
8.0
24.0
1.0
43.0
3.0
9.0
2.0
6.0
7.0
103.0
3186.0
1.0
1.0
2.0
8.0
4.0
2.0
77.0
4.0
4.0
15.0
2.0
2.0
19.0
16.0
1311.0
31.0
1.0
2.0
45.0
3.0
12.0
86.0
1.0
2.0
1.0
99.0
54.0
1.0
3.0
622.0
1.0
7.0
3118.0
10.0
3.0
6.0
1.0
1.0
5.0
7.0
1.0
132.0
1.0
575.0
3.0
324.0
3.0
1.0
1.0
11.0
59.0
66.0
19.0
619.0
1.0
8.0
3.0
2.0
3.0
2.0
3.0
3.0
4.0
68.0
3.0
23.0
8.0
2.0
1002.0
2.0
1.0
23.0
3.0
1.0
113.0
1.0
1.0
1.0
25.0
3.0
248.0
4.0
22.0
1.0
1.0
23.0
1.0
3.0
3.0
1.0
658.0
1.0
4.0
3.0
19.0
3.0
13.0
4.0
1.0
67.0
1.0
90.0
1.0
37.0
1.0
227.0
84.0
2.0
9.0
1.0
1.0
1.0
87.0
1.0
1.0
1.0
23.0
71.0
32.0
1.0
1.0
18.0
1.0
40.0
652.0
3.0
44.0
2.0
3.0
1.0
4.0
1584.0
26.0
1.0
4.0
7.0
3.0
76.0
1.0
1.0
1.0
446.0
3.0
16.0
1.0
13.0
2.0
1.0
1.0
4.0
106.0
8.0
1.0
40.0
8.0
13.0
615.0
7.0
65.0
2.0
288.0
1.0
9.0
1.0
261.0
122.0
18.0
1433.0
10.0
16.0
2.0
2.0
3533.0
1.0
1.0
1.0
12.0
981.0
3.0
3.0
33.0
8.0
2.0
202.0
3.0
23.0
5.0
3.0
6.0
7.0
4.0
19.0
596.0
3.0
6544.0
3.0
158.0
1.0
4.0
24.0
16.0
827.0
12.0
10.0
3.0
3311.0
1.0
930.0
3.0
120.0
120.0
2.0
190.0
3.0
24.0
7.0
4.0
20.0
1.0
1.0
1.0
1.0
12.0
3.0
2.0
1.0
204.0
7.0
1.0
70.0
88.0
3.0
1.0
1.0
233.0
232.0
13.0
1.0
3.0
1.0
20.0
2.0
2.0
29.0
207.0
1.0
632.0
86.0
1.0
3.0
6.0
885.0
21.0
2.0
25.0
1.0
6.0
1.0
10.0
42.0
3.0
19.0
1.0
107.0
489.0
1.0
1.0
4.0
3.0
1111.0
7.0
12.0
351.0
1.0
7.0
23.0
1.0
14.0
1.0
16.0
10.0
64.0
2.0
23.0
8.0
3.0
41.0
2.0
46.0
1.0
866.0
132.0
1.0
3.0
2.0
1.0
1.0
1.0
6.0
5.0
159.0
4.0
3.0
3.0
1.0
635.0
6.0
4.0
23.0
2.0
1.0
1.0
7.0
249.0
24.0
1.0
8.0
2.0
18.0
3.0
2.0
3.0
3.0
126.0
9.0
15.0
4.0
338.0
3.0
83.0
7.0
68.0
12.0
5.0
1.0
24.0
18.0
3.0
2.0
2.0
1.0
1.0
1.0
48.0
7.0
2.0
1.0
2988.0
16.0
3.0
19.0
178.0
1.0
14.0
800.0
2.0
1.0
354.0
6.0
1.0
5.0
664.0
3.0
1.0
3.0
3.0
2.0
2.0
1.0
1.0
25.0
252.0
3.0
2086.0
46.0
1.0
3.0
3.0
101.0
1.0
39.0
4.0
2.0
3.0
4.0
1.0
818.0
18.0
1844.0
455.0
4.0
15.0
596.0
47.0
1.0
1.0
7.0
6.0
11.0
1.0
181.0
2.0
1.0
4.0
2.0
1.0
5.0
3.0
696.0
3.0
1.0
8.0
14.0
329.0
19.0
3.0
206.0
1.0
1.0
2.0
282.0
4351.0
14.0
10.0
1.0
5.0
1.0
1.0
242.0
635.0
35.0
4.0
1.0
3.0
1.0
9.0
19.0
3.0
364.0
3.0
4.0
385.0
1.0
1.0
24.0
3.0
2.0
3.0
1.0
1.0
4.0
344.0
506.0
21.0
4.0
3.0
3.0
3.0
3.0
52.0
3.0
11.0
4.0
1.0
1.0
191.0
3402.0
65.0
270.0
1.0
827.0
2.0
2.0
3.0
4.0
3.0
428.0
1.0
69.0
36.0
13.0
1.0
1.0
990.0
4.0
15.0
1.0
1.0
10.0
2.0
7.0
3.0
2.0
20.0
246.0
1.0
1.0
2.0
1.0
109.0
12.0
5.0
57.0
49.0
19.0
611.0
183.0
16.0
196.0
1.0
126.0
7625.0
3.0
1.0
2492.0
1.0
1.0
1.0
46.0
1.0
674.0
1.0
2.0
1.0
1.0
3.0
1.0
8.0
13.0
247.0
13.0
4.0
34.0
1.0
596.0
212.0
57.0
878.0
4.0
16.0
2748.0
1.0
1560.0
65.0
292.0
6.0
1535.0
15.0
56.0
1.0
24.0
163.0
2.0
6.0
46.0
1.0
1835.0
4.0
37.0
2.0
1.0
1.0
1.0
4.0
3.0
1.0
2.0
22.0
1.0
415.0
8.0
116.0
14.0
529.0
1900.0
3.0
1.0
1.0
121.0
3.0
34491.0
8.0
1.0
1.0
2.0
361.0
10.0
954.0
9.0
1229.0
2.0
1.0
7.0
1.0
11.0
6.0
1.0
39.0
1.0
1035.0
9.0
3.0
4.0
1.0
2.0
1.0
1.0
137.0
1.0
1437.0
1.0
410.0
42.0
75.0
3.0
74.0
20.0
16.0
1.0
28.0
21.0
11.0
8.0
2.0
3.0
961.0
5.0
3.0
47.0
9.0
1.0
21.0
2.0
19.0
8.0
1.0
3.0
4.0
3.0
1.0
1.0
3.0
17.0
3.0
10.0
1.0
3.0
6.0
28.0
1.0
59.0
2.0
1.0
3.0
697.0
1.0
24.0
112.0
1.0
3.0
6.0
1.0
416.0
173.0
110.0
371.0
4.0
1.0
1.0
16.0
1.0
2.0
1.0
1.0
12.0
65.0
4.0
1.0
8.0
378.0
3.0
220.0
375.0
1.0
14.0
751.0
156.0
4.0
6.0
1.0
10001.0
33.0
39.0
6.0
1.0
1013.0
3.0
10.0
2.0
3.0
902.0
1.0
3.0
2.0
341.0
1.0
43.0
4.0
48.0
1.0
1.0
3.0
3.0
3.0
1.0
5.0
1.0
3.0
1.0
1.0
1772.0
42.0
993.0
2.0
1.0
38.0
4.0
4.0
2.0
1.0
1.0
21.0
1500.0
4.0
1.0
92.0
13.0
1.0
4.0
3.0
1199.0
61.0
2.0
1.0
2.0
4.0
2.0
71.0
131.0
1.0
3.0
1.0
1.0
1033.0
3.0
3.0
3.0
1.0
1.0
6.0
1.0
5.0
50.0
1.0
1.0
1.0
1.0
141.0
32.0
1.0
265.0
3.0
1.0
121.0
67.0
2.0
188.0
2.0
1.0
25.0
320.0
529.0
2.0
1.0
3.0
6.0
1.0
29.0
86.0
1.0
18.0
3.0
1.0
1.0
9.0
9.0
55.0
4.0
34887.0
1.0
1.0
140.0
1.0
1.0
3.0
3.0
3.0
2.0
2.0
4.0
3.0
1.0
1.0
19.0
2.0
1.0
2.0
3.0
17.0
2.0
4.0
1.0
743.0
11.0
1.0
113.0
2.0
65.0
2.0
3.0
9.0
50.0
1.0
56.0
37.0
1.0
17.0
87.0
56.0
8.0
42.0
1.0
50.0
72.0
1.0
241.0
2.0
181.0
1.0
8.0
2574.0
149.0
43.0
120.0
6076.0
3.0
2.0
1.0
3.0
1.0
696.0
17.0
1.0
6.0
1.0
5.0
4.0
76.0
87.0
1641.0
1.0
377.0
19.0
4.0
5.0
5.0
1.0
1.0
111.0
1.0
2.0
1.0
10.0
2821.0
14.0
77.0
5.0
12.0
1.0
3.0
6.0
3.0
36.0
12.0
3.0
1.0
4.0
3.0
3.0
1.0
3.0
30.0
3.0
56.0
882.0
17.0
1.0
10001.0
96.0
1.0
45.0
177.0
1.0
1301.0
492.0
320.0
3.0
1.0
20.0
1.0
8.0
1.0
2.0
4.0
1.0
1.0
1.0
4.0
88.0
1.0
1.0
1.0
10.0
149.0
892.0
10.0
3.0
5978.0
1.0
549.0
1.0
3.0
1018.0
1.0
1.0
2.0
3.0
2.0
1.0
10.0
99.0
10.0
174.0
4.0
282.0
9.0
3.0
666.0
6.0
6.0
1.0
3.0
186.0
69.0
1.0
684.0
1.0
1.0
3.0
3.0
2.0
29.0
128.0
80.0
87.0
1.0
2.0
2.0
1005.0
1.0
2.0
3.0
292.0
3.0
3.0
2.0
10001.0
1.0
2.0
28.0
3.0
721.0
1.0
1.0
116.0
1.0
286.0
4.0
375.0
4473.0
2.0
4.0
117.0
3.0
3178.0
59.0
1.0
3.0
1.0
88.0
2.0
12.0
1.0
3.0
4.0
824.0
132.0
24.0
8.0
122.0
3.0
44.0
1.0
9.0
1.0
1.0
1.0
535.0
1.0
6.0
50.0
2.0
2.0
63.0
1.0
2806.0
1.0
9.0
1.0
3.0
3.0
11.0
2.0
735.0
1.0
9.0
6.0
1.0
4.0
2.0
1.0
1.0
1.0
2.0
55.0
3.0
3.0
4.0
2.0
41.0
89.0
695.0
2.0
7.0
6.0
650.0
62.0
2.0
36.0
944.0
2.0
1.0
4.0
9.0
67.0
24.0
1.0
6.0
3.0
721.0
3.0
3.0
113.0
5.0
1.0
14.0
5.0
37.0
558.0
3.0
1.0
3.0
1.0
3.0
24.0
31.0
6.0
3.0
65.0
2.0
1.0
2.0
32.0
6.0
10.0
19.0
54.0
1.0
3.0
2.0
11.0
2.0
10.0
14.0
1.0
34.0
2.0
5.0
1.0
958.0
19.0
19.0
1.0
9.0
9810.0
1.0
1.0
2.0
5.0
190.0
8.0
76.0
5.0
1.0
59.0
11444.0
1.0
2.0
4.0
1988.0
4.0
24.0
1.0
1.0
3.0
1.0
3.0
1.0
1.0
4.0
71.0
10.0
3.0
1.0
62.0
10.0
1.0
8.0
1.0
1.0
1.0
1.0
70.0
1.0
1.0
930.0
69.0
693.0
614.0
2.0
19.0
271.0
1.0
2.0
1.0
3.0
1.0
3.0
1.0
1311.0
11.0
4.0
1.0
23.0
81.0
2.0
4.0
3.0
123.0
1.0
63.0
1018.0
1.0
8.0
4.0
1.0
1.0
2101.0
4.0
2.0
1.0
4.0
1.0
1.0
3.0
4.0
1.0
6.0
1.0
3.0
3105.0
53.0
39.0
10.0
1.0
87.0
226.0
1.0
8553.0
165.0
1.0
2.0
6.0
1.0
3.0
1.0
3.0
1874.0
1.0
3.0
1.0
829.0
60.0
4.0
35.0
119.0
1.0
1.0
3.0
4.0
1066.0
4.0
17.0
36.0
1.0
1.0
1.0
3.0
2.0
2.0
2.0
2.0
1.0
1.0
351.0
8.0
40.0
2249.0
851.0
14.0
524.0
2.0
3.0
3.0
16.0
3.0
4.0
156.0
11.0
146.0
1.0
5.0
7.0
8.0
1.0
1.0
21.0
220.0
15.0
159.0
1.0
3.0
3.0
12.0
12.0
2.0
1699.0
56.0
1.0
984.0
7.0
1.0
352.0
11.0
1.0
3.0
1.0
3.0
3.0
16.0
3.0
771.0
10.0
1.0
1.0
9.0
1.0
16.0
2.0
737.0
1.0
3.0
3.0
39.0
1.0
1.0
3.0
1.0
1626.0
148.0
1.0
2.0
5.0
2.0
6.0
6.0
119.0
516.0
8.0
22.0
3.0
3.0
619.0
1.0
3.0
36.0
46.0
295.0
388.0
13.0
19.0
11.0
115.0
24.0
3.0
2.0
3.0
5.0
4.0
34.0
4.0
3.0
4.0
4.0
3.0
11.0
1.0
3.0
1.0
752.0
12.0
1.0
1.0
2.0
12.0
1.0
1.0
126.0
656.0
10.0
2.0
3.0
3.0
38.0
9.0
9.0
17.0
2.0
20.0
1.0
5.0
2.0
1.0
4.0
59.0
1427.0
1.0
263.0
19.0
103.0
3.0
52.0
1.0
13.0
8.0
17.0
885.0
4.0
1.0
13.0
1.0
47.0
59.0
3.0
29.0
415.0
3.0
2.0
7.0
104.0
1.0
86926.0
62.0
5.0
1.0
65.0
3.0
1.0
7730.0
58.0
3.0
2.0
6.0
1.0
3.0
997.0
9.0
1.0
4.0
1.0
343.0
2.0
43.0
3.0
929.0
14.0
14.0
654.0
448.0
4.0
370.0
23.0
1.0
1.0
14.0
24.0
3.0
21.0
1017.0
4.0
2.0
1.0
262.0
18.0
1.0
2.0
4453.0
1.0
1.0
1.0
47.0
1.0
1.0
28.0
19.0
6.0
82.0
1.0
2.0
1.0
2.0
421.0
16.0
31.0
13.0
3.0
1.0
5.0
297.0
991.0
1.0
17.0
152.0
27.0
6.0
519.0
1.0
8.0
13.0
13.0
17.0
7.0
3.0
152.0
24.0
1.0
14.0
1.0
1.0
1018.0
950.0
7.0
10.0
2.0
79.0
1562.0
92.0
2.0
1.0
18.0
19.0
53.0
6.0
15.0
1.0
33.0
696.0
35.0
6.0
1.0
14.0
12.0
1.0
1.0
1.0
3.0
59.0
87.0
4.0
2.0
451.0
1.0
18.0
4.0
3.0
6.0
1303.0
4.0
3.0
3.0
1.0
50.0
20.0
3.0
1.0
737.0
123.0
6.0
1.0
2.0
1.0
1.0
1025.0
1.0
9.0
17.0
1.0
2.0
3.0
3.0
3.0
192.0
6.0
2.0
1.0
4.0
3.0
3.0
1.0
4.0
1.0
17.0
2.0
6.0
1.0
1.0
53.0
313.0
19.0
1271.0
1.0
3.0
1.0
1120.0
53.0
43.0
30.0
1.0
9541.0
3.0
216.0
1.0
1.0
1.0
4.0
1.0
3.0
10.0
1.0
11.0
3.0
1.0
3.0
3.0
4.0
71.0
1.0
4.0
2.0
2.0
6.0
102.0
351.0
18.0
697.0
31.0
18.0
446.0
3.0
1.0
950.0
3.0
1.0
1.0
421.0
41.0
1.0
9.0
1.0
6.0
15.0
36.0
38.0
3.0
3.0
1.0
1.0
1.0
1.0
11.0
282.0
3.0
7.0
280.0
1268.0
1.0
3.0
752.0
18.0
3.0
173.0
8.0
11.0
1.0
267.0
3.0
1.0
4.0
1.0
2.0
38.0
30.0
2.0
1.0
270.0
1.0
4.0
1.0
117.0
1.0
1.0
1.0
77.0
3.0
1.0
2.0
181.0
252.0
1.0
21.0
1.0
18.0
1461.0
636.0
3.0
3.0
3.0
1.0
5.0
1.0
3.0
1.0
3.0
21.0
64.0
1.0
5.0
1.0
1.0
11.0
7.0
728.0
210.0
1.0
4.0
2.0
1.0
15.0
932.0
3.0
46.0
152.0
1.0
4.0
2.0
1.0
25.0
1.0
1.0
3.0
2.0
1.0
22.0
288.0
340.0
886.0
1.0
2.0
3.0
1.0
194.0
1.0
390.0
3.0
24.0
22.0
417.0
56.0
3.0
11.0
367.0
8673.0
2.0
19.0
10.0
3.0
1.0
3.0
7.0
1.0
23.0
1105.0
13.0
2.0
5209.0
12.0
3.0
3.0
85.0
9.0
4.0
1.0
4962.0
25.0
3.0
13.0
213.0
1.0
342.0
1.0
4.0
1.0
3.0
2.0
571.0
1.0
1.0
1415.0
1.0
71.0
1.0
4.0
1.0
1.0
1.0
7.0
3.0
4.0
2.0
7.0
1.0
13.0
3.0
4.0
2877.0
9.0
9.0
1.0
9.0
3.0
4.0
127.0
1155.0
1.0
2.0
8.0
1.0
2.0
1.0
2.0
1219.0
2.0
980.0
6718.0
961.0
1.0
1.0
2.0
164.0
17.0
98.0
19.0
86.0
922.0
3.0
20.0
285.0
285.0
10.0
1.0
19.0
29.0
1033.0
13.0
2374.0
3.0
1.0
8.0
24.0
1.0
1.0
1.0
4.0
2.0
3.0
60.0
3.0
1.0
76.0
3.0
281.0
6.0
1.0
2.0
4.0
1.0
4.0
15.0
1.0
3.0
707.0
516.0
1.0
2.0
3.0
12.0
3.0
2.0
255.0
8.0
8.0
10.0
1.0
7.0
1.0
187.0
7.0
2.0
24.0
1.0
1.0
7.0
19.0
1.0
6.0
15.0
1.0
3.0
53.0
3.0
1.0
12.0
1.0
6.0
3.0
1.0
1.0
1.0
60.0
24.0
1.0
1.0
8.0
12.0
2.0
3.0
3.0
2.0
1.0
3.0
2.0
1.0
1.0
31.0
2.0
1.0
1.0
1.0
429.0
1534.0
27.0
2.0
1.0
1.0
3466.0
47.0
1.0
759.0
1.0
19.0
16398.0
1.0
1.0
1.0
5.0
497.0
3217.0
1.0
1.0
22.0
36.0
8.0
5.0
2.0
12.0
1.0
114.0
7.0
1.0
6.0
7.0
961.0
7.0
65.0
11.0
5.0
1.0
2.0
3.0
1.0
3.0
4.0
3.0
4.0
3.0
3.0
3.0
9.0
3.0
887.0
624.0
312.0
66.0
1487.0
104.0
85.0
74.0
178.0
1.0
3.0
3.0
1.0
2134.0
249.0
5.0
2.0
1.0
5.0
1.0
9.0
728.0
3.0
101.0
3.0
17.0
28.0
2.0
656.0
1.0
24.0
8.0
1.0
4.0
1.0
3.0
2.0
1.0
7.0
24.0
10.0
6.0
15.0
539.0
7.0
13.0
19.0
1.0
7.0
1.0
3.0
143.0
1.0
14.0
1.0
102.0
1018.0
5.0
104.0
1.0
12.0
3.0
473.0
3.0
1.0
176.0
1.0
1.0
1.0
96.0
92.0
1.0
337.0
57.0
1.0
1.0
6.0
1018.0
3.0
21.0
496.0
2891.0
9.0
65.0
1.0
866.0
3.0
282.0
479.0
1.0
3.0
493.0
1.0
5.0
1.0
1.0
15.0
5.0
7.0
3.0
247.0
1.0
1.0
8.0
2.0
138.0
1.0
609.0
1.0
20.0
13.0
1315.0
16.0
1.0
4.0
722.0
1.0
31.0
15.0
48.0
24.0
1.0
1.0
639.0
2.0
2.0
4.0
1.0
20391.0
711.0
1.0
2.0
46.0
1.0
2.0
3.0
4.0
1.0
1.0
596.0
6.0
3.0
177.0
448.0
131.0
1.0
123.0
105.0
1.0
2.0
379.0
282.0
58.0
1.0
964.0
1.0
1.0
1.0
24.0
8.0
22.0
1.0
16.0
2.0
195.0
1.0
112.0
100.0
5.0
4.0
98.0
2146.0
1.0
3593.0
902.0
78.0
2.0
1.0
6.0
1.0
2448.0
1.0
1.0
1.0
16.0
1.0
14.0
50.0
1.0
2.0
52.0
67.0
3.0
717.0
2.0
49.0
1071.0
1349.0
10.0
14.0
1.0
122.0
701.0
3.0
2.0
18.0
9.0
30.0
3.0
3.0
1330.0
4.0
358.0
3.0
1.0
145.0
3.0
576.0
14385.0
13.0
184.0
84.0
1.0
1.0
1.0
9.0
1.0
446.0
102.0
1.0
1.0
3.0
1429.0
14385.0
3.0
7.0
2.0
1.0
4.0
12.0
57.0
75.0
1248.0
4.0
863.0
1.0
1.0
745.0
3.0
1935.0
8.0
135.0
2855.0
1.0
6.0
6.0
1.0
3.0
2.0
8.0
605.0
4.0
14.0
1.0
18.0
40.0
65.0
3.0
946.0
3.0
48.0
1.0
11.0
3.0
55.0
3.0
10.0
39.0
1.0
31.0
1468.0
3.0
3.0
24.0
2.0
1.0
2.0
1.0
2.0
1.0
3.0
2.0
3.0
3.0
561.0
78.0
1.0
3.0
697.0
3.0
36.0
1208.0
1.0
48.0
3.0
2.0
3.0
367.0
3.0
3.0
1054.0
68.0
1204.0
2.0
731.0
149.0
273.0
38.0
1.0
6.0
1.0
292.0
3.0
28.0
3.0
1.0
1.0
10.0
335.0
1.0
2.0
2.0
9.0
4.0
7.0
1.0
2015.0
3.0
117.0
2.0
14.0
7.0
2.0
2.0
564.0
127.0
1068.0
3.0
3.0
48.0
1.0
1.0
3.0
1.0
431.0
1.0
12.0
672.0
1.0
1.0
293.0
2.0
258.0
19.0
1.0
3.0
2.0
12.0
11.0
2.0
1.0
4.0
12.0
190.0
1888.0
3.0
1.0
1.0
5.0
839.0
1.0
2.0
3.0
1.0
658.0
18.0
7.0
3.0
167.0
1.0
2.0
25.0
2.0
47.0
3.0
712.0
1.0
3.0
2.0
1.0
1.0
3.0
1.0
1.0
3.0
1.0
7.0
18.0
2.0
23.0
596.0
2.0
4.0
1.0
1.0
17.0
2.0
1.0
1.0
1.0
761.0
19.0
9.0
1.0
3.0
3.0
4612.0
1.0
1.0
1.0
2.0
8.0
24.0
4.0
6.0
3.0
695.0
40.0
15.0
2.0
5.0
1.0
8.0
1.0
359.0
3.0
596.0
1.0
34.0
3.0
771.0
2.0
1.0
1255.0
7.0
3.0
2.0
16.0
10.0
2.0
22.0
1749.0
1.0
4620.0
1.0
5.0
39.0
403.0
2.0
1.0
1.0
1036.0
18.0
31.0
17.0
3.0
2711.0
10.0
1.0
3.0
52.0
1.0
2.0
421.0
108.0
1.0
4.0
1.0
3.0
1.0
251.0
5.0
9.0
1.0
8.0
3.0
1.0
3.0
481.0
1.0
1.0
1.0
2.0
2.0
3.0
1.0
1.0
14.0
3.0
8.0
102.0
3.0
19.0
4.0
3.0
2.0
279.0
10.0
259.0
1.0
1.0
16.0
946.0
28.0
29.0
45.0
4.0
292.0
3.0
4.0
1.0
1.0
4.0
3.0
1.0
1.0
4.0
290.0
3.0
14.0
3.0
1.0
12.0
122.0
3.0
1.0
1.0
3.0
48.0
3.0
11.0
1.0
818.0
3.0
4.0
69.0
1.0
3.0
867.0
1.0
1.0
14.0
1168.0
3.0
3.0
4.0
3.0
12.0
3208.0
1018.0
10.0
2.0
7.0
20.0
36.0
674.0
3.0
11.0
1.0
3.0
2.0
1.0
2.0
1.0
3.0
1.0
1.0
97.0
61.0
43.0
1.0
5.0
76.0
1.0
4.0
24.0
8.0
3.0
8.0
3.0
596.0
2.0
1.0
3.0
1.0
5.0
416.0
1.0
128.0
10.0
1229.0
1.0
1.0
16.0
2.0
3.0
1.0
11.0
3.0
16.0
3.0
282.0
11.0
3.0
13.0
4.0
14.0
1.0
2.0
2.0
1060.0
1.0
6.0
6.0
6.0
112.0
4.0
2018.0
1.0
2.0
1076.0
112.0
1.0
122.0
3.0
451.0
65.0
3.0
3.0
26.0
3.0
1155.0
41.0
3.0
5.0
2.0
1.0
22.0
1.0
879.0
17.0
1.0
4.0
3.0
21.0
1.0
1.0
9.0
100.0
115.0
1747.0
3.0
1.0
11.0
1.0
1.0
5.0
3.0
108.0
2.0
685.0
157.0
25.0
3.0
3.0
11.0
4388.0
3.0
7.0
1.0
2.0
1.0
1.0
11.0
1.0
87.0
1.0
14.0
3.0
6.0
233.0
1487.0
19.0
3.0
66.0
3.0
6.0
3.0
1.0
2.0
2.0
1.0
3.0
2.0
1.0
1.0
1.0
600.0
10.0
1.0
12.0
63.0
8.0
139.0
114.0
3.0
4.0
1.0
3.0
1106.0
2.0
1.0
314.0
2.0
1.0
2.0
1.0
1018.0
3.0
256.0
288.0
2.0
5.0
473.0
93.0
2.0
892.0
1.0
1.0
3.0
1.0
5.0
2.0
4.0
27.0
58.0
3.0
1.0
1.0
102.0
7.0
249.0
2.0
426.0
3.0
1027.0
2.0
22.0
1.0
1.0
1.0
5.0
3.0
119.0
31.0
8.0
35.0
36.0
80.0
1.0
57.0
351.0
3.0
4.0
1.0
3.0
281.0
550.0
38.0
318.0
3.0
4.0
1450.0
1.0
1.0
2.0
1.0
1.0
2.0
3.0
4.0
2.0
8.0
1.0
16.0
1.0
214.0
961.0
629.0
3.0
18.0
1.0
1.0
19.0
83.0
8.0
21.0
1.0
1.0
7.0
1.0
3.0
1.0
1.0
10.0
9.0
923.0
1.0
1.0
1.0
30.0
3.0
164.0
633.0
11.0
1.0
26.0
3.0
288.0
1.0
1.0
1.0
4.0
5.0
3.0
3.0
1.0
292.0
285.0
3.0
3.0
6.0
3.0
1.0
2.0
5.0
1.0
2.0
1165.0
198.0
2.0
1486.0
13.0
1.0
1.0
1.0
29.0
1.0
4.0
2.0
27.0
17.0
14.0
139.0
3.0
8047.0
1.0
339.0
48.0
3.0
313.0
1.0
3.0
1.0
1.0
429.0
3.0
3.0
1.0
1.0
34.0
10.0
1.0
12.0
110.0
758.0
3.0
1159.0
1.0
1.0
1.0
1.0
1.0
1303.0
7.0
1.0
149.0
3.0
3.0
2.0
3.0
1.0
1.0
5.0
2.0
125.0
26.0
10.0
2001.0
87.0
64.0
1.0
6.0
2.0
1.0
3.0
62.0
2.0
349.0
3.0
8.0
3.0
75.0
1.0
1.0
1.0
4914.0
2.0
1.0
4423.0
1.0
2.0
1107.0
1.0
9.0
351.0
1.0
17.0
1.0
1.0
7376.0
5.0
69.0
4.0
5.0
3.0
1136.0
2.0
263.0
291.0
13.0
1.0
2.0
2.0
8.0
3.0
6.0
5.0
8.0
3.0
2.0
75.0
217.0
11.0
111.0
5.0
4.0
2.0
837.0
35.0
282.0
15.0
7.0
13258.0
41.0
3.0
6.0
5.0
490.0
15.0
1.0
100.0
3.0
7.0
15.0
1.0
4.0
4.0
2.0
4.0
462.0
9.0
2.0
278.0
3.0
1.0
4.0
241.0
68.0
1.0
11.0
1.0
9.0
8.0
3.0
1.0
3.0
24.0
11.0
1.0
1.0
3.0
3.0
132.0
4.0
17922.0
1.0
116.0
6.0
4.0
8.0
1.0
3.0
4.0
3.0
2.0
1.0
9.0
13.0
633.0
12.0
3.0
1.0
3.0
1.0
101.0
5.0
2.0
46.0
26.0
1698.0
1.0
1.0
369.0
6.0
7.0
1.0
1.0
24.0
2.0
144.0
3.0
33.0
152.0
3.0
21.0
8.0
2.0
1.0
3.0
64.0
1.0
2.0
3.0
1.0
2.0
2.0
1.0
3.0
497.0
18.0
57.0
18.0
3.0
102.0
3.0
1763.0
1.0
4.0
182.0
1.0
7.0
1.0
1.0
1.0
1.0
3.0
89.0
1.0
55.0
1.0
2.0
2.0
2.0
6.0
1.0
5.0
28.0
415.0
20.0
3.0
1.0
11.0
1.0
9.0
3.0
6.0
8.0
5.0
1.0
4.0
1.0
1.0
35.0
11.0
3.0
1.0
1.0
6.0
3.0
1.0
20.0
3.0
9.0
2.0
1.0
1.0
114.0
9.0
162.0
6.0
1.0
351.0
2.0
1.0
1.0
1.0
4.0
1.0
177.0
26.0
1.0
1.0
1.0
885.0
1112.0
2.0
5.0
3.0
3.0
1.0
1.0
400.0
4.0
3.0
2.0
3.0
1.0
22.0
1.0
84.0
1096.0
1.0
1.0
1.0
24.0
712.0
1.0
3.0
963.0
1.0
278.0
1.0
2.0
16.0
11.0
1.0
3.0
61.0
2.0
19.0
1.0
469.0
12.0
1.0
35264.0
47.0
13666.0
1.0
3.0
105.0
17.0
11.0
166.0
2.0
6.0
1.0
1.0
1.0
1.0
150.0
446.0
1.0
1.0
1.0
11.0
9.0
3.0
40.0
1.0
2.0
16.0
2.0
3.0
1.0
1.0
3.0
284.0
37.0
1.0
5.0
4.0
55.0
1.0
53.0
2.0
6552.0
10.0
1.0
1.0
61.0
1.0
1.0
3.0
226.0
39386.0
2.0
2412.0
3.0
3.0
69.0
3.0
440.0
38.0
3.0
8.0
3.0
4.0
1.0
1.0
2616.0
599.0
1088.0
1.0
2.0
5.0
21.0
7.0
37.0
91.0
24.0
3.0
2.0
121.0
1.0
4.0
989.0
226.0
24.0
11.0
2.0
1.0
2.0
1.0
1.0
12.0
1.0
18.0
1.0
1.0
1.0
8.0
1.0
54.0
481.0
2.0
10.0
15.0
3.0
2.0
3.0
1.0
2.0
202.0
21.0
300.0
8.0
1018.0
3.0
57.0
13.0
3.0
10.0
3.0
20.0
51.0
1.0
1.0
1631.0
1.0
1.0
362.0
3.0
9.0
1.0
3.0
4.0
9.0
5.0
3.0
769.0
3.0
6.0
91.0
2.0
23.0
230.0
2.0
94.0
8.0
313.0
41.0
6.0
550.0
2.0
477.0
3.0
13.0
1.0
4.0
1.0
8.0
1.0
1.0
50.0
1.0
1.0
1.0
8.0
308.0
1034.0
2424.0
13.0
1.0
8.0
1.0
5.0
1.0
666.0
3.0
1.0
3887.0
10.0
2.0
199.0
1.0
3.0
1081.0
325.0
11.0
29.0
4.0
7663.0
166.0
19.0
2.0
3.0
3.0
189.0
534.0
2.0
1.0
2.0
5.0
3.0
306.0
1010.0
1517.0
2.0
24.0
3.0
4.0
3.0
5.0
1.0
5.0
1.0
12.0
1.0
1.0
7.0
1.0
3.0
13.0
24.0
77.0
25.0
1.0
3.0
31.0
2.0
2.0
3.0
3.0
420.0
3.0
55.0
2.0
1.0
1.0
674.0
4.0
1.0
3.0
1.0
1718.0
74.0
2.0
1.0
5.0
228.0
26.0
3.0
7.0
87.0
1.0
1.0
765.0
3.0
3.0
3.0
2.0
17.0
22.0
1.0
1.0
3.0
2.0
1362.0
24.0
3.0
14.0
292.0
6.0
24.0
2.0
4.0
1.0
288.0
63.0
19.0
1.0
28.0
1.0
1.0
369.0
1.0
56.0
3.0
2574.0
3.0
513.0
24.0
3.0
1.0
113.0
29.0
2.0
113.0
324.0
7.0
65.0
2.0
320.0
1.0
24.0
3.0
2.0
20.0
80.0
1.0
351.0
39.0
672.0
1.0
618.0
31.0
2.0
2.0
64.0
17.0
7.0
984.0
2.0
1.0
12.0
10.0
16.0
3.0
238.0
978.0
1.0
1.0
1.0
9.0
161.0
1.0
18.0
1.0
1.0
74.0
1.0
826.0
65.0
3.0
8689.0
3.0
1.0
3.0
5.0
3.0
2.0
4.0
500.0
19.0
25.0
22.0
1.0
847.0
4962.0
9.0
1.0
8.0
20.0
1.0
362.0
4.0
14.0
1.0
1.0
1.0
1.0
447.0
15.0
3.0
4.0
1.0
3.0
24.0
10.0
404.0
37.0
9.0
20.0
4.0
746.0
1.0
1.0
1.0
7.0
346.0
3.0
1.0
291.0
1.0
24.0
3.0
1.0
3.0
1.0
6.0
121.0
4.0
2.0
112.0
14.0
1.0
3.0
5.0
25.0
2.0
1.0
53.0
3.0
6.0
24.0
2.0
425.0
24395.0
1.0
2.0
61.0
3.0
4.0
17.0
3.0
4.0
1.0
50.0
1.0
9.0
514.0
5345.0
416.0
1.0
135.0
2.0
1.0
24.0
4.0
4.0
16.0
2.0
1.0
1.0
36.0
1.0
1.0
7.0
7.0
3.0
2.0
1.0
5.0
134.0
7.0
1.0
19.0
101.0
1.0
2.0
60.0
338.0
3668.0
3.0
34.0
2.0
3.0
9.0
2.0
1.0
31.0
5.0
2.0
3.0
351.0
1.0
1.0
2.0
4.0
31.0
2.0
329.0
1.0
6.0
3.0
19.0
13.0
448.0
74.0
1.0
7.0
3.0
46.0
977.0
3.0
1.0
1.0
1.0
7.0
1.0
6.0
5.0
4.0
12.0
2.0
710.0
1.0
1.0
17.0
87.0
1.0
3.0
58.0
3.0
46.0
3.0
1.0
951.0
3.0
3.0
87.0
980.0
63.0
3.0
1.0
15.0
2.0
4.0
5.0
3.0
8.0
22.0
978.0
2.0
781.0
1.0
1.0
60.0
129.0
3.0
3.0
1.0
6.0
2.0
326.0
260.0
1.0
3.0
1.0
7.0
7.0
69.0
2.0
16.0
50.0
472.0
2.0
2132.0
3.0
4.0
3.0
2.0
3.0
1.0
29.0
13.0
1.0
4.0
1.0
7.0
2.0
3.0
372.0
592.0
9.0
2.0
9.0
685.0
8.0
27.0
14189.0
3.0
7.0
746.0
4.0
3.0
400.0
17.0
1.0
13.0
3.0
3.0
1.0
2.0
1.0
565.0
1.0
2.0
1.0
4.0
1.0
1.0
40.0
24.0
1.0
49.0
1.0
1.0
1.0
92.0
21.0
3.0
1.0
1.0
2.0
1.0
3.0
6.0
1.0
1.0
24.0
8.0
961.0
1.0
1.0
8.0
892.0
4.0
13.0
72.0
3.0
3.0
1.0
1.0
3.0
1.0
1.0
475.0
178.0
55.0
1.0
68.0
1.0
4445.0
65.0
2.0
2.0
4.0
2.0
102.0
4.0
1.0
3.0
46.0
1.0
20.0
23.0
53.0
1.0
313.0
1.0
4.0
455.0
1.0
1.0
170.0
65.0
1299.0
3.0
1.0
3.0
1.0
1.0
14.0
9.0
1.0
1.0
38.0
3.0
3.0
3.0
1170.0
87.0
16.0
3.0
1.0
32.0
117.0
1.0
8.0
1.0
2.0
3.0
22.0
2.0
1371.0
1.0
8.0
14.0
3.0
2.0
7.0
1.0
8.0
49.0
3.0
3.0
3.0
1.0
132.0
1.0
1.0
777.0
7.0
2.0
1.0
13.0
3.0
56.0
1.0
1855.0
29.0
1.0
3.0
1.0
5.0
1.0
8.0
7.0
1.0
1390.0
126.0
1.0
2.0
2.0
2.0
1.0
3.0
1.0
11.0
16.0
3.0
9.0
1.0
1.0
1.0
1.0
105.0
32.0
1.0
53.0
163.0
1.0
1.0
952.0
3.0
8.0
1.0
3.0
2678.0
889.0
1.0
14.0
241.0
219.0
69.0
1.0
5.0
114.0
30.0
3.0
3.0
72.0
2.0
5.0
21.0
147.0
7.0
3.0
4.0
1.0
1.0
2600.0
172.0
4.0
4.0
1.0
3.0
15.0
33.0
3.0
34.0
4.0
1.0
10.0
2.0
2.0
1.0
3.0
8.0
1.0
153.0
3.0
23.0
3.0
1.0
1.0
1.0
1.0
1.0
1.0
1033.0
2.0
1166.0
29.0
9.0
1.0
3.0
1.0
23.0
3.0
1.0
9.0
1.0
218.0
1.0
3.0
2.0
7.0
4.0
75.0
43.0
3.0
51.0
39346.0
8.0
1359.0
4.0
284.0
1.0
380.0
2.0
1.0
31.0
5.0
102.0
9.0
58.0
3.0
338.0
1.0
1018.0
159.0
2.0
4.0
4.0
3.0
5.0
2.0
596.0
1.0
7.0
3.0
2.0
3.0
1.0
3.0
1.0
2.0
1.0
1.0
916.0
9.0
1.0
1.0
82.0
157.0
596.0
28.0
1.0
20.0
2.0
3.0
45.0
9.0
1.0
9.0
864.0
3.0
28.0
2.0
7.0
596.0
1.0
1.0
2.0
8.0
1.0
6.0
87.0
56.0
4.0
1.0
1047.0
621.0
2.0
57.0
1.0
1.0
3.0
40.0
3.0
8.0
7.0
51.0
8256.0
2.0
2.0
7.0
1.0
3.0
5.0
18.0
222.0
253.0
1.0
1.0
2.0
17.0
3.0
1.0
1.0
3.0
93.0
1.0
1018.0
2.0
48.0
1.0
4.0
1.0
3.0
1.0
1.0
1.0
1.0
596.0
3.0
71.0
49.0
3.0
1.0
3.0
1.0
194.0
6903.0
4.0
112.0
3.0
6.0
3.0
72.0
2.0
1.0
1.0
4.0
3.0
2.0
1225.0
36.0
3.0
63.0
9.0
4.0
1225.0
16.0
351.0
45744.0
19.0
4.0
3.0
1.0
1.0
23.0
36.0
1.0
2.0
11.0
3.0
3.0
1.0
2.0
33.0
1.0
1.0
1.0
1.0
2.0
8.0
1.0
31.0
24.0
2.0
1.0
6.0
1.0
8.0
22.0
6.0
459.0
1.0
3.0
91.0
1.0
1.0
2.0
12.0
229.0
2.0
3218.0
4.0
452.0
6.0
22.0
217.0
290.0
1.0
3.0
23.0
5.0
4.0
2.0
2.0
3.0
35.0
1.0
8.0
8.0
1761.0
1.0
61.0
3.0
7.0
45.0
296.0
4.0
27.0
7.0
1.0
1.0
230.0
310.0
2.0
4.0
1.0
5.0
1.0
6.0
1.0
10.0
787.0
36.0
3.0
1.0
1.0
31.0
6.0
1.0
173.0
2.0
960.0
1.0
35.0
1.0
1.0
9.0
1.0
6.0
1.0
1.0
153.0
10.0
1.0
5.0
8.0
278.0
74.0
1.0
7.0
1.0
3.0
23.0
3.0
2686.0
407.0
3.0
4.0
18.0
1.0
58.0
3.0
2061.0
1.0
3.0
16.0
3.0
1.0
2.0
634.0
3200.0
23.0
1.0
1.0
2.0
90.0
4.0
4.0
193.0
2.0
25.0
1.0
778.0
1.0
74.0
1.0
7.0
2.0
4.0
242.0
1.0
1.0
1.0
1.0
3.0
22.0
3.0
1.0
26.0
2.0
690.0
1.0
1.0
1.0
1.0
1.0
32.0
637.0
13.0
2.0
1.0
1.0
1.0
13.0
41.0
5.0
65.0
202.0
3.0
1183.0
457.0
7.0
161.0
614.0
313.0
3.0
10.0
7878.0
1.0
1.0
1.0
1.0
6.0
3.0
5.0
1.0
3.0
4.0
113.0
24.0
1.0
3.0
313.0
1.0
11.0
2.0
6.0
1.0
1.0
999.0
2.0
1.0
3.0
24.0
1.0
97.0
133.0
1.0
5.0
1.0
1.0
1.0
1.0
13.0
118.0
272.0
126.0
405.0
3.0
24.0
1.0
3.0
3.0
1.0
2.0
305.0
3.0
3.0
4.0
13.0
1.0
122.0
8.0
1161.0
4.0
1.0
25.0
3.0
1.0
1.0
9.0
1.0
3.0
1.0
2.0
3.0
1.0
2.0
3.0
1.0
2.0
1.0
761.0
2.0
1.0
55.0
1.0
1.0
3.0
7.0
1.0
89.0
3.0
1018.0
27.0
108.0
148.0
1.0
3.0
1374.0
17.0
444.0
617.0
2016.0
880.0
25.0
2.0
4.0
1039.0
3119.0
3.0
1.0
1.0
1485.0
5.0
6.0
166.0
3.0
11.0
190.0
2.0
1.0
3.0
2.0
3.0
5.0
1.0
2.0
17.0
3.0
3.0
3.0
1.0
3.0
282.0
3.0
1.0
1.0
7.0
1.0
2.0
2.0
2.0
1.0
9.0
3.0
3.0
1.0
1460.0
58510.0
13.0
4.0
3.0
5.0
1.0
276.0
152.0
108.0
16.0
4.0
91.0
1328.0
12.0
1.0
5.0
152.0
4.0
4.0
1.0
292.0
1.0
2.0
69.0
356.0
39.0
10.0
1.0
3.0
1.0
106.0
2732.0
16.0
2.0
3.0
1.0
406.0
2.0
39.0
1.0
1.0
1.0
3.0
3.0
1.0
1.0
1.0
1.0
175.0
14.0
652.0
2.0
2.0
3.0
3.0
1.0
10.0
6.0
4.0
4.0
284.0
16.0
1.0
3.0
73.0
1.0
9.0
10.0
21.0
75.0
9.0
4.0
50.0
1.0
3.0
2.0
1.0
45.0
95.0
2.0
18.0
6.0
250.0
1.0
6.0
1.0
2.0
1.0
2.0
4.0
131.0
3.0
10.0
1.0
82.0
664.0
1303.0
102.0
65.0
1.0
14.0
35.0
5.0
1.0
1.0
3.0
10.0
1.0
5.0
17.0
510.0
1.0
1.0
1.0
1.0
81.0
17.0
3.0
2.0
961.0
7.0
79.0
1.0
2.0
91.0
7.0
252.0
1.0
1.0
3.0
3.0
2.0
1.0
2.0
1.0
4.0
960.0
11.0
149.0
19.0
66.0
1.0
5.0
3.0
4001.0
8046.0
2.0
23.0
3.0
3.0
16.0
1.0
3.0
170.0
2.0
1.0
1.0
1.0
290.0
977.0
1.0
3.0
278.0
1.0
1.0
4.0
3.0
6.0
1.0
17.0
400.0
307.0
524.0
596.0
43.0
3.0
1.0
710.0
359.0
1.0
193.0
5.0
11.0
3.0
1.0
212.0
313.0
3.0
1833.0
8.0
3.0
2.0
13.0
250.0
53.0
1450.0
18.0
242.0
10.0
4.0
3.0
4.0
50.0
3.0
1.0
1107.0
3.0
77.0
2.0
241.0
3.0
1.0
1.0
1.0
1.0
1.0
3.0
17.0
1.0
30.0
5.0
7878.0
119.0
17.0
465.0
3.0
2.0
3.0
3.0
2.0
2.0
4.0
1.0
1.0
2.0
1.0
1.0
1.0
3.0
3.0
2.0
2.0
4.0
141.0
1.0
3.0
800.0
1714.0
3.0
1.0
2.0
2.0
3.0
1.0
12.0
65.0
2.0
1.0
5.0
2.0
3.0
2.0
154.0
1556.0
3.0
2.0
2.0
48.0
9.0
28.0
24.0
1.0
19.0
1.0
2.0
2.0
1.0
58.0
1.0
1.0
3.0
11.0
51.0
3.0
65.0
17.0
2.0
17.0
2.0
13.0
1.0
3.0
8.0
2.0
3.0
23.0
4.0
3.0
504.0
4.0
3.0
1.0
3.0
2.0
3.0
1.0
1.0
2.0
1.0
811.0
1.0
566.0
202.0
3.0
217.0
3602.0
18.0
3.0
3.0
3.0
1.0
1.0
19.0
2.0
1.0
1.0
192.0
1.0
15.0
2.0
1.0
458.0
1.0
3.0
472.0
2355.0
3.0
56.0
506.0
4.0
19.0
2.0
1.0
5.0
5.0
48.0
1.0
2.0
66088.0
681.0
3.0
2971.0
323.0
27.0
3.0
171.0
1.0
1.0
1756.0
1.0
3.0
19.0
2.0
4.0
18.0
1.0
20.0
2.0
4.0
1.0
1.0
2.0
1.0
412.0
1.0
3.0
3.0
8.0
742.0
1.0
3.0
12.0
7.0
467.0
221.0
1.0
5.0
1.0
3.0
5.0
26.0
5.0
3.0
54.0
3.0
1.0
1.0
7.0
975.0
436.0
3.0
313.0
1026.0
57.0
3.0
3.0
4.0
2.0
3.0
12.0
5.0
1.0
2325.0
319.0
3.0
218.0
19.0
1.0
16.0
3.0
145.0
1.0
139.0
357.0
3.0
10001.0
1.0
121.0
44.0
17.0
5.0
19.0
22.0
1.0
397.0
3.0
13.0
5.0
52.0
2130.0
2.0
3.0
4.0
42.0
1535.0
48.0
1.0
1.0
1438.0
350.0
224.0
156.0
1.0
1.0
10.0
1.0
2.0
3.0
1.0
6.0
2.0
12.0
1.0
9.0
1.0
13.0
1.0
1.0
10.0
3.0
3.0
4640.0
3.0
2.0
3.0
10.0
1.0
1.0
1.0
2.0
10.0
1.0
80.0
2.0
52.0
5.0
9.0
9.0
2.0
1054.0
352.0
2.0
3.0
2.0
5.0
1.0
7.0
201.0
17.0
2.0
1420.0
11.0
7.0
1.0
49087.0
1.0
509.0
1.0
4.0
59.0
11.0
1.0
596.0
1.0
17.0
38.0
19.0
3.0
80.0
3.0
3.0
2.0
262.0
2.0
3.0
2.0
2.0
1.0
12.0
7.0
1.0
22.0
1.0
34.0
5.0
28.0
12.0
2.0
1.0
1.0
465.0
19.0
9.0
1.0
520.0
269.0
3.0
6.0
7.0
775.0
2.0
2.0
2.0
767.0
85.0
25.0
4.0
216.0
1.0
1.0
3.0
2.0
3.0
3.0
10.0
3.0
3.0
1.0
3.0
207.0
7.0
99.0
1183.0
1.0
1.0
223.0
7.0
512.0
3.0
1915.0
3033.0
241.0
44.0
1.0
2.0
1.0
2.0
1.0
18.0
1.0
4.0
1300.0
278.0
37.0
67.0
4.0
1.0
1.0
192.0
4.0
228.0
1.0
1.0
12.0
7.0
2.0
1.0
437.0
4.0
1.0
25.0
3.0
1.0
2.0
1.0
1130.0
1.0
28.0
16.0
14.0
3.0
1.0
1.0
1.0
1083.0
2.0
7.0
1.0
2.0
2017.0
4.0
3.0
1.0
1.0
1.0
33.0
1.0
2.0
94.0
576.0
4.0
77.0
1.0
185.0
1.0
9.0
3.0
3.0
67.0
1.0
14.0
1.0
2.0
1.0
3.0
2.0
280.0
2.0
19.0
18.0
1.0
11.0
281.0
1078.0
704.0
3242.0
1.0
3.0
3.0
36.0
10.0
1.0
3.0
323.0
2.0
1.0
3.0
3.0
1.0
4.0
21.0
2.0
22.0
2.0
3.0
2.0
1.0
1.0
242.0
3.0
100.0
425.0
2.0
3.0
9.0
1.0
1.0
13079.0
1.0
4.0
6.0
6.0
61.0
5.0
20.0
2.0
1.0
2.0
3.0
106.0
266.0
3.0
1164.0
6.0
62.0
117.0
1.0
4990.0
10.0
1.0
13.0
20.0
8.0
56.0
2.0
2.0
3.0
27.0
14.0
2.0
1.0
1.0
1.0
1.0
1600.0
1014.0
1.0
2.0
2.0
171.0
8.0
12.0
5.0
2.0
761.0
5.0
472.0
85.0
1.0
36.0
1.0
168.0
2.0
1.0
7.0
3.0
15.0
2.0
1.0
7.0
119.0
3.0
10.0
35.0
1.0
2.0
375.0
7.0
1.0
75.0
3.0
3.0
3.0
1.0
104.0
2.0
25.0
2249.0
1.0
1.0
12.0
2.0
1.0
79.0
3.0
4.0
1.0
31.0
7.0
1.0
3.0
1.0
1.0
6.0
1.0
1.0
3.0
5.0
1.0
1.0
26.0
1.0
16.0
1.0
1.0
3.0
969.0
1.0
2.0
7.0
5.0
7.0
31.0
1.0
1.0
3.0
3.0
2.0
37.0
1.0
1.0
1.0
6.0
4.0
3.0
11.0
38.0
31.0
2.0
157.0
12.0
2.0
1.0
1132.0
2.0
3.0
1.0
2.0
3.0
3.0
231.0
166.0
3.0
684.0
1.0
13.0
4.0
5.0
16.0
19.0
1.0
1.0
38.0
1.0
5.0
3.0
5.0
15.0
2.0
1.0
2.0
168.0
7.0
2.0
3273.0
3.0
4.0
1446.0
31.0
1.0
3.0
20.0
10.0
1.0
39.0
32.0
143.0
1.0
535.0
351.0
5.0
23.0
1.0
10.0
9.0
1141.0
1.0
15.0
4.0
1.0
5.0
125.0
3.0
8.0
2.0
47.0
2.0
2.0
1.0
516.0
69.0
1.0
2.0
74.0
3.0
1668.0
2.0
2.0
1.0
3.0
1.0
2.0
7.0
3.0
3.0
3.0
437.0
1.0
1.0
2.0
351.0
316.0
1.0
3.0
7.0
1.0
1.0
162.0
356.0
343.0
40.0
1.0
67.0
1.0
153.0
50.0
1.0
18.0
97.0
1.0
50.0
3.0
4.0
1.0
1.0
3.0
2.0
3.0
6.0
1.0
156.0
1929.0
1.0
24.0
9.0
534.0
1.0
1.0
4.0
1.0
64.0
3.0
82.0
8.0
44.0
734.0
2.0
1.0
4984.0
5.0
6.0
8.0
3729.0
1.0
18.0
1.0
44.0
77.0
3.0
1.0
2.0
318.0
1.0
15.0
1.0
1.0
4.0
6.0
3.0
3.0
1.0
1.0
1.0
39.0
512.0
186.0
1.0
1.0
2.0
56.0
1781.0
3.0
3.0
55.0
4.0
3.0
12.0
3.0
1.0
3.0
34.0
9.0
3.0
421.0
3.0
1.0
293.0
3.0
1.0
1.0
139.0
262.0
117.0
253.0
139.0
6.0
14.0
7.0
3.0
1.0
215.0
596.0
2.0
1.0
1.0
25.0
8.0
1.0
7.0
1.0
12.0
15.0
177.0
288.0
32.0
1128.0
1.0
1.0
120.0
8.0
2.0
2.0
5.0
3.0
1.0
2.0
1.0
2.0
23.0
40.0
4.0
8.0
3.0
27.0
253.0
1.0
1.0
1.0
2.0
241.0
1.0
1.0
18.0
282.0
141.0
1.0
24.0
3.0
1.0
3.0
4.0
26.0
3.0
1.0
3.0
1.0
7.0
1.0
218.0
1718.0
821.0
17.0
2092.0
31.0
1.0
1734.0
6.0
130.0
8.0
1.0
13.0
16.0
10.0
608.0
1.0
26.0
9.0
3.0
3.0
2.0
6.0
1.0
3.0
8.0
1.0
4.0
3.0
2.0
60.0
4.0
2.0
4.0
1.0
3.0
136.0
2.0
1.0
1.0
361.0
11.0
2.0
2.0
1.0
310.0
2.0
8.0
55.0
3.0
8.0
685.0
75.0
533.0
1.0
1.0
7.0
2.0
1.0
8.0
1.0
2555.0
3.0
3.0
3.0
85.0
1.0
590.0
1.0
1.0
1.0
84.0
1.0
19.0
1.0
105.0
3.0
21.0
4.0
1.0
6096.0
1.0
2.0
9739.0
400.0
298.0
3.0
8.0
2.0
7.0
2.0
1.0
3.0
3.0
749.0
3.0
5.0
1.0
1.0
2.0
2.0
1.0
241.0
23.0
2.0
2.0
670.0
1.0
4.0
102.0
6.0
60.0
1.0
1.0
1716.0
3.0
1.0
131.0
10.0
1.0
2.0
19.0
6.0
19.0
1.0
175.0
2.0
3.0
2.0
22.0
2.0
1.0
214.0
1.0
3.0
17.0
1.0
21.0
19507.0
215.0
8.0
3.0
2.0
3.0
2.0
3.0
3.0
242.0
474.0
24.0
1.0
24.0
31.0
4.0
1.0
2.0
3.0
430.0
45.0
41.0
1.0
1.0
77.0
2.0
4.0
1.0
4.0
3.0
1.0
60.0
2.0
479.0
1.0
1.0
2.0
5.0
1.0
1.0
7.0
292.0
1327.0
32.0
596.0
1.0
96.0
3.0
226.0
1.0
6.0
74.0
3.0
3.0
90.0
1.0
2.0
4.0
6.0
421.0
1.0
3.0
3.0
1.0
1.0
21.0
6.0
36.0
32.0
2.0
11.0
2.0
254.0
1.0
1.0
1.0
1.0
9.0
3.0
3.0
1.0
87.0
1.0
1.0
55.0
90.0
9.0
1.0
2.0
4.0
3.0
3.0
30.0
15.0
1.0
15.0
10.0
1.0
1.0
55.0
3.0
337.0
24.0
1.0
943.0
1.0
23.0
1.0
1.0
2750.0
7.0
4.0
1.0
593.0
1056.0
1124.0
32.0
2.0
2.0
2.0
863.0
1.0
1.0
1.0
3.0
2.0
3.0
718.0
3.0
691.0
1.0
3.0
2.0
66.0
2.0
1.0
1.0
3.0
7.0
1.0
9.0
4.0
1.0
31.0
2.0
3.0
4.0
78.0
1.0
3.0
1.0
16.0
56.0
1.0
11.0
1.0
1.0
215.0
1.0
6.0
2.0
2.0
28.0
693.0
1.0
19.0
1.0
2.0
14.0
33.0
1.0
221.0
15.0
1.0
10.0
142.0
1.0
1.0
1.0
11.0
23.0
1.0
1.0
1.0
2.0
107.0
53.0
940.0
105.0
1.0
10.0
3.0
3.0
1.0
95.0
82.0
8.0
9.0
78.0
32082.0
248.0
628.0
3.0
2.0
1.0
17.0
72.0
126.0
1.0
1.0
2.0
3.0
12.0
1.0
9.0
2.0
9.0
1.0
1.0
663.0
28.0
1.0
218.0
3.0
16.0
1.0
2.0
1.0
1.0
44.0
1.0
2.0
2.0
12.0
3.0
80.0
36.0
1.0
9.0
9.0
24.0
3.0
13.0
31.0
2.0
3.0
1.0
47.0
1.0
1.0
1.0
1.0
2.0
381.0
10.0
638.0
16.0
9.0
3.0
1.0
458.0
4.0
9.0
8.0
3.0
1.0
1.0
1.0
1.0
1.0
3.0
8.0
635.0
32.0
1.0
1.0
3.0
6.0
3.0
36.0
278.0
1732.0
7.0
3.0
5.0
3.0
1.0
1.0
298.0
1.0
1.0
1669.0
3.0
2.0
56.0
157.0
6.0
1.0
1.0
1.0
1.0
4.0
3.0
1.0
288.0
129.0
3.0
1.0
5.0
2.0
4.0
3.0
4.0
1.0
267.0
3.0
1.0
1.0
175.0
3.0
830.0
5.0
2.0
1.0
3.0
69604.0
9.0
1.0
19.0
7.0
1.0
1.0
2.0
477.0
87.0
39.0
1.0
1.0
113.0
75.0
28.0
1.0
27036.0
1.0
560.0
3.0
9.0
6.0
3.0
3.0
3.0
4.0
62.0
1.0
67.0
6.0
82.0
25.0
1.0
57.0
27.0
1.0
3.0
29.0
7573.0
1.0
4.0
3.0
2.0
2.0
3.0
1.0
4.0
3.0
426.0
43.0
1.0
3.0
3.0
2.0
1.0
3.0
63.0
12.0
24.0
2.0
1.0
3.0
1.0
1.0
187.0
3.0
4.0
1207.0
1.0
1.0
8.0
2.0
1.0
11.0
1736.0
3.0
28.0
1036.0
8.0
1.0
1.0
11.0
779.0
34.0
3599.0
1.0
12.0
16.0
3.0
710.0
19.0
33.0
2.0
5.0
1.0
3.0
660.0
54.0
1.0
9.0
1.0
1.0
1.0
19.0
3.0
4.0
4.0
1.0
33.0
3.0
1.0
7.0
1.0
3.0
1.0
166.0
1.0
1.0
6.0
20.0
18.0
1.0
7.0
1863.0
1.0
19.0
40.0
15.0
3.0
1.0
6.0
3.0
6.0
1.0
3.0
2.0
1.0
29.0
3.0
6.0
50.0
1.0
155.0
1.0
13.0
3.0
1.0
1.0
1.0
2.0
1.0
2827.0
1.0
3.0
3.0
4.0
1.0
1.0
1867.0
963.0
2.0
63.0
2535.0
3.0
10.0
2.0
6.0
17.0
696.0
1299.0
369.0
1.0
3.0
12.0
3.0
1.0
1763.0
1.0
1.0
16.0
74.0
75.0
3.0
6.0
3.0
393.0
4.0
4.0
1.0
3.0
1.0
2.0
33.0
3.0
1.0
33.0
3.0
4.0
3.0
79.0
102.0
6.0
212.0
61.0
13.0
7.0
7.0
1.0
2.0
1.0
2.0
5.0
4.0
1.0
15.0
6.0
2.0
944.0
1.0
5.0
1.0
87.0
12.0
4.0
1.0
7.0
9.0
3.0
3.0
95.0
3.0
3.0
3.0
1.0
1.0
83.0
19.0
3.0
12.0
14.0
846.0
3.0
6.0
1.0
75.0
1.0
9.0
110.0
674.0
31.0
105.0
1.0
11.0
256.0
17.0
1.0
1.0
3.0
678.0
6.0
3.0
1.0
2.0
12.0
2.0
1.0
16.0
2.0
1034.0
709.0
1.0
1.0
3.0
1.0
3.0
174.0
36.0
1.0
37.0
2.0
3.0
5.0
57.0
8.0
4.0
2.0
1.0
8.0
17.0
1.0
1.0
18.0
47.0
15.0
3.0
1.0
3.0
26.0
707.0
3.0
1.0
4.0
4.0
167.0
7.0
16.0
10.0
1.0
4.0
3.0
18.0
7.0
6.0
8.0
10.0
1323.0
3.0
9.0
1.0
14.0
5.0
657.0
2051.0
3.0
1.0
9.0
2.0
1.0
41.0
1834.0
1.0
3.0
1.0
2.0
1.0
102.0
2.0
632.0
62.0
1.0
635.0
2.0
2.0
89.0
1.0
1.0
3.0
1.0
1.0
1.0
3.0
1.0
4.0
5.0
37.0
6.0
17.0
5.0
59.0
3.0
282.0
2.0
1.0
7.0
11.0
4.0
38.0
68.0
3.0
4.0
16.0
1.0
1.0
1.0
1.0
1.0
34.0
41.0
1.0
3.0
1.0
44.0
1.0
129.0
2.0
2.0
3.0
2154.0
6.0
1.0
4.0
18.0
4282.0
12.0
8.0
3.0
21.0
1.0
75.0
3.0
16.0
19.0
40.0
3.0
39.0
1.0
1.0
20.0
2.0
44.0
2.0
1.0
9.0
63.0
19.0
69.0
1.0
7.0
1.0
3.0
2.0
148.0
48.0
1.0
3.0
3.0
453.0
1.0
3.0
2.0
4.0
3.0
24.0
10.0
7.0
561.0
3.0
3.0
1.0
65.0
3.0
47.0
1.0
9.0
245.0
1.0
1.0
292.0
3.0
3.0
64.0
1.0
2.0
4.0
1.0
50.0
1.0
3.0
5.0
3.0
1.0
1.0
13000.0
4.0
1075.0
3.0
153.0
1.0
5.0
3.0
1.0
1.0
3.0
166.0
74.0
207.0
3.0
5.0
961.0
1.0
4.0
9.0
26.0
1.0
396.0
12.0
24.0
3.0
3.0
1.0
104.0
696.0
1.0
1.0
11326.0
3275.0
1.0
1.0
1.0
436.0
3.0
25.0
3.0
17.0
3.0
1598.0
29.0
1.0
36.0
1.0
1.0
1769.0
14.0
1.0
1.0
2.0
3.0
1326.0
2018.0
3.0
3.0
197.0
3.0
4.0
19.0
6.0
2.0
1995.0
1.0
8.0
1.0
1.0
5.0
62.0
24.0
3.0
313.0
8.0
1.0
4.0
17.0
55.0
3.0
3.0
1.0
48.0
3.0
3.0
1.0
16.0
2.0
1.0
1.0
3.0
6.0
23.0
444.0
4.0
1.0
69.0
218.0
22.0
1.0
7739.0
1.0
3.0
14.0
9.0
1.0
16.0
3.0
1018.0
382.0
3.0
1.0
1.0
1.0
449.0
1102.0
1.0
182.0
4.0
1.0
3.0
3582.0
1.0
1186.0
172.0
3.0
20.0
2.0
2.0
1.0
57.0
1.0
3.0
41.0
6.0
3.0
33.0
863.0
2.0
4.0
34.0
4.0
3.0
74.0
2.0
57.0
1.0
3.0
3.0
13.0
3.0
1.0
1.0
662.0
7.0
10.0
3.0
1.0
488.0
1.0
1.0
17.0
4406.0
7.0
1.0
1329.0
1.0
4.0
1.0
5.0
5.0
243.0
4.0
1.0
1.0
596.0
1.0
1.0
1.0
1.0
6.0
1.0
3.0
4.0
25.0
96.0
607.0
1.0
99.0
3.0
8.0
3.0
6.0
1.0
1.0
3.0
1.0
511.0
1.0
6.0
1.0
3.0
1.0
1.0
1.0
3.0
60.0
1.0
1.0
1.0
45.0
1.0
6.0
1.0
1830.0
2.0
1.0
1.0
96.0
1.0
3.0
2.0
1.0
4.0
211.0
3.0
5.0
4.0
4.0
3.0
596.0
1.0
5.0
1.0
1.0
1.0
3.0
1.0
1.0
1.0
3.0
99.0
3.0
2.0
15.0
1888.0
9.0
1.0
25.0
2.0
1.0
3.0
207.0
5.0
1.0
3.0
1.0
53.0
1.0
69.0
2.0
1.0
1.0
376.0
143.0
3.0
2.0
308.0
3.0
512.0
1.0
354.0
4.0
1.0
23.0
56.0
4.0
164.0
148.0
337.0
3.0
1.0
1.0
1.0
7.0
56.0
4.0
1.0
4.0
3.0
44.0
44.0
24.0
87.0
800.0
12.0
1.0
7.0
3.0
2.0
2.0
5.0
1.0
11.0
1.0
14.0
1.0
62.0
3.0
1.0
2.0
32.0
1.0
2.0
14455.0
3419.0
3.0
1.0
5.0
3.0
3.0
7.0
1.0
4.0
3.0
351.0
40.0
14.0
1.0
1.0
2.0
604.0
56.0
9.0
1.0
30.0
1.0
1.0
9.0
3.0
2.0
83.0
9.0
5.0
1.0
618.0
4.0
86.0
1.0
6.0
1.0
747.0
3.0
3.0
2.0
3.0
1.0
6.0
2.0
1.0
2.0
3.0
15.0
5.0
1.0
1.0
8.0
8.0
3.0
22.0
1.0
1.0
30.0
8.0
1.0
2.0
6.0
1.0
3.0
894.0
526.0
5.0
837.0
3.0
1.0
9.0
784.0
39.0
121.0
12.0
1.0
11.0
312.0
20.0
19.0
596.0
7.0
5.0
24.0
1.0
11.0
6.0
3.0
2.0
3.0
1.0
74.0
1.0
3.0
3.0
64.0
1.0
3.0
1.0
292.0
1.0
8.0
6.0
17.0
242.0
500.0
35.0
1.0
10.0
1.0
4.0
1.0
4.0
282.0
34.0
1.0
55.0
9.0
10.0
3.0
517.0
7.0
5.0
3.0
2.0
9.0
4.0
1.0
7.0
3.0
23.0
1.0
37.0
5.0
7810.0
5.0
4.0
25.0
1.0
158.0
6.0
351.0
26.0
3.0
3.0
118.0
5.0
1.0
131.0
3254.0
1.0
2.0
12.0
3.0
145.0
399.0
103.0
132.0
1029.0
240.0
4.0
63.0
1345.0
3.0
11.0
724.0
60.0
1.0
2.0
1.0
1.0
1.0
968.0
10.0
32.0
1.0
1.0
3.0
61.0
2.0
78.0
1.0
451.0
86.0
1.0
2.0
9.0
1.0
1.0
1018.0
4.0
279.0
1850.0
1.0
18.0
9.0
156.0
5.0
6.0
1.0
43.0
2.0
313.0
59.0
1.0
10.0
1.0
353.0
6.0
1.0
2.0
3.0
3.0
139.0
46.0
1.0
1.0
31.0
106.0
1.0
15.0
2.0
3.0
1.0
1.0
8.0
4052.0
8.0
1.0
1.0
1.0
515.0
3.0
1.0
40.0
64.0
1.0
50.0
6.0
2273.0
1.0
9.0
2.0
6.0
4.0
1.0
76.0
13.0
779.0
65.0
1.0
1.0
1.0
16.0
138.0
3.0
3.0
2.0
2.0
83.0
676.0
64.0
1.0
1.0
1.0
2.0
1.0
32.0
3.0
1285.0
305.0
21.0
3.0
5.0
1759.0
8.0
4.0
1.0
31.0
2.0
3.0
6110.0
285.0
1.0
2.0
1.0
2305.0
8.0
57.0
3.0
10795.0
5.0
12.0
29.0
3.0
2.0
1.0
1.0
528.0
777.0
1.0
97.0
2.0
212.0
701.0
5.0
41.0
386.0
1.0
17.0
3.0
1.0
1.0
7931.0
9.0
1.0
267.0
19.0
3.0
3.0
4.0
4.0
4.0
28.0
2675.0
2.0
4.0
1.0
112.0
943.0
1498.0
3.0
5.0
1.0
5.0
2.0
43.0
1.0
80.0
1.0
5.0
2.0
6555.0
3.0
1966.0
1.0
62.0
1.0
1.0
13.0
24.0
19.0
1.0
2290.0
3.0
1700.0
19.0
2.0
1.0
2.0
4.0
2.0
1.0
40.0
1.0
1.0
2.0
3.0
2.0
201.0
19.0
3.0
1.0
3.0
4.0
24.0
380.0
1.0
1.0
1.0
1.0
8.0
467.0
1.0
38.0
6.0
1.0
1.0
1.0
3.0
1.0
2.0
378.0
55.0
1.0
8.0
9.0
1296.0
103.0
4.0
1.0
1.0
574.0
3.0
5.0
1.0
1.0
2.0
3.0
63.0
6.0
1.0
1.0
15.0
2.0
117.0
3.0
414.0
107.0
1.0
3.0
3.0
1.0
120.0
1.0
163.0
1.0
804.0
1.0
3.0
24.0
2.0
636.0
19.0
1.0
751.0
187.0
1.0
1.0
3.0
75.0
3.0
3.0
3.0
3.0
3.0
4.0
2.0
2.0
1.0
1.0
4.0
311.0
1453.0
16.0
1.0
199.0
1.0
18.0
11.0
3.0
2.0
959.0
717.0
2.0
3.0
1.0
4.0
1.0
2.0
1.0
2.0
9.0
1.0
1.0
11.0
2.0
945.0
1.0
16.0
6.0
1.0
1.0
1935.0
1.0
10.0
1.0
7.0
4.0
994.0
413.0
53.0
4.0
3.0
21.0
68.0
174.0
1.0
3.0
156.0
2.0
2.0
19.0
75.0
1.0
6.0
4.0
29.0
1.0
2.0
23.0
1.0
690.0
289.0
1.0
19.0
351.0
57.0
2.0
10.0
1.0
1.0
3.0
4.0
3.0
1.0
1290.0
23.0
1.0
1.0
1.0
24.0
36.0
25.0
1.0
3.0
3.0
2133.0
2060.0
24.0
108.0
1.0
6.0
395.0
1.0
232.0
78.0
3.0
4.0
2.0
1.0
393.0
32.0
33.0
59.0
19.0
21.0
3.0
4.0
394.0
1917.0
3.0
1.0
3.0
8.0
3.0
2.0
110.0
204.0
80.0
40.0
9.0
5.0
8.0
633.0
1.0
1.0
1.0
45.0
2.0
3.0
918.0
3.0
576.0
1.0
2.0
2.0
1.0
3.0
7.0
3.0
48.0
16.0
6.0
1.0
1.0
3.0
2.0
2.0
14.0
2.0
1.0
1.0
3.0
97.0
1.0
1.0
38.0
1.0
293.0
2.0
1.0
6.0
13.0
34229.0
1.0
161.0
7.0
1.0
28.0
31.0
8.0
648.0
28.0
512.0
23.0
3.0
1.0
15.0
1.0
50.0
1.0
3.0
4.0
1.0
1.0
1112.0
3.0
1.0
4.0
14.0
1.0
13.0
56.0
15.0
676.0
10.0
87.0
1.0
1.0
1.0
1.0
1.0
2.0
50.0
1.0
3.0
173.0
1009.0
2.0
873.0
85.0
1.0
3.0
9.0
1.0
14.0
1.0
1.0
32.0
1.0
333.0
24.0
5.0
4452.0
31.0
1.0
1.0
3364.0
2.0
5.0
5739.0
3.0
30.0
33.0
1.0
44.0
1018.0
4.0
3.0
40.0
1.0
9.0
4.0
301.0
76.0
1.0
17.0
8.0
3.0
2.0
1.0
9.0
5.0
1.0
2.0
2.0
1.0
1.0
47.0
137.0
41.0
87.0
1.0
1.0
3.0
36.0
114.0
1.0
1.0
1.0
4.0
1.0
1.0
1.0
109.0
1.0
3.0
234.0
1.0
1147.0
2.0
1.0
3.0
6.0
5.0
1.0
3.0
3.0
92.0
3.0
1.0
9.0
2.0
1.0
4.0
20.0
6.0
1.0
105.0
4.0
5.0
3.0
2.0
1.0
8.0
3.0
1.0
10.0
1.0
1.0
3.0
2.0
379.0
25.0
1.0
2.0
3.0
9.0
298.0
3.0
19.0
226.0
3253.0
2.0
205.0
11.0
21.0
10.0
14005.0
1.0
5.0
1.0
3.0
56.0
9.0
1.0
2.0
1.0
596.0
1.0
2.0
51.0
1.0
3.0
3.0
2.0
7.0
1.0
8754.0
1.0
326.0
3.0
2.0
3.0
2.0
1.0
3.0
25.0
10.0
10.0
3972.0
34.0
45.0
3.0
1.0
70.0
1631.0
93.0
1.0
7.0
154.0
55.0
2.0
2.0
65.0
1379.0
5.0
2.0
51.0
3.0
1004.0
3.0
126.0
5.0
2.0
200.0
3.0
2.0
2.0
1.0
5.0
1.0
1.0
4.0
4.0
1.0
3.0
132.0
3819.0
66.0
39.0
3.0
3.0
8.0
351.0
8.0
1.0
288.0
17.0
5.0
68.0
29.0
1.0
1.0
3.0
2744.0
2.0
1046.0
1.0
1.0
2.0
1.0
1.0
2.0
3.0
16.0
4.0
59.0
6.0
157.0
3.0
3.0
76.0
1.0
764.0
2.0
6.0
34.0
3.0
1.0
1.0
15.0
36.0
10.0
4.0
4.0
19.0
1.0
11.0
3.0
686.0
6.0
1.0
1.0
1.0
8.0
2.0
3.0
1.0
119.0
7489.0
2.0
3.0
183.0
19.0
24.0
3.0
58.0
685.0
12.0
1.0
11.0
3.0
3.0
1.0
1.0
147.0
3.0
2.0
1.0
6.0
1.0
1.0
1.0
63.0
2.0
2.0
12.0
1432.0
1536.0
104.0
2.0
1.0
1.0
10.0
421.0
1.0
9.0
3.0
27.0
15.0
3.0
6.0
1.0
1.0
30.0
9.0
9.0
10.0
1.0
1.0
2.0
4.0
545.0
2.0
1.0
4.0
815.0
17.0
9.0
591.0
1.0
2.0
1.0
3.0
3.0
25.0
2.0
39.0
1.0
1.0
1.0
3577.0
3.0
4.0
1.0
8.0
1244.0
1.0
4.0
1.0
61.0
1.0
1.0
4050.0
147.0
1.0
1653.0
2.0
121.0
3.0
1.0
1915.0
339.0
8.0
91.0
3.0
3.0
7.0
183.0
1.0
1.0
6.0
66.0
6.0
7864.0
26.0
4.0
17.0
4.0
370.0
3.0
3.0
585.0
8.0
7.0
705.0
8.0
1.0
28.0
2.0
1.0
529.0
7.0
2.0
2.0
40.0
3.0
119.0
2.0
273.0
2.0
26.0
3.0
4.0
3.0
3.0
27.0
2.0
3.0
3.0
24.0
251.0
9.0
4.0
1.0
60.0
7.0
3.0
7.0
291.0
145.0
9.0
668.0
5.0
2.0
5.0
58.0
3.0
1.0
2.0
6.0
1.0
1.0
1.0
7.0
750.0
12.0
5.0
606.0
5.0
80.0
15.0
1183.0
2.0
2.0
8.0
94.0
8.0
1639.0
17.0
1.0
2.0
16.0
5.0
3.0
11.0
52.0
3.0
2152.0
1.0
1.0
1.0
1.0
3.0
2.0
1.0
1.0
2.0
1165.0
37.0
1.0
7.0
1.0
2.0
1.0
3.0
4.0
279.0
3.0
65.0
1.0
3.0
93.0
31.0
4.0
2.0
14.0
4.0
3.0
118.0
119.0
1.0
2.0
27.0
10.0
1.0
15.0
13271.0
2.0
4.0
3.0
4.0
244.0
7.0
1.0
63.0
8.0
3.0
984.0
73.0
83.0
3.0
172.0
350.0
1.0
22.0
23.0
5235.0
1.0
1.0
34.0
1662.0
425.0
1.0
3.0
1.0
67.0
12.0
288.0
1.0
24.0
1.0
193.0
3.0
2.0
8.0
24.0
3.0
44.0
4.0
1.0
4.0
72.0
32.0
1.0
4620.0
8.0
3.0
8.0
87.0
1.0
974.0
92.0
3.0
6.0
449.0
13.0
9.0
1.0
1.0
7.0
4.0
9.0
184.0
10001.0
1.0
3.0
8.0
2064.0
152.0
131.0
24.0
2.0
7.0
15.0
1.0
1.0
1.0
24.0
4.0
3.0
3.0
7.0
128.0
14902.0
1.0
3.0
7.0
74.0
10.0
3.0
1.0
2.0
6206.0
12.0
3.0
3.0
8.0
4.0
4.0
21.0
9.0
2.0
3.0
648.0
1.0
3.0
1.0
3.0
3.0
2.0
4.0
1.0
1.0
1056.0
3.0
3.0
2.0
17.0
28.0
3.0
6.0
3.0
883.0
8.0
133.0
22.0
2.0
18.0
54.0
2.0
2.0
1.0
6.0
773.0
589.0
288.0
4.0
74.0
126.0
1056.0
33.0
22.0
5.0
7.0
13096.0
3.0
7.0
2788.0
170.0
11.0
1.0
8.0
1.0
55.0
12.0
3.0
1.0
40.0
182.0
56.0
3.0
3.0
33.0
168.0
2066.0
5.0
150.0
1.0
2.0
3.0
1.0
1.0
6992.0
15.0
1.0
108.0
6.0
7.0
12.0
404.0
203.0
2190.0
58231.0
1.0
3.0
3.0
9.0
16.0
74.0
3.0
5.0
1.0
3.0
1.0
24.0
2.0
1.0
2.0
292.0
55.0
4.0
1.0
9.0
20.0
11.0
764.0
11.0
3.0
26.0
3.0
1.0
2.0
4.0
2.0
1.0
3.0
1.0
4.0
3.0
24.0
3.0
17924.0
3.0
31.0
171.0
1.0
1.0
53.0
218.0
3.0
1.0
2.0
3.0
2.0
1.0
1.0
1.0
1.0
104.0
3.0
1.0
4.0
1.0
1.0
3.0
9.0
9.0
1.0
1.0
489.0
1.0
401.0
2.0
4.0
2.0
883.0
1.0
9.0
13.0
1.0
1.0
3.0
269.0
67.0
15.0
3224.0
10.0
2.0
1.0
2.0
29.0
660.0
21.0
12.0
5.0
111.0
7.0
1.0
93.0
90.0
3.0
98.0
6.0
2.0
3.0
6.0
1.0
3.0
3.0
1.0
828.0
3.0
50.0
223.0
1.0
1.0
3.0
15.0
609.0
1.0
334.0
38.0
11.0
3586.0
4.0
282.0
450.0
1.0
119.0
3.0
3.0
10.0
62.0
44.0
3.0
1.0
178.0
1.0
2472.0
3.0
1.0
4.0
40.0
67.0
3.0
321.0
25.0
413.0
120.0
1.0
4.0
1.0
74.0
1.0
8.0
1.0
63.0
2.0
1.0
107.0
8.0
1.0
40.0
7.0
1.0
65.0
3.0
1.0
45.0
7.0
5.0
3.0
3.0
1.0
396.0
12.0
2.0
6.0
1.0
1.0
2.0
492.0
1.0
7.0
41.0
21.0
3.0
1.0
90.0
1733.0
1.0
351.0
3.0
8.0
1.0
25.0
9.0
3.0
1.0
3.0
1.0
1.0
1.0
2.0
4.0
1.0
1519.0
4.0
2.0
13.0
7.0
1.0
2.0
1.0
1.0
138.0
1.0
2.0
2.0
44.0
1.0
73.0
3.0
601.0
3.0
5.0
3.0
1.0
932.0
2.0
1.0
27.0
1.0
13.0
5.0
1.0
1432.0
249.0
16.0
36.0
1.0
10.0
509.0
1.0
1.0
1894.0
1.0
1.0
10000.0
3.0
3.0
648.0
69.0
53.0
4.0
30.0
25.0
6.0
255.0
1.0
155.0
3.0
2.0
282.0
14.0
1.0
6.0
3.0
59.0
3.0
1.0
3.0
1.0
2.0
10.0
7.0
546.0
771.0
1.0
106.0
1.0
19.0
17.0
8.0
5.0
13983.0
250.0
4.0
4.0
364.0
8.0
4.0
1.0
18.0
1.0
252.0
3.0
26.0
1.0
34.0
2.0
116.0
3.0
1.0
4.0
3.0
1.0
4.0
105.0
8.0
13.0
9.0
2.0
1.0
288.0
3.0
3.0
1.0
1.0
727.0
3.0
3.0
421.0
1.0
80.0
1.0
4.0
10.0
159.0
1.0
5.0
6.0
3.0
22.0
3.0
1.0
2086.0
3.0
3.0
3.0
3.0
462.0
2.0
1.0
3.0
2.0
14.0
1.0
1.0
7.0
31.0
2067.0
2.0
24.0
1.0
105.0
2446.0
1850.0
130.0
5.0
3.0
1.0
1.0
1.0
1.0
3.0
17.0
3.0
15.0
3.0
35.0
2.0
41.0
3.0
66.0
211.0
1.0
1.0
87.0
69.0
3.0
7.0
2.0
685.0
14.0
1.0
22.0
1.0
681.0
4.0
1.0
7.0
1525.0
6.0
1.0
228.0
325.0
2.0
40.0
1.0
196.0
2.0
1.0
1.0
7.0
6.0
1.0
1.0
2.0
5.0
2.0
1.0
3.0
5.0
5.0
17.0
1.0
1.0
1.0
1.0
281.0
3.0
8.0
3.0
3.0
65.0
1.0
21.0
20.0
136.0
9.0
4.0
3.0
1.0
3.0
2.0
149.0
3.0
9.0
9.0
11.0
6.0
3.0
31.0
21.0
73.0
72.0
1.0
3.0
8.0
2.0
1.0
3.0
2.0
3.0
32.0
3.0
3.0
1107.0
10.0
21.0
9.0
1.0
552.0
9.0
3.0
1606.0
1.0
167.0
17.0
2.0
32.0
1.0
26.0
139.0
3.0
1944.0
3.0
3.0
1.0
2.0
3.0
2.0
5.0
5.0
4.0
4.0
1.0
1.0
3.0
1.0
24.0
1.0
2.0
1265.0
1.0
2.0
4.0
24.0
32.0
158.0
14.0
12.0
2.0
109.0
10.0
3.0
33.0
218.0
6.0
118.0
45.0
1.0
12.0
3.0
87.0
1.0
1.0
1.0
3.0
6349.0
53.0
69.0
1.0
19.0
40.0
21.0
11915.0
903.0
1018.0
106.0
10.0
1.0
8.0
196.0
2.0
1.0
4.0
23263.0
19.0
1.0
16178.0
3.0
37.0
1.0
2.0
2.0
8.0
3.0
22.0
1.0
17.0
1.0
1.0
1.0
37.0
1.0
1.0
1.0
716.0
11.0
1034.0
1335.0
4.0
383.0
4.0
66.0
9.0
799.0
22.0
4.0
1.0
1.0
2.0
2.0
283.0
12.0
1.0
68.0
2.0
60.0
4.0
100.0
3.0
5.0
7.0
21.0
1.0
7.0
1.0
25.0
162.0
9.0
24.0
214.0
1.0
57.0
4.0
20.0
9.0
3.0
3.0
3.0
1.0
4.0
750.0
1.0
24.0
1.0
2.0
15.0
3.0
15.0
1.0
45.0
429.0
21.0
66.0
2.0
1.0
4.0
1.0
2.0
79.0
5.0
3.0
1.0
3.0
4.0
66.0
3.0
1.0
24.0
1.0
2892.0
5.0
3.0
24.0
7.0
1.0
7.0
2946.0
2.0
65.0
3.0
12.0
3.0
3.0
1.0
2.0
1.0
566.0
9.0
6.0
1.0
4.0
151.0
2.0
20.0
421.0
3.0
2.0
627.0
1.0
2255.0
13.0
1.0
6.0
1.0
1.0
128.0
3.0
6.0
3.0
410.0
21.0
82.0
3.0
1.0
1.0
29.0
338.0
19.0
7.0
8.0
1.0
3.0
18.0
19.0
3.0
1.0
82.0
1.0
18.0
1.0
3279.0
9.0
1.0
32.0
1.0
291.0
1372.0
904.0
3.0
5.0
21.0
34.0
1228.0
425.0
3.0
1.0
1.0
2.0
2.0
3.0
1.0
1.0
52.0
63.0
63.0
64.0
1.0
2.0
12.0
9.0
10.0
24.0
5.0
1.0
3.0
19.0
2717.0
493.0
5.0
119.0
3.0
48.0
1510.0
2.0
599.0
4.0
5.0
1.0
12.0
19.0
1.0
1.0
1.0
16.0
1.0
3.0
2.0
2.0
1.0
102.0
3.0
3.0
1.0
10.0
1.0
1182.0
163.0
1581.0
6.0
1.0
5.0
47.0
80.0
89.0
510.0
3.0
1.0
1.0
1.0
1.0
3.0
3.0
8.0
1.0
1.0
1.0
23.0
352.0
2.0
152.0
1.0
2.0
1.0
7.0
161.0
11.0
76.0
3588.0
13.0
1.0
717.0
3.0
4.0
333.0
8.0
2.0
2.0
115.0
3.0
10001.0
2.0
3.0
1191.0
9.0
17.0
16.0
1.0
1.0
2.0
1961.0
596.0
3.0
2.0
2.0
15.0
3.0
32.0
1.0
2.0
1.0
122.0
5.0
1.0
5.0
2.0
117.0
1075.0
3.0
3.0
16.0
6.0
79.0
2.0
2.0
4.0
5.0
3.0
1.0
1.0
8.0
1.0
1.0
3.0
1.0
3.0
7.0
5.0
2.0
2.0
3.0
4.0
35.0
1302.0
1.0
4.0
17.0
14.0
154.0
457.0
623.0
7.0
3.0
7.0
287.0
1.0
3.0
3.0
8.0
393.0
2.0
1.0
2.0
110.0
1.0
11.0
3.0
70.0
3.0
79.0
89.0
3.0
24.0
4.0
1.0
333.0
233.0
6.0
1.0
441.0
36.0
351.0
242.0
2.0
3.0
17.0
38.0
33.0
269.0
54.0
9.0
74.0
8.0
4.0
14.0
6.0
19.0
1.0
615.0
2396.0
5.0
1425.0
1.0
364.0
80.0
1081.0
230.0
2.0
9.0
2.0
2.0
120.0
6.0
3.0
2.0
2.0
44.0
135.0
1.0
1737.0
3.0
60.0
1.0
3.0
2.0
3.0
30.0
1.0
4.0
55.0
9.0
5.0
1.0
28.0
1.0
1.0
3.0
3.0
2.0
9.0
1.0
1.0
2472.0
2.0
1.0
1.0
1.0
1.0
848.0
1.0
7.0
696.0
3.0
10.0
2.0
1.0
3.0
6.0
1.0
7.0
3.0
1.0
215.0
124.0
1.0
63.0
1.0
47.0
5.0
2.0
1.0
53.0
380.0
2237.0
4.0
1.0
1.0
7.0
2.0
1.0
45.0
7.0
1.0
80.0
2.0
1.0
55.0
7.0
42.0
6.0
3.0
29.0
255.0
4.0
4.0
48.0
2.0
2.0
37.0
102.0
3.0
1.0
21.0
17.0
1.0
1.0
9.0
3.0
24.0
4.0
6.0
1.0
3.0
209.0
2.0
61.0
3.0
2.0
1.0
3.0
74.0
3.0
4.0
9.0
160.0
2.0
2.0
1.0
1.0
76.0
2.0
14.0
9.0
2.0
494.0
2.0
1.0
17.0
33.0
1.0
5.0
4.0
61.0
3.0
1.0
8.0
147.0
1.0
1135.0
278.0
1.0
1.0
1.0
3.0
24.0
160.0
1707.0
9.0
333.0
359.0
121.0
2.0
3.0
1.0
150.0
14385.0
1.0
240.0
2.0
589.0
1.0
1.0
3.0
1.0
10.0
8.0
10.0
1.0
15.0
3.0
172.0
1.0
3.0
1.0
10.0
21.0
6105.0
30.0
1690.0
5.0
2.0
2.0
1.0
16.0
1.0
1.0
386.0
369.0
6.0
3.0
2.0
2.0
108.0
1.0
4.0
1.0
69.0
1.0
1569.0
4.0
17.0
2.0
112.0
3.0
1.0
1.0
1.0
2.0
4.0
42.0
8.0
34.0
13.0
1.0
1.0
3.0
959.0
2.0
1.0
66.0
1.0
13.0
3.0
1.0
1.0
675.0
2.0
1.0
34.0
3.0
3.0
1.0
1.0
6.0
8.0
1.0
3.0
2.0
1.0
3.0
210.0
4.0
1.0
1.0
1167.0
119.0
1.0
1.0
13.0
1.0
181.0
23.0
2.0
351.0
54.0
1.0
14.0
297.0
4.0
210.0
7.0
1.0
1.0
1.0
3.0
2.0
13.0
3.0
43.0
72.0
16.0
84.0
9.0
1.0
19.0
3.0
3.0
3.0
3.0
17.0
10.0
1.0
5.0
2.0
1.0
1.0
1.0
1.0
1.0
1.0
8.0
576.0
2.0
1602.0
102.0
3.0
535.0
1.0
3.0
58.0
1395.0
1.0
2.0
1.0
21.0
1.0
14.0
8.0
9.0
1.0
5.0
4.0
1.0
3.0
382.0
3.0
65.0
193.0
319.0
2.0
4.0
2.0
108.0
2.0
19.0
1.0
1.0
3.0
1.0
1.0
29.0
1.0
2.0
1.0
1.0
3.0
440.0
3.0
3.0
3.0
1.0
165.0
1.0
21.0
1.0
3.0
26.0
70.0
3.0
57.0
1.0
2.0
1.0
122.0
1.0
19.0
10.0
5.0
58.0
444.0
6.0
1.0
3.0
1.0
16.0
3.0
6.0
1.0
1026.0
3.0
1.0
1.0
8.0
5.0
16.0
86.0
1.0
18.0
69.0
1.0
11.0
35.0
24.0
3.0
5.0
5.0
1.0
1.0
1515.0
95.0
12.0
74.0
13.0
1.0
1.0
2.0
37.0
76.0
2.0
1.0
7.0
1.0
1.0
39.0
1.0
1.0
178.0
1.0
3.0
3.0
4.0
24.0
4.0
1.0
1.0
3.0
2.0
3.0
3.0
1.0
15.0
1.0
3.0
3.0
1.0
6.0
6.0
4.0
1.0
3.0
5.0
164.0
1117.0
1.0
8.0
1.0
9.0
64.0
5.0
936.0
3600.0
3.0
1.0
53.0
3.0
1.0
1.0
1.0
1.0
101.0
1129.0
8.0
31.0
3.0
1.0
10.0
446.0
35.0
124.0
1.0
1.0
132.0
50.0
7.0
7.0
9.0
3.0
1.0
21.0
2.0
5.0
2.0
1.0
1.0
50.0
1.0
1.0
1.0
488.0
119.0
3.0
4.0
1.0
10.0
63.0
1.0
2.0
875.0
5.0
226.0
1.0
5.0
1.0
9.0
3.0
1.0
14.0
1.0
107.0
1.0
13.0
9.0
1.0
1.0
249.0
115.0
80.0
22.0
7.0
1.0
15.0
2.0
4.0
7.0
1.0
11.0
6.0
73.0
22.0
7.0
1.0
3.0
1.0
2.0
11721.0
3189.0
7.0
20.0
11.0
2.0
244.0
12.0
9.0
1252.0
3.0
1.0
1.0
3.0
3.0
4.0
603.0
5.0
54.0
105.0
158.0
2.0
81.0
1.0
23.0
1.0
1.0
18.0
57.0
6.0
6.0
138.0
18.0
2.0
5.0
1.0
3.0
8.0
2.0
3.0
4340.0
1.0
3.0
2.0
3.0
28.0
3.0
8.0
8.0
1458.0
1318.0
147.0
338.0
109538.0
1.0
3.0
3.0
2.0
1.0
23.0
7.0
8.0
2.0
1.0
51.0
1.0
3.0
7.0
2245.0
1.0
16.0
1.0
50.0
8.0
37.0
815.0
1.0
1.0
1.0
1.0
3.0
1.0
5422.0
368.0
34.0
10.0
14.0
56.0
1.0
36.0
2.0
3.0
5.0
1.0
1.0
1.0
4.0
7.0
3.0
1054.0
14.0
1.0
104.0
33.0
16.0
1.0
1.0
3.0
737.0
361.0
713.0
55.0
34.0
6.0
1.0
4.0
2.0
4.0
96.0
1.0
3133.0
222.0
14.0
3.0
8.0
3.0
43.0
1.0
36.0
5.0
9.0
3.0
1752.0
61.0
6.0
512.0
3.0
155.0
1.0
1.0
42.0
3.0
1.0
28.0
27.0
1.0
1.0
1.0
1164.0
20.0
328.0
1.0
69.0
3.0
2.0
1.0
12.0
3233.0
1.0
4.0
4.0
1.0
7.0
3.0
1.0
1.0
288.0
6.0
1.0
3.0
2.0
1.0
1.0
965.0
1529.0
14.0
97.0
3.0
1.0
200.0
1.0
2.0
1.0
22.0
957.0
1401.0
1.0
1.0
549.0
711.0
1.0
3.0
1.0
2.0
2.0
5.0
59.0
55.0
3.0
2.0
4.0
3.0
17.0
2.0
716.0
8.0
1678.0
5.0
48.0
79.0
1.0
3.0
1.0
1.0
543.0
1159.0
1.0
69.0
3.0
2.0
3.0
2372.0
3.0
1.0
1.0
2.0
2.0
424.0
2.0
2.0
2.0
3.0
3.0
2.0
2.0
3750.0
3.0
16479.0
8.0
3819.0
10.0
1458.0
417.0
1.0
462.0
1.0
2.0
2.0
3.0
3.0
87.0
1.0
4.0
289.0
26.0
3.0
3.0
1.0
1.0
125.0
1.0
33.0
1.0
5.0
1.0
941.0
11.0
36.0
1.0
1359.0
271.0
1.0
238.0
1778.0
4542.0
69.0
1.0
65.0
3.0
75.0
1.0
1.0
2.0
3.0
42701.0
1.0
3.0
1.0
3.0
1.0
2.0
1.0
14.0
6.0
18.0
1.0
1.0
384.0
128.0
12.0
15.0
634.0
1.0
4.0
7.0
1.0
3.0
5045.0
1.0
15053.0
47.0
273.0
798.0
77.0
11.0
8.0
9.0
59.0
29.0
3.0
2.0
329.0
295.0
22.0
1.0
24.0
1.0
4.0
413.0
117.0
3.0
4.0
25.0
24.0
6.0
1.0
1.0
19.0
80.0
7.0
25.0
1.0
1749.0
172.0
4.0
1.0
43.0
1.0
6.0
1.0
1.0
312.0
6.0
3.0
3.0
1.0
3.0
1.0
3.0
2.0
727.0
3.0
517.0
1.0
2.0
1.0
816.0
281.0
35.0
1.0
674.0
3.0
17.0
355.0
4.0
8.0
3.0
2.0
72.0
93.0
1.0
4.0
6.0
48.0
13.0
1.0
1.0
31.0
1.0
16.0
1485.0
9.0
6.0
16.0
1.0
213.0
4.0
2.0
800.0
2.0
2.0
6.0
3.0
1.0
4.0
2.0
1.0
12.0
5.0
1.0
74.0
1.0
369.0
58.0
9.0
25.0
1.0
32.0
112.0
3.0
1.0
423.0
1.0
3.0
62.0
1.0
2.0
8.0
19.0
4.0
4909.0
2.0
108.0
1.0
25.0
1.0
2.0
1.0
46.0
102.0
938.0
1.0
5.0
25.0
1.0
3.0
3.0
4.0
1.0
2958.0
17.0
447.0
2.0
303.0
4.0
7.0
31.0
5.0
5.0
2.0
1.0
10.0
4.0
3.0
3.0
418.0
855.0
18.0
62.0
3.0
351.0
11.0
3.0
2.0
24.0
1.0
3.0
1.0
3.0
2538.0
2.0
2.0
73.0
1.0
872.0
11.0
63.0
1.0
859.0
9.0
1.0
2.0
6.0
1.0
369.0
669.0
52.0
1.0
26.0
2.0
33.0
2.0
1.0
2435.0
1.0
15.0
9.0
894.0
225.0
192.0
1.0
379.0
50.0
8.0
112.0
32.0
1.0
1.0
102.0
3.0
16.0
2.0
5.0
1.0
477.0
282.0
1.0
73.0
1.0
5.0
208.0
11.0
3.0
3637.0
3.0
435.0
7.0
4.0
18.0
10569.0
2.0
1.0
8.0
1.0
15.0
3.0
351.0
3.0
57.0
3.0
280.0
3.0
9.0
1.0
109.0
3.0
1.0
320.0
6.0
10.0
2.0
59.0
4.0
1.0
139.0
103.0
19.0
1.0
65.0
12.0
9.0
1.0
35.0
19.0
1.0
1062.0
4.0
4.0
2631.0
135.0
5.0
1.0
188.0
24.0
12.0
381.0
88.0
11.0
21.0
12.0
2.0
3.0
1.0
4.0
1.0
14.0
32.0
447.0
8.0
317.0
3.0
1.0
9.0
3.0
3811.0
74.0
18.0
31.0
9.0
50.0
82.0
1.0
1.0
282.0
248.0
3.0
1.0
421.0
21.0
1.0
558.0
1.0
6.0
3.0
2.0
9.0
1.0
1.0
3.0
7.0
371.0
112.0
1.0
1050.0
1.0
1.0
2.0
3.0
17.0
3.0
9.0
2.0
870.0
1.0
2.0
1791.0
4.0
497.0
1.0
1.0
4.0
1.0
4.0
7.0
3.0
1497.0
27.0
1.0
153.0
2.0
1.0
1.0
1.0
126.0
7.0
1.0
19.0
133.0
75.0
1.0
1.0
3.0
1.0
1.0
10.0
3.0
292.0
6.0
1.0
2.0
1.0
9.0
2.0
965.0
2.0
26.0
9.0
3.0
3.0
4.0
6.0
1.0
3.0
19.0
3.0
3.0
26.0
695.0
36.0
1.0
1.0
3.0
1018.0
203.0
2.0
829.0
513.0
5.0
212.0
16.0
20.0
7.0
1.0
8.0
299.0
2.0
1.0
6.0
3.0
2.0
20.0
14.0
59.0
71.0
1.0
3.0
2.0
7.0
12.0
1.0
5.0
3.0
1.0
4.0
3.0
4.0
2.0
58.0
2.0
1.0
1.0
111.0
3.0
1.0
107.0
1.0
709.0
12.0
2.0
19.0
1.0
1.0
1.0
1.0
1.0
7.0
6.0
10.0
25.0
10.0
510.0
9.0
23.0
49.0
45.0
5.0
1295.0
1.0
10.0
1.0
6.0
35.0
175.0
3.0
1.0
1078.0
1.0
1.0
958.0
17.0
111.0
1.0
3044.0
3.0
28.0
3.0
398.0
9690.0
11.0
4.0
8.0
3.0
3.0
316.0
1.0
665.0
3.0
4.0
1.0
4.0
2.0
19.0
4.0
92.0
13.0
119.0
1.0
1.0
15.0
8.0
15.0
1.0
47.0
21.0
2.0
685.0
9.0
5.0
1.0
102.0
2.0
2.0
1.0
166.0
9.0
1.0
1170.0
1.0
150.0
74.0
7.0
24.0
28.0
3000.0
3.0
685.0
1.0
1.0
1.0
172.0
351.0
5.0
4.0
5.0
43.0
2.0
260.0
2.0
131.0
9.0
1.0
3.0
106.0
1.0
2.0
1.0
4.0
62.0
1.0
33.0
5.0
1.0
3.0
1.0
1.0
29.0
1.0
2.0
9.0
2.0
3.0
3.0
2.0
1.0
4.0
4.0
2.0
3.0
1.0
3.0
576.0
142.0
8.0
3.0
155.0
17.0
2.0
5.0
1.0
7839.0
426.0
1.0
3.0
7901.0
2.0
4.0
272.0
3.0
2.0
605.0
30.0
3.0
1.0
2.0
1.0
1.0
4.0
142.0
1.0
6.0
16.0
8.0
5.0
326.0
5.0
1.0
7.0
8.0
1.0
2.0
30.0
3.0
1420.0
1.0
19.0
35.0
3.0
3.0
4.0
3.0
3.0
2257.0
3.0
3.0
3.0
2.0
182.0
2.0
9.0
1.0
1.0
10.0
24.0
16.0
1.0
293.0
1.0
2.0
514.0
5.0
3.0
3.0
3.0
3.0
1.0
9.0
145.0
4.0
846.0
1003.0
1.0
9.0
3.0
1.0
3.0
19.0
3.0
1.0
1.0
5.0
2.0
1.0
4.0
4.0
12.0
1.0
5.0
968.0
2.0
24.0
1.0
105.0
16.0
1.0
25.0
3.0
1.0
3.0
4.0
3.0
102.0
1695.0
6.0
4.0
2.0
4.0
3.0
1.0
75.0
2.0
351.0
3.0
8.0
1.0
396.0
157.0
16.0
3.0
344.0
1.0
53.0
3.0
268.0
4.0
21.0
1.0
1084.0
7.0
3.0
4.0
2.0
1.0
338.0
2.0
1288.0
1.0
1.0
527.0
2.0
1632.0
1.0
370.0
1.0
1.0
16.0
1.0
3.0
45.0
1.0
6.0
9.0
1.0
116.0
45.0
1.0
1.0
3.0
10.0
3.0
3.0
10.0
1.0
3.0
14.0
351.0
2.0
20.0
7.0
7.0
33.0
550.0
3.0
11.0
23.0
1.0
3.0
1.0
4.0
2.0
17.0
3.0
4.0
1068.0
1743.0
6.0
3.0
8.0
1.0
3.0
641.0
2.0
42.0
3.0
341.0
1.0
338.0
3.0
1.0
3.0
2.0
69.0
2.0
41.0
1.0
1.0
2.0
21.0
52.0
1.0
4.0
1.0
4.0
1.0
11.0
4.0
24.0
3.0
6.0
3.0
305.0
5.0
2.0
3.0
4.0
19.0
3.0
3.0
7.0
4.0
1.0
16.0
4.0
232.0
1.0
2.0
1.0
3.0
3.0
697.0
1.0
4198.0
4.0
3.0
3.0
65.0
3.0
99.0
565.0
1.0
29.0
1437.0
3.0
391.0
3.0
3218.0
10.0
1.0
2.0
3.0
1.0
4.0
7.0
2.0
957.0
4.0
83.0
6.0
2.0
1225.0
242.0
19.0
14.0
1.0
1.0
1.0
1035.0
1.0
1.0
17.0
1994.0
1.0
5.0
2.0
445.0
10.0
2.0
87.0
351.0
86.0
1.0
3.0
249.0
2.0
8.0
214.0
1.0
101.0
19.0
8.0
4.0
1.0
2.0
114.0
25.0
457.0
1.0
63.0
1.0
492.0
2.0
2.0
1.0
1.0
9.0
1.0
1.0
2.0
4.0
173.0
3.0
3.0
10.0
19.0
1.0
292.0
32.0
14.0
1.0
1.0
8.0
2.0
7.0
1.0
526.0
1.0
2.0
2868.0
75.0
6.0
23.0
3.0
114.0
421.0
1018.0
3.0
77.0
56.0
8.0
2.0
919.0
2.0
10.0
1.0
72.0
1.0
1.0
1.0
42.0
2836.0
36.0
1.0
3.0
19.0
4.0
4.0
1.0
6.0
1.0
3.0
4.0
151.0
1.0
1.0
3.0
1.0
351.0
119.0
280.0
1351.0
1.0
5.0
47.0
1.0
3.0
4.0
805.0
3.0
3.0
102.0
3.0
60.0
729.0
555.0
45.0
3.0
1.0
4.0
3.0
1.0
13.0
24.0
3.0
3.0
338.0
8.0
7.0
2.0
159.0
457.0
72.0
3.0
3.0
2.0
1.0
3.0
33.0
2.0
1.0
1323.0
6.0
1.0
3.0
3.0
3.0
26.0
11.0
492.0
8.0
6.0
16.0
88.0
19.0
55.0
4.0
2.0
65.0
38.0
2.0
1.0
1409.0
47.0
237.0
2.0
35.0
123.0
2.0
5.0
75.0
1.0
200.0
1.0
31750.0
30.0
1.0
1.0
279.0
8.0
3.0
3.0
1.0
28.0
1.0
2.0
3.0
4.0
3.0
1.0
1.0
1.0
1.0
260.0
74.0
445.0
33.0
6.0
1888.0
7.0
104.0
3.0
4.0
26.0
1.0
17.0
19.0
1.0
284.0
24.0
1.0
2.0
9.0
241.0
1.0
1.0
387.0
9.0
176.0
1.0
4.0
392.0
40.0
1.0
985.0
1.0
134.0
19.0
1.0
1.0
2.0
1.0
3.0
3.0
14.0
94.0
90.0
3.0
151.0
12.0
3.0
6.0
3.0
746.0
6.0
1.0
6.0
2.0
4496.0
24.0
3.0
245.0
1016.0
5.0
801.0
110.0
70.0
11.0
11.0
16.0
8.0
12.0
1.0
678.0
19.0
138.0
11.0
8.0
2.0
2.0
1.0
137.0
1.0
1.0
3.0
3.0
3.0
1.0
685.0
3.0
32.0
2.0
1.0
359.0
25.0
1.0
232.0
3.0
9.0
205.0
99.0
310.0
9.0
1.0
24.0
1.0
8.0
1755.0
65.0
5.0
1.0
1.0
961.0
36.0
313.0
5.0
223.0
21.0
2.0
1.0
229.0
3.0
1.0
3.0
1.0
5.0
4.0
3.0
16.0
3.0
1785.0
4.0
3.0
1.0
25.0
61.0
7.0
1.0
1.0
6.0
234.0
3.0
1.0
1.0
1.0
1.0
2.0
21.0
4.0
7.0
3.0
251.0
172.0
3.0
564.0
1.0
5.0
1.0
5.0
4.0
1.0
11.0
170.0
3.0
8.0
1.0
8.0
3.0
5.0
1.0
9.0
24.0
1.0
2.0
3.0
1.0
6.0
120.0
8.0
1.0
1.0
3.0
1.0
60.0
460.0
3.0
1.0
1.0
1402.0
1.0
402.0
2.0
3.0
3.0
82.0
30.0
3.0
1.0
1.0
16.0
252.0
10.0
4.0
6.0
104.0
187.0
1.0
7.0
23.0
386.0
212.0
22.0
3.0
130.0
13066.0
2.0
1.0
1.0
1.0
13.0
2.0
1.0
2.0
6.0
5045.0
3.0
1.0
1.0
3.0
1040.0
3.0
3.0
1.0
3.0
1.0
231.0
11.0
16.0
2.0
2.0
1.0
51.0
17.0
3.0
385.0
128.0
75.0
1.0
5.0
3.0
117.0
5665.0
4.0
24.0
2214.0
7.0
67.0
268.0
4.0
1.0
1.0
2.0
3.0
16.0
931.0
3.0
1.0
46.0
1647.0
4.0
863.0
14.0
20.0
968.0
1.0
3.0
1.0
1.0
3.0
963.0
3.0
15.0
24.0
4.0
1650.0
27.0
12.0
367.0
58.0
6.0
1.0
415.0
1.0
239.0
108.0
2.0
10.0
638.0
753.0
1748.0
339.0
1751.0
1.0
3.0
9.0
7.0
696.0
351.0
7.0
4.0
1.0
56.0
3.0
2.0
3.0
10.0
25.0
19.0
696.0
4.0
3.0
1.0
2.0
373.0
1660.0
1113.0
3.0
2.0
14.0
3.0
2.0
28.0
1.0
1.0
1365.0
56.0
1.0
3.0
1.0
478.0
3.0
499.0
43.0
64.0
369.0
24.0
1330.0
5.0
1.0
33.0
1.0
252.0
67.0
3.0
3.0
337.0
185.0
1.0
15.0
11.0
1.0
7.0
3.0
2.0
24.0
740.0
2.0
70.0
2.0
1.0
2.0
2.0
9.0
731.0
1.0
3.0
2.0
3.0
3.0
1.0
368.0
17.0
30.0
94.0
47.0
139.0
1629.0
447.0
1.0
2.0
615.0
347.0
1.0
1.0
1.0
2.0
3.0
3.0
1.0
11.0
8.0
4.0
12.0
1113.0
71.0
3640.0
2.0
288.0
2.0
1.0
152.0
9.0
3.0
3.0
3.0
3.0
29.0
25.0
3.0
58.0
5.0
2.0
15.0
5.0
1.0
4.0
1.0
20.0
1.0
35.0
14.0
2.0
3.0
1.0
1.0
4.0
24.0
1.0
1148.0
4.0
65.0
68.0
33.0
4.0
465.0
2315.0
3.0
6.0
76.0
697.0
2.0
3.0
1.0
3.0
1.0
90.0
2.0
4.0
1460.0
1.0
93.0
24.0
114.0
4.0
2.0
1.0
1.0
1.0
3.0
375.0
21.0
3.0
2.0
3.0
22.0
3.0
1.0
3.0
1.0
10.0
2.0
102.0
1.0
1.0
3.0
8.0
3.0
574.0
65.0
11.0
1.0
4.0
1.0
13.0
11.0
45.0
107.0
13465.0
1.0
3.0
1.0
3.0
157.0
469.0
4.0
41.0
1.0
4.0
1.0
35.0
6.0
3.0
2.0
909.0
1.0
117.0
389.0
3.0
3.0
6.0
12.0
55.0
21.0
3.0
1.0
164.0
4.0
21.0
2.0
3.0
1.0
3.0
1.0
1.0
9287.0
4.0
5.0
84.0
335.0
586.0
1.0
3.0
6.0
9.0
3.0
1.0
3.0
66.0
1315.0
91.0
3.0
681.0
139.0
911.0
3.0
1.0
4.0
1.0
1.0
2.0
3.0
19.0
9.0
2.0
3.0
1.0
1.0
1.0
5.0
1.0
1249.0
3.0
2510.0
2.0
5.0
1.0
1.0
161.0
41.0
4.0
97.0
1.0
40.0
3.0
1.0
63.0
1661.0
27.0
965.0
2.0
103.0
7.0
1.0
2624.0
1.0
1.0
5.0
1.0
3.0
1.0
1.0
16.0
3.0
3.0
2.0
1.0
5509.0
1.0
159.0
2.0
1.0
3.0
54.0
1.0
3.0
3.0
1.0
112.0
1.0
14.0
19.0
1.0
38.0
351.0
82.0
27.0
3.0
6.0
10.0
17.0
110.0
236.0
1354.0
1.0
3.0
20.0
4.0
11.0
203.0
7.0
1089.0
66.0
3.0
1.0
2.0
6.0
864.0
3.0
2.0
2.0
2.0
5.0
1.0
4.0
1.0
4.0
938.0
3.0
2783.0
5.0
2.0
3.0
3.0
4.0
1.0
62.0
3.0
6.0
1.0
3.0
1.0
3.0
1.0
3.0
1.0
1694.0
3.0
370.0
3.0
1.0
4.0
1.0
3.0
1.0
37.0
613.0
4.0
3.0
3.0
3.0
2.0
1.0
2.0
1.0
3.0
24.0
3.0
2.0
3.0
1.0
9.0
120.0
1.0
6.0
15.0
282.0
23.0
2.0
3.0
2.0
20.0
8670.0
1.0
1.0
39.0
504.0
1.0
3.0
5.0
1.0
7.0
577.0
1317.0
4.0
233.0
61.0
3.0
3.0
3.0
4.0
1.0
2.0
1.0
1.0
105.0
6.0
2123.0
95.0
131.0
2.0
1.0
1.0
1.0
4.0
1.0
3.0
105.0
4.0
179.0
3.0
50.0
757.0
549.0
1035.0
2.0
2.0
2.0
3.0
5.0
268.0
2.0
244.0
5.0
122.0
1.0
376.0
3.0
3.0
3.0
1.0
1.0
4.0
1.0
231.0
4.0
1.0
22.0
7.0
282.0
242.0
3.0
13.0
54.0
6.0
2.0
1.0
1.0
3.0
1204.0
1.0
232.0
4.0
4.0
959.0
1.0
1.0
2358.0
1.0
903.0
4.0
89.0
3.0
6.0
996.0
10.0
3.0
2.0
1.0
7.0
2.0
4.0
1.0
15.0
640.0
610.0
1.0
1.0
1.0
2.0
10.0
1.0
1.0
1.0
451.0
1.0
10.0
3.0
85.0
113.0
44.0
1.0
8.0
3.0
35.0
8.0
2.0
1.0
1.0
1.0
1.0
8.0
1.0
3.0
351.0
9.0
1.0
313.0
12.0
13.0
3.0
1.0
3.0
509.0
1.0
1590.0
157.0
5.0
4.0
2.0
9.0
48.0
3.0
2.0
3.0
1062.0
1.0
337.0
16.0
4.0
19.0
459.0
5.0
53.0
1.0
5.0
27.0
233.0
25.0
2.0
3.0
1117.0
1.0
1.0
10.0
5.0
1.0
1.0
60.0
2.0
2.0
221.0
2.0
14.0
1.0
954.0
3.0
15.0
3.0
1.0
4.0
2.0
1.0
79.0
1314.0
9.0
105.0
7.0
18.0
1.0
5.0
20.0
45.0
1.0
18.0
2.0
96.0
3.0
6.0
1.0
3.0
13818.0
3.0
1.0
22.0
963.0
1.0
1.0
1.0
246.0
3.0
2.0
3.0
18.0
3.0
87.0
3.0
1.0
4.0
3.0
1.0
28.0
3.0
1.0
102.0
2.0
5.0
1.0
351.0
2.0
12.0
4.0
3.0
1.0
3.0
2.0
1.0
6.0
3.0
3.0
1.0
3.0
1.0
10.0
9.0
1.0
29.0
14.0
1.0
33.0
22.0
95.0
2.0
3.0
22.0
33.0
1.0
658.0
3.0
1.0
22.0
1.0
6614.0
9.0
26.0
4.0
4.0
1.0
1.0
4164.0
6.0
3.0
2328.0
1.0
223.0
14.0
5.0
69.0
2.0
16.0
18.0
86.0
1.0
1.0
38.0
1.0
3.0
4.0
24.0
1.0
1.0
1.0
53.0
3.0
90.0
111.0
3.0
1.0
1.0
11835.0
24.0
1.0
3.0
1.0
579.0
1.0
2.0
3.0
1.0
749.0
1.0
3.0
2.0
2.0
3.0
4.0
3.0
1.0
32.0
3.0
5.0
1709.0
2550.0
1.0
27.0
1.0
1.0
1.0
3.0
2.0
51.0
3.0
11.0
3.0
1.0
1.0
7.0
1.0
3.0
8.0
2.0
1.0
3.0
2.0
350.0
18.0
296.0
1.0
704.0
1.0
50.0
279.0
101.0
4.0
3.0
1.0
1.0
1.0
33.0
3.0
1.0
71.0
16.0
45.0
3129.0
3.0
43.0
3.0
20.0
9.0
1.0
19.0
2811.0
2.0
3.0
1.0
7.0
3.0
236.0
3.0
3.0
395.0
1.0
1.0
1.0
1034.0
18.0
31.0
37.0
38.0
3.0
84.0
16.0
209.0
428.0
167.0
119.0
18.0
4.0
23.0
19.0
1.0
245.0
1.0
5924.0
937.0
7.0
3.0
1.0
1.0
2.0
9.0
1.0
3.0
39.0
2.0
1.0
1.0
1.0
1977.0
2.0
1.0
1056.0
2.0
3.0
874.0
382.0
1.0
106.0
3.0
1.0
22.0
1.0
3.0
90.0
1.0
3.0
3.0
222.0
2.0
12.0
2.0
3.0
2.0
93.0
1.0
3.0
47.0
2.0
3.0
3.0
5.0
6.0
4.0
5.0
19.0
4.0
64.0
8.0
4.0
1.0
1.0
184.0
26609.0
1.0
413.0
273.0
2.0
3.0
7.0
51.0
1.0
132.0
97.0
399.0
3.0
32.0
1.0
53.0
4.0
3.0
3.0
3.0
9.0
17.0
8.0
100.0
5.0
1.0
3.0
3.0
8.0
4.0
1.0
1225.0
5.0
1.0
86.0
2.0
3.0
1.0
1.0
3.0
27.0
291.0
2.0
7.0
1.0
84.0
4.0
1.0
3.0
93.0
1.0
12.0
12.0
1.0
3.0
1.0
1.0
838.0
1.0
1.0
2.0
15.0
75.0
1.0
1.0
293.0
4.0
3.0
8.0
1.0
462.0
11.0
915.0
5.0
3.0
88.0
19.0
2.0
46.0
28.0
21.0
2.0
503.0
24.0
377.0
1.0
7.0
1.0
2.0
10.0
32.0
3.0
6.0
2.0
3.0
1.0
1.0
1.0
1.0
1.0
1.0
3.0
18.0
5.0
1.0
1.0
3.0
3649.0
9.0
6.0
1.0
14.0
1.0
6.0
2.0
2.0
1.0
1.0
1.0
1.0
3.0
4.0
1596.0
1.0
21.0
41.0
8.0
4.0
3.0
27.0
5.0
212.0
2.0
1.0
1.0
250.0
10.0
5.0
101.0
4.0
1.0
1.0
57.0
1.0
17.0
1.0
8.0
453.0
3.0
5.0
1.0
1.0
3.0
5.0
1.0
1.0
34.0
1.0
1.0
39.0
4352.0
2.0
1.0
444.0
7.0
31.0
10.0
1.0
2.0
1.0
21.0
1.0
1.0
5.0
4.0
1.0
2826.0
7.0
770.0
998.0
34.0
1.0
97.0
2.0
10.0
1.0
3.0
9.0
3.0
1.0
15.0
1.0
1203.0
751.0
1334.0
7.0
7.0
109.0
1.0
2.0
4.0
4.0
2.0
282.0
11.0
81.0
864.0
1.0
7.0
6.0
277.0
151.0
4.0
104.0
1.0
1.0
2730.0
8.0
2.0
3.0
39.0
6.0
2.0
56.0
4.0
1.0
60.0
7.0
46.0
3.0
1.0
28.0
3.0
19.0
2.0
2.0
3.0
1.0
24.0
3.0
1.0
29.0
245.0
4.0
20.0
48.0
686.0
2.0
1.0
1.0
1.0
2.0
5.0
3.0
1.0
1.0
43.0
1.0
214.0
3.0
2.0
4.0
2.0
3.0
3.0
1.0
1.0
21.0
1.0
290.0
3.0
3.0
1.0
3.0
8.0
14.0
3.0
3.0
61.0
1090.0
68.0
13.0
88.0
4.0
34.0
801.0
2.0
1.0
8.0
33.0
1.0
4.0
2.0
7.0
13.0
1.0
9.0
4.0
1.0
97.0
460.0
355.0
2.0
2.0
1.0
1.0
2.0
4445.0
3.0
3.0
3.0
3.0
4.0
5.0
3.0
71.0
36.0
10.0
3.0
5.0
3.0
4.0
5.0
26.0
4.0
35.0
1.0
1.0
1.0
3.0
2783.0
3.0
4.0
3.0
2.0
5.0
4.0
2.0
6.0
1.0
2194.0
18.0
1.0
1.0
14058.0
2.0
14.0
2.0
1.0
9.0
4.0
1.0
60.0
2.0
14.0
4.0
10.0
430.0
62.0
146.0
374.0
3.0
157.0
18.0
1.0
2.0
1.0
942.0
1.0
114.0
26.0
89.0
1.0
24.0
15.0
5.0
1.0
370.0
1.0
265.0
3.0
1.0
217.0
1.0
783.0
1.0
15.0
2.0
4.0
593.0
14.0
222.0
1.0
977.0
2.0
4.0
255.0
8.0
3.0
1.0
3.0
276.0
5.0
11.0
1.0
19.0
3.0
5.0
3.0
1.0
25.0
3.0
2.0
18.0
12.0
333.0
2.0
104.0
7.0
3.0
1.0
102.0
3.0
1.0
1.0
1228.0
72.0
16.0
6.0
110.0
9725.0
1.0
1.0
1.0
7.0
9.0
4.0
25.0
622.0
2.0
17.0
2.0
1.0
29.0
1.0
1400.0
3.0
1.0
3.0
3.0
313.0
1.0
1.0
43.0
31.0
1.0
1.0
1.0
34.0
1.0
3.0
74.0
3.0
3.0
1.0
5.0
8.0
1.0
1.0
1.0
3.0
1490.0
24.0
4.0
8.0
153.0
1.0
50.0
2.0
3.0
2034.0
89.0
8.0
3.0
3.0
3.0
1.0
2.0
65.0
1.0
5.0
219.0
1.0
1.0
7.0
68.0
3.0
596.0
2.0
16.0
22.0
3.0
1.0
3.0
761.0
3.0
1.0
3.0
51.0
40.0
3.0
17.0
10.0
1.0
10.0
1.0
146.0
4.0
18.0
1.0
105.0
565.0
23.0
130.0
1.0
19.0
1.0
17.0
51.0
231.0
84.0
12.0
1.0
2.0
280.0
9.0
1.0
4.0
3.0
347.0
1051.0
640.0
78.0
2918.0
1.0
3.0
8.0
330.0
253.0
1.0
1202.0
5.0
1.0
2.0
25.0
1.0
5.0
5361.0
21.0
3.0
3.0
1473.0
3.0
1.0
9.0
2.0
1.0
2.0
48.0
1.0
20.0
1.0
22.0
1.0
4.0
1.0
1.0
36.0
20.0
1.0
1.0
3.0
1.0
4.0
2.0
2.0
2.0
2276.0
1.0
13.0
3.0
779.0
4.0
9.0
36.0
298.0
1.0
18.0
6.0
1.0
6.0
1.0
4.0
4.0
128.0
12.0
162.0
1838.0
187.0
293.0
2.0
88.0
1.0
596.0
17.0
4.0
6.0
18.0
1.0
3.0
1.0
11.0
1.0
1.0
2.0
16.0
3.0
1.0
65.0
14.0
8.0
1556.0
2.0
69.0
1.0
6.0
3.0
99.0
1.0
5.0
4.0
14913.0
2.0
31.0
130.0
1.0
63.0
17.0
1018.0
713.0
433.0
3.0
3.0
3.0
442.0
111.0
3.0
3.0
1.0
48.0
4381.0
3.0
45.0
369.0
1.0
9.0
2.0
3.0
3.0
3.0
1.0
37.0
5.0
1.0
1.0
1.0
7.0
45.0
3.0
140.0
1.0
1.0
1.0
1.0
14.0
3.0
11.0
11.0
7.0
7.0
421.0
3.0
1.0
149.0
1.0
4934.0
10.0
3355.0
219.0
3.0
43.0
41.0
2.0
1.0
48.0
2.0
30.0
1.0
2.0
1.0
1.0
6.0
1.0
1.0
29.0
1.0
1.0
1.0
51.0
1.0
1.0
3228.0
2.0
3.0
506.0
2.0
3.0
363.0
1.0
3.0
1.0
686.0
1.0
237.0
1.0
38.0
2.0
17.0
4.0
36.0
3.0
4.0
8.0
1.0
1.0
3.0
112.0
3.0
3.0
56.0
202.0
5812.0
132.0
1.0
2.0
50.0
4.0
12.0
57.0
66.0
3.0
1.0
65.0
3.0
1.0
3.0
2.0
4.0
1.0
1.0
6.0
3.0
1680.0
3.0
2.0
66.0
1.0
118.0
3.0
17.0
1.0
1.0
4.0
5.0
31.0
1.0
1.0
1.0
23.0
1.0
3.0
60.0
5.0
1.0
10.0
9.0
2.0
97.0
1.0
17.0
402.0
24.0
7.0
7.0
1223.0
6.0
1.0
2.0
9.0
1.0
3.0
9.0
3.0
1.0
2.0
27.0
1.0
12.0
1.0
18.0
4.0
1.0
3.0
1780.0
3.0
91.0
5.0
4.0
4.0
56.0
32.0
17.0
3.0
147.0
8.0
6.0
1.0
3.0
3.0
2041.0
176.0
834.0
6.0
3.0
7.0
14.0
482.0
2.0
73.0
17.0
6.0
33.0
2.0
2.0
696.0
25.0
1.0
14.0
146.0
1715.0
136.0
17.0
99.0
9.0
15.0
8.0
3.0
2.0
1.0
2.0
65.0
1.0
366.0
6.0
2.0
1.0
234.0
138.0
768.0
1.0
641.0
12.0
4.0
2.0
8.0
60.0
19.0
361.0
1.0
6.0
14.0
1087.0
652.0
3.0
1581.0
6.0
31.0
416.0
3.0
4.0
1.0
5.0
1.0
1.0
34.0
3.0
3.0
1.0
2.0
823.0
4.0
965.0
1.0
1.0
1.0
4.0
1.0
17.0
31.0
8.0
3.0
19.0
2.0
168.0
640.0
2365.0
2.0
3.0
7.0
1.0
4.0
1.0
2.0
855.0
1.0
2473.0
16075.0
29.0
1.0
140.0
130.0
2.0
4.0
82.0
17.0
3.0
281.0
4.0
1.0
571.0
961.0
17.0
1.0
7.0
62.0
1.0
902.0
1.0
3.0
10.0
7.0
70.0
1.0
1374.0
6.0
1249.0
1.0
1.0
19.0
1.0
1.0
65.0
17.0
573.0
3.0
4.0
55.0
3.0
8.0
1.0
61.0
15.0
17.0
182.0
457.0
1.0
1.0
3354.0
1344.0
1.0
1.0
6.0
2.0
13.0
2.0
434.0
3.0
1.0
17.0
453.0
3.0
2.0
28.0
2.0
6.0
239.0
61.0
408.0
4.0
2.0
363.0
2.0
1.0
5.0
232.0
7.0
2.0
1.0
21.0
12.0
2916.0
7.0
18.0
9.0
26.0
3.0
1.0
44.0
3.0
2.0
1.0
848.0
1.0
3.0
184.0
11.0
1254.0
1.0
1.0
2.0
1.0
23.0
2.0
13.0
78.0
8.0
66.0
1.0
2.0
1.0
1.0
2.0
3.0
457.0
121.0
26.0
813.0
83.0
6.0
3.0
230.0
175.0
10.0
1.0
2.0
3.0
2.0
953.0
1.0
2.0
1.0
1.0
47.0
2.0
145.0
9.0
1.0
46.0
3.0
1.0
19.0
1.0
551.0
68.0
36.0
3.0
1758.0
290.0
270.0
149.0
8.0
96.0
1.0
1179.0
1.0
3.0
1.0
32.0
27.0
6.0
93.0
7.0
12.0
1.0
7.0
697.0
23.0
69.0
3.0
7.0
2.0
1.0
3.0
4.0
3.0
9.0
75.0
108.0
6.0
170.0
1.0
2.0
17165.0
1.0
43.0
3.0
3.0
2.0
15.0
239.0
130.0
1.0
274.0
60.0
3827.0
2.0
48.0
3.0
1.0
1431.0
3.0
12.0
1041.0
3.0
16480.0
1.0
6.0
3.0
1.0
2.0
13.0
1.0
7.0
8.0
22.0
12.0
3732.0
4.0
2.0
1.0
1.0
3.0
1.0
2.0
7.0
10.0
5210.0
3.0
1.0
32.0
33.0
756.0
24.0
4990.0
3.0
2.0
15.0
3.0
6.0
1338.0
3.0
1.0
18.0
1.0
2.0
33.0
1.0
1.0
2.0
3.0
22.0
7626.0
5.0
4.0
123.0
98.0
405.0
1089.0
1.0
1.0
569.0
6.0
3.0
62.0
2.0
11.0
14.0
6.0
1.0
3.0
2.0
2825.0
7.0
1.0
1.0
5.0
18.0
22.0
31.0
340.0
18.0
3.0
3.0
1.0
3626.0
5.0
1.0
2.0
8.0
2.0
3.0
1.0
1.0
97.0
1.0
41.0
1.0
6.0
58.0
8.0
1.0
8.0
19.0
293.0
1.0
1.0
2161.0
134.0
3.0
1.0
495.0
222.0
1.0
1.0
3.0
3.0
1.0
1.0
739.0
3.0
37.0
45.0
6.0
2.0
6.0
1.0
351.0
91.0
2.0
135.0
1.0
27.0
85.0
1.0
3.0
2.0
5.0
1.0
3.0
29.0
2.0
10.0
43.0
8.0
50.0
2.0
2.0
56.0
3.0
3.0
2.0
10.0
1.0
3.0
1.0
1.0
20.0
8.0
6.0
5.0
1.0
3.0
3.0
1094.0
8.0
10.0
1.0
2.0
44.0
457.0
1.0
15.0
3.0
3.0
4.0
1.0
9.0
1.0
1.0
5.0
7.0
37.0
1.0
3.0
3.0
3.0
2.0
3.0
14.0
3.0
2.0
1.0
288.0
2.0
882.0
12.0
641.0
9.0
1.0
3.0
3.0
18.0
3.0
28.0
95.0
109.0
1.0
871.0
1.0
3.0
4.0
1.0
3.0
1121.0
4.0
351.0
1.0
6.0
3.0
232.0
27.0
12.0
10.0
1.0
44.0
421.0
2.0
2.0
72.0
3.0
3.0
71.0
1.0
2.0
351.0
43.0
1.0
3.0
24.0
2.0
4.0
27.0
9.0
961.0
9.0
1.0
2.0
499.0
6.0
31.0
8.0
3.0
3.0
183.0
2.0
3.0
5.0
3.0
1.0
11.0
10.0
1.0
1.0
1.0
7.0
301.0
1.0
48.0
3.0
8.0
3.0
288.0
3.0
1.0
3.0
1.0
13.0
1200.0
9.0
2.0
1229.0
3.0
1.0
3.0
138.0
1.0
4.0
3.0
14.0
127.0
1.0
3.0
1.0
1.0
1.0
25.0
1.0
9.0
33.0
19.0
23.0
381.0
3.0
1498.0
2.0
1018.0
5.0
1.0
66.0
1.0
3.0
7.0
102.0
207.0
1.0
181.0
1.0
1.0
4.0
3.0
2.0
1865.0
3.0
3.0
1.0
2.0
1.0
281.0
3.0
9645.0
794.0
1.0
4.0
264.0
86.0
96.0
3.0
5.0
1.0
1.0
4.0
282.0
3.0
7.0
1.0
5.0
1.0
2268.0
2.0
1.0
9.0
1.0
1.0
3.0
33.0
14.0
3.0
48.0
1.0
2.0
313.0
258.0
106.0
1.0
1.0
182.0
1.0
1.0
1275.0
30.0
292.0
8.0
907.0
1.0
2.0
10.0
6.0
14.0
65.0
1.0
386.0
1.0
3159.0
93.0
2.0
3.0
1.0
132.0
1.0
1.0
1944.0
19.0
685.0
1.0
245.0
112.0
46.0
24.0
5.0
44.0
26.0
1.0
778.0
1.0
9.0
2.0
1.0
1.0
4.0
19.0
9.0
3.0
1.0
23.0
1.0
9.0
5.0
1.0
12.0
3.0
7.0
8.0
1.0
1.0
6.0
19.0
103.0
3040.0
65.0
3.0
6.0
22.0
107.0
4.0
1.0
1.0
1.0
1.0
662.0
419.0
1.0
3.0
23.0
3.0
755.0
3.0
8.0
1.0
1.0
15.0
114.0
113.0
9.0
61.0
1.0
6.0
2.0
3.0
1.0
6.0
4.0
3.0
22.0
237.0
88.0
1.0
23.0
9.0
1.0
22.0
2.0
3.0
36.0
381.0
415.0
174.0
51.0
1.0
5019.0
5.0
3.0
1.0
1.0
60.0
2.0
3.0
1.0
33.0
629.0
883.0
2.0
91.0
327.0
3.0
798.0
22.0
159.0
7.0
542.0
1.0
1.0
10.0
1.0
9.0
3.0
105.0
1.0
78.0
1548.0
3.0
11.0
716.0
1.0
125.0
1.0
3.0
1.0
8.0
4.0
58.0
3.0
2.0
2.0
1.0
1.0
1.0
1.0
1.0
1.0
1072.0
8.0
2.0
28.0
1.0
102.0
15.0
2.0
2.0
83.0
2.0
3.0
498.0
2.0
1395.0
5.0
590.0
4.0
22.0
2.0
326.0
1.0
1.0
15.0
1.0
629.0
3.0
1.0
34.0
10.0
4.0
3.0
2.0
1.0
7.0
24.0
3.0
3.0
1.0
1.0
3.0
17.0
1.0
1.0
1.0
1.0
1.0
15.0
1.0
1.0
96.0
24.0
1.0
1.0
421.0
2.0
1416.0
1.0
58.0
34.0
1.0
13.0
29.0
3.0
4.0
31.0
1.0
2136.0
2.0
1.0
1.0
106.0
3.0
200.0
18.0
2136.0
1.0
20.0
3.0
2.0
1.0
3.0
2.0
342.0
12.0
81.0
12.0
143.0
7.0
1.0
1.0
3.0
1.0
68.0
1.0
1.0
255.0
5.0
1.0
1259.0
14.0
31.0
1.0
3.0
1.0
2.0
201.0
17.0
1.0
1.0
3.0
59.0
266.0
2.0
2.0
2.0
1.0
31.0
948.0
1.0
1.0
1.0
198.0
1.0
17.0
402.0
94.0
123.0
1.0
28.0
17.0
1.0
596.0
55.0
3.0
35.0
696.0
49.0
3.0
5.0
1.0
1.0
1.0
3.0
17.0
10.0
5.0
1.0
362.0
1.0
1.0
3.0
1.0
288.0
4.0
318.0
3.0
2.0
1.0
3.0
2.0
3.0
3.0
1.0
779.0
1.0
347.0
3.0
1.0
1.0
2051.0
1.0
7.0
32969.0
1.0
1.0
1.0
1.0
2.0
39.0
11.0
325.0
3.0
622.0
1.0
2.0
514.0
10.0
1704.0
72.0
2.0
4.0
108.0
2.0
3.0
1.0
2.0
292.0
2.0
3.0
2.0
8.0
2.0
3.0
378.0
16.0
1.0
1018.0
38.0
1.0
8.0
1.0
25.0
502.0
3.0
3.0
17.0
2.0
1.0
3.0
1.0
1.0
1.0
1.0
2.0
14189.0
1.0
3.0
27.0
3.0
961.0
6.0
4.0
2.0
18.0
3.0
2.0
19.0
3.0
20.0
45.0
24.0
2.0
2.0
1.0
7.0
5.0
57.0
32.0
88.0
1.0
3.0
1.0
3.0
3.0
40.0
12.0
1.0
743.0
5.0
2.0
5.0
3.0
3.0
90.0
87.0
3.0
1308.0
366.0
76.0
65.0
3.0
1.0
7.0
2.0
2.0
1.0
9.0
961.0
1.0
6.0
3.0
1.0
4.0
1.0
215.0
9.0
1909.0
1.0
3.0
1.0
848.0
2.0
1.0
25.0
2.0
844.0
161.0
2.0
1.0
1.0
12.0
3.0
1.0
1.0
1.0
1.0
3.0
7.0
129.0
24.0
1.0
3.0
5.0
26.0
1.0
3.0
1.0
39.0
145.0
1198.0
1.0
2.0
36.0
2.0
1.0
10.0
97.0
1.0
22.0
7.0
1.0
19.0
283.0
1.0
2.0
478.0
8.0
7.0
22.0
4.0
2.0
50.0
87.0
2.0
54.0
325.0
3.0
3.0
10.0
4.0
1.0
1.0
1.0
3.0
120.0
7.0
596.0
2014.0
2.0
6.0
1.0
1.0
1.0
666.0
69.0
3.0
3.0
13.0
1.0
1.0
1.0
1.0
543.0
13.0
6.0
1.0
179.0
404.0
36.0
15.0
3.0
1.0
1018.0
3.0
105.0
231.0
549.0
1.0
32.0
1.0
430.0
3.0
2.0
1.0
3.0
518.0
5.0
3.0
43.0
2.0
3.0
32.0
240.0
7.0
21.0
67.0
2.0
3.0
24.0
3.0
3.0
6.0
7.0
614.0
1.0
2.0
559.0
248.0
3.0
1.0
1.0
1755.0
304.0
3.0
1.0
6.0
6.0
42.0
3.0
3.0
14.0
3.0
16.0
1.0
2.0
1.0
5.0
117.0
1.0
1.0
3.0
351.0
3.0
37.0
1.0
55.0
3.0
2.0
1.0
1.0
26.0
3.0
2.0
1018.0
29.0
1.0
9.0
24.0
288.0
20.0
1.0
10.0
3.0
12.0
8.0
4.0
8.0
1.0
1.0
1.0
3.0
1059.0
1.0
4.0
102.0
52.0
2.0
1.0
7.0
3.0
1.0
9.0
19.0
4.0
1.0
32.0
3.0
3.0
1.0
48.0
2.0
1.0
10.0
3.0
3.0
2.0
45.0
11.0
2.0
1.0
1.0
2.0
1.0
1.0
3.0
1.0
42.0
2.0
5.0
1.0
26.0
4.0
1.0
9.0
3.0
3.0
2.0
3.0
1.0
4.0
2.0
810.0
2.0
7.0
2.0
706.0
3.0
2.0
3.0
2.0
4.0
4.0
3.0
1.0
1.0
27.0
1.0
2.0
3.0
113.0
3.0
3.0
5.0
1.0
3.0
2.0
3.0
2.0
1.0
293.0
18.0
954.0
200.0
13.0
279.0
185.0
9.0
961.0
103.0
174.0
389.0
29.0
12.0
2.0
12.0
3.0
7.0
2.0
6.0
471.0
3.0
5.0
1.0
5.0
2.0
1142.0
1.0
179.0
1.0
376.0
145.0
3.0
2.0
1.0
659.0
10.0
3.0
4974.0
6.0
1.0
24.0
3.0
1.0
1.0
2.0
2.0
3.0
859.0
124.0
1.0
6642.0
8.0
8.0
1.0
8.0
1.0
8.0
10.0
2.0
146.0
344.0
1.0
3.0
1.0
1.0
4.0
1.0
1.0
1.0
3.0
1.0
1.0
2.0
516.0
3.0
1.0
2.0
33.0
6.0
1.0
451.0
8.0
7.0
2.0
3.0
1280.0
1.0
4.0
1.0
55.0
1.0
3.0
1.0
143.0
3.0
5.0
365.0
3.0
17.0
172.0
258.0
108.0
5273.0
1.0
2.0
771.0
52.0
3.0
237.0
1.0
3.0
10.0
36.0
1.0
9.0
1.0
20.0
1.0
3915.0
444.0
41.0
3.0
29.0
3.0
3.0
1.0
611.0
1.0
8.0
2.0
1.0
4.0
130.0
4.0
1.0
1.0
165.0
1.0
2.0
2.0
4.0
1.0
57.0
36.0
998.0
1525.0
2.0
2.0
65.0
1.0
2.0
1.0
1.0
1.0
21.0
1.0
15.0
1.0
19.0
1.0
1.0
625.0
338.0
4.0
62.0
32.0
1.0
6.0
1.0
1.0
1.0
1.0
1.0
3.0
51.0
102.0
946.0
110.0
8.0
3.0
6.0
2.0
59.0
1.0
38.0
42.0
242.0
3.0
1.0
1.0
1.0
26.0
1.0
3.0
336.0
421.0
4.0
39.0
18.0
153.0
2.0
844.0
1.0
880.0
3.0
35.0
2.0
3.0
2.0
17.0
40.0
7.0
6.0
3.0
1.0
7.0
3.0
507.0
1.0
22.0
4.0
9.0
17.0
25.0
1.0
1027.0
1.0
3.0
5.0
1.0
1.0
25.0
387.0
3.0
74.0
532.0
1.0
189.0
4.0
3.0
1.0
17.0
39.0
11.0
2.0
1.0
1059.0
20.0
1223.0
1318.0
19.0
18.0
13376.0
3.0
1.0
16061.0
35.0
108.0
1.0
12.0
1249.0
34.0
1.0
29.0
243.0
266.0
4.0
1.0
1.0
1.0
4.0
2.0
1.0
290.0
1.0
1.0
5.0
3.0
1.0
99.0
1.0
6.0
81.0
1.0
3.0
1.0
298.0
1.0
3.0
1.0
1.0
22.0
4.0
1.0
16.0
1.0
1.0
7.0
3.0
3.0
1.0
23.0
2.0
3.0
18.0
18.0
1.0
1.0
1735.0
6.0
1.0
1.0
6.0
1.0
405.0
1.0
1.0
8.0
172.0
42.0
549.0
3.0
1.0
8.0
1.0
24.0
19.0
59.0
20.0
46.0
8.0
24.0
2.0
1.0
1.0
5.0
1952.0
3.0
3.0
5.0
151.0
3.0
50.0
358.0
1018.0
3.0
5.0
27.0
2.0
596.0
16.0
8.0
1.0
2.0
3.0
3.0
14.0
701.0
16.0
18.0
3.0
1.0
110.0
14.0
689.0
1.0
1.0
298.0
2355.0
19.0
19.0
1.0
2.0
3.0
47.0
781.0
2.0
2.0
3.0
3.0
98.0
959.0
797.0
997.0
3.0
303.0
2244.0
4.0
35.0
1.0
418.0
4.0
30.0
1.0
113.0
36.0
2.0
3.0
840.0
23.0
3.0
14.0
1.0
1.0
5.0
3.0
7.0
51.0
98.0
3.0
1924.0
86.0
3.0
11.0
9.0
18.0
2.0
30.0
2.0
2.0
3.0
1.0
1.0
2.0
83.0
3.0
3.0
48.0
2.0
1.0
3.0
1.0
2.0
120.0
26.0
1.0
1.0
155.0
2.0
1474.0
593.0
8.0
1.0
11.0
3.0
2.0
3.0
2.0
6.0
166.0
2.0
876.0
45.0
1.0
3.0
31.0
1.0
1.0
2.0
3.0
1018.0
2.0
1.0
2030.0
2.0
1.0
3.0
1.0
3.0
3.0
249.0
1.0
2.0
2.0
24.0
1.0
17.0
2.0
41.0
242.0
6.0
5.0
6.0
82.0
535.0
3.0
145.0
282.0
7.0
1.0
7.0
33.0
102.0
2.0
1.0
1.0
12.0
173.0
1.0
19.0
55.0
27.0
5.0
1231.0
3.0
90.0
15.0
34.0
4.0
7.0
17.0
2.0
23.0
542.0
8.0
1.0
4.0
4.0
11.0
21.0
4.0
1.0
1.0
3.0
24.0
2.0
630.0
1448.0
28.0
1.0
2.0
15.0
25.0
80.0
17.0
9.0
1.0
3.0
24.0
902.0
43.0
3.0
1.0
3.0
1.0
18.0
3.0
5.0
1.0
3.0
24.0
18.0
37.0
15.0
2.0
421.0
1406.0
5.0
1.0
43.0
1.0
446.0
9.0
888.0
1.0
24.0
429.0
2.0
49.0
3.0
1.0
11.0
3335.0
30.0
199.0
214.0
44.0
23.0
3.0
1.0
1190.0
5.0
1.0
2.0
1.0
4.0
70.0
1.0
3.0
19.0
2.0
3.0
17.0
6.0
24.0
187.0
3.0
1.0
3.0
5.0
8.0
44.0
3.0
1.0
8.0
1.0
1.0
4.0
150.0
24.0
4.0
237.0
1.0
24.0
3.0
116.0
11.0
2.0
563.0
298.0
1.0
2.0
3.0
1.0
3.0
1.0
19.0
23.0
4.0
289.0
1.0
3.0
1.0
1.0
2.0
3.0
1.0
3.0
34.0
105.0
1.0
6.0
187.0
5.0
3.0
3.0
1.0
11.0
1.0
70.0
8.0
1.0
8.0
5.0
14.0
1.0
15.0
1.0
4.0
33.0
591.0
1182.0
9.0
14.0
2.0
12.0
25.0
82.0
12.0
1.0
4.0
1.0
2.0
3.0
2.0
67.0
38.0
3.0
1.0
1932.0
4.0
12.0
120.0
2.0
1.0
2932.0
1.0
7.0
4.0
81.0
8.0
3.0
1.0
4.0
4.0
3.0
8.0
56.0
3.0
20.0
3.0
401.0
12.0
4.0
1.0
5.0
2.0
1.0
292.0
3.0
4.0
7.0
1329.0
550.0
17.0
1.0
1.0
23.0
1.0
1.0
8.0
3.0
1.0
101.0
1.0
21.0
208.0
1.0
351.0
475.0
38.0
2.0
1.0
1.0
2.0
797.0
2.0
355.0
3.0
107.0
2.0
19.0
1.0
2.0
103.0
417.0
8.0
1.0
12.0
375.0
28.0
9.0
1.0
92.0
3.0
17.0
3.0
3.0
3.0
295.0
2.0
1.0
10.0
9.0
351.0
2243.0
3.0
14385.0
1.0
1.0
65.0
152.0
1.0
212.0
4.0
2.0
1.0
15.0
2.0
9.0
16.0
1.0
1.0
1.0
9.0
101.0
628.0
179.0
18.0
1.0
2.0
3.0
1.0
13.0
7.0
1.0
266.0
1314.0
1.0
472.0
3.0
34.0
3000.0
2.0
2.0
1.0
480.0
1.0
4936.0
879.0
1.0
3.0
2.0
1.0
1.0
24.0
75.0
828.0
3.0
117.0
3.0
233.0
16.0
105.0
4.0
2.0
5.0
183.0
1.0
351.0
3.0
1.0
1.0
1.0
3.0
8.0
65.0
3.0
30.0
31.0
34.0
1.0
2.0
2.0
12.0
3.0
3.0
19.0
30.0
128.0
61.0
1.0
1.0
3.0
429.0
2.0
880.0
1.0
28.0
1.0
2.0
4.0
1989.0
1.0
5.0
344.0
7.0
2.0
351.0
1.0
1.0
1.0
5.0
26.0
17.0
62.0
457.0
1660.0
212.0
5.0
85.0
6.0
19.0
8.0
1.0
68.0
101.0
12.0
1.0
31.0
1.0
1.0
299.0
3.0
106.0
67.0
2.0
1.0
2.0
1.0
2.0
3.0
5.0
24.0
2.0
2.0
611.0
395.0
97.0
3.0
3.0
4.0
1.0
1.0
1.0
3.0
31.0
610.0
1.0
24.0
160.0
2.0
3.0
18.0
1.0
1.0
363.0
3.0
1.0
22.0
4.0
3.0
3.0
260.0
187.0
1.0
95.0
3.0
465.0
2.0
1.0
4.0
10.0
278.0
1.0
8.0
1.0
2.0
2.0
3.0
8.0
3.0
3.0
7.0
288.0
1.0
316.0
3.0
1751.0
2.0
1.0
1.0
1147.0
3.0
4.0
3.0
3.0
1394.0
1.0
130.0
1.0
2054.0
27.0
11.0
1.0
7.0
17.0
1.0
23.0
2.0
1.0
1.0
425.0
3.0
479.0
278.0
3.0
905.0
10.0
1.0
2.0
3.0
1200.0
117.0
36.0
1.0
21.0
3.0
88.0
596.0
2.0
3.0
1.0
17.0
1.0
113.0
110.0
1.0
1.0
3.0
192.0
4.0
4.0
654.0
8.0
1.0
2.0
70.0
1.0
1.0
1.0
11.0
5819.0
1854.0
6.0
1.0
3.0
2.0
3.0
2.0
2.0
3.0
1.0
3.0
1.0
3.0
1.0
1.0
1.0
19.0
875.0
2.0
3.0
9.0
38.0
1.0
351.0
10.0
3.0
2.0
15.0
2.0
1.0
2.0
15.0
421.0
4.0
1.0
1.0
3.0
23.0
1.0
1.0
3.0
965.0
2.0
10.0
2.0
1746.0
4.0
1.0
3.0
359.0
6716.0
3.0
1.0
1.0
2.0
7.0
1.0
10.0
198.0
2.0
20.0
10.0
9.0
5.0
8.0
1.0
2.0
1.0
3.0
549.0
1.0
21.0
11.0
669.0
25.0
129.0
1.0
2.0
3.0
17.0
3.0
9.0
4.0
3.0
1.0
3.0
1027.0
1.0
5.0
1018.0
1.0
4936.0
1.0
20.0
3.0
1.0
18.0
3.0
3.0
4.0
11.0
1.0
69.0
2.0
58.0
2.0
12.0
199.0
2446.0
3.0
3.0
8.0
1.0
2.0
1.0
3.0
25.0
2.0
3.0
27.0
3.0
4.0
2.0
8.0
1.0
15.0
267.0
2.0
2306.0
456.0
772.0
1.0
49.0
8.0
1.0
1.0
1.0
4.0
348.0
1.0
24.0
23.0
2.0
1.0
13.0
3.0
3.0
1.0
230.0
14.0
5.0
2.0
1.0
1.0
10.0
3.0
1.0
1.0
1.0
1.0
3.0
17.0
3.0
19.0
3.0
1.0
67.0
2.0
2.0
1.0
2.0
1.0
5.0
1.0
1.0
5.0
1.0
12.0
992.0
1.0
19.0
7.0
2.0
1.0
3.0
696.0
8.0
24.0
2.0
4.0
5.0
3.0
4.0
8.0
1.0
50.0
589.0
2.0
81.0
7.0
12.0
87.0
12.0
1.0
1651.0
59.0
86.0
4.0
8.0
2579.0
1.0
1.0
41.0
3.0
3.0
3.0
418.0
2.0
3.0
32.0
21.0
1.0
118.0
278.0
469.0
12.0
1.0
2.0
3.0
922.0
35.0
4.0
3.0
1.0
1.0
1.0
3.0
19.0
3.0
3.0
26.0
4.0
2.0
12.0
3.0
1.0
121.0
1.0
5.0
2.0
1.0
3.0
1.0
23.0
3.0
1.0
3.0
7.0
66.0
1.0
109.0
15.0
223.0
1.0
3.0
96559.0
9.0
8.0
1.0
5.0
1.0
2.0
1.0
727.0
3.0
4.0
1.0
1.0
417.0
3.0
3.0
51.0
873.0
2.0
3.0
2.0
1.0
9.0
47.0
2.0
199.0
65.0
1.0
1003.0
22.0
2.0
1.0
1.0
20.0
1.0
5.0
3.0
19.0
4.0
2.0
3.0
7.0
283.0
3.0
7.0
2.0
1.0
24.0
767.0
1456.0
1.0
39.0
24.0
1.0
2.0
2.0
918.0
1.0
1.0
1.0
1.0
1.0
372.0
4.0
2.0
1.0
1.0
1.0
3.0
3.0
2.0
10.0
1.0
3.0
1033.0
2.0
2.0
6.0
227.0
1.0
1.0
11.0
3.0
1.0
109.0
3.0
1.0
47.0
3.0
3.0
2.0
1.0
4.0
1.0
3.0
3.0
3.0
1.0
1.0
1.0
1048.0
3.0
3.0
3033.0
29.0
146.0
30.0
306.0
32.0
35.0
1.0
4.0
3.0
16.0
3.0
503.0
7629.0
7.0
8695.0
1.0
5.0
2.0
42.0
4.0
668.0
906.0
28.0
1.0
25.0
1.0
3.0
4.0
6.0
26.0
84.0
1.0
14.0
1.0
3.0
3.0
1.0
20.0
4.0
9.0
338.0
65.0
52.0
2.0
1.0
24.0
11.0
3.0
6.0
20.0
205.0
9.0
4.0
1.0
20.0
6.0
3.0
2.0
1.0
1.0
1.0
1.0
3.0
1.0
1184.0
2.0
28.0
288.0
1.0
15.0
37.0
37.0
1.0
48.0
13000.0
4.0
3.0
282.0
1.0
5.0
3.0
4.0
7.0
2.0
3.0
1.0
1.0
1.0
1.0
1.0
3.0
8.0
4.0
3.0
65.0
66.0
1.0
138.0
3.0
19.0
1.0
10.0
9.0
79.0
2.0
1.0
3114.0
1.0
12.0
73.0
3.0
20.0
23.0
2.0
5.0
225.0
1.0
2.0
1.0
11.0
64.0
3.0
6.0
3.0
2.0
1.0
1.0
3.0
1.0
3.0
1.0
9.0
3.0
41.0
3.0
3.0
1.0
5.0
1.0
102.0
10.0
1.0
3.0
3.0
1.0
10.0
2.0
1.0
15.0
9.0
1.0
1.0
289.0
24.0
1.0
104.0
4.0
12.0
2.0
1.0
1.0
1.0
5.0
174.0
2.0
9.0
1.0
32.0
2.0
3.0
21.0
1.0
160.0
66.0
1419.0
405.0
67.0
1.0
14.0
3.0
1.0
15.0
24.0
1.0
1.0
1.0
961.0
1179.0
304.0
1.0
2.0
3.0
8.0
3.0
7.0
13.0
1.0
19.0
8.0
32.0
11.0
2.0
1.0
2.0
8.0
1.0
231.0
1.0
2.0
2.0
1.0
1.0
3.0
8.0
111.0
1.0
1.0
1.0
66.0
2.0
3.0
345.0
3.0
1.0
741.0
4.0
157.0
10.0
58.0
398.0
8.0
1.0
297.0
866.0
85.0
12.0
2.0
2.0
3.0
3.0
200.0
24.0
3.0
1.0
3.0
7.0
16.0
27.0
1.0
133.0
952.0
6.0
2.0
20.0
11.0
13.0
6.0
1527.0
3.0
3.0
3.0
275.0
1.0
24.0
961.0
1.0
40.0
6.0
1.0
1.0
4.0
3.0
3.0
9758.0
33.0
677.0
1.0
5.0
23.0
4.0
2.0
1.0
2.0
1.0
1.0
1685.0
1.0
3.0
100.0
1701.0
9.0
2.0
67.0
3.0
79.0
716.0
1.0
1295.0
2.0
118.0
3.0
4.0
251.0
1.0
280.0
55.0
105.0
288.0
26.0
3.0
1.0
38.0
1.0
1042.0
178.0
3.0
3.0
1.0
2.0
3.0
1.0
1.0
122.0
3.0
1.0
1.0
2.0
1.0
6.0
20.0
2.0
2.0
3.0
2.0
14.0
54.0
3.0
3.0
149.0
55.0
292.0
1.0
8.0
4.0
2.0
9.0
1.0
3.0
19.0
9.0
3.0
617.0
3.0
1.0
1.0
2.0
2.0
1.0
1.0
338.0
2.0
2.0
2.0
14.0
4.0
1.0
2.0
3.0
1.0
3.0
3.0
6.0
16.0
1020.0
255.0
1.0
1.0
170.0
5.0
31.0
2.0
5.0
34.0
19.0
4.0
224.0
3.0
871.0
29.0
6.0
835.0
2.0
2.0
1.0
230.0
3.0
77.0
4.0
1.0
1.0
927.0
210.0
1.0
1.0
1.0
274.0
6.0
3.0
3.0
24.0
1.0
3.0
41.0
3.0
298.0
5.0
10.0
1272.0
2.0
878.0
182.0
1.0
35.0
1.0
370.0
3.0
7.0
1.0
1.0
3.0
1.0
1.0
1.0
3.0
1.0
18.0
596.0
1.0
71.0
4.0
86.0
2.0
1.0
4.0
102.0
22.0
96.0
1.0
504.0
3.0
22.0
146.0
1.0
2000.0
55.0
1.0
1.0
3.0
1.0
1.0
4.0
5.0
1.0
3.0
1.0
115.0
8.0
1.0
2360.0
3.0
2.0
7.0
3.0
31.0
247.0
38.0
2.0
482.0
324.0
2.0
257.0
1.0
25.0
203.0
45.0
22.0
26.0
67.0
2.0
42.0
19.0
3.0
2.0
2.0
389.0
6.0
7.0
1576.0
1.0
3.0
3.0
3.0
60.0
1359.0
2.0
11.0
7.0
1.0
46.0
5.0
1.0
30.0
3.0
6.0
3.0
3.0
1.0
202.0
55.0
3.0
76.0
9.0
15.0
4.0
2.0
1.0
12.0
19.0
7.0
1.0
8.0
1.0
29.0
203.0
62.0
2.0
1.0
9.0
10.0
48.0
3.0
82.0
7.0
2.0
3.0
1415.0
2.0
11.0
4.0
1.0
12.0
3.0
3.0
17.0
9.0
40.0
269.0
40.0
1.0
19.0
1.0
19.0
74.0
3.0
1.0
2.0
1.0
9.0
4.0
2.0
3.0
6.0
23.0
1.0
431.0
6.0
1.0
2.0
1.0
8.0
3.0
2.0
12.0
7.0
3.0
3.0
19.0
3.0
1.0
242.0
19.0
2.0
203.0
1.0
2.0
3.0
4.0
8.0
4.0
30.0
277.0
47.0
130.0
75.0
2013.0
1.0
4.0
94.0
4.0
4.0
2768.0
4.0
10.0
2.0
12.0
2.0
977.0
145.0
15.0
40.0
292.0
611.0
381.0
84.0
1.0
7.0
1.0
1.0
11.0
14.0
3.0
1.0
55.0
1.0
42.0
3.0
1.0
3.0
1.0
2.0
16.0
1.0
1.0
3.0
14.0
1.0
1.0
2.0
2.0
9.0
10.0
3.0
8.0
4.0
8.0
1.0
3.0
21.0
2.0
18.0
58.0
115.0
1.0
15.0
653.0
4487.0
1.0
5.0
2.0
4.0
1.0
680.0
1420.0
952.0
1018.0
6.0
3.0
1.0
2.0
5.0
72.0
24.0
695.0
2.0
1.0
1.0
7.0
5.0
26.0
4.0
1.0
97.0
1.0
5560.0
56.0
3026.0
1.0
2.0
1.0
8.0
1.0
1.0
3.0
10.0
1.0
2.0
44.0
800.0
8.0
1.0
4.0
1230.0
1.0
3.0
3828.0
67.0
16.0
1.0
1955.0
1.0
1.0
3.0
138.0
7.0
1.0
1888.0
2.0
5.0
55.0
3.0
3.0
2.0
1.0
2.0
2.0
1.0
3.0
19.0
9.0
162.0
567.0
1.0
1.0
5.0
514.0
3.0
1.0
8.0
30.0
148.0
8.0
9.0
3590.0
36.0
5.0
1.0
1.0
2880.0
106.0
1.0
2487.0
10.0
1.0
2.0
146.0
3.0
11.0
19.0
57.0
48.0
1.0
164.0
1.0
30.0
2.0
1.0
15.0
4.0
3.0
1.0
2.0
6.0
243.0
1.0
138.0
1.0
106.0
24.0
77.0
2.0
1.0
197.0
1.0
1052.0
691.0
3.0
29.0
97.0
1.0
9.0
35.0
3.0
1.0
2.0
1.0
3.0
14.0
773.0
26.0
15.0
1.0
2.0
4.0
1.0
241.0
320.0
29.0
1.0
292.0
589.0
40.0
2.0
3.0
3.0
7.0
2.0
23.0
5.0
6.0
1.0
3.0
3.0
33.0
438.0
282.0
3.0
12.0
43.0
2.0
4.0
1.0
3.0
1.0
1.0
2.0
2.0
5.0
1.0
14.0
445.0
1.0
3.0
24.0
1.0
1.0
19.0
3.0
68.0
3.0
4.0
1.0
3.0
282.0
1417.0
892.0
1.0
10.0
313.0
5.0
1.0
23.0
431.0
831.0
1.0
1.0
5.0
9.0
2.0
24.0
2.0
31.0
2.0
16.0
1.0
4.0
1.0
2.0
5.0
15.0
3.0
9366.0
16.0
2.0
3.0
1.0
724.0
6.0
4.0
288.0
289.0
16.0
2.0
55.0
2.0
1.0
6.0
3.0
3.0
595.0
3.0
46.0
3.0
1.0
1.0
3.0
1.0
3.0
9.0
976.0
3.0
1.0
3.0
1.0
6.0
1.0
11.0
1.0
14.0
21.0
10.0
1.0
2.0
2.0
1755.0
393.0
18.0
1.0
2.0
1.0
4.0
1.0
478.0
2401.0
361.0
5.0
24.0
1.0
714.0
3.0
3.0
1.0
237.0
23.0
1.0
13.0
1.0
6.0
18.0
211.0
338.0
1.0
676.0
75.0
315.0
108.0
493.0
4.0
1.0
3.0
3.0
1889.0
5.0
1.0
4.0
90.0
2.0
10.0
1.0
1.0
734.0
1.0
11.0
344.0
3.0
3.0
19.0
496.0
4.0
2.0
2.0
1.0
3.0
4.0
2.0
59575.0
1018.0
6.0
1.0
659.0
242.0
6.0
3.0
3.0
2.0
67.0
7.0
5.0
2.0
1.0
1.0
5.0
1.0
8.0
3.0
3.0
17.0
3.0
4.0
1.0
1.0
3.0
1.0
70.0
14.0
3.0
1.0
1.0
1.0
375.0
1.0
3.0
2.0
2.0
8.0
9.0
2.0
2.0
1.0
11.0
288.0
1.0
21.0
2.0
9.0
246.0
1.0
3.0
39.0
1.0
1.0
8.0
3.0
9.0
3.0
100.0
1.0
279.0
1.0
21.0
3147.0
2.0
1002.0
2.0
44.0
125.0
1.0
1.0
4.0
1.0
2.0
3.0
1.0
43.0
11.0
1.0
1.0
3.0
1.0
257.0
279.0
1.0
6.0
2.0
3.0
569.0
1.0
1.0
1.0
3.0
296.0
32.0
2.0
8.0
1.0
1106.0
1.0
2.0
8.0
1.0
1225.0
1.0
1.0
1.0
3.0
2.0
3.0
5164.0
113.0
1.0
28.0
19.0
10.0
205.0
3.0
4.0
1.0
371.0
1.0
3.0
1.0
3.0
4.0
3.0
3.0
2.0
1.0
3.0
1.0
33.0
2039.0
165.0
899.0
1.0
3.0
6.0
1.0
176.0
1.0
14.0
1.0
2.0
8.0
1.0
21.0
3.0
3.0
2.0
26.0
9.0
1.0
80.0
6.0
14.0
1.0
1.0
1400.0
3.0
221.0
737.0
351.0
7092.0
18.0
3.0
6.0
1.0
1.0
4.0
2.0
3.0
3.0
1399.0
3.0
4.0
107.0
495.0
3.0
1.0
3.0
1.0
19.0
6.0
447.0
3.0
286.0
2.0
1.0
3.0
2.0
1.0
21.0
1.0
3.0
6.0
1593.0
4.0
1.0
1.0
1.0
3.0
216.0
2.0
1.0
3.0
3.0
5.0
4.0
3.0
3.0
3.0
5.0
2.0
18630.0
103.0
25.0
1.0
1.0
3.0
3.0
1.0
1.0
3.0
2.0
1.0
774.0
801.0
725.0
4585.0
8.0
172.0
2.0
1.0
4.0
1.0
5.0
2.0
1.0
3.0
3.0
3.0
1.0
152.0
1.0
1.0
1.0
75.0
6.0
186.0
178.0
3.0
1.0
222.0
1.0
389.0
1.0
177.0
25.0
5.0
831.0
25.0
24.0
2.0
928.0
27.0
55.0
3.0
376.0
1.0
3.0
16.0
4.0
1.0
1.0
1.0
578.0
1.0
1.0
135.0
2.0
10.0
665.0
1.0
10.0
1.0
3.0
3.0
316.0
102.0
1.0
3.0
1.0
54612.0
4.0
7.0
4.0
1.0
18.0
3.0
111.0
26.0
4.0
1.0
1.0
28.0
1.0
9.0
14189.0
330.0
2.0
341.0
1.0
2.0
2.0
8.0
27.0
8.0
4.0
14.0
2.0
2.0
1.0
1903.0
8.0
4.0
2.0
8.0
1.0
24.0
1.0
3.0
1.0
1.0
4810.0
1.0
1.0
2.0
7.0
118.0
2.0
76.0
10.0
1.0
53.0
4.0
188.0
3.0
3.0
76.0
3.0
1.0
5.0
1.0
182.0
10.0
1288.0
142.0
26.0
1.0
3.0
3.0
1.0
5.0
1.0
1.0
620.0
22.0
351.0
1.0
3.0
19.0
97.0
3.0
3.0
1.0
14.0
100.0
24.0
2267.0
1.0
1.0
72.0
2.0
1.0
55.0
3.0
1.0
8.0
3.0
3.0
3.0
717.0
3989.0
1.0
5.0
1.0
1.0
288.0
3.0
40.0
3.0
1.0
3.0
4.0
32.0
7.0
2.0
2.0
8.0
3.0
268.0
1.0
19.0
14.0
51.0
1.0
22.0
13.0
90.0
714.0
35.0
9.0
253.0
158.0
1.0
8.0
3.0
137.0
19.0
2.0
24.0
2.0
4.0
17.0
1.0
3.0
2359.0
171.0
1.0
11.0
4.0
14.0
9.0
5.0
7.0
8.0
3.0
1.0
6.0
6.0
15.0
4.0
1.0
1.0
51.0
1.0
5.0
1.0
16.0
3.0
1018.0
35.0
4.0
2.0
1.0
1707.0
3.0
2.0
42.0
8.0
3.0
208.0
8.0
59.0
247.0
381.0
61.0
1.0
35.0
2.0
5441.0
38.0
6.0
3.0
55.0
1985.0
3.0
4.0
1.0
2.0
1.0
2.0
3.0
1.0
110.0
19.0
19.0
3.0
11.0
3.0
5.0
21.0
7.0
1.0
1.0
1.0
319.0
1.0
17.0
63.0
1080.0
17.0
722.0
1.0
33.0
3.0
281.0
3.0
8.0
11.0
119.0
13.0
105.0
1001.0
37.0
3.0
11.0
40.0
1.0
10.0
742.0
3.0
5.0
4.0
4.0
3.0
1.0
36.0
130.0
22.0
1.0
1.0
233.0
452.0
12.0
5.0
1.0
2.0
8.0
43.0
1.0
1.0
3.0
3.0
2.0
5.0
1.0
1246.0
1.0
1.0
3.0
2.0
2.0
65.0
288.0
21.0
242.0
3.0
298.0
2.0
3.0
120.0
1.0
1.0
241.0
5.0
18.0
1.0
2622.0
584.0
17.0
2.0
25.0
3.0
2.0
21.0
3.0
3.0
97.0
3.0
1.0
32.0
447.0
4.0
3.0
3.0
112.0
1.0
17.0
20.0
39.0
15.0
3.0
2305.0
19.0
15.0
6.0
1.0
3.0
13.0
6.0
74.0
1.0
1.0
1.0
3.0
5.0
2.0
30.0
9.0
24.0
2.0
1.0
2.0
1.0
8.0
2.0
1.0
1.0
24.0
2.0
2.0
1.0
9.0
14.0
338.0
1.0
12.0
3.0
3.0
5.0
282.0
3.0
10.0
1.0
3.0
1.0
359.0
3.0
1.0
8.0
70.0
2.0
22.0
1.0
5.0
1.0
1489.0
640.0
2.0
79.0
165.0
128.0
1995.0
4.0
1.0
1.0
16.0
292.0
6.0
856.0
1.0
1.0
8.0
1.0
1.0
1654.0
3.0
2.0
2.0
2.0
426.0
1035.0
11.0
3.0
565.0
1018.0
8.0
1.0
39.0
8.0
1.0
6.0
1.0
1.0
1.0
264.0
4.0
43.0
3.0
54.0
2.0
5.0
3.0
690.0
618.0
1.0
3.0
2.0
9.0
1.0
1.0
4.0
772.0
70.0
46.0
24.0
2.0
1.0
2.0
3.0
1.0
3.0
1.0
817.0
17.0
17.0
36.0
9.0
1.0
1.0
1.0
3.0
75.0
2.0
1930.0
1.0
10.0
3605.0
3.0
1.0
19.0
685.0
1.0
1.0
1.0
1.0
3182.0
1.0
2.0
2.0
5.0
1.0
3.0
3.0
3.0
8.0
445.0
630.0
1.0
7.0
109.0
1.0
1.0
1.0
6.0
29.0
1.0
4.0
2.0
1.0
316.0
6.0
1.0
2.0
1.0
1.0
44.0
15.0
3.0
1.0
14385.0
1.0
13.0
3.0
22.0
2.0
296.0
2.0
1.0
4.0
1.0
3411.0
6.0
129.0
5.0
1589.0
1.0
3.0
5.0
93.0
1.0
2.0
637.0
1.0
385.0
19.0
1.0
3.0
5.0
2.0
3.0
3.0
3.0
176.0
71.0
1.0
977.0
2.0
102.0
13.0
2.0
1.0
2.0
2.0
9.0
4.0
1.0
40.0
2.0
4.0
64.0
2279.0
301.0
611.0
3.0
3.0
12.0
16.0
1.0
117.0
6.0
717.0
3.0
1.0
8.0
1.0
22.0
1.0
1.0
8.0
132.0
4.0
4.0
122.0
24.0
2918.0
1.0
4.0
3.0
351.0
1.0
16.0
989.0
9.0
133.0
13.0
44.0
3.0
4.0
7.0
1.0
3.0
1.0
64.0
1.0
2.0
44.0
6.0
66.0
1.0
1.0
4.0
10.0
1.0
17.0
1.0
1.0
1.0
4.0
4.0
17.0
28.0
1.0
1.0
2.0
3.0
5.0
596.0
3.0
3.0
2.0
2.0
5.0
6.0
17.0
3.0
83.0
130.0
2.0
13.0
3.0
1090.0
748.0
2.0
2.0
157.0
1.0
1.0
1.0
1003.0
1.0
2.0
1.0
113.0
3.0
808.0
73.0
38.0
31.0
15.0
17.0
387.0
24.0
94.0
69.0
3.0
1.0
9.0
3.0
2.0
5.0
1.0
4.0
4.0
2.0
1018.0
1137.0
1.0
9.0
1.0
3.0
20.0
138.0
1.0
1.0
761.0
1.0
6.0
1.0
15.0
3.0
674.0
4066.0
3.0
9.0
1.0
92.0
157.0
1.0
3.0
1.0
16.0
1.0
3.0
2.0
1.0
6.0
4.0
7.0
1.0
1.0
93.0
5.0
4.0
1.0
3.0
23.0
9.0
1.0
125.0
1.0
2.0
161.0
1276.0
23.0
2.0
3.0
7.0
12.0
1.0
1.0
595.0
21.0
8.0
115.0
2.0
1.0
284.0
323.0
3.0
16.0
2.0
33.0
1.0
1.0
1.0
4.0
399.0
361.0
69.0
419.0
1.0
196.0
1.0
146.0
4.0
2.0
324.0
6.0
1.0
4.0
2.0
60.0
1.0
2.0
5.0
1.0
130.0
49.0
2.0
1.0
1392.0
1.0
611.0
1.0
3.0
6.0
4.0
8.0
231.0
8.0
5.0
1.0
3.0
6.0
549.0
9.0
2.0
1.0
5.0
7.0
351.0
19.0
8.0
1.0
14.0
1.0
1757.0
109.0
1575.0
7.0
1.0
3.0
1.0
3.0
1.0
14.0
14.0
5.0
1.0
3.0
1044.0
1.0
55.0
8.0
3.0
2.0
106.0
524.0
2.0
4.0
8.0
1.0
297.0
16.0
3.0
13.0
3.0
5.0
3.0
1.0
1.0
7038.0
3.0
5.0
801.0
19.0
1.0
3.0
2.0
8.0
3.0
3.0
1.0
1018.0
1.0
1.0
1.0
1.0
3.0
18.0
7.0
2.0
99.0
3.0
3.0
7.0
13.0
1.0
119.0
92.0
921.0
3.0
1.0
65.0
3.0
1.0
2.0
1.0
63.0
22.0
3.0
5.0
1.0
3.0
3.0
613.0
12.0
3.0
23.0
1.0
3.0
1.0
66.0
116.0
14.0
397.0
2.0
3.0
1.0
3.0
2.0
4.0
6.0
950.0
1.0
1.0
457.0
1.0
1.0
3.0
1.0
130.0
1.0
2.0
1.0
24.0
17.0
64.0
19.0
4.0
1.0
1.0
3.0
1.0
4150.0
3.0
18812.0
3.0
3.0
4.0
896.0
3.0
5.0
1.0
33.0
3.0
29.0
1.0
2.0
3.0
1.0
92.0
9.0
10.0
3.0
1.0
42.0
13.0
9.0
14.0
6.0
389.0
970.0
103.0
13.0
9.0
3.0
3.0
2.0
1.0
1.0
6.0
415.0
10.0
4.0
2032.0
2.0
3.0
39.0
74.0
1.0
1.0
1.0
9.0
2.0
41.0
30.0
2.0
3.0
1.0
54.0
11.0
40.0
53.0
152.0
751.0
9.0
6410.0
2.0
2.0
3.0
3.0
1.0
5.0
3.0
1.0
18.0
158.0
1.0
1.0
124.0
3.0
1.0
85.0
26.0
1.0
2.0
3.0
57.0
2.0
2.0
4.0
1.0
1.0
6.0
46.0
2.0
12.0
3.0
56.0
2.0
576.0
1.0
1365.0
1.0
43.0
1.0
143.0
1.0
3.0
701.0
1.0
31.0
3.0
17.0
1.0
3.0
225.0
9.0
6.0
8.0
2.0
351.0
1.0
3.0
5.0
11.0
1299.0
8.0
1.0
8.0
92.0
1.0
3.0
1544.0
351.0
2.0
3.0
2.0
3.0
4.0
5.0
5.0
260.0
2.0
9.0
5.0
1.0
1.0
3.0
201.0
1.0
11.0
4.0
2.0
6.0
2.0
1.0
1.0
2.0
11.0
1.0
50.0
3.0
1.0
1.0
257.0
2.0
458.0
1.0
3.0
2.0
3.0
1232.0
1.0
1110.0
5.0
24.0
5.0
1.0
19.0
1.0
8.0
1.0
2.0
58.0
10.0
1.0
9.0
44.0
1.0
1.0
3.0
16.0
3.0
168.0
1.0
434.0
3.0
3.0
1.0
18.0
11.0
8.0
23.0
5.0
5.0
8.0
8.0
2789.0
14.0
47.0
3.0
3.0
1.0
282.0
1.0
1.0
51.0
1.0
1.0
2.0
17.0
1799.0
1.0
44.0
39.0
596.0
8.0
1.0
3.0
1.0
4.0
1.0
2.0
4.0
1.0
1018.0
88.0
33.0
1.0
4.0
10.0
1.0
1.0
1.0
3.0
2.0
15.0
16.0
74.0
5.0
113.0
3.0
132.0
18.0
1.0
6.0
36.0
2.0
276.0
8.0
1.0
3.0
4.0
1417.0
2.0
2.0
3.0
9.0
1.0
6.0
3.0
1.0
37.0
16.0
1.0
2.0
1.0
1.0
3.0
7.0
1.0
2.0
7.0
2.0
3.0
27.0
3.0
1.0
2.0
1.0
13.0
4.0
2.0
3.0
1.0
1.0
1.0
45.0
2.0
1.0
3.0
840.0
3.0
2.0
1.0
3.0
3.0
3.0
3.0
612.0
4.0
1.0
3.0
2.0
3.0
1413.0
18.0
3.0
21.0
12.0
1.0
1.0
3.0
1.0
1.0
2.0
2.0
5.0
28.0
29.0
508.0
1.0
2.0
1.0
477.0
3.0
3.0
13.0
3.0
3.0
3.0
1.0
11.0
1.0
7.0
11.0
1.0
3.0
1.0
1.0
82.0
17.0
14.0
404.0
596.0
1.0
2.0
1.0
3.0
3.0
6.0
1.0
3.0
27.0
1708.0
3.0
3.0
58.0
4.0
1832.0
2.0
31.0
365.0
242.0
2.0
306.0
3.0
3.0
1.0
3.0
1.0
19241.0
107.0
3.0
1.0
1.0
2.0
17798.0
144.0
34.0
83.0
1.0
152.0
2.0
282.0
471.0
1.0
4.0
5.0
7.0
4.0
2.0
36.0
19.0
2.0
1514.0
1.0
17.0
1.0
2.0
4.0
2.0
4.0
301.0
1.0
9.0
457.0
1.0
1.0
1.0
516.0
1.0
1.0
2.0
9.0
845.0
1.0
3.0
7.0
5.0
1.0
3.0
8.0
7.0
2.0
6.0
13.0
271.0
94.0
25.0
9.0
3.0
3.0
45.0
563.0
282.0
5.0
1.0
12.0
4.0
3.0
9.0
117.0
3.0
161.0
14.0
3.0
1.0
11.0
1.0
282.0
6.0
65.0
14.0
8542.0
990.0
3289.0
1.0
157.0
132.0
45.0
93.0
7129.0
7.0
5.0
1.0
7119.0
12.0
10.0
1.0
4309.0
1.0
3.0
65.0
2.0
5.0
1.0
144.0
27.0
7.0
1.0
1.0
1.0
282.0
351.0
19.0
1.0
3.0
4.0
1.0
11.0
10.0
3.0
5.0
1.0
1.0
5.0
1.0
3.0
1.0
12244.0
22.0
1.0
2.0
1.0
2.0
1.0
55.0
2.0
8.0
40.0
1.0
171.0
292.0
2.0
457.0
3.0
9.0
1.0
8.0
3.0
49.0
3.0
1.0
1.0
1.0
2.0
1.0
212.0
24.0
21.0
10.0
1.0
5.0
3.0
1.0
1.0
1322.0
23.0
58.0
661.0
27.0
2.0
2.0
1.0
1.0
2.0
9.0
5.0
23.0
10.0
72.0
4.0
4799.0
1.0
6.0
463.0
2.0
3.0
228.0
994.0
1.0
11.0
1.0
117.0
1.0
2.0
238.0
1789.0
1.0
19.0
3.0
2.0
1873.0
3.0
4.0
3.0
972.0
3.0
1.0
2.0
1399.0
351.0
3.0
1.0
3.0
3.0
3.0
12.0
50.0
54.0
61.0
3.0
5.0
1.0
1.0
4.0
34.0
480.0
3.0
1.0
2.0
1.0
1.0
4.0
1.0
3.0
3.0
9.0
5.0
2.0
9.0
1793.0
1.0
1.0
216.0
3.0
3.0
4.0
17.0
539.0
135.0
1378.0
5.0
1.0
1.0
11.0
25.0
1.0
1.0
22.0
3.0
1.0
3.0
1.0
1.0
5.0
496.0
34.0
7.0
3.0
14.0
23.0
14.0
3.0
31.0
3.0
2.0
2.0
1.0
3.0
177.0
1.0
67.0
28.0
22.0
1.0
17.0
117.0
2.0
187.0
497.0
36.0
41.0
1.0
3.0
42.0
3.0
3.0
3.0
2.0
3.0
3.0
3.0
1.0
3070.0
10.0
19.0
2.0
73.0
12.0
1.0
3.0
4.0
4.0
3.0
36.0
2.0
13.0
1.0
1.0
1.0
4.0
16.0
2687.0
1.0
19.0
3.0
77.0
1.0
4.0
351.0
1.0
9.0
2.0
1.0
12.0
2.0
2.0
1.0
1.0
1.0
95.0
4.0
14.0
8.0
65.0
4.0
154.0
1.0
6.0
17.0
1.0
6.0
13.0
3.0
3.0
85.0
1.0
4.0
33.0
360.0
1.0
72.0
2.0
365.0
2.0
3.0
6.0
22.0
4.0
4.0
56.0
1.0
9747.0
199.0
5.0
3.0
539.0
45.0
1.0
3.0
1.0
3.0
161.0
43.0
555.0
7.0
4.0
5.0
4.0
428.0
20.0
282.0
1.0
15.0
9.0
8.0
7.0
1.0
2.0
1.0
1.0
1.0
1.0
1782.0
5.0
1.0
1.0
3.0
6.0
5.0
16.0
978.0
3.0
146.0
1.0
1.0
2.0
3.0
1.0
1.0
9.0
16.0
103.0
12.0
126.0
3.0
2.0
34.0
46.0
9.0
3.0
102.0
390.0
1188.0
1.0
128.0
1.0
3.0
1.0
463.0
7.0
1.0
737.0
8.0
29.0
1.0
4.0
3.0
68.0
3.0
30.0
8.0
1.0
55.0
1.0
3.0
33.0
3.0
134.0
105.0
7.0
1.0
19.0
6.0
2.0
13.0
427.0
2.0
3.0
1.0
1.0
1537.0
26.0
3.0
10.0
24.0
1761.0
14.0
1.0
3.0
1.0
59.0
58.0
1.0
1.0
4.0
42.0
1.0
3.0
2.0
217.0
3.0
285.0
1.0
1.0
1.0
90.0
8.0
1.0
3.0
58.0
3.0
238.0
697.0
1735.0
2.0
3.0
33.0
1.0
3.0
1286.0
3.0
6624.0
2.0
17.0
26.0
1.0
5.0
6.0
1.0
2.0
3.0
1.0
22.0
8.0
2.0
158.0
1.0
1.0
4.0
32.0
77.0
24.0
7.0
2.0
41.0
2.0
1.0
49.0
4.0
17.0
1096.0
1.0
2.0
51.0
3.0
8.0
8.0
13.0
2.0
3.0
1.0
1.0
13.0
2.0
238.0
7.0
1.0
611.0
1.0
2.0
3.0
3.0
2.0
5.0
3.0
9.0
13.0
8.0
2.0
1.0
4.0
3.0
35.0
3.0
25.0
2.0
3.0
1.0
3.0
10.0
3.0
69.0
6.0
1.0
3.0
9.0
1.0
1037.0
218.0
30.0
9.0
4.0
2.0
1.0
9.0
49.0
1.0
20.0
1.0
2.0
36.0
12.0
3.0
4.0
2.0
1.0
3.0
3.0
2.0
1.0
3.0
2.0
45.0
24.0
3.0
14.0
9.0
329.0
1.0
20.0
3.0
515.0
10.0
1.0
3.0
109.0
948.0
21.0
373.0
3.0
3472.0
8.0
8.0
1.0
3.0
1.0
1.0
361.0
3.0
1.0
1.0
252.0
728.0
3.0
1.0
62.0
1.0
2.0
69.0
4.0
71.0
338.0
590.0
21.0
1.0
1.0
3.0
9.0
4.0
24.0
1.0
1.0
672.0
3.0
4.0
152.0
1.0
1.0
1.0
48.0
1.0
2.0
20.0
17.0
2.0
13.0
1.0
3.0
1.0
3.0
14.0
3.0
10.0
3.0
2.0
101.0
1925.0
20.0
1.0
9.0
4.0
318.0
1.0
1.0
1.0
596.0
1.0
6.0
6.0
10.0
3.0
29.0
149.0
74.0
1.0
2.0
3.0
1085.0
83.0
154.0
1.0
3.0
21.0
3.0
3.0
8.0
23.0
1.0
3.0
2.0
1.0
4.0
1.0
3.0
176.0
1.0
5.0
1.0
30.0
3.0
8.0
9.0
553.0
66.0
1.0
1165.0
13149.0
3.0
23.0
417.0
3.0
6.0
9.0
3.0
2.0
3.0
1.0
990.0
3.0
5.0
5.0
3.0
2.0
38.0
1.0
3.0
1.0
1.0
9.0
3.0
3.0
3.0
7.0
11.0
1.0
4.0
2.0
1.0
8.0
3.0
36.0
2.0
24.0
2.0
4.0
1729.0
18.0
36.0
2.0
1.0
1.0
1575.0
1.0
6.0
14.0
2.0
4.0
1.0
3.0
4.0
351.0
1.0
20.0
1.0
1.0
5.0
22.0
1.0
82.0
2.0
4707.0
16.0
16.0
113.0
1.0
3.0
3.0
1.0
152.0
1.0
3.0
2.0
57.0
8.0
1.0
1123.0
1.0
1.0
238.0
5.0
487.0
3.0
1.0
1225.0
3.0
3.0
4452.0
1.0
1.0
3.0
5.0
565.0
1.0
14.0
649.0
5.0
1.0
107.0
12.0
14.0
3.0
8.0
1.0
3.0
1.0
51.0
107.0
1.0
553.0
30.0
1102.0
1.0
44.0
4.0
134.0
14.0
3.0
24.0
1.0
8.0
161.0
36.0
90.0
11795.0
10.0
5.0
1.0
14007.0
1.0
1.0
1.0
1.0
2.0
1.0
3.0
73.0
1040.0
1.0
99.0
1.0
1.0
23.0
1.0
10.0
1.0
3.0
3.0
885.0
5.0
3.0
2.0
31.0
1.0
9.0
17.0
1.0
9.0
3.0
64.0
37.0
1.0
3.0
1.0
1.0
3.0
3.0
6429.0
118.0
314.0
9.0
5.0
1.0
172.0
1.0
2.0
1.0
59.0
5.0
3.0
1.0
44.0
92.0
1.0
1.0
91.0
1.0
24.0
2.0
198.0
1.0
45.0
45.0
93.0
1.0
390.0
9.0
1.0
2.0
563.0
6.0
38.0
17.0
1.0
63.0
3.0
359.0
4.0
1.0
21.0
338.0
20.0
1094.0
3.0
3.0
3.0
102.0
1.0
7.0
442.0
112.0
1.0
634.0
16.0
500.0
5.0
1.0
2.0
1058.0
8.0
809.0
1.0
19.0
26.0
4.0
4.0
1.0
4.0
3.0
3.0
18713.0
30.0
1.0
1.0
5.0
2.0
3.0
50.0
8.0
1703.0
336.0
1.0
3.0
261.0
36.0
1.0
99.0
78.0
9.0
2.0
1.0
445.0
701.0
2.0
2.0
1.0
35.0
245.0
11.0
3.0
5.0
57.0
2.0
9.0
1.0
3.0
37.0
19.0
54.0
3.0
16.0
3.0
1.0
6.0
1.0
1.0
1.0
1.0
103.0
34.0
1.0
2.0
351.0
3.0
943.0
3.0
14.0
7.0
1.0
1.0
25.0
8.0
4.0
5.0
19.0
3.0
3.0
13.0
4.0
3.0
9.0
1.0
1.0
177.0
18.0
152.0
14.0
2.0
65.0
110.0
3.0
8.0
2.0
1.0
2.0
4.0
1.0
124.0
1.0
34.0
1726.0
961.0
3.0
18.0
7.0
24.0
1.0
1.0
1081.0
101.0
4.0
93.0
1.0
41.0
1.0
2.0
3.0
4444.0
1.0
1.0
3.0
11.0
2845.0
1.0
540.0
3.0
110.0
1.0
45.0
2.0
2.0
711.0
377.0
51.0
69.0
66088.0
11.0
1.0
1.0
1.0
250.0
1.0
1.0
2.0
1.0
3.0
839.0
1.0
167.0
5.0
3.0
2.0
1376.0
1.0
184.0
4.0
64.0
34.0
1.0
2.0
3.0
1.0
1.0
72.0
216.0
3.0
862.0
7.0
7.0
1.0
1.0
2.0
1.0
1.0
6.0
3.0
55.0
14.0
1105.0
1.0
126.0
1.0
54.0
1.0
3.0
39.0
1.0
7.0
3.0
3.0
5.0
1.0
3.0
67.0
5.0
838.0
1048.0
3.0
56.0
3.0
3.0
3.0
87.0
24.0
1194.0
3.0
2.0
14.0
280.0
1764.0
2.0
23.0
110.0
3.0
138.0
3.0
1048.0
400.0
1723.0
8070.0
369.0
1.0
2.0
10.0
9.0
1.0
3.0
3.0
1.0
159.0
3.0
4.0
6.0
1.0
9.0
2.0
3.0
2.0
1.0
98.0
8.0
3.0
446.0
40.0
59.0
129.0
3.0
10.0
85.0
1.0
1.0
5.0
3.0
11.0
1.0
65.0
574.0
1.0
2.0
1.0
4351.0
17.0
3.0
62.0
1.0
1.0
1.0
1.0
65.0
3.0
1.0
1.0
16.0
47.0
3.0
1102.0
65.0
72.0
1.0
3.0
1.0
4.0
2.0
1002.0
1053.0
1.0
863.0
1.0
106.0
21.0
1.0
1.0
2.0
6.0
6.0
2.0
1.0
14.0
1.0
23.0
1.0
1.0
3.0
1.0
2576.0
737.0
2.0
3.0
4.0
1102.0
5707.0
1.0
1.0
351.0
3.0
9.0
2.0
9.0
6.0
3.0
160.0
16.0
1.0
6.0
3.0
270.0
19.0
3.0
3.0
2.0
1.0
1.0
13.0
1.0
2.0
7.0
65.0
4.0
8.0
48.0
3.0
1.0
3.0
19.0
729.0
235.0
1081.0
436.0
1.0
6.0
1.0
25.0
3.0
351.0
3.0
7.0
3.0
1.0
12.0
1.0
8.0
3.0
1.0
3.0
1.0
1.0
3.0
3.0
5.0
59.0
3.0
1.0
336.0
1.0
16.0
542.0
3.0
8.0
2.0
1.0
1.0
940.0
2.0
853.0
7.0
10.0
16.0
42.0
1.0
1.0
2.0
6.0
1.0
1.0
4.0
1.0
1025.0
99.0
22.0
1183.0
120.0
1.0
4.0
10.0
1.0
3.0
2123.0
69.0
1.0
2.0
8.0
10.0
2.0
75.0
1.0
8.0
1151.0
7.0
9.0
3.0
1.0
924.0
134.0
1.0
1.0
2.0
19.0
1.0
19.0
14.0
3620.0
1.0
24.0
163.0
4.0
1611.0
8.0
3584.0
24.0
1.0
7.0
8.0
4.0
1.0
33.0
1.0
34.0
1.0
1.0
5.0
2.0
91.0
157.0
1.0
1.0
2.0
1.0
16.0
3.0
1.0
3.0
2.0
2.0
1.0
364.0
3.0
9.0
1.0
1.0
9.0
1.0
1.0
3.0
17.0
2.0
16.0
157.0
1048.0
3.0
82.0
2.0
2.0
24.0
1.0
2.0
1.0
3.0
797.0
24.0
5.0
26.0
138.0
2.0
1.0
2.0
16.0
24.0
403.0
1.0
2.0
1123.0
12.0
3.0
14.0
13.0
3.0
5.0
3.0
1.0
1016.0
2.0
1.0
79.0
3.0
7.0
3.0
1.0
2.0
82.0
51.0
1.0
2.0
47.0
10.0
138.0
331.0
1.0
1.0
1.0
5.0
2.0
4.0
1.0
48.0
15.0
1.0
1.0
1.0
2.0
1.0
688.0
3.0
4.0
3.0
3.0
1.0
239.0
1.0
2.0
56.0
2.0
2005.0
7.0
14.0
2.0
2.0
2.0
293.0
1.0
1.0
7.0
1.0
2.0
523.0
1.0
3.0
3.0
269.0
1317.0
12.0
7.0
1.0
1429.0
1018.0
1.0
2.0
21.0
577.0
3.0
797.0
4.0
3.0
4.0
2.0
1.0
937.0
8.0
1.0
11.0
1.0
1.0
3.0
2.0
1.0
9.0
41.0
7.0
16.0
6.0
293.0
618.0
1.0
1.0
103.0
3.0
3.0
212.0
309.0
2.0
3.0
3.0
3.0
1.0
6.0
1.0
1.0
1.0
12.0
7.0
2.0
3.0
948.0
3.0
3.0
801.0
65.0
3.0
3.0
1.0
7.0
168.0
31.0
3.0
4.0
1.0
3.0
131.0
2.0
1.0
7.0
9.0
7.0
1.0
1.0
1.0
4.0
4.0
1.0
8.0
80.0
3.0
65.0
23.0
2.0
1.0
3.0
2.0
20.0
1.0
3.0
1.0
3.0
1.0
3.0
245.0
524.0
1.0
674.0
23.0
10.0
6.0
65.0
3.0
1.0
52.0
87.0
17.0
3.0
1.0
28.0
300.0
11.0
41.0
1.0
3.0
36.0
3.0
1.0
2.0
2.0
2.0
839.0
1.0
282.0
12.0
3.0
3.0
2.0
1.0
1.0
59.0
3.0
1.0
2.0
36.0
5.0
7.0
9.0
1.0
1076.0
3.0
3.0
2.0
1.0
3.0
2.0
9.0
2.0
2757.0
1.0
28.0
1.0
1.0
2.0
1.0
2.0
3.0
5.0
3.0
4.0
1.0
5.0
3.0
6.0
321.0
288.0
1.0
211.0
5.0
10.0
1.0
18.0
3.0
3.0
1704.0
21.0
3.0
1.0
243.0
18.0
182.0
10.0
2.0
1.0
2.0
2.0
8.0
1.0
39.0
16.0
1.0
1.0
8.0
3.0
99.0
8.0
288.0
4.0
3.0
1.0
590.0
288.0
5.0
351.0
102.0
3.0
19.0
4.0
1.0
1.0
8.0
888.0
128.0
3.0
639.0
3.0
25.0
5.0
1.0
1.0
24.0
9.0
1.0
16.0
1.0
4.0
75.0
29.0
163.0
1.0
26.0
5.0
1.0
2.0
9.0
3.0
2.0
1.0
3.0
1.0
2.0
427.0
9.0
3.0
3.0
96.0
15.0
2.0
3.0
16.0
780.0
1.0
22.0
15.0
16.0
102.0
4.0
5.0
2.0
1.0
9.0
13.0
12.0
1.0
40.0
5.0
2.0
1.0
2.0
31.0
4.0
440.0
1.0
8.0
7.0
1.0
3.0
4.0
30.0
1.0
3.0
1.0
10.0
1.0
2.0
1.0
8.0
3.0
334.0
596.0
3.0
2.0
72.0
3.0
1.0
368.0
9.0
2.0
1.0
2.0
3.0
1.0
2.0
3.0
1.0
1.0
25.0
3.0
4.0
15.0
3.0
4.0
3.0
12.0
3.0
1.0
463.0
3.0
1.0
2.0
6.0
1.0
19.0
1.0
594.0
1.0
3.0
1.0
10.0
9.0
9.0
2.0
1.0
232.0
1.0
3.0
1.0
6.0
36.0
2.0
1.0
3.0
13.0
15.0
1.0
7.0
3470.0
1.0
509.0
2.0
1.0
250.0
29463.0
5.0
498.0
3.0
1.0
17.0
10.0
1.0
1.0
452.0
2.0
382.0
16.0
3.0
2663.0
1.0
99.0
671.0
3.0
241.0
19.0
21.0
1.0
1.0
3.0
19.0
3.0
13.0
24.0
13.0
3.0
2.0
2.0
2.0
1.0
2.0
1.0
74.0
5.0
72.0
351.0
11.0
3.0
2.0
3.0
3.0
187.0
1.0
3.0
21.0
2.0
1.0
1.0
1.0
965.0
1.0
24.0
6.0
1.0
3.0
77.0
7.0
223.0
7.0
1060.0
1.0
6.0
1.0
2.0
1.0
2.0
1.0
2.0
2.0
221.0
36.0
1.0
7.0
29.0
63.0
3.0
2.0
69.0
4.0
34.0
47.0
2.0
3.0
1.0
1.0
24.0
549.0
2.0
46.0
33.0
3.0
2.0
64.0
1.0
1.0
14.0
3.0
1.0
28.0
6.0
9.0
1.0
4.0
4.0
34509.0
4.0
3.0
4536.0
1.0
39.0
336.0
2.0
5177.0
4.0
2.0
1.0
1.0
1.0
22.0
1862.0
1.0
4.0
86.0
6.0
1.0
5.0
14220.0
23.0
3.0
1.0
37.0
3.0
38.0
51.0
1.0
7.0
4.0
8.0
9.0
15.0
1.0
31.0
375.0
4.0
3.0
43.0
1.0
25.0
4.0
1237.0
1.0
1.0
13818.0
1841.0
28.0
35.0
1.0
4.0
1.0
1342.0
4.0
1.0
20.0
10.0
9.0
10.0
200.0
1.0
203.0
5.0
3.0
1.0
8.0
2.0
1.0
3.0
2.0
3.0
1.0
5.0
989.0
6.0
10.0
8.0
55.0
8.0
1.0
3.0
1.0
7.0
10.0
1.0
5.0
65.0
357.0
7.0
65.0
8.0
3.0
80.0
56.0
11.0
351.0
3.0
961.0
8.0
3.0
7.0
4.0
1.0
157.0
103.0
1.0
3029.0
53.0
5.0
1.0
1.0
4.0
99.0
1.0
12.0
1.0
4.0
3.0
14.0
3.0
11.0
2.0
36.0
3.0
119.0
1.0
1.0
1.0
3.0
1.0
4.0
8.0
18.0
34.0
3.0
211.0
58.0
1.0
1.0
14.0
4.0
1.0
1.0
24.0
73.0
3.0
4.0
3.0
1.0
30.0
1427.0
6.0
24.0
1.0
1.0
351.0
3.0
7.0
257.0
1.0
24.0
5.0
99.0
7.0
3.0
5.0
3.0
256.0
294.0
2.0
3.0
7.0
397.0
289.0
6.0
2.0
1.0
58.0
97.0
136.0
9.0
9.0
19.0
2569.0
14.0
5.0
6.0
2.0
367.0
12.0
3.0
4.0
24.0
338.0
135.0
2.0
129.0
2.0
1.0
227.0
1987.0
1.0
1.0
3.0
2.0
3.0
1.0
4.0
1.0
2.0
668.0
3.0
2.0
1464.0
21.0
1.0
1.0
1.0
10.0
39.0
48.0
11.0
3.0
55.0
3.0
1.0
1.0
152.0
16.0
1.0
1.0
51.0
11.0
60.0
6998.0
3.0
14.0
1.0
8.0
59.0
3679.0
5699.0
5.0
42.0
1.0
1032.0
1.0
3.0
3.0
18.0
23.0
2.0
1.0
484.0
31.0
1.0
3.0
2.0
3.0
2.0
22.0
4.0
3.0
1.0
805.0
779.0
5302.0
296.0
33.0
1.0
144.0
1.0
341.0
21.0
8.0
80.0
1.0
1.0
1.0
3.0
3.0
6.0
1111.0
4.0
3.0
12.0
11.0
39.0
1.0
2.0
14.0
3.0
3.0
24.0
12.0
18.0
2.0
3.0
76.0
1.0
1.0
23.0
1.0
24.0
1.0
11.0
2.0
44.0
3.0
4314.0
2.0
3.0
2.0
1.0
5.0
1.0
73.0
1750.0
2.0
7.0
1.0
2.0
1.0
1.0
1.0
6.0
12.0
1.0
8.0
3.0
1.0
3.0
4.0
3.0
1.0
1.0
1.0
95.0
15.0
1.0
1.0
27.0
54.0
93.0
1.0
56.0
3.0
35.0
9.0
10.0
5.0
178.0
4.0
2.0
1949.0
21.0
1.0
3.0
2.0
1.0
710.0
1.0
1.0
10.0
1.0
40.0
9.0
2.0
238.0
548.0
118.0
1.0
25.0
9.0
1.0
20.0
1.0
136.0
7315.0
3.0
14.0
3.0
1.0
65.0
8.0
18.0
33.0
9.0
1.0
1.0
2.0
12.0
7.0
1.0
1.0
128.0
44.0
1.0
1.0
4.0
2.0
7.0
1.0
17.0
5.0
1.0
5.0
3.0
1.0
2.0
1.0
6.0
3.0
1.0
3.0
3.0
8.0
5.0
3.0
3.0
1.0
267.0
41.0
2.0
6.0
1.0
13.0
3.0
250.0
8.0
11.0
5.0
7.0
126.0
224.0
1184.0
2.0
2.0
1.0
282.0
1867.0
1.0
6.0
226.0
4.0
108.0
2.0
3.0
1.0
8.0
50.0
6598.0
9.0
1.0
3.0
1.0
142.0
19.0
7.0
3.0
3.0
3.0
6.0
382.0
2.0
3.0
257.0
3.0
65.0
82.0
1.0
1.0
18.0
4.0
14.0
7.0
274.0
1.0
8.0
7.0
1.0
1.0
4.0
877.0
1.0
232.0
3.0
35.0
7.0
299.0
7.0
271.0
167.0
3.0
4.0
1773.0
11.0
3.0
1299.0
2.0
1.0
8.0
1.0
1.0
105.0
94.0
3.0
1078.0
4.0
11.0
4741.0
1.0
3.0
9.0
2.0
1.0
2.0
338.0
48.0
18.0
1.0
8.0
143.0
353.0
1.0
15.0
9.0
39.0
330.0
596.0
1.0
86.0
3.0
4.0
1.0
7.0
1.0
937.0
1.0
2.0
3.0
2.0
11.0
66800.0
2.0
366.0
23.0
106.0
7.0
1.0
13.0
3.0
1.0
288.0
2.0
22.0
1.0
298.0
2435.0
3.0
1.0
2.0
3.0
240.0
3.0
1.0
69.0
338.0
82.0
3.0
31.0
1.0
8.0
2.0
19.0
36.0
3.0
1.0
1.0
6.0
24.0
1.0
1.0
2.0
2.0
1.0
2.0
1.0
3.0
1.0
12.0
14.0
1.0
565.0
1.0
13.0
6.0
4.0
1.0
3.0
2738.0
33.0
7.0
34.0
1.0
24.0
3.0
1.0
1.0
2.0
1.0
4.0
29.0
1659.0
5.0
798.0
4.0
1280.0
2.0
4.0
2.0
1735.0
5.0
1.0
2.0
3.0
470.0
7.0
1.0
16.0
2.0
16.0
69.0
1.0
2.0
2508.0
1.0
21.0
18.0
9.0
3.0
2.0
1.0
2.0
3.0
2.0
3.0
9.0
1.0
8.0
8.0
36.0
1.0
1.0
2013.0
3.0
1.0
1302.0
86.0
9.0
4.0
20.0
1.0
1.0
22.0
3.0
3.0
1394.0
8.0
1.0
1.0
354.0
9.0
1.0
19.0
2.0
50.0
1789.0
7.0
1.0
5.0
1.0
43.0
1385.0
2.0
28.0
4.0
1.0
1.0
696.0
3.0
2.0
1.0
29.0
1.0
1.0
5.0
4.0
1.0
3.0
3.0
4.0
14954.0
5.0
161.0
4.0
894.0
3.0
2.0
2.0
118.0
313.0
10.0
7.0
3430.0
4.0
6.0
125.0
1.0
1.0
2.0
22.0
1.0
76.0
2.0
2.0
24.0
2.0
24.0
1.0
10.0
3.0
7.0
4.0
1.0
8.0
73.0
3.0
4.0
19.0
7.0
1.0
35.0
22.0
1.0
30.0
14.0
3.0
2.0
233.0
1.0
1.0
133.0
138.0
7.0
3.0
1.0
1.0
6.0
295.0
1.0
2.0
4.0
64.0
17.0
1.0
4.0
1.0
1.0
492.0
24.0
1551.0
2.0
674.0
4.0
8.0
98.0
1.0
1.0
1.0
3.0
52.0
14.0
1.0
3.0
5.0
3.0
3.0
3.0
1.0
1.0
35.0
1.0
3.0
3.0
1743.0
3.0
271.0
1.0
1.0
69.0
142.0
3.0
1.0
3.0
5.0
292.0
19.0
1.0
1.0
30.0
4.0
2.0
76.0
50.0
367.0
5.0
117.0
1.0
1.0
95.0
1.0
1.0
677.0
3.0
11.0
123.0
8.0
48.0
74328.0
3.0
1.0
2.0
1.0
1.0
1.0
1.0
1.0
6.0
8.0
64.0
1.0
19.0
5.0
2057.0
1.0
8.0
1002.0
581.0
1.0
28.0
3.0
19.0
4.0
3.0
5.0
25.0
1.0
5.0
26.0
1.0
5.0
6.0
4.0
1.0
17.0
5.0
1.0
3.0
1.0
5.0
2291.0
2.0
24.0
13.0
38.0
7.0
9.0
34.0
1.0
3.0
1.0
3.0
1.0
1.0
69.0
2.0
201.0
1.0
3.0
4.0
3.0
1.0
3.0
1.0
1.0
59.0
4.0
3.0
1.0
1957.0
23.0
3.0
3.0
3.0
1.0
2.0
9.0
1.0
6.0
1.0
2.0
3.0
4.0
2.0
1.0
5.0
3.0
2.0
1.0
65.0
3.0
3.0
4.0
18.0
3.0
1.0
30.0
8.0
106.0
102.0
1.0
3.0
1.0
4.0
7.0
1.0
2.0
3.0
3.0
228.0
12.0
2.0
97.0
1.0
1.0
3.0
1.0
927.0
1.0
17.0
1.0
2.0
3.0
3.0
3.0
6.0
1.0
1.0
3.0
48.0
1.0
470.0
36.0
16.0
1.0
2095.0
59.0
401.0
196.0
19.0
1.0
132.0
1.0
1.0
376.0
2.0
1098.0
1.0
30.0
261.0
4.0
15.0
3.0
189.0
75.0
55.0
8.0
1.0
324.0
3.0
542.0
47.0
242.0
810.0
2.0
3.0
1.0
1.0
3.0
4.0
1353.0
1.0
3.0
461.0
498.0
21.0
1.0
1.0
6.0
1514.0
1.0
3.0
3.0
2.0
1.0
8.0
3.0
168.0
3.0
165.0
68.0
3.0
1.0
3.0
2.0
1.0
1.0
16.0
58.0
4.0
2.0
3.0
9.0
1.0
1.0
3.0
3.0
427.0
8.0
1.0
3.0
6.0
3.0
2.0
5.0
7.0
41.0
63.0
9.0
1.0
189.0
1.0
9.0
17.0
3.0
63.0
1.0
136.0
69.0
1.0
5.0
87.0
3.0
2.0
944.0
1.0
1.0
3.0
1.0
99.0
3.0
236.0
1.0
1.0
576.0
2645.0
1.0
374.0
19.0
1.0
1.0
1.0
5.0
1.0
18.0
1.0
3.0
3.0
4.0
11.0
1.0
1.0
23.0
1.0
3.0
106.0
17.0
3.0
5418.0
2.0
2.0
3.0
30.0
451.0
3.0
2.0
3.0
1.0
18.0
1.0
369.0
3.0
1.0
617.0
7.0
2.0
3.0
1084.0
14.0
5.0
1.0
10.0
763.0
2.0
26.0
10.0
3.0
2.0
1.0
15.0
19.0
1.0
104.0
13.0
256.0
1.0
13.0
16.0
3.0
1.0
323.0
3.0
7.0
3.0
3.0
26.0
27.0
1134.0
22.0
3.0
1.0
1.0
3.0
21.0
2.0
237.0
2.0
2.0
4.0
1.0
1.0
35.0
3252.0
1133.0
3.0
4.0
1.0
15.0
2.0
2.0
23.0
1.0
2.0
1403.0
1.0
3.0
7.0
17.0
425.0
3.0
1.0
90.0
3.0
7.0
2.0
462.0
1.0
1433.0
76.0
1.0
99.0
1117.0
3.0
2.0
2.0
123.0
74.0
8.0
8.0
1.0
1.0
104.0
102.0
76.0
8.0
1.0
3.0
4.0
4.0
136.0
3.0
3.0
105.0
779.0
3.0
2.0
1.0
15.0
3.0
7754.0
11.0
311.0
1.0
1.0
10001.0
2.0
154.0
484.0
122.0
29.0
1.0
3.0
3.0
16.0
2373.0
65.0
1.0
10.0
24.0
65.0
157.0
35.0
1.0
3.0
13.0
4.0
2.0
1.0
1.0
14.0
1072.0
22.0
407.0
1.0
2.0
351.0
1.0
2.0
1.0
363.0
1102.0
3.0
7.0
34.0
1.0
2.0
58.0
452.0
7.0
6.0
19.0
6789.0
1302.0
2.0
1.0
1.0
3.0
2.0
3.0
5.0
1.0
1.0
1.0
1.0
30.0
1.0
1.0
1.0
16.0
1703.0
1604.0
1.0
27.0
1.0
1.0
12.0
156.0
22.0
2.0
3.0
1.0
66.0
3.0
3.0
559.0
112.0
4.0
3.0
1.0
73.0
1.0
75.0
3.0
4.0
4.0
1.0
2.0
2.0
1.0
3.0
82.0
164.0
2.0
1.0
1189.0
1.0
48.0
2093.0
306.0
1.0
987.0
3.0
2.0
16519.0
13.0
9.0
3.0
19.0
5.0
1.0
2.0
3.0
1.0
17.0
351.0
140.0
7.0
1.0
1197.0
20.0
104.0
728.0
3.0
13.0
1.0
1.0
3.0
1.0
20.0
3.0
6.0
4.0
1.0
10.0
3.0
1.0
3.0
351.0
3.0
615.0
9.0
3.0
1085.0
34.0
17.0
153.0
1.0
55.0
92.0
23.0
6.0
9.0
1.0
1.0
1.0
4.0
1.0
1.0
1.0
25.0
1505.0
4.0
10.0
1.0
9.0
9.0
6.0
1410.0
6.0
46.0
1.0
1.0
3.0
1.0
4.0
2.0
4.0
72.0
1.0
1452.0
351.0
30.0
374.0
11.0
1.0
1.0
65.0
3.0
12.0
7.0
1.0
38.0
2.0
10.0
3.0
5.0
1.0
13.0
5.0
3.0
42.0
15.0
2.0
3.0
3.0
1.0
415.0
1.0
1.0
4.0
3.0
2070.0
1.0
8.0
3.0
1.0
157.0
24.0
1043.0
4.0
3.0
2.0
2.0
4.0
10.0
3.0
3.0
2.0
2.0
1.0
1.0
25.0
1.0
4.0
3.0
2.0
1.0
5.0
256.0
2.0
65.0
3.0
24.0
1.0
40.0
82.0
7.0
3.0
40.0
11.0
2.0
10.0
2.0
20.0
3.0
4.0
2.0
2.0
13.0
3.0
1.0
147.0
19.0
193.0
2.0
1.0
15.0
10892.0
174.0
11.0
3.0
1.0
3.0
1.0
3.0
484.0
1.0
3.0
1900.0
437.0
2.0
4.0
291.0
477.0
40.0
6.0
1830.0
1.0
839.0
1.0
100.0
11.0
1.0
84.0
1.0
2.0
3.0
1.0
1.0
1.0
8.0
14.0
361.0
389.0
871.0
37.0
5.0
1.0
11.0
2.0
1.0
75.0
1851.0
2.0
2.0
952.0
28.0
2.0
19.0
1.0
288.0
1.0
4.0
1.0
1.0
1.0
14.0
3.0
2.0
1.0
259.0
2.0
3.0
1.0
10.0
1.0
52.0
877.0
1.0
200.0
19.0
21.0
1664.0
288.0
1.0
543.0
152.0
69.0
9.0
6.0
71.0
2.0
16.0
43.0
1.0
1.0
1.0
6.0
1276.0
8.0
5.0
160.0
1767.0
3.0
2.0
4.0
1.0
29.0
69.0
3.0
13.0
11.0
1.0
3.0
6.0
1.0
2.0
19.0
1.0
5.0
1.0
3.0
1.0
285.0
317.0
3.0
1191.0
1.0
2.0
8.0
1.0
35.0
3.0
3030.0
2.0
8.0
33.0
19.0
127.0
16.0
1.0
1.0
80.0
3.0
2.0
38.0
19.0
3.0
17.0
2.0
1.0
55.0
11.0
49.0
24.0
3.0
3.0
9.0
1.0
87.0
1.0
29.0
972.0
3.0
7.0
3.0
3.0
3.0
11.0
1.0
3.0
4.0
31.0
1.0
5.0
1.0
339.0
7.0
1.0
118.0
5.0
4.0
3.0
3.0
1.0
461.0
3.0
3.0
7.0
8.0
3.0
4.0
1.0
1.0
2.0
1.0
3.0
14.0
4.0
274.0
3.0
1.0
11.0
3.0
8.0
3.0
27.0
1125.0
1.0
52.0
3.0
1.0
1.0
1.0
6.0
1.0
1.0
1.0
2.0
3.0
3.0
4.0
1.0
51.0
879.0
1.0
22.0
7.0
33.0
1.0
1.0
6.0
1.0
2259.0
3.0
151.0
1.0
19.0
1.0
379.0
1.0
32.0
3.0
2.0
9.0
9.0
6.0
2.0
3.0
1456.0
377.0
1.0
2011.0
31.0
8.0
271.0
1.0
1.0
2.0
3.0
2.0
29.0
2.0
361.0
3.0
1.0
1.0
54.0
50.0
3.0
1.0
6.0
93.0
11.0
1.0
6.0
66.0
16.0
445.0
2.0
1.0
162.0
1930.0
90.0
2.0
40.0
2.0
1.0
1.0
8.0
476.0
1.0
10.0
4.0
6.0
4.0
1.0
10.0
1.0
2.0
1.0
3.0
3.0
1.0
1.0
24.0
3.0
3.0
1.0
351.0
1.0
68.0
196.0
7.0
4.0
1.0
66.0
898.0
1.0
1668.0
9.0
1.0
67.0
1.0
3.0
1.0
15.0
5.0
3.0
1945.0
1440.0
3.0
2.0
110.0
1.0
11.0
11.0
1.0
1.0
5.0
1.0
13.0
1.0
360.0
76.0
67.0
1.0
51.0
351.0
1646.0
3.0
34.0
8.0
1.0
3.0
2.0
2.0
1.0
1.0
102.0
34.0
5.0
5.0
1.0
9.0
3.0
1.0
47.0
1.0
3.0
71.0
6.0
1.0
2.0
2.0
10.0
105.0
4.0
4.0
24.0
9.0
69.0
48.0
2.0
1.0
1.0
4.0
3.0
48.0
4.0
85.0
9.0
7.0
6.0
3.0
278.0
2.0
1.0
4.0
32.0
2.0
4.0
3.0
21.0
1.0
69.0
3.0
3.0
3.0
13.0
1.0
1.0
6.0
3.0
2.0
7.0
101.0
2024.0
338.0
1.0
8.0
19.0
1.0
17.0
1.0
1.0
3.0
1.0
453.0
1.0
288.0
1.0
1.0
3.0
6.0
42.0
43.0
3.0
323.0
66.0
2.0
111.0
292.0
162.0
44.0
1.0
1.0
3.0
471.0
3.0
11.0
1.0
3.0
113.0
2.0
310.0
177.0
8.0
4.0
1.0
1.0
22.0
127.0
9.0
3.0
7.0
3.0
4.0
2.0
82.0
119.0
1.0
6.0
6.0
3.0
3.0
2.0
1.0
102.0
264.0
1.0
15.0
40.0
276.0
1.0
1.0
4.0
4.0
1.0
3.0
4.0
2.0
1.0
1.0
41.0
3.0
437.0
330.0
3.0
3.0
15.0
3.0
2.0
29.0
3.0
1.0
78.0
486.0
14.0
1.0
45.0
1.0
276.0
2.0
1.0
1.0
1.0
8.0
1.0
134.0
5.0
1687.0
1.0
1.0
1.0
10.0
40.0
3.0
3601.0
81.0
2.0
24.0
4.0
210.0
1.0
3.0
9180.0
23.0
1.0
1.0
104.0
10.0
3.0
29.0
24.0
1.0
1.0
3.0
4.0
55.0
1.0
1.0
4.0
1018.0
387.0
1.0
20.0
3.0
1.0
1.0
1.0
1803.0
14848.0
1.0
7.0
2.0
1.0
2.0
7.0
3.0
14.0
12.0
1.0
1.0
3.0
1.0
1.0
3.0
401.0
1.0
5.0
3.0
1.0
1.0
100.0
1.0
30.0
1.0
2.0
7.0
353.0
2.0
1.0
7.0
8.0
1.0
10.0
1.0
1.0
8.0
37.0
2.0
3.0
4.0
472.0
19.0
566.0
3.0
2.0
53.0
18.0
5.0
351.0
1.0
1.0
83.0
3.0
175.0
1.0
17.0
15.0
4.0
11.0
3.0
2.0
31.0
1.0
1130.0
157.0
9.0
209.0
11.0
2.0
1.0
33.0
25.0
2.0
1.0
351.0
15.0
370.0
1.0
1.0
1.0
324.0
3.0
3.0
2.0
28.0
1.0
3.0
1.0
850.0
15.0
1384.0
23.0
1.0
3.0
10.0
2.0
6.0
2.0
34.0
3.0
117.0
3.0
2.0
2.0
25.0
5.0
3.0
12.0
21.0
576.0
1.0
322.0
3.0
1.0
7.0
3.0
4.0
1.0
17.0
3.0
5.0
2.0
3.0
1.0
20.0
369.0
216.0
1.0
3.0
1.0
7.0
3.0
1.0
36.0
2.0
21.0
1.0
2.0
4.0
3.0
41.0
6.0
139.0
1.0
3.0
24.0
4.0
23.0
6.0
1509.0
5.0
3.0
31.0
1.0
18.0
1.0
1041.0
1.0
19.0
6.0
5.0
14189.0
1018.0
3.0
17.0
7.0
3.0
9.0
4.0
3.0
31.0
2.0
4.0
821.0
13.0
7.0
7.0
1.0
15.0
961.0
3.0
172.0
3.0
1.0
2.0
4.0
1.0
303.0
1.0
23.0
1.0
7.0
3.0
2.0
3.0
5.0
75.0
2508.0
2.0
3.0
2.0
3.0
977.0
85.0
4.0
705.0
1.0
1.0
4.0
3.0
7.0
1500.0
43.0
22.0
17.0
7.0
158.0
1.0
5.0
3.0
1.0
1.0
5977.0
19.0
1.0
13443.0
1.0
3.0
1.0
62.0
1832.0
1.0
162.0
1.0
3.0
28.0
3.0
1.0
3.0
3.0
3.0
1.0
5178.0
7.0
2.0
1.0
10.0
77.0
4.0
2.0
1862.0
3.0
451.0
1.0
881.0
1.0
1.0
4.0
3.0
3.0
9.0
55.0
66.0
1.0
22.0
2.0
3.0
3.0
6.0
6.0
1.0
1.0
3.0
1073.0
36.0
2.0
2.0
3.0
5.0
11.0
77.0
24.0
1.0
1.0
74.0
492.0
156.0
455.0
1.0
1.0
85.0
1.0
1004.0
2.0
1.0
1562.0
4.0
3.0
1.0
17.0
79.0
3.0
1.0
2.0
1.0
1.0
1.0
1111.0
68.0
3.0
9.0
455.0
1.0
18.0
12.0
7.0
1.0
201.0
4.0
3.0
512.0
4.0
3.0
13.0
1.0
102.0
1.0
17.0
9.0
45.0
1.0
2.0
1.0
11.0
3.0
18.0
3.0
5.0
40.0
10.0
444.0
1.0
2.0
1.0
13.0
33.0
2.0
1.0
3.0
1.0
1.0
1.0
102.0
1.0
882.0
3.0
19.0
1.0
1.0
1.0
4.0
688.0
1.0
7.0
1.0
109.0
1.0
1.0
112.0
3.0
1.0
3.0
4.0
2.0
3.0
6.0
1969.0
1.0
13.0
1.0
251.0
3.0
2.0
2.0
37.0
55.0
8.0
1.0
7.0
20.0
3.0
99.0
3.0
139.0
797.0
816.0
3.0
3.0
172.0
18.0
203.0
19.0
27.0
32.0
17.0
6.0
102.0
3.0
8.0
41.0
2.0
24.0
67.0
3.0
870.0
3.0
2.0
232.0
12904.0
19.0
52.0
30.0
94.0
1.0
1.0
605.0
750.0
1.0
370.0
2.0
24.0
211.0
1.0
1.0
123.0
1.0
4.0
2.0
48.0
2.0
12.0
2.0
2.0
7.0
3.0
9.0
3.0
102.0
30.0
1.0
87.0
56.0
5.0
781.0
6.0
2.0
1.0
25.0
77.0
13.0
8.0
1707.0
12.0
1.0
4.0
1.0
2.0
1.0
1.0
1115.0
1.0
3.0
1.0
7.0
4.0
1.0
41.0
85.0
3.0
4.0
1.0
3.0
13.0
9.0
5.0
1.0
144.0
65.0
1.0
76.0
939.0
1.0
18.0
2.0
3.0
19.0
105.0
15.0
103.0
8.0
1.0
2.0
1.0
3.0
1.0
67.0
1.0
3.0
8.0
1.0
764.0
10249.0
2.0
7.0
3.0
5110.0
36.0
367.0
960.0
177.0
1.0
132.0
3.0
12.0
3.0
26.0
41.0
1.0
119.0
1.0
3.0
813.0
338.0
74.0
9.0
2.0
278.0
4.0
1.0
20.0
9.0
1.0
1.0
3.0
279.0
13.0
48.0
1.0
74.0
2.0
3.0
9.0
1.0
737.0
2.0
17.0
3.0
14.0
3.0
4.0
24.0
62.0
210.0
2.0
3.0
313.0
4.0
2004.0
117.0
8.0
4.0
3.0
16.0
10.0
498.0
1067.0
70.0
81.0
3.0
3.0
9.0
48.0
3.0
8.0
5.0
1726.0
17.0
282.0
17.0
26.0
4.0
3.0
142.0
3.0
4.0
1033.0
43.0
2.0
3.0
3.0
4.0
7.0
1.0
696.0
1.0
14.0
423.0
47.0
17.0
3.0
3.0
25.0
13.0
1581.0
750.0
1.0
1.0
3.0
17.0
34.0
20.0
1.0
4.0
3.0
3.0
18.0
29.0
52.0
1.0
4.0
1.0
1.0
21.0
3.0
1.0
2.0
2.0
1038.0
5.0
3.0
3.0
11.0
7.0
2.0
23.0
2.0
1.0
23.0
32.0
13.0
4.0
90.0
1.0
1.0
1211.0
12.0
1.0
134.0
1.0
42.0
30.0
53.0
5.0
24.0
369.0
2.0
32.0
8.0
1.0
292.0
2.0
1.0
3.0
1.0
3.0
1.0
8.0
152.0
22.0
24.0
16.0
1.0
2.0
104.0
1242.0
1.0
288.0
6.0
11.0
1.0
3.0
1.0
3.0
1.0
33.0
2.0
1.0
60.0
2.0
1.0
351.0
16.0
1.0
1.0
6.0
54846.0
1.0
1.0
4.0
78.0
1.0
1.0
5.0
1.0
64.0
3.0
4.0
10.0
1.0
5.0
282.0
9.0
3.0
3.0
3.0
1.0
3.0
46.0
25.0
167.0
791.0
33.0
16.0
3.0
1.0
9.0
11.0
16.0
2.0
375.0
5.0
1.0
2.0
1.0
320.0
34.0
479.0
1.0
1.0
1.0
1.0
316.0
78.0
2.0
3.0
3.0
1.0
3.0
3.0
4.0
3.0
1.0
1.0
3.0
8.0
1.0
11.0
4.0
2.0
1.0
3.0
8.0
3.0
2.0
1.0
14.0
1.0
3.0
28.0
4.0
104.0
83.0
1.0
4351.0
2.0
2.0
9.0
5.0
1.0
14.0
1708.0
2.0
2.0
1.0
9.0
2.0
1.0
6.0
1225.0
8.0
3.0
3.0
13.0
112.0
5.0
3.0
1.0
63.0
180.0
3401.0
9.0
11.0
182.0
3.0
3.0
51.0
5.0
257.0
1.0
41.0
2.0
1.0
14.0
49.0
1724.0
2.0
1.0
3.0
512.0
1.0
71.0
737.0
10.0
3.0
1.0
2.0
3.0
1.0
886.0
1.0
3049.0
4.0
39.0
373.0
4.0
1.0
20.0
1924.0
288.0
18.0
2.0
144.0
1.0
191.0
768.0
4.0
55.0
2.0
113.0
200.0
3.0
9.0
1.0
4.0
11.0
2.0
2.0
3.0
643.0
3.0
4.0
1129.0
1.0
1.0
2106.0
3.0
5.0
1.0
1.0
3.0
72.0
6.0
1.0
1.0
200.0
2.0
1.0
3.0
17.0
2.0
638.0
1.0
3.0
2.0
8.0
945.0
3.0
201.0
1504.0
16.0
4.0
1109.0
9.0
1.0
63.0
3.0
13.0
17.0
4.0
6.0
5.0
69.0
6.0
1.0
3.0
7839.0
104.0
2.0
3.0
13.0
81.0
3.0
3781.0
3.0
2.0
3.0
24.0
1.0
7.0
1.0
3.0
1.0
649.0
1.0
1228.0
24.0
1.0
3.0
3.0
365.0
1.0
2.0
1.0
13.0
113.0
1.0
1.0
397.0
431.0
1.0
1.0
4.0
9.0
333.0
3574.0
103.0
2.0
56.0
5.0
3.0
3.0
3.0
1177.0
20.0
4.0
4.0
3.0
11.0
21.0
91.0
1372.0
2.0
402.0
1.0
1.0
3.0
17.0
18.0
1.0
7.0
3.0
87.0
1.0
766.0
3.0
694.0
295.0
3.0
4.0
5.0
568.0
1.0
10.0
2.0
1.0
1.0
8.0
2.0
1.0
73.0
13.0
5.0
4582.0
67.0
9.0
3.0
444.0
4.0
4.0
3.0
21.0
14.0
1.0
5.0
717.0
1.0
1.0
263.0
22.0
38.0
1.0
4.0
24.0
4.0
70.0
1.0
36.0
1.0
2.0
281.0
557.0
16.0
1.0
4.0
156.0
3.0
2.0
7.0
133.0
1.0
4.0
7.0
1.0
7.0
3.0
4.0
2.0
359.0
4783.0
1.0
3.0
473.0
8.0
4.0
5.0
61.0
19.0
3.0
3.0
878.0
1.0
1.0
23.0
50.0
121.0
3697.0
43.0
2.0
2.0
3.0
417.0
14.0
9.0
1.0
1.0
1.0
2.0
3.0
1.0
39.0
3.0
8.0
13818.0
4.0
15.0
3.0
3.0
1.0
81.0
1.0
8.0
4.0
1.0
3.0
4.0
4.0
1.0
65.0
126.0
4.0
3.0
3.0
87.0
2.0
2.0
3.0
136.0
6.0
3.0
5.0
3.0
16.0
1.0
1320.0
1.0
1.0
2.0
4.0
1.0
2.0
1.0
3.0
17.0
43.0
5.0
5.0
2.0
1574.0
14.0
5.0
8.0
3.0
3.0
2.0
3.0
42.0
87.0
1.0
4.0
1.0
3.0
671.0
961.0
4.0
1.0
49.0
1.0
5.0
13.0
5.0
11.0
4.0
2.0
25.0
1.0
2.0
1.0
1.0
4.0
2.0
1.0
6.0
4.0
2.0
1.0
20.0
3.0
3.0
484.0
6.0
1.0
1.0
5.0
2.0
1.0
4807.0
6.0
1.0
753.0
1.0
1674.0
1.0
1.0
1.0
137.0
34.0
1.0
2.0
1.0
571.0
2.0
2006.0
27.0
1.0
4.0
1.0
3.0
2547.0
1.0
3.0
1.0
2.0
4.0
1.0
1.0
2.0
4.0
12.0
124.0
19.0
24.0
3.0
141.0
4.0
351.0
5.0
1.0
4.0
23.0
2.0
2.0
1.0
1.0
3.0
1.0
1463.0
628.0
1.0
83.0
23.0
2520.0
12.0
23.0
351.0
1.0
2.0
2.0
56.0
830.0
36.0
3.0
9.0
2138.0
1.0
3769.0
443.0
8.0
444.0
4.0
2.0
2.0
5.0
84.0
1.0
1.0
238.0
2.0
2.0
1.0
1.0
110.0
1.0
1.0
226.0
2.0
3.0
186.0
102.0
3.0
3.0
3.0
3.0
5760.0
1.0
2.0
4.0
1.0
1.0
1.0
9.0
3.0
2.0
10.0
3.0
3.0
1.0
1.0
7.0
338.0
1.0
11.0
1.0
13062.0
3.0
4.0
3.0
1.0
3.0
2.0
3.0
3.0
4.0
1.0
12.0
1.0
2.0
9.0
111.0
107.0
7.0
14385.0
2.0
1.0
6.0
201.0
3.0
321.0
3744.0
468.0
3.0
4.0
1.0
1.0
1080.0
3.0
6.0
288.0
36.0
1.0
8.0
2.0
4.0
1371.0
295.0
1310.0
100.0
1.0
3.0
35.0
49.0
9.0
26.0
2.0
8.0
171.0
2.0
6.0
1.0
21.0
1.0
463.0
20.0
362.0
4.0
3.0
1.0
42.0
3.0
2.0
24.0
4.0
109.0
3.0
800.0
3.0
1.0
1.0
1.0
1794.0
3.0
1.0
14.0
2.0
1.0
2.0
42.0
6.0
1.0
1.0
25.0
1.0
1.0
8.0
2.0
3.0
1.0
1.0
38.0
19.0
3.0
1.0
24.0
4.0
2.0
1.0
4.0
2.0
15.0
389.0
4.0
18.0
1.0
3.0
1595.0
3381.0
282.0
9.0
3527.0
9.0
152.0
1.0
9.0
1.0
56.0
695.0
1.0
236.0
3.0
8.0
1.0
3.0
1.0
2.0
1.0
15.0
1.0
1.0
3.0
7.0
10.0
10.0
11.0
1.0
61.0
1.0
8.0
4.0
1.0
3.0
1.0
288.0
110.0
3.0
3.0
102.0
475.0
11.0
1.0
2.0
3.0
2.0
7.0
4.0
1.0
513.0
22.0
2.0
1.0
23.0
1.0
3.0
1.0
29.0
2.0
542.0
13.0
1.0
13.0
10.0
157.0
3.0
1.0
42.0
552.0
1.0
5.0
2.0
1.0
1.0
58.0
10001.0
1.0
3.0
19.0
3.0
3.0
1.0
24.0
105.0
1.0
3.0
7.0
8.0
2.0
5.0
1.0
4.0
2.0
5.0
3.0
11.0
5.0
2.0
1.0
3684.0
1394.0
279.0
1.0
3.0
48.0
3.0
3.0
6.0
407.0
12.0
25.0
3.0
3.0
3.0
5.0
1.0
353.0
259.0
336.0
1.0
309.0
11.0
16.0
4.0
7.0
1373.0
5.0
1.0
315.0
2.0
768.0
103.0
14.0
1.0
238.0
2.0
3.0
6.0
742.0
4.0
9.0
1.0
6.0
3.0
1.0
34.0
3.0
516.0
229.0
1.0
3.0
32.0
9.0
1.0
576.0
3407.0
3.0
12.0
977.0
11.0
805.0
357.0
1.0
936.0
90.0
1.0
59.0
264.0
1.0
2.0
6.0
38.0
1.0
2.0
28.0
3.0
170.0
1.0
668.0
40.0
4.0
257.0
3.0
3.0
51.0
3.0
2.0
3.0
21.0
1.0
1234.0
1.0
17.0
6.0
8.0
2.0
287.0
1.0
157.0
3.0
4.0
29.0
1.0
2.0
1031.0
5.0
2.0
24.0
1.0
1.0
4.0
1.0
2.0
764.0
1.0
1.0
7.0
4.0
2.0
1.0
55.0
17.0
8.0
19.0
1.0
3.0
1.0
602.0
5.0
14.0
1.0
186.0
220.0
1.0
17.0
3.0
1.0
5.0
503.0
3.0
28.0
5.0
68.0
3.0
33.0
9.0
1.0
3.0
4.0
40.0
8.0
252.0
5.0
1077.0
3.0
199.0
3.0
2.0
14.0
1225.0
55.0
1.0
2.0
3.0
7.0
33.0
3.0
1.0
1.0
351.0
1.0
711.0
2.0
6.0
292.0
47.0
2.0
234.0
740.0
1.0
1.0
43.0
1.0
13.0
4.0
10.0
22.0
7.0
1.0
532.0
377.0
1.0
24.0
82.0
3.0
15.0
3.0
34.0
5.0
4.0
4.0
2.0
1.0
1511.0
3.0
13.0
5.0
2.0
609.0
440.0
2.0
1.0
10.0
1.0
2.0
1.0
2.0
10.0
1.0
1.0
219.0
3.0
3.0
5.0
3.0
5.0
16.0
1.0
72.0
54.0
11.0
3.0
1.0
1.0
1.0
143.0
4.0
1725.0
632.0
1.0
91.0
3.0
786.0
3.0
828.0
1.0
1.0
2.0
3.0
3.0
6.0
1.0
7.0
148.0
1.0
1.0
3.0
41.0
3.0
4.0
1.0
2.0
99.0
5.0
1.0
54.0
3.0
56.0
210.0
746.0
142.0
11.0
1.0
3.0
3.0
6.0
188.0
2.0
1.0
1.0
17.0
2.0
55.0
1317.0
7.0
53.0
927.0
3.0
4.0
1.0
2.0
1.0
2.0
18.0
197.0
3.0
6.0
17.0
88.0
6.0
5.0
61.0
1.0
14.0
1.0
146.0
3.0
4.0
351.0
2.0
446.0
605.0
9.0
3.0
1.0
24.0
2.0
7.0
2.0
666.0
71.0
3.0
1.0
3.0
402.0
1.0
14385.0
3.0
7.0
1.0
349.0
1.0
769.0
3.0
73.0
4.0
4.0
1.0
3.0
1.0
12.0
1.0
591.0
1.0
2.0
1.0
1.0
3.0
32.0
1.0
696.0
3.0
95729.0
2.0
2.0
146.0
10.0
1.0
2.0
3.0
1844.0
17.0
1.0
2.0
20.0
2.0
33.0
10.0
111.0
3.0
275.0
1.0
19.0
2.0
29.0
1387.0
1.0
3.0
36.0
17.0
4.0
4.0
3.0
2.0
7.0
8.0
1.0
3.0
14.0
3.0
78.0
3.0
70.0
3.0
4.0
11.0
1959.0
16.0
1.0
239.0
14.0
1.0
159.0
3.0
6.0
31.0
43.0
54.0
12.0
3.0
691.0
4907.0
12.0
17.0
4.0
3.0
405.0
3.0
9.0
3.0
1.0
4445.0
12.0
1.0
53.0
2.0
48.0
1.0
258.0
313.0
1.0
10.0
1.0
1.0
12.0
2.0
960.0
73.0
2.0
3.0
4452.0
1.0
1.0
350.0
1.0
10.0
3.0
84.0
1095.0
1.0
1.0
1.0
1.0
1.0
8.0
7.0
3.0
1029.0
9.0
1.0
952.0
1.0
1.0
1.0
3.0
8.0
3.0
6.0
10.0
4.0
1.0
7.0
24.0
3.0
1.0
3.0
109.0
996.0
1.0
2.0
19.0
1.0
313.0
596.0
24.0
75.0
42.0
8988.0
1371.0
8444.0
2.0
1.0
3.0
3.0
1.0
16.0
3.0
1.0
6.0
1.0
2.0
3.0
3.0
1.0
1.0
60.0
31.0
1.0
19.0
1.0
1449.0
1.0
6.0
10.0
5.0
10.0
2.0
3.0
3.0
3.0
8.0
1.0
2.0
1.0
17.0
1066.0
1.0
12.0
3.0
6.0
2.0
2.0
1.0
2.0
38.0
1.0
1.0
3.0
1486.0
2.0
3.0
19.0
181.0
3.0
60.0
1367.0
4.0
3.0
9225.0
234.0
1341.0
293.0
1.0
2.0
21.0
262.0
73.0
74.0
13.0
1.0
1.0
1903.0
5.0
3.0
717.0
3667.0
3.0
3.0
3.0
3.0
1.0
1.0
1.0
1.0
2.0
3.0
3.0
27.0
1.0
3.0
3242.0
14.0
1250.0
4.0
1.0
3.0
269.0
84.0
3.0
1.0
344.0
32.0
1.0
5.0
1.0
3.0
10.0
1.0
13.0
31.0
3.0
1.0
3.0
1.0
1.0
4.0
135.0
1.0
1.0
186.0
1.0
1.0
117.0
3.0
11.0
3.0
3.0
13.0
296.0
82.0
11.0
2.0
1.0
6.0
3.0
3.0
1.0
3.0
1.0
4.0
19.0
1.0
4.0
1162.0
43.0
19.0
1.0
3.0
582.0
10.0
1.0
2.0
6.0
13.0
908.0
104.0
565.0
88.0
1.0
10.0
254.0
4.0
3.0
3.0
338.0
1.0
1.0
1.0
1.0
1.0
38.0
2.0
1.0
1.0
35.0
1.0
15.0
20.0
5.0
6.0
1.0
2.0
4.0
9.0
9.0
55.0
2.0
3.0
1.0
150.0
2.0
30.0
1.0
64.0
1.0
4.0
3.0
122.0
3.0
547.0
3.0
3.0
3.0
1.0
2067.0
74.0
230.0
279.0
1.0
351.0
1018.0
4.0
1.0
1.0
365.0
641.0
3.0
1.0
7.0
5.0
165.0
9.0
15.0
95.0
696.0
2.0
94.0
6.0
22.0
3.0
1.0
2.0
1.0
3.0
27.0
1.0
3.0
1.0
86.0
4.0
3.0
2.0
4.0
117.0
1.0
3.0
2.0
1.0
29.0
34.0
318.0
1.0
19.0
3.0
1308.0
2.0
1.0
4.0
3.0
12.0
1.0
2.0
14.0
2.0
1.0
1.0
2.0
77.0
1.0
7.0
1.0
3.0
4.0
3.0
1551.0
1.0
9.0
234.0
18.0
4332.0
1.0
3.0
3.0
2655.0
6.0
1.0
1.0
696.0
3.0
1.0
108.0
1.0
1.0
2.0
3.0
1.0
3.0
1.0
1.0
2.0
9.0
5.0
11.0
102.0
3.0
7869.0
6.0
1.0
5.0
1.0
9.0
838.0
776.0
1.0
3.0
2.0
1.0
2.0
3.0
3.0
1.0
4799.0
5.0
351.0
1.0
3.0
33.0
44.0
3820.0
6625.0
138.0
1.0
37.0
596.0
4.0
14.0
4.0
12.0
421.0
1.0
4.0
1009.0
5.0
26.0
1556.0
3.0
351.0
3.0
3.0
89.0
42.0
6.0
267.0
45.0
3.0
3.0
1.0
1.0
1704.0
8.0
2.0
4.0
7.0
31.0
3.0
3.0
1.0
1.0
26.0
278.0
1.0
3.0
287.0
8.0
15.0
13.0
6.0
1.0
101.0
3.0
1.0
1.0
1.0
1.0
9.0
20.0
3.0
3.0
1832.0
141.0
2109.0
3.0
349.0
596.0
2808.0
2.0
15.0
338.0
4.0
31.0
1.0
3.0
1.0
1.0
400.0
1.0
8.0
2.0
1.0
3.0
273.0
9.0
1930.0
7.0
2.0
5.0
1.0
2.0
3.0
2.0
4.0
17.0
8.0
1.0
3.0
4.0
17.0
3.0
1.0
1.0
4.0
1.0
2.0
27.0
3.0
1.0
1.0
33.0
8.0
4.0
6.0
1.0
25.0
3.0
2.0
54.0
3.0
3.0
2.0
3.0
2.0
2.0
551.0
4.0
1.0
1.0
1.0
6.0
1.0
12.0
10.0
1.0
3.0
117.0
14.0
1.0
7.0
1.0
484.0
38.0
33.0
3.0
2.0
516.0
8.0
4.0
2.0
31.0
197.0
3.0
2.0
2.0
1.0
28.0
539.0
4.0
3.0
217.0
569.0
19.0
13.0
2.0
2.0
1.0
2.0
20.0
56.0
18.0
1.0
3.0
8680.0
1.0
2.0
1.0
927.0
306.0
19.0
17.0
1.0
2.0
1.0
1.0
8.0
19.0
39.0
1.0
1.0
4.0
1.0
152.0
188.0
11.0
30.0
97.0
31.0
1.0
1078.0
1.0
1.0
19.0
2.0
2.0
2.0
34.0
287.0
2.0
1.0
3.0
3.0
97.0
217.0
3.0
12.0
35.0
4.0
3.0
12.0
22.0
1.0
1.0
1.0
30.0
579.0
1.0
74.0
1.0
69.0
167.0
8.0
1.0
1.0
2.0
6.0
3.0
162.0
2.0
199.0
6.0
3.0
1.0
3.0
5.0
3.0
1.0
126.0
1.0
112.0
118.0
1.0
42.0
3.0
929.0
1.0
1.0
1.0
53.0
1.0
1.0
3.0
8.0
1.0
4.0
5.0
8.0
3.0
2.0
156.0
2.0
95.0
132.0
516.0
18.0
961.0
9.0
6.0
1.0
3.0
1.0
3.0
3.0
33.0
8.0
216.0
4.0
4.0
3.0
6.0
119.0
1.0
1.0
286.0
110.0
1.0
2.0
1.0
1642.0
282.0
1.0
746.0
1.0
3.0
596.0
103.0
3.0
5.0
795.0
2.0
23.0
2.0
100.0
4.0
19.0
1.0
11.0
7.0
1.0
1.0
1.0
75.0
10.0
10.0
43.0
144.0
403.0
6.0
8.0
3.0
1.0
3.0
2.0
26.0
1.0
1.0
1.0
2.0
1183.0
523.0
12.0
13.0
29.0
8166.0
3.0
1.0
2.0
95.0
337.0
1473.0
3.0
1128.0
94.0
4.0
2.0
6.0
1426.0
3.0
1267.0
2.0
4.0
1.0
25.0
369.0
3.0
20.0
11.0
18.0
7.0
2.0
75.0
1.0
3.0
20.0
3.0
3.0
4.0
47.0
116.0
58.0
34.0
1.0
319.0
1308.0
55.0
71.0
1.0
1.0
1.0
483.0
8.0
19.0
2.0
14.0
1.0
150.0
3.0
3.0
32.0
5.0
960.0
1822.0
3.0
14.0
12.0
1481.0
2.0
1.0
19781.0
123.0
5.0
848.0
1.0
1.0
4860.0
130.0
1.0
632.0
4899.0
1.0
3.0
59.0
2.0
92.0
70.0
3581.0
1.0
4.0
10.0
223.0
5.0
59.0
4.0
56.0
63.0
81.0
1.0
3.0
208.0
1.0
59.0
23.0
3.0
1.0
1.0
1.0
3.0
318.0
1.0
3.0
6.0
1.0
339.0
1082.0
1.0
21.0
2.0
522.0
268.0
3.0
1.0
2.0
1018.0
1439.0
1.0
10.0
1.0
5.0
3152.0
7.0
1.0
9.0
1.0
440.0
35.0
5.0
1.0
66.0
2.0
3.0
1.0
1145.0
19.0
8.0
16.0
6.0
3.0
72.0
5.0
1.0
5.0
1.0
4.0
82.0
287.0
152.0
33.0
3.0
2.0
65.0
3.0
8.0
1.0
1.0
126.0
41.0
1045.0
6.0
293.0
405.0
11.0
1.0
1.0
417.0
1.0
524.0
1.0
13.0
110.0
14.0
33.0
22.0
7.0
37.0
77.0
10.0
817.0
116.0
442.0
32.0
17.0
34.0
1.0
117.0
1.0
13.0
24.0
505.0
3.0
1588.0
1.0
8429.0
10.0
360.0
1.0
18.0
454.0
2.0
257.0
1.0
12.0
1.0
43.0
1.0
1.0
801.0
2.0
7.0
23.0
3.0
42.0
52.0
10.0
1.0
1.0
3.0
3.0
4.0
4902.0
9.0
2.0
6.0
1.0
452.0
27.0
1.0
7.0
2.0
2.0
113.0
3.0
67.0
213.0
8.0
582.0
3.0
9.0
421.0
24.0
1.0
26.0
1.0
88.0
1.0
26.0
1.0
281.0
62.0
1909.0
5.0
7.0
86.0
70.0
4.0
15.0
942.0
226.0
4.0
1.0
897.0
918.0
46.0
1594.0
196.0
4803.0
1.0
17.0
3.0
7839.0
462.0
105.0
120.0
47.0
116.0
3.0
3.0
2.0
1.0
1.0
161.0
3.0
9.0
2.0
3.0
1.0
2.0
25.0
3.0
3.0
3.0
3.0
1.0
1.0
1.0
6.0
5.0
3.0
3.0
5.0
17.0
53.0
3.0
1.0
948.0
3.0
1.0
8.0
17.0
17.0
9.0
2.0
2.0
4854.0
999.0
1.0
2.0
128.0
1.0
3.0
24.0
38.0
4.0
2.0
798.0
1.0
1578.0
21.0
29.0
1.0
35.0
23.0
1.0
3.0
49.0
9.0
11.0
1.0
1.0
98.0
3.0
1.0
9.0
145.0
58.0
198.0
332.0
2.0
5.0
1.0
3.0
139.0
5794.0
9.0
1.0
3.0
1.0
2.0
132.0
727.0
3075.0
1.0
1.0
4.0
50.0
4.0
7.0
25.0
7.0
24.0
1.0
2.0
481.0
3.0
2.0
1.0
3.0
9.0
1.0
16.0
3.0
345.0
15.0
9.0
3.0
1.0
1.0
11.0
44.0
3.0
14.0
1.0
3.0
157.0
7.0
58.0
3.0
1.0
2.0
19.0
10.0
1.0
1.0
1.0
3.0
1.0
7.0
1.0
1.0
5.0
87.0
3.0
752.0
3.0
3000.0
3.0
65.0
148.0
5.0
1.0
11.0
2.0
1368.0
173.0
3.0
1.0
3.0
3.0
889.0
3.0
24.0
1.0
91.0
1.0
215.0
2.0
3.0
4.0
1.0
1.0
3.0
3.0
3.0
1.0
1051.0
74.0
121.0
2.0
7.0
1.0
2.0
3.0
11.0
4.0
1.0
4.0
19.0
2.0
823.0
47.0
5.0
1.0
48.0
3.0
1.0
3.0
1.0
1.0
3.0
4.0
522.0
424.0
2.0
9.0
5.0
49.0
1.0
3.0
1.0
10.0
1.0
639.0
867.0
18.0
15.0
19.0
1.0
5.0
1.0
22.0
2.0
4.0
4373.0
1.0
274.0
1.0
3.0
3.0
1.0
1610.0
407.0
2.0
1.0
1.0
3.0
15.0
6.0
3.0
13.0
1.0
1.0
1.0
23.0
3.0
3.0
3.0
1.0
298.0
1.0
12.0
78.0
1.0
666.0
2065.0
12.0
489.0
24.0
81.0
1.0
1.0
231.0
20.0
1.0
1.0
1.0
31.0
1.0
1342.0
1.0
25.0
1.0
4.0
1.0
216.0
44.0
10.0
2.0
1.0
1.0
3.0
81.0
3344.0
39.0
1467.0
3.0
821.0
3.0
3.0
4.0
3.0
8.0
53.0
1.0
429.0
3.0
2.0
1.0
7.0
2.0
65.0
2.0
72.0
2.0
8.0
1.0
1.0
1.0
37.0
1.0
1.0
2.0
4.0
47.0
1.0
8.0
42.0
6455.0
3.0
88.0
1.0
3.0
3.0
1.0
4.0
2.0
1229.0
1.0
1.0
6.0
12009.0
2.0
386.0
1.0
43.0
24.0
5.0
6.0
142.0
1.0
9.0
3.0
1.0
1.0
7.0
3.0
4.0
6.0
1.0
11.0
1.0
1.0
1.0
1418.0
9.0
1.0
1.0
3.0
1.0
390.0
6.0
22.0
9.0
1.0
2.0
24.0
3.0
6.0
4.0
950.0
1.0
1341.0
1078.0
209.0
920.0
4.0
935.0
1.0
3478.0
4.0
3.0
23.0
1.0
2.0
3.0
119.0
9.0
1325.0
1.0
1.0
1.0
1.0
341.0
8.0
15.0
1.0
1.0
200.0
1.0
1.0
117.0
1.0
8.0
43.0
1160.0
1.0
9.0
75.0
102.0
1.0
9.0
3.0
255.0
1.0
3.0
3.0
1.0
5.0
17.0
404.0
51.0
2847.0
10.0
3.0
232.0
164.0
2.0
2.0
1.0
24.0
1.0
3.0
61.0
2.0
1.0
436.0
1.0
1.0
3.0
681.0
3.0
1.0
48.0
207.0
3.0
81.0
7.0
3.0
14.0
6.0
6.0
485.0
19.0
2.0
1.0
1.0
1.0
17.0
13.0
1.0
2.0
1.0
17.0
4.0
1.0
97.0
1.0
3.0
6.0
2.0
483.0
10.0
1.0
13.0
1.0
2360.0
1.0
12.0
1.0
2.0
2.0
553.0
2.0
5.0
2.0
247.0
1.0
1.0
13.0
8.0
8.0
1.0
56.0
1.0
551.0
19.0
288.0
2.0
617.0
2.0
1.0
1.0
1.0
172.0
296.0
1.0
1.0
2.0
8.0
4.0
3.0
1.0
11.0
38.0
53.0
3.0
24.0
1.0
1.0
2.0
737.0
1.0
8.0
1.0
3.0
4.0
189.0
1.0
3.0
1.0
1.0
1.0
2.0
3.0
136.0
2.0
172.0
1.0
19.0
3.0
11.0
3.0
2.0
3847.0
1.0
20.0
2.0
1.0
1246.0
6.0
98.0
10.0
1.0
145.0
3.0
1.0
1.0
39.0
39.0
79.0
2.0
4650.0
31.0
3.0
4.0
13.0
3.0
9.0
843.0
3.0
1521.0
1.0
5.0
2.0
9.0
21.0
1.0
3.0
17.0
2.0
5.0
1.0
3000.0
1.0
82.0
210.0
3.0
1.0
23.0
1.0
359.0
1.0
2.0
3.0
18.0
32.0
1.0
2.0
205.0
1.0
13.0
165.0
117.0
1.0
15.0
592.0
1.0
1.0
5.0
44.0
2.0
1.0
6.0
1.0
3.0
1.0
3.0
1.0
3876.0
3.0
3.0
1.0
1.0
3.0
3.0
779.0
3.0
1.0
4.0
2.0
2.0
2.0
36.0
764.0
95.0
75.0
2.0
3.0
116.0
2.0
2.0
5.0
4.0
674.0
1.0
55.0
750.0
1.0
8.0
95.0
338.0
2.0
444.0
4391.0
11.0
1.0
2.0
3.0
1.0
1.0
3.0
42.0
3.0
1.0
368.0
8.0
472.0
363.0
110.0
3.0
481.0
369.0
17.0
2.0
3.0
60.0
1474.0
1.0
629.0
1.0
3.0
1.0
3.0
2278.0
1.0
1.0
2.0
633.0
20.0
1.0
978.0
3.0
3.0
3.0
1018.0
811.0
548.0
1.0
2.0
1.0
4.0
2.0
193.0
196.0
1.0
3.0
1.0
4.0
685.0
4.0
13.0
3.0
9.0
1.0
50.0
3.0
1.0
1.0
10.0
165.0
13.0
4.0
3.0
1.0
3.0
2.0
3.0
28.0
2.0
5.0
3937.0
3.0
4.0
3.0
3.0
3.0
1.0
3.0
3.0
3.0
3.0
1.0
2.0
3.0
685.0
8.0
1.0
8.0
3.0
21.0
1.0
3.0
1.0
1.0
327.0
102.0
4.0
265.0
172.0
501.0
1.0
93.0
14.0
1.0
3.0
2.0
10.0
550.0
1.0
8.0
24.0
3.0
3.0
288.0
1.0
1.0
9.0
4.0
4.0
222.0
111.0
2.0
9.0
1.0
1442.0
3.0
1.0
1.0
4.0
1.0
38.0
1.0
9.0
1.0
2.0
5.0
1.0
25.0
197.0
1973.0
1.0
13.0
33.0
1.0
2.0
9.0
104.0
3.0
102.0
1.0
3.0
1.0
174.0
6.0
2.0
34.0
1.0
5.0
3.0
3.0
1606.0
611.0
1052.0
102.0
135.0
105.0
279.0
453.0
573.0
1.0
423.0
4.0
1.0
3.0
1.0
3.0
190.0
12.0
1.0
3.0
3.0
3.0
4.0
3.0
23.0
1.0
9.0
4.0
5.0
30.0
1.0
883.0
1.0
186.0
2.0
20.0
351.0
1723.0
9.0
3.0
8.0
24.0
116.0
3.0
15.0
3.0
309.0
1.0
14.0
9.0
1.0
3.0
120.0
3.0
65.0
1.0
101.0
1.0
4.0
1.0
95.0
3.0
108.0
4.0
1.0
298.0
3.0
4.0
564.0
4.0
7.0
14.0
1.0
529.0
23.0
15.0
4.0
3.0
2.0
20.0
3.0
1.0
3.0
827.0
8.0
5.0
5.0
3.0
1.0
6.0
1.0
1.0
9.0
6.0
1.0
8.0
1.0
2.0
1.0
3.0
1.0
1.0
1181.0
351.0
849.0
1.0
19.0
3.0
1.0
1.0
1.0
28.0
4.0
10.0
3.0
2.0
87.0
3.0
1.0
53.0
1.0
1761.0
9.0
49.0
24.0
6.0
2.0
2124.0
17.0
566.0
2.0
17.0
1.0
1.0
3.0
29.0
3.0
1.0
1117.0
1.0
3.0
7.0
1.0
25.0
311.0
4224.0
14.0
2.0
1.0
1.0
23.0
42.0
3.0
5.0
3.0
3.0
30.0
14.0
2.0
3.0
1.0
1.0
4.0
1.0
2.0
1.0
1.0
24.0
3.0
17.0
1401.0
2.0
5.0
24.0
54.0
23.0
10.0
3.0
1.0
1.0
1165.0
4.0
21.0
1.0
2.0
3.0
1958.0
2.0
2.0
274.0
2.0
1.0
211.0
32.0
3.0
2.0
6.0
8286.0
1.0
3.0
3.0
1.0
1.0
1.0
14.0
3.0
217.0
467.0
11.0
405.0
5.0
516.0
6.0
78.0
1.0
102.0
6.0
1.0
1.0
2.0
2.0
235.0
44.0
9.0
3.0
1.0
25.0
24.0
23.0
1550.0
1.0
115.0
21.0
1.0
2.0
110.0
13.0
75.0
1.0
1.0
3.0
308.0
2.0
5.0
1.0
10.0
74.0
4.0
7.0
1735.0
227.0
10.0
665.0
1458.0
4.0
3.0
3.0
2.0
3.0
1.0
67.0
4.0
1.0
5.0
1.0
2.0
3.0
140.0
1.0
9.0
3.0
59.0
8.0
2.0
9.0
61.0
1.0
4.0
3.0
2.0
10.0
3.0
18.0
866.0
382.0
19.0
25.0
1.0
48.0
60.0
1.0
3.0
68.0
884.0
1.0
3.0
4.0
4.0
21.0
2.0
157.0
13.0
11.0
3.0
1.0
230.0
1.0
3.0
4.0
12.0
11.0
1.0
1.0
1.0
7.0
3.0
56.0
4.0
16.0
36.0
8.0
1437.0
1.0
943.0
1.0
1.0
1979.0
7.0
5.0
17.0
55.0
3.0
3.0
14.0
4.0
5.0
3.0
4.0
375.0
1.0
8.0
12.0
103.0
4.0
894.0
12.0
1.0
4.0
2.0
6.0
3.0
154.0
103.0
1.0
3.0
1454.0
1255.0
5.0
2.0
3.0
4.0
1.0
24.0
50.0
1.0
102.0
2.0
7.0
81.0
66653.0
3706.0
32.0
246.0
1.0
1483.0
2.0
3.0
1.0
10968.0
1.0
3.0
25.0
3.0
9.0
3.0
3620.0
18.0
121.0
1.0
2.0
23.0
2.0
3.0
29.0
3.0
2.0
1.0
4.0
1.0
6.0
10.0
1532.0
4.0
10.0
4.0
11.0
3.0
15.0
2.0
4.0
2.0
1.0
24.0
1.0
94.0
332.0
6.0
223.0
1.0
3.0
2.0
2.0
5.0
4.0
1764.0
1.0
9.0
1.0
8.0
9.0
3.0
15.0
540.0
14.0
3.0
2.0
3.0
554.0
2.0
1.0
161.0
1.0
7.0
494.0
6.0
3.0
3.0
34.0
631.0
78.0
36.0
6.0
1.0
1.0
8.0
9.0
1.0
2.0
1.0
1.0
3.0
4.0
19.0
4.0
3.0
677.0
19.0
2.0
3.0
53.0
3.0
7.0
17.0
66.0
1.0
1.0
1223.0
311.0
1.0
3334.0
62.0
10.0
2.0
341.0
357.0
77.0
2.0
55.0
6.0
2.0
4612.0
1.0
3141.0
3.0
16.0
10.0
2.0
3.0
3.0
10.0
1.0
1.0
3.0
1064.0
17.0
1.0
4.0
26.0
12.0
11.0
3.0
3.0
3.0
8.0
4.0
1813.0
1.0
1.0
7.0
4.0
1.0
71.0
134.0
886.0
302.0
8.0
2.0
3.0
3.0
37.0
1.0
3.0
3.0
252.0
30.0
20.0
240.0
1044.0
17.0
792.0
1.0
73.0
1180.0
1.0
160.0
207.0
182.0
1.0
12.0
2.0
4.0
3.0
4.0
3.0
1.0
24.0
2.0
289.0
9.0
7.0
1.0
3.0
20.0
12.0
3.0
1.0
3.0
2.0
150.0
85.0
1.0
128.0
7.0
2.0
3.0
1.0
3.0
11.0
1.0
3.0
65.0
1.0
1.0
9.0
23.0
3.0
407.0
40.0
1.0
1.0
1.0
282.0
3.0
2.0
9.0
486.0
1.0
3.0
19.0
68.0
1.0
3.0
1.0
1.0
1.0
200.0
205.0
221.0
3.0
3.0
2.0
5.0
4280.0
1.0
15.0
369.0
276.0
37.0
3.0
1.0
151.0
4.0
37.0
3.0
1.0
2.0
3.0
943.0
1.0
2366.0
10.0
2.0
2.0
3.0
1.0
9.0
106.0
6271.0
4.0
1.0
25.0
278.0
5.0
2.0
1.0
430.0
3.0
3.0
1.0
2.0
1.0
31.0
30.0
572.0
3.0
3.0
3.0
1.0
5.0
11.0
3.0
1334.0
8.0
1.0
563.0
4.0
1.0
8.0
1.0
36.0
2.0
1908.0
1.0
1.0
1.0
1.0
1.0
421.0
8.0
6.0
124.0
3.0
36.0
1.0
7.0
1.0
1.0
4.0
1.0
2.0
1.0
5.0
36.0
431.0
83.0
2.0
1066.0
8.0
55.0
2.0
274.0
1.0
72.0
1.0
1.0
1.0
2.0
196.0
3.0
1.0
1.0
59.0
890.0
315.0
11.0
12.0
1.0
1198.0
1.0
1725.0
3.0
400.0
906.0
1.0
9.0
236.0
288.0
23.0
9.0
181.0
19.0
1.0
1.0
10.0
1.0
7.0
997.0
1.0
98.0
3.0
1.0
351.0
8.0
4.0
1.0
1.0
3.0
24.0
425.0
19.0
3.0
1425.0
1.0
2.0
1.0
2.0
2.0
170.0
1.0
3.0
3.0
457.0
1.0
2.0
1.0
1.0
3.0
279.0
1348.0
539.0
1.0
16.0
3.0
404.0
2.0
4.0
1.0
645.0
12.0
1.0
1.0
45.0
74.0
79.0
526.0
21.0
4.0
3.0
62.0
2.0
204.0
596.0
1.0
3.0
28.0
25.0
2.0
1183.0
2.0
3.0
4.0
7.0
1204.0
1.0
490.0
5.0
2.0
8.0
1.0
5.0
1790.0
66.0
361.0
3.0
4.0
1.0
7419.0
3.0
4168.0
64.0
1.0
1.0
1.0
1.0
3.0
3.0
6.0
9.0
3.0
4.0
5.0
5.0
10.0
1.0
2.0
1681.0
1.0
112.0
1.0
240.0
9.0
2.0
1.0
1.0
1.0
3.0
18.0
14.0
652.0
1.0
1.0
1.0
1.0
1.0
5.0
5.0
14.0
38.0
34.0
7.0
2.0
5.0
29.0
2.0
3.0
8.0
2.0
3.0
1.0
5.0
3.0
1.0
45.0
6.0
24.0
3.0
6981.0
147.0
2.0
4.0
1.0
3.0
48.0
17.0
863.0
102.0
3.0
134.0
10.0
1.0
746.0
3.0
215.0
1.0
32.0
6.0
6.0
596.0
7.0
1.0
5.0
11.0
5.0
1.0
3.0
1.0
24.0
214.0
14.0
98.0
1.0
3.0
3.0
537.0
5.0
2.0
125.0
7.0
972.0
310.0
3.0
9.0
3.0
3.0
3.0
3.0
10.0
152.0
1.0
1.0
6.0
885.0
2.0
7.0
1.0
36.0
266.0
7.0
1.0
1.0
1.0
3.0
33.0
145.0
1.0
62.0
2.0
2.0
3.0
1.0
34.0
5.0
1.0
102.0
65.0
82.0
832.0
2.0
9.0
1.0
1.0
11.0
1.0
3.0
1.0
1.0
132.0
3.0
15.0
29.0
2.0
1.0
8688.0
972.0
1097.0
4.0
9.0
16.0
4.0
53.0
4.0
3.0
5.0
3.0
134.0
1.0
2782.0
1.0
1.0
2.0
30.0
3.0
9.0
2.0
46.0
1653.0
9.0
3.0
1.0
4.0
2.0
1.0
8753.0
1.0
10.0
894.0
1.0
4.0
1133.0
2.0
63.0
2.0
1.0
2.0
3.0
351.0
8.0
3.0
4.0
1019.0
7.0
1.0
13.0
4.0
1.0
1809.0
1.0
1.0
3.0
1292.0
3.0
8.0
1031.0
22057.0
1.0
1.0
4.0
265.0
1.0
2.0
2.0
9.0
236.0
38.0
1.0
1.0
1.0
9.0
3.0
3.0
4.0
10.0
11.0
292.0
45.0
1224.0
5.0
39.0
1.0
3.0
3.0
14.0
4.0
38.0
646.0
1.0
509.0
2.0
1.0
2.0
1.0
2.0
23.0
3.0
1.0
2.0
1.0
1.0
740.0
1.0
4.0
1.0
8.0
3.0
569.0
3.0
3.0
102.0
134.0
1.0
7.0
25.0
1.0
1.0
2.0
1.0
36.0
5.0
1.0
3.0
5.0
1.0
1.0
459.0
9.0
4.0
6.0
10.0
3.0
3.0
1.0
1.0
3.0
5.0
1.0
33.0
2.0
1.0
3.0
1.0
2.0
637.0
5.0
1.0
492.0
8.0
10.0
4280.0
2.0
6.0
21.0
1.0
3.0
14.0
18.0
3.0
4540.0
3.0
1.0
1.0
1.0
5.0
1.0
10.0
24.0
9.0
3.0
1.0
1.0
12.0
9.0
20.0
6.0
8632.0
1301.0
34.0
1.0
3.0
29.0
1.0
1.0
16.0
34.0
4.0
1.0
1.0
1.0
1.0
3.0
8.0
22.0
23.0
1.0
22.0
3.0
5.0
2.0
1.0
108.0
2.0
3.0
1.0
685.0
3.0
2.0
14.0
3.0
6.0
1.0
97.0
13.0
1.0
596.0
1.0
652.0
1.0
2.0
1.0
674.0
2.0
1.0
3.0
3.0
2.0
3.0
3.0
24.0
78.0
8.0
2.0
2.0
65.0
1.0
61.0
1561.0
62.0
1173.0
5.0
1.0
3.0
2.0
3.0
2.0
1.0
3.0
4351.0
14.0
48.0
3.0
3.0
1.0
9.0
6.0
510.0
1.0
1.0
9.0
4.0
3.0
1.0
8.0
2.0
2.0
4.0
1.0
6.0
1.0
7.0
131.0
19.0
737.0
3.0
1.0
1.0
2139.0
7.0
3.0
2901.0
3.0
79.0
5.0
9.0
1.0
21.0
2.0
5.0
1.0
14.0
1.0
1.0
99.0
4.0
4.0
2196.0
2.0
1.0
6.0
1.0
26.0
5.0
5.0
4.0
9.0
2.0
4.0
44.0
208.0
3.0
3.0
62.0
3.0
555.0
28.0
265.0
3.0
8.0
2.0
292.0
1.0
162.0
3.0
6.0
19.0
4.0
2.0
1.0
3.0
43.0
1.0
4.0
1.0
2.0
3.0
460.0
65.0
3.0
6.0
4.0
1.0
2.0
596.0
83.0
1.0
3.0
5.0
1462.0
6.0
14.0
23.0
25.0
523.0
306.0
40.0
1.0
6.0
3.0
22.0
693.0
230.0
1252.0
97.0
4.0
22.0
2.0
97.0
2.0
282.0
59.0
33.0
6.0
571.0
2.0
1184.0
1.0
117.0
28.0
3.0
17.0
73.0
2.0
3.0
211.0
2.0
1.0
3.0
10.0
1.0
5197.0
1.0
60.0
920.0
14.0
39.0
9.0
3.0
1.0
2.0
3.0
3.0
2.0
378.0
3.0
367.0
1321.0
3.0
404.0
3.0
3.0
3.0
4.0
564.0
3.0
6.0
1.0
1.0
1.0
603.0
3.0
9.0
33.0
2.0
125.0
1.0
21.0
611.0
1.0
102.0
1.0
30.0
135.0
3.0
796.0
3.0
20.0
36.0
23.0
1.0
15.0
9.0
1.0
52.0
3.0
1.0
4.0
2.0
1899.0
24.0
1.0
3.0
4.0
408.0
30.0
1.0
1.0
4.0
33.0
2.0
1.0
2.0
1.0
2.0
1085.0
1.0
1.0
5.0
1.0
9.0
1047.0
943.0
3.0
3.0
3.0
1.0
49.0
2.0
171.0
97.0
1.0
80.0
4.0
3.0
1115.0
2.0
29.0
23.0
14354.0
6.0
591.0
1.0
1.0
4.0
10.0
3.0
48.0
1.0
1.0
2.0
3.0
678.0
3.0
1.0
55.0
3.0
1.0
4.0
4.0
84.0
186.0
3.0
1.0
5.0
2.0
166.0
1.0
1.0
1.0
3.0
2.0
1168.0
66.0
10.0
1.0
4.0
84.0
1.0
1.0
1.0
27.0
4.0
2.0
97.0
1.0
7.0
1.0
12.0
3.0
23.0
1.0
14.0
549.0
1.0
40.0
1.0
1.0
6.0
1.0
2.0
1.0
19.0
11.0
47.0
3.0
1.0
1.0
3.0
5.0
2.0
2.0
2.0
4.0
10.0
446.0
564.0
1.0
1571.0
3.0
6.0
73.0
2216.0
10.0
5.0
8.0
9.0
1.0
19.0
2.0
2.0
337.0
1.0
8.0
2.0
3.0
4.0
1638.0
3.0
3.0
6.0
30.0
281.0
26.0
19.0
2.0
60.0
3.0
1670.0
9.0
5.0
74.0
2.0
46.0
2.0
3.0
89.0
1.0
25.0
4.0
2.0
15.0
47.0
16.0
54.0
11.0
2.0
1.0
15.0
2.0
89.0
861.0
2.0
129.0
16.0
53.0
2.0
17.0
5.0
2.0
9.0
7.0
1.0
259.0
8.0
6.0
9.0
36.0
19.0
16.0
2.0
1.0
2.0
14.0
3.0
2.0
44.0
2.0
1.0
549.0
57.0
2.0
1.0
23.0
37.0
4.0
41.0
1.0
3.0
1.0
10.0
1.0
4125.0
4.0
2.0
181.0
1.0
3.0
7.0
65694.0
1.0
1.0
1.0
1.0
3.0
1.0
4.0
2075.0
1.0
1.0
2.0
6.0
9.0
3.0
5.0
20.0
1.0
2.0
8.0
14.0
1.0
48.0
1.0
658.0
2.0
9.0
7.0
1.0
47.0
2.0
3.0
2.0
3.0
1.0
1.0
7.0
102.0
1.0
446.0
38.0
465.0
631.0
1.0
24.0
20.0
3.0
8.0
733.0
11.0
1.0
4.0
15.0
660.0
14189.0
1.0
1.0
1.0
1341.0
2.0
3.0
1.0
3.0
1.0
4.0
2597.0
2.0
1.0
1.0
574.0
2.0
1.0
13.0
1.0
115.0
27.0
33.0
7.0
13.0
1.0
1.0
2610.0
1.0
3.0
2.0
19.0
3.0
2632.0
2.0
1.0
2.0
3.0
5.0
1.0
7.0
1.0
1.0
246.0
83.0
152.0
3.0
36.0
1.0
1.0
6.0
145.0
10.0
18.0
86.0
3.0
4.0
370.0
3.0
3.0
1.0
1.0
13.0
9.0
2027.0
1.0
1.0
1.0
3.0
25.0
157.0
990.0
113.0
9.0
1.0
25.0
4.0
10.0
458.0
4.0
1.0
1.0
55.0
6.0
3.0
86.0
476.0
79.0
8.0
7.0
34.0
85.0
27.0
569.0
184.0
1067.0
2.0
282.0
1.0
4.0
27.0
1.0
65.0
3.0
1.0
9.0
34.0
1.0
3.0
27.0
1.0
7.0
3.0
23.0
1929.0
3.0
1.0
101.0
1.0
8.0
4.0
1.0
3.0
2.0
9.0
565.0
1.0
179.0
298.0
2.0
1.0
40.0
4.0
1.0
6599.0
2.0
1.0
2651.0
1.0
1.0
3.0
1.0
1.0
510.0
2.0
3.0
113.0
1.0
81.0
292.0
1.0
4.0
73.0
15.0
3.0
6343.0
1763.0
3.0
3.0
1.0
40.0
1.0
3.0
872.0
7.0
15.0
8.0
9.0
1.0
248.0
3.0
2.0
2.0
1546.0
3277.0
450.0
9.0
1.0
3.0
3.0
3.0
3.0
2374.0
33.0
1.0
674.0
1.0
3.0
2.0
1.0
737.0
1.0
26.0
1.0
2.0
8.0
1.0
1.0
5.0
1654.0
3.0
9.0
4.0
119.0
2.0
16.0
11.0
3.0
5.0
102.0
3.0
30.0
2.0
105.0
51.0
76.0
1.0
1.0
316.0
1.0
1.0
130.0
4.0
1.0
1857.0
112.0
17.0
1.0
530.0
1.0
2.0
89.0
73.0
31.0
468.0
14385.0
4.0
2.0
8.0
1.0
1.0
234.0
1.0
20.0
351.0
2.0
19.0
1.0
22.0
14913.0
3.0
3.0
288.0
4.0
1.0
5.0
10.0
4.0
5.0
1.0
341.0
634.0
242.0
6.0
2.0
2.0
338.0
63.0
3.0
18.0
3.0
3.0
1.0
1137.0
2.0
106.0
3.0
1.0
3.0
69.0
4.0
3.0
3.0
12.0
1.0
2.0
5.0
524.0
4749.0
1.0
57.0
2.0
19.0
1.0
7.0
43.0
1.0
193.0
254.0
1.0
1.0
2.0
1.0
12.0
14.0
3.0
2.0
662.0
3.0
3.0
4.0
1.0
22.0
2.0
177.0
2.0
1.0
3.0
1.0
2.0
2.0
2.0
1.0
1.0
1.0
2.0
15.0
6.0
1.0
2.0
526.0
34.0
269.0
4.0
2.0
1.0
9759.0
2.0
1.0
2.0
15.0
3.0
13.0
25.0
485.0
3.0
1.0
2.0
21.0
19.0
3.0
1.0
1.0
4.0
2.0
2.0
104.0
33.0
3850.0
1.0
44.0
3099.0
1.0
4.0
28.0
1.0
1.0
13.0
472.0
1.0
2.0
1.0
74.0
2.0
2.0
19.0
122.0
2.0
2.0
596.0
3.0
5.0
18.0
5.0
4564.0
227.0
607.0
12.0
1.0
370.0
12.0
1.0
33.0
516.0
3.0
3.0
2.0
3.0
1.0
142.0
262.0
3.0
4.0
3.0
1.0
9.0
35.0
15.0
102.0
1.0
1042.0
1.0
3.0
108.0
12.0
9.0
1.0
2.0
32144.0
1.0
3.0
3.0
7866.0
1.0
1.0
1.0
34.0
314.0
58.0
4.0
9.0
771.0
6.0
338.0
8.0
1.0
79.0
108.0
2029.0
2.0
1.0
5.0
78.0
1.0
11.0
39.0
3.0
985.0
1.0
2428.0
17.0
1.0
940.0
3.0
5.0
9.0
4.0
1.0
786.0
6.0
193.0
1.0
1.0
3.0
7.0
1.0
3.0
1.0
1.0
42.0
1.0
4.0
356.0
672.0
1.0
1030.0
25.0
3.0
1.0
38.0
4.0
1.0
1.0
7.0
1.0
8.0
1.0
3.0
3.0
1139.0
8.0
7.0
1.0
1.0
22.0
5.0
558.0
11.0
3.0
1.0
19.0
19.0
1.0
3.0
19.0
6063.0
1.0
2.0
3399.0
915.0
4.0
514.0
3.0
1.0
2.0
569.0
3.0
3.0
1.0
3.0
10.0
2.0
2.0
1.0
1.0
17.0
55.0
1.0
1.0
1.0
1.0
1.0
3.0
2.0
16.0
55.0
3.0
591.0
1.0
126.0
94.0
218.0
1810.0
8.0
61.0
3.0
1.0
3.0
811.0
1.0
2.0
2.0
2.0
3.0
187.0
6.0
1.0
1.0
2001.0
208.0
1.0
7783.0
1.0
302.0
4.0
1.0
3.0
34.0
1.0
1.0
6.0
62.0
3.0
4.0
265.0
3.0
22.0
1.0
2.0
1.0
12.0
428.0
18.0
8.0
3.0
2.0
9.0
2.0
133.0
1.0
3.0
8.0
1.0
10.0
1.0
1.0
13.0
2.0
1.0
61.0
9.0
1.0
438.0
1.0
3.0
193.0
1.0
6.0
513.0
7.0
206.0
11.0
9.0
8.0
45.0
58.0
19.0
85.0
62.0
5.0
271.0
3.0
1.0
3.0
1.0
1.0
1.0
618.0
1.0
3.0
1.0
3.0
161.0
4.0
2.0
270.0
5.0
22.0
31.0
50.0
4.0
338.0
10.0
38.0
8.0
3.0
3.0
1.0
351.0
2.0
313.0
1511.0
1.0
429.0
153.0
2.0
18.0
23.0
23.0
1941.0
9.0
36.0
9.0
51.0
3.0
10.0
2.0
886.0
5.0
3.0
13.0
24.0
1.0
695.0
181.0
79.0
8.0
2.0
1327.0
1.0
1.0
6.0
2.0
18.0
3.0
2.0
1.0
574.0
3.0
2.0
6.0
1.0
1.0
7.0
25.0
1.0
1.0
1.0
1.0
8.0
16.0
3.0
26.0
16.0
475.0
2.0
997.0
1.0
457.0
419.0
2.0
1.0
1.0
1.0
569.0
3.0
29.0
1360.0
2.0
8.0
6.0
1.0
2.0
1.0
292.0
3.0
9.0
3.0
4552.0
13.0
1.0
338.0
7.0
1.0
130.0
1.0
1099.0
4111.0
53.0
298.0
1.0
1.0
4.0
722.0
6.0
3.0
2.0
1.0
11.0
3.0
28.0
2.0
58.0
223.0
2673.0
260.0
506.0
30.0
16.0
2.0
2.0
1.0
6.0
362.0
282.0
16.0
2.0
23.0
1.0
1.0
52.0
3.0
6.0
3.0
3.0
1.0
4.0
3.0
25.0
8.0
1.0
2.0
6.0
313.0
110.0
3.0
1.0
705.0
1.0
87.0
4.0
47.0
12.0
59.0
3.0
2.0
2.0
1.0
106.0
56.0
430.0
1.0
14189.0
18.0
3.0
4.0
7.0
55.0
1451.0
1.0
2.0
3.0
4.0
279.0
2.0
38.0
9.0
9.0
1.0
20.0
12.0
1023.0
553.0
8.0
4.0
4.0
3.0
1.0
8.0
3.0
8.0
56.0
30.0
2.0
62.0
1.0
1.0
1963.0
2.0
1.0
3.0
1111.0
16.0
2.0
4.0
2.0
3.0
13.0
2.0
1.0
2.0
2.0
1.0
1.0
1.0
1.0
23.0
1.0
500.0
2.0
492.0
3.0
3.0
13840.0
177.0
351.0
8.0
1.0
9.0
1.0
9.0
1.0
1.0
3.0
56.0
216.0
111.0
8410.0
1.0
4.0
10.0
5.0
1.0
1.0
6.0
1.0
1311.0
15.0
254.0
16.0
4.0
263.0
3.0
373.0
1.0
181.0
2.0
10.0
50.0
13.0
1.0
31.0
2.0
5.0
82.0
264.0
37.0
2.0
3.0
3.0
1.0
977.0
1.0
23.0
1.0
351.0
1.0
71.0
2.0
1440.0
3.0
388.0
2.0
3.0
2.0
12.0
1.0
961.0
120.0
1.0
1.0
13.0
3.0
69.0
92.0
57.0
2.0
4.0
3.0
104.0
1.0
1.0
1044.0
7.0
1.0
4.0
3.0
10673.0
1.0
1.0
129.0
3.0
3.0
13215.0
10.0
2.0
1.0
1.0
1290.0
1.0
4.0
10.0
41.0
1.0
696.0
1.0
13.0
66.0
3.0
9.0
202.0
1.0
8.0
4.0
6.0
3.0
336.0
1.0
42.0
1.0
1.0
3.0
3.0
6.0
1.0
1.0
1.0
1.0
3.0
3.0
2.0
4.0
1.0
5.0
29.0
1.0
35.0
290.0
7.0
2615.0
75.0
1.0
3.0
40.0
29.0
12.0
1.0
1.0
3.0
1117.0
127.0
528.0
1.0
15.0
2.0
1.0
1.0
8.0
1.0
9.0
1.0
29.0
31.0
9.0
1.0
1.0
1.0
1018.0
17.0
990.0
1965.0
110.0
7.0
3.0
3.0
3.0
428.0
65.0
94.0
1.0
19.0
3.0
150.0
1.0
3.0
32.0
190.0
1185.0
1.0
2.0
1.0
3.0
1.0
40.0
1.0
42.0
2.0
2.0
3.0
1.0
3.0
13.0
1119.0
4.0
8.0
1.0
288.0
3.0
1.0
1.0
1.0
3.0
3.0
5.0
1.0
2.0
16.0
1.0
22.0
1.0
81.0
1.0
2.0
2.0
3.0
1.0
3.0
16.0
1.0
6.0
3.0
24.0
3.0
1.0
1.0
8.0
9.0
80.0
1.0
70.0
3.0
2.0
1.0
3104.0
3.0
3.0
2.0
38.0
1.0
1.0
13.0
4.0
4.0
1.0
4.0
23.0
3.0
2.0
52.0
3.0
3.0
1427.0
4.0
15.0
510.0
12.0
55.0
49.0
3947.0
5.0
1.0
3.0
1.0
446.0
3.0
2.0
2.0
8.0
40.0
1.0
3.0
10.0
2.0
3.0
8.0
4.0
2.0
1432.0
62.0
10.0
4.0
3.0
1.0
2.0
11.0
3.0
1.0
238.0
37.0
1704.0
40.0
678.0
2.0
179.0
1.0
1.0
37.0
8.0
4.0
1.0
2448.0
3.0
16.0
2.0
1.0
55.0
737.0
24.0
1.0
17.0
21.0
2065.0
57.0
24.0
924.0
3.0
1.0
1.0
1.0
142.0
17922.0
1036.0
4.0
9.0
4969.0
4.0
3.0
142.0
3.0
1.0
24.0
3.0
400.0
19.0
3.0
2.0
3.0
1.0
5.0
1.0
1.0
4.0
248.0
3.0
1.0
4.0
8.0
1.0
1.0
24341.0
58.0
1642.0
2.0
3.0
2.0
3.0
4.0
1.0
2.0
1.0
1.0
3.0
5.0
5.0
27.0
9.0
4.0
730.0
136.0
2.0
101.0
10.0
128.0
2.0
20.0
1.0
338.0
1.0
3.0
3.0
1.0
4077.0
3.0
1.0
3.0
3.0
126.0
5.0
6.0
1.0
75.0
2.0
4.0
320.0
101.0
1.0
1.0
2.0
20.0
8.0
131.0
3.0
2.0
1.0
1.0
944.0
36.0
8.0
4.0
3.0
3.0
1.0
1.0
950.0
1561.0
27.0
2.0
3.0
11.0
4.0
621.0
3.0
1.0
11.0
2.0
21.0
1.0
1.0
3.0
5.0
10.0
1.0
2.0
1.0
1.0
8.0
9.0
171.0
650.0
2.0
23.0
1083.0
4.0
11.0
1.0
363.0
2.0
1.0
1.0
3.0
19.0
1.0
8.0
3.0
2.0
3.0
27.0
1.0
14.0
143.0
69.0
13.0
91.0
3.0
769.0
7.0
1.0
1.0
1.0
3.0
292.0
967.0
687.0
3.0
36.0
1.0
43.0
12.0
18.0
1.0
1.0
19.0
4.0
14.0
3.0
1.0
3.0
504.0
5.0
1.0
696.0
1569.0
9.0
3.0
1.0
1.0
1.0
399.0
56.0
117.0
961.0
3.0
565.0
533.0
1.0
34.0
1.0
16.0
7.0
75.0
393.0
457.0
3.0
1.0
166.0
2.0
4.0
2.0
753.0
27.0
204.0
273.0
4597.0
2705.0
36.0
3.0
32.0
4.0
2.0
101.0
3.0
53.0
1.0
1.0
1.0
9.0
1.0
11.0
1.0
2.0
4.0
1.0
3.0
9.0
1495.0
277.0
1.0
7.0
26.0
9.0
102.0
3.0
1.0
8.0
11.0
9.0
2.0
1.0
6.0
3.0
4.0
3.0
3.0
1.0
182.0
3.0
68.0
112.0
4.0
1.0
1.0
714.0
44.0
6.0
8.0
2.0
2.0
40.0
1.0
9.0
2.0
3.0
2251.0
13.0
2.0
3.0
6.0
15.0
3.0
390.0
2.0
3.0
1.0
1.0
1.0
7.0
1.0
47.0
1.0
1.0
3.0
375.0
1.0
3.0
1.0
100.0
101.0
4.0
3.0
30.0
1.0
2.0
1.0
1.0
1.0
10.0
1.0
3.0
1.0
3.0
116.0
24.0
3.0
1.0
199.0
2.0
32.0
1.0
3.0
3.0
683.0
255.0
4.0
7.0
1.0
1.0
23.0
83.0
1.0
6.0
6.0
22.0
2.0
1.0
18.0
13.0
3.0
95.0
4.0
22.0
1.0
10.0
1071.0
1.0
3.0
40.0
108.0
2.0
10.0
1.0
65.0
2.0
181.0
493.0
16.0
3.0
452.0
3.0
1.0
4.0
9.0
3.0
3.0
1.0
1.0
8.0
2.0
19.0
3.0
3.0
3.0
1.0
3.0
1.0
25.0
9.0
1.0
9.0
1.0
3.0
2.0
4.0
242.0
1.0
1716.0
208.0
137.0
3.0
1032.0
1.0
1.0
158.0
2.0
991.0
5.0
1.0
15.0
3.0
20.0
5.0
58.0
2.0
34.0
1678.0
3.0
3.0
2.0
3.0
1.0
4478.0
1.0
1.0
3.0
12.0
3.0
3.0
7.0
41.0
2.0
1.0
51.0
1.0
3.0
573.0
9.0
26.0
2.0
19.0
734.0
15.0
1.0
6.0
1.0
1.0
13.0
1.0
1.0
1.0
1.0
1256.0
576.0
1.0
677.0
3.0
1.0
1.0
16.0
1.0
288.0
1.0
1.0
12.0
9.0
2.0
2.0
2.0
1.0
11.0
5.0
1.0
1.0
1.0
4.0
176.0
1.0
1.0
3.0
1.0
1.0
16.0
82.0
1.0
2.0
3.0
5.0
30.0
3.0
3.0
1.0
74.0
2.0
52.0
1792.0
75.0
30.0
1.0
2471.0
3.0
1.0
1.0
596.0
1.0
5.0
57.0
3.0
1.0
1098.0
8.0
1186.0
7.0
1460.0
6.0
683.0
15.0
1.0
3.0
1.0
1.0
1650.0
1.0
1.0
3.0
146.0
150.0
526.0
31.0
8.0
1.0
11.0
3.0
6.0
24.0
2.0
1.0
1.0
6.0
235.0
3.0
3.0
3.0
3.0
3.0
2.0
1.0
2.0
1.0
1.0
6.0
3.0
184.0
2.0
1.0
1.0
123.0
2.0
10.0
3.0
19.0
90.0
2.0
177.0
24.0
2.0
10.0
10.0
2991.0
4.0
12.0
2.0
300.0
1230.0
1.0
351.0
4.0
1.0
21.0
1.0
2.0
7.0
1.0
4.0
1.0
1.0
2.0
3.0
4.0
31.0
6.0
6.0
24.0
36.0
1.0
5207.0
27.0
1.0
31.0
8.0
2.0
2.0
4.0
29.0
7879.0
4.0
7.0
2.0
1.0
6.0
6598.0
5.0
624.0
1.0
44.0
1.0
14.0
1018.0
4.0
2666.0
2.0
1.0
2.0
74.0
10.0
2.0
7.0
36.0
3.0
88.0
3.0
1.0
2008.0
3.0
1.0
2.0
2.0
3.0
2.0
3.0
165.0
7.0
2.0
1.0
30.0
16519.0
1.0
25.0
75.0
2656.0
5.0
3.0
4.0
3.0
3.0
12.0
1.0
1.0
61.0
9.0
4.0
7.0
1.0
1.0
12.0
2.0
3.0
1.0
672.0
179.0
3.0
201.0
1.0
684.0
6.0
469.0
45.0
1.0
3.0
1.0
10.0
1.0
21.0
1.0
1.0
80.0
50.0
434.0
2.0
3.0
114.0
3.0
9.0
1.0
1.0
6.0
3.0
17.0
17.0
1344.0
3.0
1.0
2.0
17.0
274.0
4.0
3.0
4.0
3.0
576.0
1.0
15.0
1.0
2.0
2.0
5.0
65.0
29.0
1.0
1.0
2.0
1.0
1.0
1794.0
1.0
23.0
9.0
1.0
7.0
3.0
9.0
2.0
1.0
1018.0
49.0
467.0
2666.0
652.0
3.0
3.0
940.0
71.0
1.0
72.0
1.0
2.0
1.0
33100.0
5.0
9.0
3.0
1.0
2.0
1.0
3.0
53.0
14.0
697.0
1.0
1.0
2.0
2407.0
314.0
288.0
10.0
82.0
4.0
1.0
24.0
1.0
1719.0
2.0
1.0
1.0
2.0
658.0
2.0
19.0
5.0
1.0
22.0
1.0
1.0
80.0
3.0
3.0
1.0
236.0
1.0
2.0
17.0
1025.0
1.0
1.0
1.0
1.0
2.0
1.0
2.0
1041.0
1078.0
1.0
3.0
55.0
853.0
3.0
404.0
8.0
14.0
2.0
1.0
99.0
1.0
1888.0
14.0
11.0
17.0
1.0
8.0
2.0
1.0
1.0
115.0
1.0
15.0
367.0
1.0
75.0
622.0
3.0
1.0
69.0
3.0
3.0
4.0
1.0
1.0
2.0
1.0
300.0
1.0
12.0
4.0
1.0
3.0
33.0
197.0
9.0
1.0
5.0
1.0
1.0
32.0
90.0
1209.0
2.0
69.0
14385.0
4.0
18.0
1.0
2.0
1.0
1.0
59.0
1.0
4.0
2391.0
370.0
3.0
1.0
8.0
17.0
1.0
3.0
2.0
9.0
11.0
5.0
3.0
219.0
1.0
4.0
4.0
36.0
1.0
3572.0
30.0
1.0
5786.0
1.0
119.0
2.0
4.0
32.0
8.0
29.0
4.0
1.0
1.0
3.0
4.0
958.0
3456.0
50.0
1.0
6.0
129.0
3.0
1.0
8.0
2.0
1569.0
1.0
21.0
1.0
3.0
1.0
20.0
10.0
4.0
4.0
4.0
27.0
5.0
2.0
3.0
14.0
3.0
2.0
18.0
36.0
1.0
6890.0
1.0
1060.0
10.0
2890.0
1.0
2.0
14.0
3.0
11.0
227.0
5.0
32.0
5.0
3.0
12.0
6276.0
163.0
1.0
17.0
138.0
3.0
3.0
2.0
241.0
573.0
1.0
5.0
376.0
1.0
3.0
3.0
1.0
10.0
12.0
18.0
3.0
5.0
576.0
4.0
119.0
2.0
36.0
134.0
68.0
2.0
1272.0
4.0
1.0
4.0
1.0
1.0
1.0
3.0
25.0
1.0
1.0
74.0
11.0
87.0
1.0
292.0
1.0
3.0
2.0
47.0
71.0
3.0
18.0
4.0
4.0
2.0
1.0
17.0
1.0
3.0
1.0
1.0
1315.0
20.0
328.0
1.0
3.0
2.0
1831.0
3.0
3.0
8.0
1.0
3.0
10.0
3.0
1.0
1.0
3.0
1.0
1392.0
377.0
40638.0
8182.0
1.0
1.0
2.0
1.0
2.0
1.0
200.0
1.0
5.0
1.0
14.0
1.0
2.0
130.0
3.0
2.0
1.0
37.0
364.0
9.0
52.0
1.0
3.0
2.0
1.0
4.0
131.0
1.0
12.0
2.0
3.0
3.0
3.0
1.0
56.0
1041.0
1.0
67.0
3.0
1.0
25.0
7.0
1.0
4.0
1.0
9.0
4.0
9.0
24.0
59.0
1.0
452.0
51.0
4.0
16.0
3.0
19.0
3.0
50.0
2.0
2866.0
13.0
1.0
1.0
4.0
9.0
23.0
64.0
36.0
2.0
336.0
15.0
1.0
3.0
4.0
1.0
438.0
690.0
1.0
26.0
3.0
3.0
3.0
1.0
3.0
10.0
21.0
11.0
8.0
2.0
1.0
50.0
161.0
92.0
2.0
7.0
73.0
2.0
6.0
1.0
15.0
54.0
10.0
28.0
3.0
8.0
16.0
1.0
3.0
387.0
110.0
6.0
1.0
17.0
43.0
3.0
1.0
2.0
4.0
3.0
67.0
39.0
10.0
1.0
1.0
23.0
12.0
3.0
4.0
1596.0
33.0
1.0
8.0
3.0
24.0
2.0
3.0
1.0
15.0
7.0
9.0
192.0
551.0
47.0
1.0
6.0
1.0
3.0
416.0
69.0
1.0
1.0
2.0
55.0
3.0
2.0
10.0
2.0
2.0
3.0
8.0
3.0
11.0
1.0
3.0
1.0
2.0
1.0
97.0
1.0
351.0
1.0
8.0
13.0
1.0
1.0
2.0
31.0
100.0
1.0
2.0
103.0
1.0
1.0
62.0
9.0
7.0
12.0
1.0
10.0
3.0
1.0
3.0
129.0
1.0
1.0
3.0
3.0
337.0
33.0
3.0
1.0
3.0
24.0
103.0
3.0
1.0
60.0
2786.0
3.0
5.0
1.0
2391.0
1.0
2.0
22.0
1.0
225.0
3.0
26.0
282.0
33.0
1.0
36.0
1.0
7.0
2.0
1.0
19.0
1113.0
1.0
13.0
1.0
2.0
405.0
2274.0
106.0
2.0
3.0
162.0
130.0
2.0
4.0
1.0
69.0
182.0
3.0
4.0
1.0
442.0
1013.0
961.0
45.0
8604.0
3.0
2.0
2.0
1.0
2.0
3.0
2.0
3.0
3.0
1.0
1.0
21.0
9.0
6.0
1.0
2.0
4.0
1.0
128.0
18.0
1.0
1.0
15.0
8.0
2.0
1.0
28.0
9.0
1.0
2.0
193.0
78.0
3.0
117.0
282.0
1.0
10.0
2.0
1.0
7.0
217.0
467.0
3.0
659.0
44.0
3.0
1.0
1.0
3.0
4.0
1.0
383.0
1.0
2.0
1.0
3.0
81.0
3.0
2.0
23.0
2.0
6.0
1.0
186.0
3033.0
346.0
3854.0
8.0
1.0
5.0
3.0
3.0
3.0
4.0
1.0
25.0
351.0
3.0
1.0
1.0
1.0
74.0
1.0
4.0
2.0
2.0
45.0
10.0
11.0
1.0
923.0
3.0
3.0
4.0
66.0
1.0
3.0
3.0
2.0
1.0
1.0
1.0
1.0
66.0
14.0
388.0
32.0
3.0
4.0
21.0
1214.0
3.0
2.0
3.0
1.0
3.0
31.0
60.0
1.0
535.0
42.0
10.0
2.0
9.0
3.0
6.0
4.0
5.0
1.0
4.0
1.0
567.0
3.0
18.0
2.0
4.0
1427.0
23.0
52.0
2.0
2.0
58.0
23.0
82.0
9.0
1.0
22.0
1.0
351.0
1102.0
1.0
2.0
1.0
3.0
16.0
105.0
3.0
1217.0
5.0
260.0
13.0
1.0
9.0
2.0
1.0
896.0
1.0
1.0
1.0
1.0
14.0
2.0
1.0
75.0
1.0
85.0
1.0
1.0
2.0
11499.0
3.0
10.0
232.0
18.0
1.0
2.0
8.0
5.0
2.0
2.0
2.0
3.0
2.0
16.0
8694.0
1.0
57.0
6.0
339.0
68.0
4.0
54.0
3.0
658.0
66.0
1.0
19.0
4.0
1468.0
39.0
2.0
1.0
3.0
1.0
4.0
1.0
6.0
1.0
152.0
4.0
2.0
4.0
7.0
1.0
3251.0
8.0
24.0
77.0
3.0
6.0
2.0
3.0
1.0
2.0
1.0
6.0
4.0
26855.0
1.0
282.0
2469.0
1.0
596.0
1.0
1.0
17.0
2.0
1.0
1.0
368.0
82.0
9.0
2.0
2.0
7.0
24.0
29.0
1.0
3.0
1.0
3.0
25.0
47.0
1.0
3.0
5.0
1018.0
3.0
24.0
3.0
44.0
1.0
28.0
1076.0
1.0
1.0
2.0
7.0
34.0
4.0
3.0
2.0
8.0
4.0
32.0
1.0
3.0
421.0
1580.0
6.0
12.0
1.0
2.0
1.0
10.0
1.0
3.0
3.0
1.0
3.0
2.0
77.0
5005.0
3.0
417.0
26.0
71.0
85.0
2.0
3.0
5.0
4.0
102.0
2.0
3.0
9.0
1.0
13.0
3.0
131.0
2.0
3.0
24.0
3.0
44.0
4.0
1.0
99.0
7.0
4.0
1.0
2208.0
843.0
1.0
1.0
1.0
3.0
1.0
3.0
3.0
1120.0
39.0
1.0
12.0
18.0
3.0
9.0
46.0
3.0
7.0
1.0
2.0
9.0
3.0
2.0
2.0
1.0
10.0
2.0
3.0
3.0
19.0
3.0
297.0
16.0
9.0
136.0
1.0
1.0
3.0
327.0
3.0
66.0
10.0
4.0
2.0
1374.0
15.0
767.0
457.0
361.0
124.0
20.0
1.0
2.0
1.0
12.0
288.0
24.0
51.0
4.0
208.0
1.0
2.0
26.0
1.0
103.0
1.0
462.0
1.0
36.0
3.0
2.0
17.0
78.0
3.0
69.0
2.0
728.0
35.0
2.0
117.0
3.0
3.0
1.0
2.0
105.0
1.0
213.0
9.0
2.0
2.0
1.0
3.0
3.0
424.0
22.0
9.0
11.0
4.0
19.0
4.0
9.0
2.0
1.0
288.0
75.0
39.0
3.0
2.0
3.0
23.0
1179.0
3.0
4.0
1.0
4.0
1.0
1.0
2.0
5434.0
13.0
1.0
5.0
5.0
1.0
1.0
78.0
7.0
5.0
3.0
2.0
249.0
1.0
1.0
1.0
3.0
3.0
3.0
1.0
4.0
14.0
1.0
3.0
5.0
5.0
8.0
3.0
1.0
1.0
5.0
1.0
1.0
1.0
1.0
2.0
1.0
1.0
243.0
273.0
422.0
962.0
72.0
83.0
186.0
4.0
1.0
6.0
3.0
22.0
7.0
2.0
1.0
2.0
34.0
13.0
61.0
60.0
55.0
1.0
2.0
1.0
11.0
18.0
56.0
4674.0
1.0
1.0
3.0
1.0
1.0
17.0
2.0
1.0
2.0
136.0
5.0
1.0
267.0
217.0
3.0
6.0
9.0
93.0
1.0
39.0
1.0
1.0
2.0
1.0
21.0
3.0
8.0
8.0
1.0
1.0
1.0
1.0
3.0
654.0
3.0
40.0
1.0
2.0
3.0
5.0
9.0
5.0
47.0
11.0
1.0
1.0
3.0
65.0
17.0
4.0
19.0
1309.0
1.0
23.0
7.0
686.0
3.0
4.0
2.0
1.0
1.0
82.0
53.0
1.0
1.0
5.0
993.0
2.0
2.0
1.0
1545.0
5.0
654.0
26.0
830.0
3.0
1.0
1.0
3.0
2.0
4.0
1.0
5.0
17.0
6.0
11.0
15.0
3.0
1.0
2.0
35.0
1.0
2.0
22.0
3.0
634.0
3.0
1.0
1.0
3.0
4.0
19.0
86.0
286.0
2.0
1.0
2.0
15.0
19.0
4.0
1802.0
1.0
107.0
107.0
3.0
2.0
1.0
7.0
1.0
1.0
1.0
2.0
1.0
1.0
1.0
5612.0
1.0
3.0
6.0
1.0
1.0
36.0
11.0
1.0
2.0
3.0
3.0
1.0
1.0
1.0
1.0
1.0
3.0
12.0
1.0
3346.0
11.0
1589.0
96.0
1250.0
3.0
3.0
114.0
2.0
7.0
2.0
9.0
22.0
3.0
3.0
88.0
1.0
2.0
129.0
3.0
1.0
60.0
8.0
3.0
79.0
75.0
3.0
37.0
1.0
14.0
720.0
2.0
860.0
4.0
4.0
2.0
1309.0
2.0
1.0
8.0
1.0
2.0
92.0
25.0
1.0
4.0
4.0
10.0
196.0
7.0
5.0
107.0
1.0
19.0
1.0
1.0
1.0
1.0
3744.0
133.0
31.0
3.0
2.0
9.0
59.0
10.0
3.0
1.0
469.0
292.0
4103.0
537.0
3.0
7.0
22.0
1.0
10.0
17.0
1.0
8.0
9.0
371.0
3.0
8.0
2858.0
1.0
5.0
33.0
3.0
55.0
22.0
1.0
1.0
1.0
1.0
3.0
95.0
4.0
48.0
14.0
1.0
1.0
1.0
3.0
1.0
3.0
1.0
1.0
101.0
3.0
20.0
435.0
2.0
4.0
1.0
3.0
1.0
1.0
3.0
965.0
2.0
1.0
1.0
1.0
404.0
2.0
3.0
238.0
8.0
20.0
1.0
4.0
29.0
319.0
9.0
1.0
1.0
1.0
2.0
5.0
1.0
4.0
2.0
60.0
8.0
105.0
3.0
31.0
1.0
39.0
1.0
3.0
2.0
1.0
3.0
110.0
2.0
55.0
1.0
25.0
2.0
3305.0
408.0
1.0
1.0
29.0
1.0
1.0
1610.0
450.0
1.0
1.0
5.0
1.0
467.0
1630.0
1002.0
1.0
2.0
8.0
234.0
1.0
1.0
887.0
1.0
1.0
4.0
673.0
4.0
3.0
20.0
3.0
4.0
1.0
24.0
6.0
338.0
282.0
1.0
3.0
15.0
55.0
3.0
18.0
3.0
4.0
351.0
1.0
1.0
1.0
23.0
480.0
3.0
24.0
1.0
111.0
110.0
1971.0
1.0
3.0
9.0
1.0
160.0
373.0
8.0
2.0
8676.0
1999.0
1.0
1215.0
6.0
2.0
1.0
24.0
4.0
37.0
4.0
3.0
4.0
109.0
1.0
3.0
8.0
492.0
3.0
1763.0
6.0
4.0
3.0
2.0
8.0
2.0
1.0
108.0
271.0
7.0
1.0
1.0
3.0
2.0
8.0
58.0
471.0
2.0
3.0
12.0
3.0
103.0
2.0
1659.0
1.0
6.0
2.0
8.0
645.0
3.0
15.0
703.0
4.0
148.0
3.0
1.0
152.0
1.0
10.0
3.0
3.0
3.0
2.0
2.0
8.0
2.0
1.0
856.0
1681.0
351.0
4139.0
3.0
1.0
10.0
1352.0
3.0
1.0
9.0
10.0
1.0
1.0
17.0
3.0
1170.0
4780.0
2.0
1.0
1.0
6.0
5.0
974.0
330.0
66.0
3.0
1.0
3.0
1.0
1.0
4541.0
109.0
2.0
1.0
351.0
2.0
1.0
5.0
3.0
1.0
79.0
19.0
3.0
6.0
2.0
603.0
16.0
142.0
3.0
1.0
6.0
47.0
59.0
8.0
10.0
69.0
9.0
5.0
10.0
61.0
2.0
79.0
7.0
84.0
2.0
2.0
1.0
6.0
510.0
1.0
334.0
13.0
5.0
3.0
31.0
1074.0
5.0
4189.0
3.0
3.0
18.0
1170.0
356.0
1.0
6.0
65.0
437.0
3.0
8.0
1.0
1.0
3.0
2.0
1.0
1.0
921.0
3.0
368.0
1.0
1.0
2.0
1.0
1.0
3.0
1.0
4257.0
1188.0
8.0
3.0
2.0
30.0
2.0
28.0
4.0
68.0
2.0
1.0
215.0
3.0
104.0
3.0
1.0
4.0
45.0
11.0
596.0
1.0
1393.0
16.0
10.0
3.0
4.0
7.0
770.0
3.0
8.0
292.0
50.0
2.0
16.0
7.0
16.0
7.0
16.0
1004.0
1532.0
3.0
16.0
1.0
8.0
2.0
12.0
2076.0
23.0
2.0
3.0
444.0
15.0
1.0
289.0
6.0
2.0
1.0
3.0
4.0
445.0
3.0
2.0
1.0
1.0
3.0
1.0
123.0
2.0
2.0
2.0
3.0
507.0
8.0
1.0
596.0
5.0
6.0
1312.0
5.0
272.0
5.0
14.0
3.0
3.0
7.0
288.0
3.0
1.0
1.0
4.0
2.0
3.0
1.0
19.0
2.0
1053.0
107.0
3.0
28.0
38.0
24.0
1.0
51.0
6.0
6.0
1.0
172.0
1042.0
1539.0
9.0
1.0
2779.0
3.0
1.0
2.0
2.0
3.0
75.0
26.0
1.0
1.0
1.0
7.0
1.0
2.0
3.0
39368.0
2.0
3.0
9.0
20.0
1.0
2.0
36.0
1.0
3.0
6.0
1.0
1882.0
1.0
1.0
25.0
24.0
1.0
15.0
2097.0
1.0
2.0
658.0
1.0
3.0
1.0
616.0
1.0
383.0
2.0
19.0
1.0
4527.0
73.0
3.0
6.0
1.0
158.0
4.0
3.0
3.0
2.0
2.0
29.0
1.0
3.0
1.0
1.0
1.0
1.0
1.0
24.0
1.0
18.0
10.0
3.0
77.0
1.0
28.0
1.0
24.0
3.0
3.0
1.0
3.0
1.0
1.0
1.0
4.0
149.0
6.0
3.0
5.0
5.0
6.0
6.0
1044.0
8.0
3.0
24.0
296.0
1.0
99.0
13.0
1.0
13.0
4.0
8.0
1.0
2.0
61.0
89.0
6.0
1.0
1.0
33.0
2.0
407.0
24.0
972.0
1.0
1.0
3.0
8.0
1.0
8.0
151.0
10.0
2.0
2.0
55.0
1130.0
2.0
25.0
3.0
9.0
65.0
7.0
102.0
3.0
1.0
1.0
5.0
3.0
3.0
22.0
1.0
58.0
6.0
7.0
279.0
3.0
1.0
3.0
288.0
1.0
5.0
1.0
2.0
3.0
763.0
133.0
7.0
3.0
2.0
3.0
2.0
26.0
18.0
99.0
127.0
1.0
3.0
5.0
3.0
3.0
1.0
25.0
1.0
1.0
3.0
1.0
1.0
2.0
13.0
1.0
711.0
3.0
5.0
4.0
2.0
1.0
1.0
7.0
2.0
41.0
1.0
11.0
1.0
1.0
82.0
3.0
1.0
3.0
128.0
27.0
31.0
6.0
3.0
17.0
1.0
178.0
3485.0
2.0
1.0
1064.0
9.0
13.0
305.0
274.0
14.0
1.0
6.0
2.0
1.0
1.0
1.0
16.0
47.0
1.0
1.0
1.0
44.0
612.0
30.0
978.0
38.0
750.0
588.0
2.0
4.0
1503.0
1.0
125.0
1.0
3.0
3.0
1.0
1.0
6.0
1.0
1.0
14.0
46.0
10.0
3.0
3.0
4.0
69.0
4.0
1.0
3.0
7.0
1.0
22.0
1.0
74.0
7.0
3.0
2.0
11.0
54.0
72.0
2.0
21.0
3.0
2.0
2.0
58.0
2.0
3.0
1400.0
62.0
2.0
1.0
1.0
1.0
2.0
3.0
3.0
905.0
75.0
1290.0
3.0
1.0
3.0
9.0
3.0
58.0
8.0
1.0
1.0
62.0
3.0
1.0
24.0
1.0
4.0
3.0
1.0
4.0
133.0
1.0
2.0
2.0
2.0
3.0
3.0
1.0
8.0
3.0
4.0
4.0
3.0
358.0
3.0
7.0
3.0
5.0
23.0
855.0
1.0
9.0
110.0
2.0
3.0
1.0
21.0
2.0
1.0
1172.0
1.0
132.0
773.0
15.0
1.0
1.0
22.0
2.0
7.0
142.0
27.0
754.0
7.0
3.0
1.0
2.0
1672.0
1.0
31.0
9.0
26.0
288.0
2.0
3.0
9.0
5.0
1018.0
3.0
5.0
1.0
3.0
5.0
2.0
216.0
3.0
121.0
169.0
281.0
473.0
4.0
8.0
3.0
4.0
1.0
1.0
2123.0
12.0
3.0
13.0
1.0
2.0
8.0
2228.0
1.0
3.0
2.0
6.0
6.0
292.0
5.0
1.0
1.0
1.0
1.0
56.0
2.0
723.0
47.0
7.0
9.0
3.0
145.0
2.0
1.0
567.0
3.0
1979.0
31.0
4.0
1.0
22.0
3.0
10.0
613.0
7.0
1.0
685.0
3.0
1.0
7884.0
1.0
382.0
14.0
1.0
3.0
14537.0
3239.0
1.0
36.0
2.0
6.0
2.0
1.0
1.0
2.0
22.0
3.0
2.0
22.0
1.0
95.0
2.0
9.0
279.0
1.0
123.0
4.0
3.0
7.0
1.0
3.0
1.0
3.0
6.0
2.0
1.0
1.0
1.0
8.0
1.0
1.0
41.0
3.0
112.0
95.0
1.0
5.0
28.0
8.0
3.0
1.0
1.0
1.0
2.0
1.0
1.0
19.0
1.0
20.0
131.0
6.0
611.0
288.0
14.0
1.0
23.0
1935.0
1.0
1.0
1.0
3.0
2.0
3.0
1.0
3.0
16.0
1.0
399.0
1.0
1.0
1.0
19.0
7.0
86926.0
5.0
13.0
1.0
1.0
20.0
808.0
3.0
1.0
4.0
142.0
1.0
1.0
1.0
33.0
274.0
3.0
6.0
1.0
2.0
1.0
12.0
73.0
178.0
3.0
1.0
11.0
3.0
1.0
1.0
15.0
1.0
2.0
1.0
48.0
4.0
3.0
1.0
3.0
4965.0
526.0
3.0
4033.0
563.0
8.0
26.0
11.0
1.0
4.0
2.0
29.0
875.0
3.0
751.0
82.0
3.0
3.0
5.0
3.0
1.0
1.0
1.0
3.0
1.0
1.0
2.0
57.0
1139.0
1.0
1.0
17.0
51.0
42.0
3.0
1.0
2.0
530.0
1.0
1.0
3.0
3.0
3830.0
1.0
2.0
1.0
1.0
1.0
1.0
4.0
1943.0
34.0
3.0
1.0
2963.0
57.0
19.0
2.0
15.0
3.0
1.0
9.0
1.0
107.0
20.0
3.0
1300.0
91.0
1.0
1.0
1.0
6.0
4.0
1.0
9.0
1.0
9.0
2.0
3.0
1607.0
1.0
1.0
172.0
22.0
3.0
1.0
4.0
965.0
3.0
254.0
375.0
3.0
2.0
94.0
166.0
3.0
24.0
3.0
3478.0
282.0
6.0
1.0
327.0
6.0
4.0
1901.0
3.0
2.0
13.0
39.0
2.0
3.0
1.0
801.0
9.0
3.0
6.0
2.0
2.0
1.0
98.0
3.0
8.0
51.0
102.0
10.0
5.0
1.0
3.0
3.0
1.0
4.0
191.0
2072.0
2.0
3.0
5.0
75.0
65.0
3.0
1.0
55.0
375.0
5.0
2.0
1.0
2.0
3.0
1018.0
3.0
1.0
5.0
3.0
3.0
7.0
242.0
4.0
3.0
20.0
806.0
3.0
24.0
225.0
9.0
5.0
1.0
17.0
6.0
3.0
3.0
12.0
1.0
11.0
12.0
61.0
4.0
4.0
33.0
5.0
5.0
1.0
8.0
7.0
1.0
33.0
1.0
1.0
2.0
1.0
1.0
24.0
16.0
11.0
1.0
3.0
1.0
1.0
236.0
67466.0
1.0
677.0
3.0
102.0
6.0
6.0
11.0
1.0
1.0
2.0
4.0
1.0
108.0
2.0
1.0
3.0
1.0
4.0
22.0
175.0
1.0
1.0
111.0
3.0
4.0
1.0
69.0
5.0
14497.0
6.0
38.0
5.0
1.0
1.0
596.0
596.0
2.0
3.0
4.0
1.0
7.0
4.0
2.0
2.0
1.0
3.0
4.0
2.0
3.0
3.0
4.0
1.0
384.0
2.0
3.0
1.0
3.0
8.0
3.0
3.0
1.0
3.0
1246.0
1.0
65.0
190.0
59.0
1.0
1.0
18.0
11.0
1.0
299.0
105.0
556.0
4.0
13800.0
142.0
2.0
1.0
3.0
1.0
1778.0
4.0
153.0
3.0
2.0
97.0
11.0
3.0
1.0
2.0
2.0
76.0
1.0
1.0
3.0
8.0
2.0
3.0
2.0
3296.0
1.0
33.0
2.0
111.0
1.0
3.0
1.0
20.0
3.0
3.0
3.0
1.0
2.0
10.0
15.0
3.0
4.0
5.0
2.0
1.0
2.0
2.0
22.0
1.0
3.0
9.0
32.0
1.0
11.0
1.0
399.0
2.0
5.0
58.0
3.0
1.0
1.0
3.0
1.0
1.0
17.0
1.0
1075.0
1.0
3.0
1837.0
29.0
1.0
9.0
2.0
3.0
3.0
4.0
1.0
2244.0
4.0
8.0
10.0
1.0
83.0
36.0
4.0
19.0
9.0
514.0
1.0
3.0
3.0
6.0
727.0
255.0
1.0
351.0
1.0
5.0
6.0
2.0
5.0
9.0
5.0
1185.0
124.0
32.0
1.0
9.0
3.0
9.0
300.0
1.0
104.0
1.0
3.0
4.0
1.0
7.0
3.0
2.0
1.0
48.0
1.0
1.0
1.0
6.0
13.0
41.0
22.0
1.0
415.0
3.0
2.0
47.0
22.0
1.0
4.0
3.0
33.0
24.0
3.0
18.0
2031.0
3.0
481.0
1.0
557.0
451.0
48.0
3.0
1.0
74.0
2.0
28.0
6.0
4.0
14.0
2.0
1.0
28.0
1.0
1.0
1.0
1998.0
1.0
1.0
10.0
10.0
17.0
1.0
99.0
24.0
2.0
3.0
64.0
1.0
50.0
24.0
3.0
407.0
1.0
1.0
1.0
2.0
14189.0
17.0
3797.0
237.0
242.0
6.0
19.0
1.0
1.0
50.0
3.0
4.0
34.0
6.0
7.0
16.0
419.0
1.0
172.0
4.0
4.0
16.0
10.0
1.0
1.0
2.0
926.0
53.0
8.0
7877.0
1.0
1755.0
2879.0
3801.0
3.0
3.0
18.0
8.0
3630.0
2.0
2559.0
2.0
9.0
1.0
1.0
1.0
1.0
1.0
14.0
59.0
177.0
9.0
21.0
2.0
4.0
1.0
2.0
6.0
1.0
1.0
524.0
3.0
2.0
1.0
1476.0
1.0
1369.0
7.0
47.0
17.0
1.0
68.0
1249.0
4.0
6.0
1.0
1.0
17.0
2.0
3.0
1.0
4.0
1.0
2.0
2.0
100.0
16.0
3.0
1.0
1.0
1.0
7.0
267.0
45.0
94.0
410.0
3943.0
2.0
1.0
5.0
12.0
2.0
4.0
1.0
2687.0
6.0
1.0
3.0
65.0
4305.0
2.0
2.0
737.0
1.0
2.0
1.0
113.0
11.0
1.0
36.0
17.0
8.0
3.0
1.0
51.0
1.0
292.0
1.0
14.0
6.0
63.0
1314.0
3.0
3383.0
114.0
11.0
44.0
5.0
35.0
7.0
1.0
1437.0
11.0
17.0
195.0
2.0
1.0
4.0
16476.0
2.0
5.0
351.0
11.0
65.0
1.0
1.0
3.0
1.0
7.0
5.0
3.0
17.0
5.0
8.0
1.0
427.0
399.0
7.0
66.0
64.0
6.0
2.0
3.0
1594.0
5.0
23.0
1.0
121.0
13.0
3336.0
1.0
2.0
31.0
3.0
236.0
3.0
288.0
7.0
19.0
19.0
340.0
1.0
907.0
1.0
7.0
797.0
2.0
2.0
1.0
1.0
2.0
206.0
1.0
1.0
1.0
1.0
5.0
1.0
10.0
1.0
3.0
1.0
27.0
4.0
2.0
3.0
10.0
1.0
5.0
18.0
6671.0
6.0
411.0
50.0
292.0
1.0
7.0
3.0
9.0
1.0
6.0
1.0
5.0
1.0
1.0
354.0
1.0
1.0
31.0
1.0
1.0
2.0
12.0
2.0
4.0
1.0
106.0
2255.0
1.0
4.0
99.0
3.0
123.0
1.0
1.0
460.0
2.0
2.0
2.0
7.0
2.0
4.0
1.0
6.0
8.0
16.0
31.0
1.0
2.0
86.0
1.0
13727.0
3.0
929.0
12.0
830.0
52.0
596.0
350.0
1.0
152.0
538.0
5.0
375.0
9.0
3.0
1.0
1.0
1.0
3.0
21.0
6.0
3.0
64977.0
15.0
40.0
1.0
3.0
1947.0
151.0
126.0
21.0
109.0
1.0
344.0
1.0
149.0
125.0
1.0
1.0
2.0
9.0
1.0
2.0
3.0
74.0
108.0
15.0
33.0
35.0
1.0
22.0
23.0
3.0
128.0
2.0
1422.0
353.0
9.0
13.0
1075.0
799.0
1.0
127.0
3.0
1.0
895.0
8.0
1.0
9.0
3.0
6.0
1.0
1.0
1.0
5.0
2.0
3.0
14.0
6.0
1.0
1.0
15.0
4.0
1.0
44.0
32.0
23.0
30.0
74.0
3.0
14.0
3.0
11.0
3.0
3.0
3877.0
310.0
3.0
1.0
1116.0
16.0
1631.0
108.0
52.0
2.0
1.0
50.0
2.0
1.0
2.0
1.0
33.0
2.0
6.0
296.0
3.0
2279.0
8.0
422.0
5.0
1.0
34.0
3290.0
52.0
13.0
2.0
5.0
692.0
1.0
3.0
3.0
17.0
1537.0
405.0
3.0
4139.0
3.0
59.0
1.0
3.0
362.0
3.0
282.0
1.0
1.0
1.0
43.0
2874.0
1.0
2132.0
5.0
72.0
8.0
55.0
2.0
187.0
3800.0
5.0
1.0
9.0
2.0
5.0
393.0
2.0
111.0
3.0
19.0
3.0
1.0
2.0
3.0
15.0
3423.0
2.0
112.0
15.0
31.0
8.0
3.0
105.0
8.0
1.0
6.0
8.0
1.0
391.0
1.0
3.0
87.0
3.0
2.0
2.0
2.0
36.0
2598.0
2.0
38.0
1.0
3.0
210.0
3.0
3.0
5.0
1.0
2.0
1.0
50.0
3.0
1.0
17.0
1.0
9.0
88.0
1.0
26.0
566.0
64.0
3.0
1.0
5109.0
3.0
138.0
21.0
32.0
105.0
5.0
3.0
351.0
1.0
1.0
59.0
25.0
1.0
1.0
1.0
10.0
3.0
9.0
21.0
2.0
3.0
65.0
2.0
3.0
72.0
3.0
3.0
3.0
3.0
157.0
2.0
1.0
23.0
1.0
304.0
134.0
2.0
368.0
2.0
143.0
5.0
1.0
1.0
1.0
13.0
9.0
1.0
3.0
22.0
87.0
8107.0
2.0
15.0
1.0
2.0
4.0
72.0
3.0
1.0
10.0
1.0
684.0
1.0
3.0
25.0
1.0
3.0
1.0
175.0
1.0
2.0
1.0
770.0
4.0
3.0
1.0
8.0
9.0
2.0
29.0
1687.0
4.0
2.0
482.0
1.0
351.0
134.0
16.0
1550.0
2.0
6.0
1.0
1.0
29.0
66.0
135.0
4.0
1.0
1.0
3.0
999.0
1.0
645.0
1490.0
1.0
1.0
87.0
4.0
3.0
1.0
12.0
4.0
2.0
2.0
1.0
2.0
63.0
9.0
7.0
1.0
2.0
1.0
3.0
382.0
1.0
68.0
4.0
306.0
3.0
7.0
1.0
3.0
3.0
24.0
1738.0
2.0
62.0
3.0
1.0
53.0
1.0
22.0
351.0
12.0
4.0
1.0
17.0
3.0
15.0
45.0
1.0
1.0
1.0
60.0
275.0
9.0
1.0
3.0
2666.0
20.0
1.0
4.0
1.0
3.0
65.0
1.0
8.0
92.0
12.0
2.0
292.0
467.0
256.0
102.0
22.0
2.0
3.0
39.0
3.0
1.0
5.0
1.0
3.0
8.0
2.0
154.0
17.0
1.0
1.0
4.0
1.0
17.0
63.0
542.0
125.0
1.0
133.0
6.0
53.0
1.0
12.0
3.0
2.0
1.0
3.0
815.0
3747.0
137.0
4.0
1.0
1.0
116.0
13810.0
596.0
2.0
360.0
2.0
2.0
737.0
2.0
2.0
5.0
11.0
1.0
2489.0
3.0
1.0
8.0
3.0
1.0
679.0
3.0
4.0
1.0
3.0
40.0
18.0
4.0
34.0
2.0
1754.0
8682.0
1.0
128.0
3.0
25.0
250.0
9.0
871.0
1.0
526.0
2.0
2.0
12.0
1.0
18.0
2.0
704.0
3.0
1.0
412.0
3.0
445.0
1.0
9.0
769.0
1.0
10968.0
3.0
1529.0
1402.0
1.0
3.0
950.0
3.0
33.0
8.0
277.0
3.0
38.0
9.0
1.0
3.0
4.0
34.0
1691.0
3.0
3.0
3.0
1.0
6.0
1.0
2.0
816.0
33.0
10297.0
24.0
103.0
5.0
2.0
2.0
2.0
732.0
5.0
3.0
1.0
4.0
1888.0
3.0
1.0
169.0
106.0
1.0
20.0
8.0
8.0
31.0
3.0
3.0
2.0
1.0
42.0
1.0
1.0
9.0
12.0
2.0
1834.0
1.0
631.0
2.0
44.0
132.0
9.0
13.0
10.0
2.0
216.0
235.0
12.0
1.0
15.0
2.0
8.0
1.0
3.0
15.0
445.0
1.0
3.0
1.0
69.0
425.0
1.0
240.0
3.0
88.0
4.0
2.0
120.0
1.0
2.0
3.0
40.0
6.0
1.0
1.0
1.0
152.0
4.0
3.0
4.0
5.0
751.0
567.0
54.0
19.0
1.0
2.0
1.0
1599.0
19.0
2.0
1.0
2328.0
93.0
6.0
3.0
1751.0
8.0
2.0
10.0
1012.0
3.0
17.0
6.0
1.0
1.0
1.0
8.0
35.0
3.0
2.0
1.0
7.0
46.0
29.0
97.0
11.0
17.0
1.0
1908.0
211.0
472.0
6.0
1.0
28.0
282.0
149.0
3.0
32.0
3.0
1.0
23.0
6.0
2.0
2.0
43.0
1.0
241.0
1007.0
3.0
1.0
1.0
1.0
11.0
3.0
298.0
4.0
51.0
19.0
5.0
1.0
1.0
1.0
1.0
3.0
28.0
1.0
1751.0
5.0
3.0
3.0
292.0
5.0
16.0
7.0
3.0
1.0
11.0
1.0
867.0
87.0
2.0
1.0
74.0
3.0
17.0
3.0
1372.0
185.0
71.0
1.0
556.0
1.0
3.0
3.0
3.0
18.0
1.0
31.0
3.0
164.0
6.0
2.0
5.0
59.0
145.0
8.0
31.0
1.0
1.0
1.0
1.0
2.0
5.0
200.0
29.0
1.0
3.0
4.0
79.0
1.0
314.0
3.0
2.0
24.0
2.0
4.0
4.0
24.0
458.0
282.0
2.0
5.0
3.0
1.0
301.0
3.0
1.0
1.0
1.0
552.0
135.0
2.0
9.0
4.0
4.0
3.0
69.0
17.0
2.0
19.0
1.0
1947.0
1330.0
3.0
1.0
265.0
1.0
7.0
3.0
54.0
803.0
13.0
8.0
4.0
2.0
7.0
235.0
1.0
1.0
1.0
3.0
1474.0
21.0
7.0
1.0
1769.0
9.0
17.0
1.0
130.0
3.0
1.0
74.0
292.0
2.0
235.0
12.0
3.0
3.0
1.0
989.0
329.0
7.0
201.0
45.0
9.0
2.0
57.0
1.0
3996.0
2111.0
2.0
99.0
279.0
1.0
2.0
63.0
1.0
5.0
1.0
1.0
3.0
1.0
1.0
4.0
819.0
1.0
37.0
5.0
21.0
70.0
3.0
1.0
1.0
1.0
13.0
25.0
4.0
121.0
4.0
1.0
10478.0
10.0
1.0
1.0
5.0
8.0
54.0
2.0
58.0
1.0
1.0
3.0
1.0
1117.0
127.0
20.0
3.0
72.0
530.0
358.0
5.0
58.0
3.0
3.0
1.0
1.0
176.0
3.0
2.0
1.0
753.0
2.0
8.0
1.0
450.0
3.0
110.0
3.0
8.0
19.0
21.0
4.0
3.0
15.0
3.0
996.0
9.0
15.0
751.0
1.0
3.0
12.0
371.0
3.0
1.0
23.0
3.0
6.0
6.0
1639.0
1.0
3.0
3.0
5.0
1.0
11.0
37.0
3.0
86.0
1.0
1.0
1.0
9.0
3.0
6.0
3.0
1.0
299.0
19.0
1.0
36.0
1.0
6.0
3.0
12.0
6.0
10.0
2.0
3.0
10.0
465.0
309.0
1.0
9.0
31.0
4.0
1.0
18.0
598.0
3.0
11.0
491.0
9.0
3.0
1.0
1.0
3.0
10.0
1213.0
2.0
43.0
19.0
3.0
8.0
2.0
62.0
56.0
4.0
1.0
1.0
9.0
7.0
63.0
2.0
74.0
2.0
66.0
1048.0
3.0
16.0
1.0
1442.0
9.0
37.0
5.0
17.0
30.0
4.0
4251.0
1.0
24.0
36.0
8836.0
1.0
3.0
6.0
1.0
2.0
29.0
4409.0
3.0
136.0
1.0
1.0
836.0
720.0
3.0
2.0
1.0
15.0
1.0
30.0
4.0
351.0
1.0
353.0
7.0
6.0
712.0
3.0
3.0
3.0
1.0
1.0
1.0
1.0
14.0
1601.0
3.0
5.0
1.0
1.0
11.0
67.0
157.0
9.0
8.0
27068.0
6.0
8.0
11.0
24.0
4.0
65.0
3.0
224.0
4.0
1.0
66.0
6.0
1.0
2.0
2.0
2.0
2.0
1.0
2.0
2.0
7.0
1.0
1391.0
37.0
3.0
23.0
349.0
2.0
2459.0
7.0
46.0
19.0
200.0
2.0
208.0
11.0
255.0
234.0
591.0
10.0
1.0
3.0
2.0
105.0
60.0
3.0
12.0
4.0
3.0
4.0
36.0
3.0
37.0
4.0
2.0
9.0
3.0
12.0
9.0
1027.0
6.0
1.0
2.0
3.0
3.0
57.0
287.0
1.0
4.0
3.0
155.0
2602.0
101.0
65.0
1.0
5194.0
121.0
2.0
261.0
29.0
1.0
4.0
1.0
14.0
86.0
17.0
1.0
1.0
38.0
45.0
4.0
2.0
1.0
14.0
1.0
3.0
1.0
1.0
65.0
3.0
3.0
3.0
17.0
7.0
3.0
5.0
3.0
1.0
1029.0
755.0
6.0
2.0
3.0
1.0
1.0
2.0
4.0
3.0
1.0
1.0
1.0
126.0
79.0
2.0
20.0
1.0
1.0
64.0
4.0
3.0
3.0
40.0
3.0
80.0
3.0
1.0
3.0
1.0
2.0
1.0
77.0
1018.0
5.0
1.0
1.0
3.0
3.0
42.0
2.0
1.0
14.0
7.0
7.0
1.0
6.0
23.0
3.0
11.0
2.0
1.0
596.0
3.0
4.0
948.0
1.0
1.0
65.0
2.0
599.0
16.0
1.0
3.0
313.0
2.0
1.0
4.0
1414.0
3.0
172.0
36.0
16.0
1.0
14854.0
1.0
3.0
1.0
1.0
346.0
106.0
1.0
8.0
272.0
223.0
1759.0
1.0
1.0
397.0
2.0
272.0
3.0
3.0
3.0
1.0
6.0
3.0
2.0
23.0
214.0
3.0
2.0
1.0
561.0
1176.0
4.0
737.0
1.0
68.0
70.0
1.0
20.0
41.0
5.0
4.0
239.0
3.0
7.0
3.0
3.0
2.0
516.0
2.0
1.0
33.0
259.0
632.0
3.0
35.0
3.0
13.0
3.0
4.0
2.0
16.0
58.0
296.0
1.0
2.0
245.0
1.0
8.0
3.0
8.0
99.0
1.0
152.0
25.0
4.0
8.0
1.0
42.0
46.0
3.0
1.0
53.0
120.0
14.0
12.0
76.0
3.0
3.0
18.0
157.0
1.0
366.0
3.0
7.0
8754.0
222.0
1.0
1.0
3.0
3.0
2.0
692.0
36.0
3.0
1.0
156.0
3851.0
256.0
4.0
17.0
1.0
3.0
517.0
2.0
1.0
17.0
1.0
3.0
2.0
2.0
1.0
3.0
1514.0
813.0
5.0
9.0
1.0
1.0
4.0
4.0
7.0
1.0
48.0
2.0
180.0
3.0
12096.0
4.0
3.0
2.0
14.0
1.0
1.0
3.0
3.0
1.0
198.0
5.0
4.0
13.0
23.0
1.0
89.0
93.0
1.0
13.0
10.0
1033.0
16.0
2.0
1.0
12.0
5.0
71.0
5.0
5.0
1.0
1.0
112.0
1318.0
180.0
121.0
3.0
1.0
1.0
3.0
25.0
62.0
1.0
4.0
3.0
4.0
1.0
3.0
7.0
24.0
27.0
1.0
2.0
339.0
1.0
1.0
1.0
7.0
693.0
27.0
1.0
3.0
5.0
75.0
1.0
3.0
2.0
58.0
24.0
277.0
3.0
4.0
34.0
5756.0
1.0
2.0
389.0
19.0
1.0
9.0
3.0
1.0
2.0
14.0
124.0
3.0
1.0
398.0
1.0
76.0
350.0
218.0
192.0
2.0
6.0
296.0
3.0
516.0
1.0
6.0
2.0
156.0
1.0
476.0
11.0
21.0
3.0
1.0
1.0
3.0
4.0
16.0
1.0
3.0
1.0
3.0
1242.0
3.0
22.0
1.0
2.0
1.0
3571.0
3.0
9.0
23.0
5.0
1.0
3.0
3.0
1.0
4.0
6.0
1.0
1.0
3.0
1.0
16.0
32.0
3.0
39.0
23.0
13.0
1.0
3.0
723.0
1.0
132.0
1.0
112.0
6.0
10.0
8.0
833.0
5.0
17.0
115.0
3.0
1.0
2.0
1742.0
1.0
1.0
6.0
1631.0
101.0
3.0
11.0
1.0
71.0
1.0
12.0
8.0
1.0
31.0
765.0
228.0
1.0
8.0
7.0
31.0
1.0
19.0
1.0
3.0
16.0
947.0
2.0
4.0
28.0
12.0
24.0
3.0
3.0
282.0
55.0
25.0
3.0
474.0
6.0
5.0
3.0
2.0
11.0
1.0
5.0
4.0
2.0
1018.0
2.0
5.0
1.0
3.0
9.0
3.0
68.0
5.0
1.0
5.0
1464.0
4.0
29.0
1.0
1.0
4.0
32.0
3.0
3.0
101.0
374.0
520.0
1.0
3.0
9.0
8.0
4.0
3.0
1641.0
1.0
837.0
12.0
2.0
23.0
2.0
1.0
48.0
19.0
52.0
3.0
5.0
1951.0
1.0
4.0
1.0
3.0
3.0
46.0
3.0
5.0
2.0
24.0
1451.0
28.0
7.0
30.0
1.0
2.0
4.0
370.0
2.0
4.0
17.0
3.0
1.0
40151.0
1087.0
11.0
1.0
1.0
3.0
36.0
1.0
351.0
3.0
2.0
1387.0
9.0
62.0
3.0
2.0
33.0
1.0
1.0
4.0
4.0
86.0
1.0
5.0
1.0
6.0
609.0
768.0
22.0
5.0
104.0
1346.0
96.0
39.0
5.0
3.0
10.0
57.0
4.0
34.0
2.0
31.0
4858.0
339.0
6.0
1.0
345.0
132.0
6.0
14.0
22.0
3.0
1.0
959.0
30.0
78.0
9.0
302.0
59.0
1.0
205.0
3.0
6.0
1.0
4.0
1.0
2.0
1.0
19.0
9.0
1.0
1.0
27.0
3454.0
1.0
535.0
58.0
76.0
41.0
6.0
4.0
1010.0
1.0
7.0
1.0
2132.0
207.0
1.0
9.0
159.0
3.0
1.0
3.0
1.0
6.0
10.0
42.0
3.0
1.0
417.0
1.0
1.0
1.0
1.0
1029.0
1.0
7.0
3.0
7.0
3.0
157.0
1.0
3.0
3.0
1.0
6715.0
1.0
1.0
24.0
3776.0
1.0
1.0
24.0
2.0
1.0
73.0
9.0
3.0
3.0
1.0
1300.0
30.0
1.0
2.0
87.0
54.0
60.0
1.0
4.0
5.0
459.0
1117.0
21407.0
255.0
33.0
1.0
14.0
3.0
18.0
1.0
22.0
13.0
2.0
3.0
23.0
1.0
3.0
1.0
6.0
1.0
4.0
1.0
1.0
1.0
1.0
9.0
8.0
7.0
1.0
1.0
1.0
750.0
6.0
1.0
1995.0
6.0
1.0
7.0
1.0
2.0
8.0
4.0
3.0
1426.0
8.0
4.0
41.0
76.0
239.0
1446.0
1.0
2.0
5.0
1.0
1.0
3.0
1.0
5.0
3.0
567.0
325.0
6.0
10.0
2.0
649.0
136.0
2.0
4.0
1.0
2.0
1.0
5.0
3.0
5.0
1.0
501.0
4.0
3.0
1.0
1.0
1.0
2.0
15.0
102.0
25.0
1.0
73.0
1.0
3.0
329.0
2.0
3.0
1.0
1202.0
192.0
7.0
6.0
44.0
14.0
1.0
1.0
1.0
5.0
16.0
2.0
8.0
4.0
95.0
2.0
2.0
1.0
1.0
145.0
3.0
2386.0
1.0
24.0
3.0
34.0
2.0
4.0
27.0
1.0
86.0
1.0
3.0
21.0
1047.0
2.0
3.0
577.0
1.0
15.0
1.0
944.0
7.0
22.0
1.0
10.0
1041.0
3.0
3.0
3.0
960.0
16.0
3.0
3.0
291.0
24.0
12.0
1.0
45.0
1.0
10.0
9.0
1.0
1.0
3.0
2.0
24.0
1.0
14.0
4.0
1563.0
7.0
2.0
355.0
5425.0
2.0
11.0
3.0
283.0
56.0
18.0
258.0
19.0
3.0
1.0
1.0
3.0
807.0
3.0
1.0
1.0
14.0
5.0
5.0
1.0
8.0
2.0
46.0
1.0
4.0
1.0
117.0
11.0
1.0
242.0
1.0
1.0
2.0
2.0
19.0
1.0
3.0
23.0
3.0
2.0
5.0
1987.0
27.0
22.0
9.0
1.0
7.0
4.0
17.0
70.0
19.0
957.0
267.0
4.0
1.0
1.0
1.0
3946.0
1.0
10.0
18.0
3.0
3.0
6.0
1.0
3.0
3.0
2.0
3.0
14.0
3.0
1733.0
388.0
6.0
1334.0
2.0
2.0
23.0
1.0
335.0
65.0
3.0
1562.0
1.0
1.0
1.0
1.0
71.0
3.0
1.0
3.0
1.0
130.0
1.0
9.0
1.0
2.0
1006.0
3.0
1.0
1.0
596.0
1.0
34.0
28.0
9.0
3.0
149.0
3.0
5.0
4.0
2.0
3.0
1.0
1262.0
1.0
4.0
122.0
1.0
28.0
33.0
29.0
1.0
197.0
1.0
1.0
3.0
2.0
1.0
961.0
5.0
3.0
49.0
380.0
1.0
8.0
6.0
3.0
19.0
1.0
19.0
88.0
7.0
2.0
95.0
3.0
636.0
1.0
45.0
2.0
1.0
5.0
3.0
16.0
1.0
1.0
13.0
1.0
65.0
56.0
34.0
1.0
24.0
1.0
1.0
3.0
5.0
1400.0
1.0
3.0
8.0
7.0
18.0
8.0
3.0
14.0
1.0
7.0
42.0
3.0
1.0
3.0
664.0
3.0
2.0
17.0
1.0
1.0
2.0
6.0
23.0
68.0
33.0
3.0
1.0
6.0
1.0
1.0
1.0
9.0
8.0
422.0
13.0
36.0
1.0
38.0
1.0
1.0
172.0
3.0
6.0
24.0
732.0
15.0
3.0
3.0
1.0
58.0
4.0
3.0
1113.0
1.0
571.0
1.0
1.0
1.0
30.0
36.0
126.0
3.0
1.0
1.0
3.0
16.0
42.0
21.0
248.0
193.0
717.0
3.0
1.0
9.0
31.0
3.0
3.0
1.0
109.0
558.0
20.0
1.0
23.0
2.0
1.0
1.0
3.0
2.0
177.0
1.0
4.0
1.0
17.0
3.0
1.0
7.0
3.0
1.0
1.0
100.0
1.0
3.0
2.0
1.0
6.0
3.0
2.0
32.0
68.0
1.0
29.0
1.0
3.0
9.0
2731.0
637.0
10.0
1.0
36.0
2.0
454.0
2.0
3.0
3.0
3.0
6.0
1.0
288.0
151.0
1230.0
1.0
1418.0
1182.0
14.0
3.0
13.0
7.0
6.0
1.0
13.0
3.0
421.0
26.0
9.0
3.0
3.0
1.0
3.0
436.0
1.0
361.0
33.0
3.0
3.0
51.0
3.0
3.0
1.0
3.0
4.0
1.0
3.0
11.0
2.0
220.0
1.0
21.0
1.0
5.0
2.0
3.0
107.0
2.0
489.0
1.0
23.0
86.0
1.0
1.0
1.0
4.0
4.0
63.0
1.0
1.0
482.0
6.0
11.0
1.0
1.0
14.0
11.0
18.0
24.0
3.0
3.0
8.0
3.0
929.0
40.0
67.0
1.0
15.0
3.0
40.0
256.0
16.0
2.0
1374.0
73.0
50.0
5.0
3.0
1.0
1.0
600.0
2.0
3.0
1.0
2673.0
3845.0
1.0
1.0
3.0
2.0
11.0
1.0
282.0
1.0
105.0
1.0
3.0
100.0
4.0
5.0
1.0
1.0
249.0
2.0
351.0
18.0
67.0
2.0
1.0
4.0
67.0
1.0
248.0
3.0
104.0
9.0
696.0
4.0
1.0
1.0
3.0
7.0
1.0
9.0
146.0
3.0
1.0
2393.0
2.0
1.0
6.0
2.0
1.0
1.0
22084.0
1027.0
14.0
555.0
1116.0
3.0
1.0
1.0
292.0
1.0
15.0
1.0
16.0
3.0
1.0
1.0
1.0
3.0
15.0
2.0
130.0
1.0
3.0
27.0
2.0
53.0
2.0
1.0
1.0
29.0
4005.0
811.0
6.0
107.0
125.0
2.0
1.0
200.0
6.0
310.0
101.0
15.0
4.0
1.0
3.0
967.0
1.0
2.0
2.0
8.0
155.0
432.0
351.0
2.0
27.0
76.0
1.0
408.0
21.0
5.0
2.0
1.0
596.0
3.0
3.0
1.0
24.0
1.0
3.0
1.0
24.0
1.0
2.0
1.0
24.0
24.0
6.0
1.0
41.0
893.0
3.0
4.0
833.0
1.0
15.0
7.0
1.0
4.0
16.0
3.0
1.0
113.0
1.0
51.0
19.0
35.0
2.0
3.0
13.0
14.0
183.0
544.0
65.0
1.0
3.0
2.0
1182.0
1.0
59.0
301.0
5.0
1.0
4.0
881.0
10.0
4.0
3.0
3.0
1.0
1.0
4.0
3.0
1.0
1184.0
5.0
9.0
1655.0
8.0
200.0
1.0
2.0
4.0
21.0
260.0
4.0
1.0
1.0
17.0
6.0
3.0
4.0
2.0
13.0
176.0
19.0
52.0
4.0
2.0
632.0
278.0
1.0
1.0
4.0
102.0
7.0
125.0
1.0
102.0
4.0
79.0
9.0
1.0
1.0
1.0
4.0
33.0
740.0
2.0
39230.0
94.0
3.0
3.0
1.0
5.0
28.0
142.0
1.0
2.0
2.0
95.0
7.0
38.0
8.0
1.0
3.0
1.0
1.0
3.0
7.0
1.0
3.0
12.0
136.0
31.0
5869.0
1.0
17.0
1.0
1.0
2.0
3.0
1.0
6.0
86.0
3.0
62.0
1.0
568.0
242.0
105.0
1427.0
173.0
4.0
2.0
3.0
24.0
3.0
88.0
19.0
8.0
1.0
2.0
81.0
232.0
2.0
19.0
3.0
1.0
402.0
12.0
1.0
3.0
1743.0
4.0
22.0
1.0
1.0
257.0
3.0
2.0
23.0
24.0
9.0
2.0
1.0
5.0
3.0
7.0
213.0
1.0
1.0
6.0
1.0
1.0
1.0
156.0
6.0
2.0
544.0
4.0
1.0
1.0
1.0
6.0
402.0
3.0
36.0
1.0
2484.0
49.0
1901.0
1.0
19.0
9.0
9.0
1.0
1.0
45.0
74.0
24.0
3.0
1.0
3.0
2.0
17.0
820.0
1.0
2.0
209.0
3.0
3.0
80.0
1075.0
41.0
1.0
3.0
1078.0
3.0
4.0
1.0
164.0
26.0
4.0
4.0
24.0
3.0
3.0
3.0
2.0
292.0
7.0
15.0
33.0
1.0
3.0
1.0
1.0
1759.0
6.0
1.0
290.0
1.0
542.0
3.0
2.0
1.0
3.0
2.0
4.0
1.0
7.0
2.0
5.0
4.0
21.0
8.0
7.0
1.0
35.0
1.0
47.0
4.0
1.0
1.0
41.0
2.0
1.0
155.0
29.0
19.0
9.0
46.0
4.0
1.0
33.0
3.0
4.0
28.0
1.0
18.0
2.0
665.0
512.0
21.0
1.0
129.0
12.0
1.0
3.0
6.0
153.0
7.0
480.0
2.0
7.0
3.0
3.0
18.0
21.0
113.0
1.0
3.0
16.0
3.0
14.0
15.0
101.0
5.0
1.0
56.0
2.0
59.0
4.0
1.0
82.0
1.0
10.0
7.0
7893.0
3.0
1.0
6.0
339.0
1.0
19.0
369.0
18.0
2.0
1.0
33.0
3.0
2.0
1.0
2.0
3.0
1.0
1.0
3.0
288.0
2364.0
12.0
17.0
1.0
3.0
14.0
1206.0
1.0
186.0
1.0
1.0
16.0
3.0
7.0
1.0
232.0
55.0
354.0
1.0
459.0
3.0
2.0
9.0
1.0
2.0
1841.0
1.0
3.0
5667.0
3.0
2.0
3.0
1.0
2592.0
20.0
1.0
1.0
24.0
3.0
239.0
2.0
2.0
3.0
24.0
1.0
2.0
20.0
3.0
298.0
2.0
1.0
232.0
155.0
88.0
19.0
1.0
8.0
2.0
157.0
8.0
687.0
3.0
56147.0
1.0
35.0
23.0
3.0
25.0
2.0
3.0
1.0
1.0
52.0
25.0
1.0
245.0
1.0
275.0
29.0
6.0
1.0
7861.0
14015.0
3.0
3.0
3.0
1.0
6.0
2411.0
37.0
1.0
89.0
3.0
2.0
1.0
7.0
425.0
3.0
1894.0
1.0
3.0
1.0
1.0
2.0
351.0
1.0
2.0
44.0
9.0
10.0
3.0
24.0
2.0
348.0
1.0
1.0
1.0
3.0
1.0
8.0
25.0
9.0
123.0
1.0
3.0
1.0
66.0
6.0
34.0
1373.0
3.0
1.0
6.0
9.0
24.0
17.0
2.0
33.0
3.0
1.0
1.0
4.0
6.0
2.0
286.0
17.0
9.0
3.0
3.0
3.0
544.0
4.0
9.0
40.0
1.0
45.0
3.0
3.0
7.0
2.0
3.0
1.0
53.0
1.0
1.0
50.0
2.0
39.0
13.0
3.0
4.0
714.0
8.0
2.0
1.0
319.0
1.0
57.0
1.0
1.0
1.0
24.0
1.0
1.0
80.0
18.0
1.0
1824.0
351.0
20.0
1.0
49.0
2.0
12.0
519.0
1.0
15.0
10.0
3.0
51.0
1743.0
24.0
2.0
1.0
13.0
7.0
11.0
5.0
3.0
3.0
1.0
18.0
13.0
3.0
3.0
20.0
3.0
9.0
1.0
3.0
7926.0
400.0
1.0
292.0
99.0
4.0
1.0
10.0
3.0
7891.0
3.0
288.0
11.0
3.0
1.0
177.0
3.0
4.0
576.0
1227.0
5.0
5.0
19.0
3.0
107.0
72.0
3.0
550.0
2.0
17.0
3.0
6.0
10.0
4.0
1.0
434.0
14.0
82.0
1.0
721.0
289.0
2.0
13.0
5.0
3.0
3.0
3.0
1.0
767.0
264.0
50.0
32.0
1.0
2.0
3.0
1.0
315.0
3.0
1.0
2.0
295.0
3.0
11.0
3.0
1.0
1.0
748.0
3.0
6.0
1.0
6.0
6.0
24.0
132.0
3.0
1.0
106.0
550.0
2.0
19.0
1.0
34.0
3.0
340.0
1.0
6.0
43.0
536.0
2.0
1435.0
9.0
10.0
3.0
65.0
1.0
3.0
1.0
127.0
15.0
3.0
3.0
158.0
9.0
278.0
1.0
3.0
1631.0
7187.0
22.0
2.0
1.0
1.0
70.0
10.0
37.0
1.0
3.0
4.0
56.0
7.0
110.0
1.0
4.0
8.0
1.0
110.0
2.0
886.0
1.0
3.0
2.0
4.0
103.0
2.0
837.0
1.0
3.0
1.0
10.0
3.0
2.0
3.0
1.0
136.0
8.0
1.0
6.0
1.0
3.0
3.0
3.0
34.0
43.0
1.0
31.0
6.0
1.0
421.0
43.0
3.0
7.0
184.0
3.0
1.0
262.0
2.0
11.0
1.0
11.0
21.0
6.0
3.0
16.0
2.0
59.0
305.0
550.0
7.0
3.0
1.0
7.0
732.0
1.0
18.0
3.0
1.0
49.0
3.0
1027.0
19.0
1.0
1.0
48.0
2243.0
2.0
3.0
36.0
1.0
24.0
524.0
1.0
48.0
2.0
3.0
3.0
2.0
1.0
1.0
20.0
1.0
6.0
5.0
1.0
351.0
588.0
1.0
1.0
122.0
1.0
4.0
25.0
1.0
1.0
1.0
11.0
4.0
3.0
102.0
961.0
5.0
18.0
150.0
19.0
17.0
1.0
2.0
2.0
55.0
4.0
596.0
21.0
3.0
1126.0
3.0
3289.0
10.0
3.0
243.0
1.0
8.0
2.0
2.0
2.0
4.0
1.0
12.0
1.0
10.0
6.0
292.0
19.0
4.0
282.0
1.0
122.0
6.0
5.0
1.0
3.0
1.0
2.0
1.0
7.0
2.0
714.0
8.0
6.0
20.0
15.0
2.0
1.0
3.0
1019.0
1.0
1.0
143.0
3.0
4.0
2.0
833.0
8.0
127.0
1.0
13.0
54.0
1.0
7.0
1.0
2.0
15.0
1.0
11039.0
5.0
3.0
55.0
2.0
2.0
16.0
6.0
1.0
73.0
11.0
2.0
1.0
247.0
10.0
1.0
907.0
1.0
1.0
3.0
2.0
36.0
3.0
1.0
11.0
1.0
2.0
73.0
1.0
1.0
3.0
1.0
2.0
1.0
1.0
16.0
1.0
3.0
30.0
13.0
3.0
12.0
42.0
1.0
1.0
113.0
14.0
3.0
374.0
5.0
1.0
3.0
117.0
10755.0
4.0
3.0
1.0
215.0
5.0
4.0
5.0
1.0
1.0
1.0
33.0
1.0
77.0
1.0
3.0
1.0
1.0
36.0
1.0
47.0
1.0
1.0
1.0
1.0
2.0
3.0
4.0
8.0
1.0
1375.0
369.0
1.0
55.0
3.0
13.0
1.0
1.0
2.0
4.0
3.0
1.0
25.0
2.0
6.0
8.0
2.0
2.0
9.0
4.0
2.0
2.0
2.0
5.0
3.0
36.0
3.0
3.0
3.0
3.0
1.0
412.0
2.0
3.0
1.0
4.0
1185.0
9.0
3.0
4.0
8.0
2.0
1703.0
119.0
92.0
3.0
1.0
399.0
1.0
1.0
12.0
7.0
1.0
69.0
1.0
44.0
102.0
1.0
4.0
1.0
1.0
596.0
1.0
1.0
4.0
5.0
6.0
458.0
315.0
1.0
4.0
12.0
1.0
1.0
1.0
4.0
8.0
1202.0
25.0
13.0
51.0
1.0
5.0
2.0
10.0
1.0
3.0
69.0
2486.0
2.0
326.0
12.0
28.0
1.0
9.0
2465.0
3.0
4.0
30.0
2.0
1.0
52.0
1.0
3.0
295.0
2.0
10.0
3.0
9.0
1028.0
5.0
1.0
342.0
1.0
2.0
9.0
1.0
5.0
4.0
5.0
28.0
1692.0
43.0
2.0
1.0
4.0
19.0
13.0
3.0
1.0
1.0
8.0
4.0
3.0
3.0
15.0
1.0
484.0
3.0
1.0
84.0
2.0
3.0
3.0
102.0
1533.0
3.0
1.0
1230.0
1112.0
87.0
1.0
43.0
40.0
941.0
19.0
6.0
2760.0
9.0
2.0
1.0
8.0
8.0
1.0
35.0
11.0
3.0
79.0
1.0
3.0
6.0
1.0
141.0
3.0
1.0
2.0
2.0
1.0
43.0
57.0
386.0
3.0
1.0
5.0
14.0
6.0
1.0
30.0
8.0
2882.0
157.0
3.0
1.0
2.0
3841.0
3.0
1070.0
11300.0
2.0
21.0
932.0
13.0
1.0
119.0
5.0
1.0
71.0
1.0
2310.0
260.0
15.0
370.0
1.0
19.0
3.0
20.0
303.0
103.0
1.0
2.0
3.0
2.0
2501.0
32.0
1.0
13.0
1142.0
7.0
1.0
1.0
16.0
6.0
57.0
157.0
1.0
1.0
3.0
1.0
7.0
2.0
1.0
5.0
4.0
3.0
4.0
4.0
2.0
1.0
3.0
112.0
16.0
12.0
125.0
1.0
55.0
7.0
3.0
3.0
66.0
1.0
16.0
3.0
2.0
4039.0
21.0
64.0
2.0
1.0
1.0
34.0
1.0
3.0
3.0
16.0
3.0
1.0
1.0
427.0
24.0
313.0
66.0
39.0
2.0
20.0
251.0
8.0
2.0
4782.0
3.0
4.0
1.0
4.0
878.0
1.0
3.0
1.0
2.0
172.0
3.0
3.0
3.0
1.0
40.0
6.0
76.0
17.0
27.0
466.0
421.0
211.0
2132.0
3.0
1299.0
39.0
6.0
1.0
1.0
1.0
2.0
3.0
1.0
1.0
1.0
44.0
41.0
3.0
91.0
102.0
4.0
5.0
3033.0
7.0
2.0
1.0
111.0
1.0
3.0
359.0
1.0
15.0
8.0
29.0
1.0
1.0
529.0
4.0
3.0
3390.0
253.0
1.0
162.0
3.0
1.0
17.0
1.0
26.0
2230.0
1.0
1.0
1.0
3.0
2.0
1863.0
3.0
4.0
2.0
2.0
1.0
17.0
24896.0
15.0
82.0
5.0
1.0
50.0
3.0
1.0
3.0
79.0
3.0
5.0
10507.0
9.0
1.0
1.0
2.0
23.0
351.0
1447.0
3.0
1.0
220.0
19.0
377.0
3.0
3.0
2.0
3.0
204.0
4.0
21.0
9.0
4.0
9.0
2.0
1451.0
3.0
2.0
18.0
1.0
24.0
1.0
6.0
3.0
3.0
1.0
2.0
47.0
244.0
678.0
116.0
12.0
10.0
292.0
3.0
90.0
3.0
39.0
1.0
2.0
1.0
4.0
2.0
90.0
1.0
1.0
1.0
172.0
8.0
3.0
5.0
5.0
1.0
1.0
1.0
3.0
2.0
104.0
48.0
5.0
14.0
5.0
3.0
9.0
66.0
12.0
3.0
4.0
1.0
3.0
3.0
3.0
1.0
1.0
3.0
256.0
5.0
2.0
1.0
1.0
3.0
389.0
14.0
43.0
2.0
51.0
247.0
162.0
2.0
2.0
3.0
1.0
1.0
2019.0
4.0
1.0
13.0
3.0
2.0
1.0
1.0
65.0
4.0
3.0
5.0
9.0
427.0
3.0
1.0
2.0
1.0
2.0
1.0
2.0
3.0
2.0
65.0
39.0
2.0
8.0
1.0
1.0
3.0
1.0
1.0
432.0
2.0
242.0
99.0
3.0
14.0
2.0
1.0
430.0
6.0
2.0
351.0
1.0
3.0
28.0
23.0
1.0
9.0
29.0
772.0
3.0
1.0
2.0
2.0
157.0
785.0
3.0
1823.0
9.0
73.0
3.0
2.0
3.0
1.0
7.0
2.0
4.0
3.0
3.0
2.0
1.0
30.0
9.0
1.0
19.0
496.0
15.0
1.0
12.0
43.0
3.0
307.0
9759.0
2.0
8.0
3.0
2.0
2.0
1.0
24.0
1.0
1.0
12.0
1.0
42.0
27.0
17.0
2998.0
1.0
1.0
2.0
889.0
63.0
784.0
1.0
16.0
9.0
2.0
11.0
1.0
1.0
245.0
818.0
40.0
3.0
1.0
1.0
1.0
27.0
10.0
3.0
3.0
3.0
3.0
3.0
15.0
1.0
1115.0
7.0
1.0
1.0
9.0
2.0
2.0
474.0
64.0
2411.0
1.0
5.0
1.0
3.0
93.0
1.0
1.0
2.0
1.0
15.0
10.0
110.0
4.0
2.0
1.0
2.0
1.0
1.0
764.0
5.0
1.0
679.0
199.0
1.0
1.0
1.0
40.0
17.0
422.0
5.0
9.0
4.0
2.0
6.0
2124.0
351.0
3.0
19.0
1.0
3.0
1.0
61.0
43.0
2.0
1.0
972.0
737.0
3.0
25.0
10.0
2.0
20.0
132.0
3.0
1.0
2252.0
3.0
3.0
7.0
1.0
55.0
6.0
1.0
13.0
3.0
4.0
238.0
2.0
1.0
2.0
378.0
3.0
7.0
7343.0
7.0
9.0
4.0
1.0
1.0
4107.0
1.0
3.0
3.0
6.0
39.0
1.0
9.0
120.0
1.0
37.0
120.0
12.0
928.0
1.0
29.0
24.0
1.0
4180.0
1.0
22.0
3.0
1.0
1.0
5.0
2.0
1.0
9.0
4.0
3.0
1.0
1.0
1.0
1.0
1.0
12.0
1.0
3.0
76.0
293.0
103.0
1.0
136.0
5.0
1.0
1.0
1.0
30.0
11.0
1.0
1.0
148.0
1.0
5.0
46.0
3.0
416.0
1.0
24.0
2.0
1.0
5.0
3.0
1.0
12.0
3.0
2.0
1.0
1.0
83.0
2316.0
1.0
199.0
289.0
1762.0
5.0
9.0
1084.0
23.0
2.0
4219.0
1.0
1.0
1.0
3.0
4.0
82.0
1.0
1.0
1.0
67.0
3.0
1.0
4.0
3.0
3.0
3.0
156.0
1.0
20.0
1.0
5.0
2.0
2423.0
3.0
3.0
123.0
1.0
1.0
1.0
1008.0
12.0
20.0
1.0
1.0
4597.0
5.0
1.0
7.0
3.0
1.0
6.0
92.0
226.0
8692.0
1.0
2.0
136.0
1.0
2.0
1766.0
5.0
112.0
1.0
3.0
1.0
3.0
125.0
1.0
3.0
33.0
68.0
596.0
4.0
1.0
714.0
111.0
9.0
80.0
1.0
4.0
14.0
65.0
2.0
2.0
10.0
8.0
2.0
1.0
3.0
14.0
1.0
2.0
1308.0
1.0
1327.0
2.0
7.0
3.0
33.0
4.0
909.0
5.0
5.0
7.0
263.0
2.0
309.0
37.0
675.0
1799.0
4.0
29.0
9.0
1.0
184.0
3.0
3.0
7.0
288.0
1.0
1.0
108.0
3.0
1.0
1427.0
3.0
7.0
1.0
1.0
6.0
1.0
55.0
1.0
2.0
3.0
3.0
1.0
862.0
2.0
15773.0
1.0
1.0
22730.0
152.0
10.0
5.0
1.0
3.0
3.0
5.0
1.0
3.0
311.0
1.0
1.0
1.0
1.0
44.0
2247.0
3.0
65.0
13.0
2936.0
2.0
3217.0
4.0
33.0
5.0
44.0
177.0
128.0
3.0
1.0
4.0
1.0
7.0
71.0
3.0
1.0
34.0
3.0
5034.0
3.0
1.0
35.0
2.0
1.0
1.0
1.0
24.0
79.0
1.0
3.0
157.0
1.0
1.0
1.0
6.0
1.0
25.0
1698.0
1.0
1.0
3.0
5.0
3.0
3.0
2.0
1.0
21.0
1.0
1.0
2.0
1.0
99.0
111.0
1.0
1.0
2.0
4.0
17.0
395.0
3.0
33.0
44.0
1.0
4.0
21.0
1.0
5.0
1.0
5.0
2.0
351.0
21.0
22112.0
6.0
4.0
1.0
20.0
19.0
3.0
3.0
282.0
2.0
1762.0
3.0
3.0
157.0
1.0
2.0
1.0
3.0
9.0
2.0
1.0
1198.0
10.0
36.0
688.0
3.0
2.0
6.0
1.0
5.0
1.0
1130.0
3.0
3.0
33.0
2.0
611.0
3.0
1.0
99.0
2.0
11.0
4.0
1.0
1.0
1.0
1.0
4.0
2.0
19.0
23.0
362.0
3.0
1.0
14.0
1.0
1953.0
18.0
1.0
12.0
3.0
1.0
10.0
1018.0
5.0
7459.0
3.0
1.0
1.0
273.0
3.0
10.0
14.0
1.0
3.0
1.0
3.0
2.0
8.0
1.0
542.0
1.0
1.0
54.0
1.0
3.0
2.0
1.0
1.0
1.0
2.0
1.0
1.0
71.0
1.0
49.0
1251.0
7.0
21.0
3.0
3575.0
6.0
314.0
66.0
3.0
3.0
1.0
1.0
1.0
3.0
1.0
3.0
3.0
55.0
3.0
73.0
1.0
4.0
19.0
2.0
5.0
1.0
1.0
1.0
3.0
719.0
9.0
2.0
1.0
2.0
3937.0
11.0
1.0
1.0
40.0
3.0
3574.0
8.0
3.0
4.0
1.0
8.0
3.0
1677.0
1.0
1221.0
3.0
7.0
1.0
77.0
3.0
1.0
953.0
3.0
65.0
1.0
1.0
14.0
2.0
12.0
8.0
10.0
21.0
3.0
34.0
9.0
292.0
2.0
16.0
4.0
3.0
21.0
8.0
12.0
3.0
1.0
32.0
7.0
1.0
1.0
1.0
9.0
3.0
369.0
9.0
5.0
519.0
5858.0
1.0
2.0
9.0
1.0
1.0
3.0
6.0
281.0
24.0
10.0
1.0
5.0
3.0
3.0
312.0
5756.0
3.0
1.0
3.0
105.0
3.0
1.0
23.0
1.0
74.0
24.0
4.0
1.0
1.0
16.0
2.0
1.0
3.0
3.0
3.0
1.0
182.0
1.0
3.0
3.0
32.0
31.0
6.0
1.0
244.0
5.0
19.0
1.0
3.0
4.0
597.0
364.0
990.0
25.0
1.0
33.0
2.0
4.0
1.0
1.0
1261.0
26.0
3.0
75.0
29.0
3.0
731.0
1928.0
12.0
2358.0
48.0
26.0
406.0
14.0
78.0
24.0
3.0
5.0
586.0
3.0
65.0
36.0
771.0
170.0
3.0
3.0
3.0
3.0
2.0
24.0
38.0
1.0
1641.0
3.0
1281.0
1.0
1.0
10.0
1.0
556.0
1.0
4.0
1.0
102.0
1.0
3.0
2.0
3.0
1.0
1719.0
10.0
100.0
1.0
12.0
9.0
1.0
3.0
1960.0
3.0
1.0
2.0
496.0
1.0
4.0
3.0
1.0
1.0
122.0
616.0
252.0
1208.0
21.0
742.0
7.0
4.0
23988.0
4.0
948.0
3.0
65.0
556.0
4.0
99.0
23.0
67.0
1.0
15.0
1.0
1.0
2.0
57.0
3.0
1.0
4.0
257.0
3.0
28.0
1.0
4.0
6.0
1.0
3.0
2.0
3.0
2338.0
3.0
2.0
27.0
20.0
3.0
8.0
3.0
30.0
1.0
63.0
8.0
67.0
1428.0
2.0
1240.0
996.0
218.0
962.0
3.0
40.0
421.0
3.0
2.0
3.0
107.0
1179.0
4.0
1.0
3.0
3.0
1.0
305.0
6.0
1018.0
2.0
5.0
3.0
1.0
4.0
6.0
4.0
78.0
5.0
4.0
1.0
725.0
2.0
10.0
3.0
24.0
46.0
1.0
35.0
1.0
1.0
16.0
8.0
1.0
3.0
2.0
43.0
27.0
16.0
25.0
1.0
3.0
1.0
3.0
3833.0
3.0
3.0
5.0
1.0
13.0
3.0
1.0
2.0
1.0
3.0
5.0
102.0
4.0
1.0
4.0
31.0
2.0
1.0
1.0
1.0
321.0
1.0
221.0
1.0
999.0
4.0
2.0
8.0
16.0
5.0
18.0
2.0
218.0
2.0
9.0
1070.0
66.0
51.0
2.0
8.0
3.0
3.0
3.0
1.0
51.0
43.0
158.0
3.0
1.0
2.0
7767.0
2.0
3.0
3.0
12.0
1.0
2.0
316.0
1.0
3.0
3.0
3.0
33.0
4.0
5.0
1.0
1.0
1214.0
1517.0
511.0
19.0
3.0
2132.0
10.0
1.0
7.0
1.0
1.0
83.0
1.0
20.0
8.0
1.0
22.0
38.0
1.0
1.0
1.0
183.0
249.0
5.0
15.0
655.0
1.0
55.0
3.0
11.0
3.0
3.0
1.0
6.0
532.0
2.0
2001.0
1.0
4.0
3.0
4.0
1.0
1.0
2.0
9.0
2.0
961.0
4.0
4.0
2.0
1.0
2.0
3.0
1.0
2.0
24.0
1.0
269.0
279.0
1.0
3.0
1.0
2.0
2.0
1.0
10.0
401.0
351.0
3.0
2.0
3.0
10.0
491.0
314.0
3.0
3.0
3.0
2.0
282.0
5.0
13.0
3.0
3.0
3.0
1.0
49.0
2.0
16.0
12.0
4.0
1.0
3.0
2.0
172.0
2.0
1519.0
8.0
677.0
1.0
8.0
11.0
1.0
3.0
857.0
10.0
34.0
1.0
1.0
3.0
2.0
2.0
512.0
12.0
1.0
3.0
1.0
2.0
2.0
9.0
2.0
3.0
3.0
3.0
3.0
3.0
3.0
19.0
5.0
2.0
596.0
16.0
1.0
3.0
1.0
2.0
71.0
3.0
5.0
3.0
8687.0
2.0
1.0
2319.0
9.0
2.0
199.0
1.0
1.0
1.0
2.0
22.0
1.0
3.0
1.0
1.0
15.0
1.0
1.0
15.0
5.0
3.0
2.0
1.0
48.0
207.0
3.0
10.0
2.0
1129.0
614.0
112.0
1432.0
3.0
27.0
1.0
2.0
2.0
7.0
9.0
73.0
1.0
4.0
9.0
41.0
1.0
270.0
2.0
1.0
2774.0
2.0
2.0
1.0
351.0
3.0
1.0
7.0
17.0
3.0
3.0
932.0
42.0
3.0
13.0
1.0
9.0
1.0
125.0
3.0
313.0
1.0
1.0
1.0
2.0
1.0
6.0
1070.0
1.0
1.0
1.0
1.0
2.0
1.0
1.0
25.0
3.0
3.0
18.0
450.0
8.0
1.0
2.0
1.0
17.0
350.0
1.0
2428.0
1.0
4.0
1.0
3.0
347.0
10.0
278.0
297.0
1319.0
1.0
19.0
64.0
743.0
1.0
11.0
5.0
86.0
126.0
1341.0
1.0
7.0
1.0
1312.0
351.0
1.0
112.0
386.0
4.0
31.0
2.0
1.0
39.0
3.0
1.0
3.0
3.0
15.0
160.0
1.0
3.0
6.0
1.0
1.0
16.0
7.0
6.0
3.0
2.0
1.0
1.0
1.0
17.0
3.0
1.0
116.0
1.0
9.0
3.0
13010.0
1.0
2.0
1.0
1578.0
3.0
400.0
1.0
1519.0
1.0
3.0
5.0
7.0
2.0
6.0
160.0
34.0
2.0
8.0
6.0
84.0
1.0
6.0
19.0
1.0
1.0
2462.0
3.0
654.0
9.0
1.0
548.0
2.0
3.0
16.0
2.0
4.0
16.0
162.0
3.0
92.0
8.0
73.0
3.0
2238.0
3.0
8.0
1.0
1.0
3.0
1.0
70.0
2.0
81.0
9.0
1.0
2.0
7.0
2.0
1.0
100.0
1.0
16.0
608.0
3304.0
158.0
1.0
3.0
3.0
3.0
4.0
434.0
1.0
4.0
1.0
1515.0
6.0
1.0
4.0
11.0
1.0
1.0
1.0
24.0
1752.0
1.0
9.0
5.0
1.0
1.0
3.0
2.0
1.0
9.0
151.0
1.0
2.0
1.0
9.0
3.0
1.0
15.0
2.0
1.0
10.0
1652.0
5.0
2.0
1934.0
1.0
2.0
1.0
3.0
6.0
3.0
5.0
2.0
3.0
50.0
3.0
108.0
1.0
68.0
2.0
3.0
189.0
1221.0
1763.0
1.0
2.0
1.0
2.0
9.0
792.0
1.0
3.0
4.0
5.0
37.0
1.0
1.0
69.0
2.0
2.0
1.0
410.0
1.0
50.0
9.0
2.0
12.0
288.0
9.0
4.0
5.0
1.0
1.0
8.0
3.0
53.0
4.0
14.0
32.0
1.0
1.0
16.0
1.0
30.0
2.0
258.0
74.0
39.0
3.0
457.0
1.0
2.0
1.0
1.0
190.0
4.0
3.0
793.0
1111.0
5.0
1.0
1.0
3.0
1.0
8.0
26173.0
2.0
1.0
5.0
3.0
55.0
2.0
542.0
4.0
2.0
10.0
63.0
1.0
24.0
2.0
123.0
1.0
39.0
638.0
44.0
5.0
2.0
14.0
4.0
3.0
10.0
6.0
2.0
1.0
1.0
18.0
2.0
1.0
2.0
11.0
34.0
2.0
7.0
3.0
3.0
4.0
2.0
1.0
32.0
267.0
10.0
7.0
2.0
31.0
3.0
3.0
1.0
4.0
8.0
1.0
3.0
2.0
1.0
1.0
11.0
3.0
1.0
2.0
1514.0
2.0
839.0
9.0
1.0
10.0
2.0
81.0
1.0
1.0
107.0
1.0
10.0
1.0
2.0
5.0
59.0
2.0
3.0
13.0
1.0
2.0
1.0
1.0
1.0
3.0
1.0
7.0
1.0
1.0
30.0
5.0
4.0
541.0
2.0
3.0
1.0
7.0
14.0
1.0
1.0
15200.0
1.0
7.0
37.0
19.0
33.0
125.0
2.0
278.0
4.0
25.0
3.0
161.0
17.0
2.0
32.0
16.0
2.0
23.0
2.0
21.0
891.0
3.0
1.0
187.0
1.0
1.0
1.0
2.0
84.0
10.0
351.0
26.0
3.0
1.0
80.0
34.0
2.0
932.0
1.0
3.0
54.0
3.0
3.0
5.0
292.0
742.0
27.0
18.0
1.0
5.0
1.0
11.0
1.0
575.0
14.0
2.0
4.0
3.0
19.0
7.0
3.0
21.0
4.0
4.0
223.0
1.0
404.0
3.0
3.0
165.0
7.0
1.0
6.0
190.0
1.0
17.0
10.0
11.0
36.0
424.0
1.0
1.0
1.0
1018.0
28.0
4.0
1.0
3.0
4.0
3.0
2.0
3.0
67.0
3.0
1.0
7.0
1.0
1.0
3.0
36.0
7.0
249.0
7.0
1.0
1.0
1.0
38.0
316.0
1.0
2.0
6.0
3023.0
1.0
18.0
3.0
7.0
1.0
506.0
9.0
8.0
4.0
46.0
25.0
1.0
36.0
1.0
2.0
151.0
3.0
19.0
16.0
1.0
1.0
2.0
2.0
1.0
2.0
13.0
2.0
3.0
1.0
712.0
1.0
1.0
3.0
3.0
3.0
22.0
44.0
2.0
1.0
3.0
1.0
1.0
1.0
137.0
16.0
1.0
3.0
1.0
15.0
1.0
3.0
1.0
2.0
4.0
1.0
5.0
5.0
17.0
1114.0
87.0
315.0
3.0
3.0
179.0
533.0
1.0
62.0
23.0
1.0
872.0
1.0
3.0
16.0
4.0
1.0
6.0
17.0
1.0
7.0
292.0
292.0
3.0
1.0
2160.0
3.0
4.0
24.0
476.0
1.0
3.0
3.0
167.0
3.0
21.0
1.0
4.0
3.0
1895.0
1.0
1.0
1.0
1.0
1.0
42.0
1.0
3.0
19.0
2.0
1152.0
3.0
1.0
1.0
2.0
11.0
5.0
2.0
1.0
2.0
3.0
1.0
3.0
1.0
1.0
3.0
26.0
1.0
4.0
24.0
1069.0
5.0
28.0
4.0
30.0
3.0
59.0
131.0
3.0
1.0
1.0
1.0
3.0
2180.0
1.0
1.0
39.0
387.0
152.0
4.0
1.0
2.0
3.0
3.0
2.0
3.0
5.0
4.0
62.0
1.0
1.0
1.0
75.0
23.0
8.0
1.0
3.0
2.0
4.0
1379.0
8.0
78.0
24.0
2.0
3.0
3.0
1.0
1.0
1.0
1.0
46.0
1.0
8.0
1.0
14.0
1.0
3.0
17.0
230.0
16.0
74.0
4.0
17.0
69.0
2.0
1.0
4.0
506.0
30.0
8.0
41.0
1.0
3.0
3.0
40.0
34.0
1.0
3.0
17.0
24.0
1.0
1.0
10.0
82.0
18.0
426.0
117.0
43.0
2.0
62.0
1.0
62.0
23.0
149.0
203.0
6.0
1.0
8.0
2.0
1.0
1.0
92.0
10.0
1.0
3.0
3.0
408.0
1.0
1.0
33.0
10.0
1.0
2.0
936.0
2.0
2.0
1.0
2.0
114.0
1.0
4.0
4.0
12.0
65.0
2.0
1.0
3.0
348.0
34.0
26.0
2.0
3.0
217.0
7.0
1.0
1.0
34.0
20.0
3.0
2.0
1.0
10.0
1.0
1.0
5.0
9.0
2.0
1.0
2.0
1.0
1911.0
9.0
33.0
3.0
17.0
2.0
2.0
3.0
1.0
105.0
2.0
6.0
81.0
4.0
7.0
2.0
1.0
14385.0
1.0
3.0
1.0
9.0
3.0
1.0
46.0
3.0
1708.0
3.0
4011.0
2160.0
1.0
1026.0
1.0
439.0
4.0
54.0
3.0
3.0
1.0
1.0
157.0
1.0
32.0
1.0
9.0
9.0
1.0
1.0
43.0
1.0
9.0
49.0
201.0
1.0
2.0
117.0
3.0
7.0
85.0
1.0
4.0
4.0
7.0
1.0
1.0
1.0
1.0
6.0
1.0
3.0
16.0
5.0
1.0
15.0
3.0
1.0
1.0
59.0
7.0
3.0
1.0
3.0
3.0
21.0
4.0
43.0
1.0
1.0
1.0
1.0
2.0
3.0
3.0
1068.0
712.0
3.0
1.0
175.0
20.0
1.0
1.0
2.0
6.0
2.0
5.0
1.0
1.0
19.0
19.0
13.0
4.0
17.0
2.0
43.0
12.0
542.0
1.0
3.0
10.0
2.0
39.0
7.0
3.0
1.0
2.0
1.0
1.0
16.0
1.0
6.0
242.0
21.0
3.0
3.0
1083.0
5.0
24.0
11.0
159.0
12.0
2.0
2.0
6.0
3.0
4.0
873.0
1.0
2.0
337.0
3.0
1670.0
7.0
807.0
259.0
1.0
1.0
4.0
8.0
2.0
260.0
5.0
5.0
1997.0
6.0
82.0
1.0
6.0
7.0
7216.0
12.0
17.0
5.0
1.0
3.0
324.0
2822.0
15.0
2.0
1.0
10.0
1.0
6.0
1429.0
4.0
9.0
8.0
761.0
3.0
1.0
3.0
3.0
5.0
1631.0
18.0
3.0
4.0
4.0
74.0
18.0
2.0
4.0
3.0
14.0
3.0
409.0
2.0
3.0
19.0
6.0
71.0
55.0
91.0
4.0
1.0
5949.0
1.0
226.0
42.0
1.0
3.0
166.0
1.0
46.0
279.0
3.0
49.0
8.0
24.0
1.0
367.0
1.0
21.0
1.0
1.0
132.0
4.0
1.0
9.0
1.0
717.0
56.0
2.0
8.0
64.0
23.0
1.0
1.0
3.0
1.0
11.0
1.0
4.0
9.0
1.0
1.0
3.0
943.0
4.0
110.0
1.0
3.0
11.0
1.0
9.0
9.0
3.0
44.0
1.0
2.0
2.0
1.0
2761.0
11.0
1183.0
1.0
721.0
24.0
3.0
781.0
9.0
2.0
5.0
1.0
323.0
3.0
8.0
1116.0
7.0
11.0
1.0
8.0
135.0
36.0
698.0
102.0
1.0
311.0
1.0
426.0
3.0
1.0
5.0
1183.0
2.0
1.0
33.0
1.0
9.0
1.0
2.0
74.0
12.0
9.0
171.0
17.0
117.0
717.0
41.0
1.0
7.0
1.0
24.0
20.0
18.0
15.0
1.0
1.0
1.0
9.0
17.0
2.0
3.0
77.0
17.0
11.0
1.0
1.0
3.0
54.0
1.0
5.0
1.0
112.0
35.0
3.0
7.0
22.0
87.0
97.0
4.0
12.0
25.0
22.0
3.0
28.0
3.0
21.0
415.0
24.0
99.0
300.0
3.0
55.0
2.0
3.0
1.0
1.0
19.0
2053.0
2.0
3.0
517.0
1.0
2.0
12.0
1.0
4.0
36.0
1.0
59.0
100.0
294.0
152.0
9.0
23.0
3.0
1.0
8.0
105.0
1.0
42.0
3.0
1.0
1041.0
3.0
990.0
1.0
11.0
10.0
6.0
11.0
47.0
2.0
6.0
1.0
1.0
9.0
658.0
6.0
1.0
21.0
1.0
717.0
2.0
282.0
1.0
2.0
2.0
2.0
3.0
3.0
1.0
783.0
1221.0
3.0
34.0
1.0
1.0
5.0
5.0
294.0
2.0
1.0
1.0
3.0
1.0
1.0
1.0
3.0
1.0
1.0
5.0
93.0
10.0
32.0
3.0
149.0
62.0
1.0
3.0
1044.0
19.0
2177.0
3.0
116.0
3.0
135.0
8.0
1.0
1519.0
3594.0
1.0
1.0
8.0
409.0
2.0
22.0
2.0
5.0
1.0
99.0
1450.0
3.0
878.0
1.0
2.0
9.0
1.0
2154.0
1.0
3.0
1.0
1774.0
2.0
2.0
3.0
1.0
5.0
1011.0
309.0
2.0
3.0
1.0
82.0
1.0
9.0
1.0
250.0
1.0
2.0
8.0
32.0
51.0
1.0
9.0
109.0
3.0
1755.0
1.0
1.0
36.0
17.0
7.0
47.0
328.0
1.0
3.0
1.0
3574.0
35.0
46.0
1.0
22.0
75.0
1.0
2.0
1.0
443.0
3.0
2.0
348.0
3.0
108.0
288.0
92.0
32.0
577.0
11.0
106.0
12.0
1.0
7.0
1.0
1.0
12.0
3.0
24.0
3.0
99.0
7.0
611.0
3.0
149.0
2.0
1225.0
2.0
1.0
399.0
147.0
3.0
1.0
2.0
5.0
128.0
13.0
3.0
3.0
554.0
3.0
85.0
2.0
1.0
1.0
1.0
27.0
3.0
3.0
3.0
1.0
1.0
2.0
112.0
306.0
13.0
4.0
2.0
1.0
1.0
1.0
4.0
3.0
355.0
1.0
10.0
9.0
3.0
17.0
19.0
1.0
65.0
13816.0
722.0
701.0
2.0
5.0
10.0
1.0
1.0
80.0
16.0
522.0
2.0
18.0
2.0
1.0
4.0
5.0
78.0
187.0
18.0
7.0
12.0
3.0
2.0
3.0
4.0
1.0
1.0
1017.0
1.0
3.0
3.0
3.0
1.0
2.0
16.0
26.0
9.0
5.0
7.0
9.0
17.0
3.0
51.0
2.0
1.0
63.0
34.0
19.0
9.0
6.0
1.0
6.0
1.0
50.0
3.0
2.0
2.0
1.0
915.0
3.0
5.0
84.0
7.0
3.0
2.0
21.0
1.0
2173.0
3.0
245.0
2.0
4.0
2472.0
1.0
834.0
1.0
2.0
611.0
2.0
27.0
364.0
1018.0
2.0
23.0
1.0
69285.0
1.0
1.0
7.0
1225.0
4.0
1.0
1.0
5.0
7.0
1197.0
2.0
38.0
4.0
1.0
3.0
72.0
5.0
4.0
1.0
814.0
6.0
11.0
3.0
9.0
3.0
7.0
5.0
17.0
45.0
230.0
7.0
3.0
692.0
1.0
2632.0
4.0
9.0
4.0
226.0
3.0
3.0
1.0
17.0
3.0
11.0
3.0
5.0
38.0
1.0
196.0
1.0
11.0
1.0
962.0
2.0
1.0
1.0
8.0
2.0
1.0
3.0
7.0
1.0
104.0
3.0
7.0
3.0
3.0
4.0
452.0
137.0
1.0
1.0
6.0
104.0
3.0
2.0
1.0
4.0
1.0
49.0
4521.0
895.0
824.0
1.0
1.0
7.0
3.0
3.0
3.0
2.0
60.0
4.0
8.0
10.0
12.0
20.0
4.0
2.0
22.0
1.0
1.0
1.0
3.0
218.0
1.0
9.0
3.0
275.0
638.0
3.0
2.0
97.0
2.0
1.0
3.0
2.0
3.0
3.0
1256.0
3.0
288.0
1.0
298.0
3.0
3.0
1.0
638.0
15.0
11.0
3.0
23.0
5.0
1.0
2.0
3.0
232.0
653.0
88.0
11.0
1.0
485.0
1018.0
7.0
51.0
1.0
3.0
60.0
677.0
3.0
11.0
91.0
1.0
65.0
5.0
695.0
216.0
60.0
3.0
1.0
6.0
14.0
3.0
132.0
8.0
1.0
32.0
22.0
1.0
3.0
1.0
3.0
28.0
2.0
7.0
1.0
11.0
1.0
6.0
3.0
9.0
1.0
2.0
227.0
4392.0
1.0
8.0
2.0
69.0
2.0
2.0
9.0
4.0
2.0
11.0
1.0
3.0
5.0
15.0
13.0
371.0
5.0
3.0
172.0
1.0
3.0
2.0
4.0
16.0
9.0
4.0
1380.0
1.0
47.0
160.0
2.0
359.0
286.0
14.0
8.0
1.0
1.0
6.0
10.0
5.0
1.0
4.0
4.0
5.0
1.0
3.0
23.0
2.0
22.0
18.0
24.0
926.0
3.0
3.0
20174.0
9.0
3.0
32.0
5.0
6.0
1336.0
1.0
3.0
1.0
1.0
1.0
1.0
1.0
1.0
1.0
1.0
1.0
40.0
161.0
1.0
15.0
1.0
11.0
1.0
130.0
5.0
1.0
3.0
2.0
4.0
1.0
1.0
1516.0
1.0
202.0
105.0
12.0
2.0
28.0
8.0
3206.0
2.0
282.0
296.0
2.0
10.0
10.0
1.0
24.0
1.0
3.0
3.0
23.0
12.0
1.0
1117.0
1.0
1422.0
421.0
132.0
30.0
9.0
3.0
3.0
6.0
3.0
1.0
3.0
3.0
79.0
2.0
68.0
11.0
4.0
1.0
63.0
19.0
1.0
1.0
1.0
1.0
74.0
1.0
3.0
2.0
6.0
2.0
1.0
467.0
38.0
1.0
8.0
2.0
2.0
1.0
157.0
2.0
67.0
24.0
3.0
2.0
1.0
3.0
1.0
2240.0
56.0
74.0
64.0
1.0
4.0
75.0
26.0
106.0
9.0
10.0
3.0
9.0
9.0
19.0
229.0
45.0
3.0
154.0
1.0
2.0
2.0
4.0
1.0
1.0
86.0
42.0
7337.0
4.0
6.0
1.0
103.0
3.0
2.0
1.0
36.0
1.0
853.0
2.0
1.0
36.0
4.0
1.0
8.0
3.0
3.0
1302.0
57.0
2.0
1.0
213.0
4.0
9.0
7.0
2.0
22.0
3.0
35.0
1474.0
2.0
2.0
273.0
1.0
1.0
6.0
3.0
5.0
1.0
3.0
97293.0
83.0
2.0
2.0
19.0
30.0
229.0
40.0
5.0
4.0
2.0
46.0
1.0
5.0
1.0
28787.0
100.0
18.0
537.0
3.0
3.0
156.0
11953.0
17.0
1.0
53.0
1.0
1.0
17.0
831.0
3.0
5.0
1.0
1.0
230.0
19.0
28.0
1.0
3.0
76.0
156.0
1.0
3.0
1.0
2.0
4.0
79.0
1.0
3.0
1.0
385.0
3.0
1.0
4.0
49.0
8.0
39.0
1.0
1.0
240.0
8.0
255.0
1.0
1.0
1.0
1.0
13.0
6.0
1.0
2.0
66.0
15.0
2.0
1.0
2.0
1.0
2.0
3.0
3.0
49.0
25.0
2.0
16.0
1.0
14.0
4.0
8.0
2.0
3.0
9.0
1.0
75.0
2.0
34.0
1.0
961.0
13157.0
1.0
1.0
2.0
2.0
4.0
5.0
1.0
3.0
4.0
1.0
5.0
2.0
5.0
2.0
540.0
5.0
113.0
1.0
4.0
4.0
2.0
30.0
6.0
33.0
3.0
2.0
3.0
129.0
367.0
13.0
7.0
139.0
87.0
3.0
6.0
18.0
7.0
3.0
474.0
45.0
3.0
97.0
12.0
1.0
3.0
4.0
16.0
14.0
23.0
4.0
596.0
13.0
17.0
1.0
7.0
3.0
2.0
4.0
3.0
2043.0
2263.0
5.0
88.0
1.0
68.0
3.0
73.0
4.0
3.0
75.0
2.0
1066.0
3.0
2.0
11.0
1.0
14.0
12.0
8.0
14.0
19.0
60.0
12.0
2.0
1.0
3.0
1.0
3.0
65.0
2.0
3.0
1.0
295.0
132.0
2.0
300.0
7.0
6.0
3.0
43.0
1.0
2.0
12.0
17.0
620.0
18.0
648.0
1362.0
2.0
4.0
17.0
2.0
13.0
1243.0
4.0
24.0
1.0
127.0
25.0
22.0
3.0
4.0
3.0
20.0
19.0
3.0
3.0
3.0
3.0
1.0
3.0
35.0
1.0
4.0
4.0
3.0
17.0
18.0
1.0
157.0
69.0
2.0
33.0
2965.0
2.0
1.0
2.0
24.0
119.0
3.0
1178.0
4.0
1.0
5593.0
5368.0
1018.0
11.0
4.0
2.0
1.0
1.0
9.0
2.0
29.0
1.0
3.0
4.0
1.0
13.0
234.0
137.0
10.0
1.0
1.0
3.0
292.0
1.0
31.0
903.0
1.0
1.0
11.0
1.0
1664.0
331.0
1.0
3.0
1321.0
4.0
1.0
1.0
1.0
1.0
8.0
1.0
2.0
109.0
3.0
2.0
25.0
8.0
1.0
136.0
267.0
2.0
3.0
1.0
3.0
3.0
1.0
2.0
41.0
918.0
1597.0
1.0
1.0
3.0
7.0
3.0
3.0
903.0
6.0
1.0
18.0
3.0
3.0
1070.0
14.0
2.0
236.0
3.0
156.0
2.0
2.0
23.0
33.0
164.0
23.0
83.0
19.0
24.0
3.0
78.0
82.0
3.0
1.0
39.0
3.0
1.0
57.0
7.0
5657.0
2.0
12.0
11.0
1.0
3.0
48.0
1.0
1.0
40.0
1.0
1.0
1.0
17.0
4.0
3.0
543.0
70.0
11.0
1.0
4.0
1442.0
72.0
3.0
3.0
6.0
3.0
257.0
1.0
1.0
1.0
3.0
2.0
2.0
3.0
5.0
13.0
5.0
24.0
1.0
3.0
1.0
1.0
4.0
15.0
1.0
143.0
2171.0
66.0
5.0
3.0
2.0
3.0
58.0
2.0
22.0
576.0
3.0
7.0
6.0
3.0
50.0
23.0
14.0
3.0
961.0
1.0
1.0
23.0
2.0
5.0
3.0
3.0
512.0
2245.0
6636.0
3.0
26.0
1.0
39.0
5.0
1.0
115.0
2.0
3.0
70.0
18.0
2.0
4.0
2.0
84.0
1.0
2.0
5287.0
2.0
3.0
6.0
3.0
187.0
653.0
1.0
2.0
4.0
123.0
5.0
1.0
4.0
1.0
1.0
1.0
1.0
1.0
1.0
5.0
122.0
9.0
6.0
3.0
361.0
12.0
81.0
198.0
1.0
3.0
325.0
11.0
1.0
18.0
1.0
6.0
1.0
33.0
18.0
1.0
3.0
2382.0
3.0
1.0
2.0
12.0
82.0
1595.0
1.0
1.0
432.0
125.0
19.0
191.0
1.0
46.0
1.0
5.0
3.0
19.0
76.0
74.0
3.0
8.0
1.0
1.0
8.0
4.0
8.0
12.0
1265.0
13030.0
331.0
8679.0
11.0
1.0
2.0
219.0
3405.0
1.0
1.0
1.0
3.0
5.0
7.0
30.0
207.0
168.0
12.0
2.0
386.0
1.0
15.0
30.0
435.0
31.0
8.0
2.0
1.0
174.0
14.0
12.0
1.0
3.0
290.0
40.0
1.0
3.0
1.0
1.0
305.0
565.0
6.0
2.0
1.0
309.0
22.0
1.0
3.0
4.0
121.0
3.0
5.0
2.0
4.0
198.0
104.0
466.0
6.0
30.0
1.0
1.0
15.0
3.0
21.0
14.0
1230.0
1.0
1.0
1.0
1.0
242.0
1645.0
157.0
6.0
13.0
5.0
915.0
1.0
7.0
1.0
3.0
1.0
98.0
6.0
1.0
1.0
2.0
48.0
10.0
4.0
695.0
49.0
1.0
1.0
79.0
6.0
23.0
2.0
1.0
3.0
3.0
1.0
1.0
1.0
4.0
3.0
25.0
6058.0
7.0
4.0
1.0
3.0
18.0
2.0
76.0
1.0
1.0
19.0
14.0
6.0
166.0
2.0
1.0
59.0
1.0
2.0
7.0
2.0
12.0
288.0
19.0
5.0
358.0
625.0
1.0
1.0
1.0
3.0
56.0
3.0
5.0
1.0
17.0
1.0
5.0
4.0
6.0
4.0
1.0
11.0
533.0
10.0
1.0
123.0
62.0
3.0
144.0
216.0
3.0
9.0
1.0
16.0
6.0
698.0
22.0
3.0
30.0
37.0
2382.0
107.0
1.0
1.0
5.0
1.0
236.0
4.0
5.0
2.0
3.0
2.0
1.0
1.0
4.0
3.0
43.0
97.0
1.0
1.0
3.0
1.0
3.0
171.0
3.0
2.0
1.0
338.0
1596.0
2.0
34.0
1.0
1.0
4.0
1.0
3.0
1.0
1.0
1.0
65.0
57.0
3.0
1.0
1.0
4.0
31.0
4.0
82.0
10.0
6.0
1.0
9.0
1078.0
2.0
5.0
2.0
19.0
16.0
1.0
1.0
727.0
697.0
8.0
1.0
354.0
4.0
452.0
210.0
344.0
7.0
1.0
6.0
14.0
4.0
159.0
1.0
14977.0
2.0
108.0
292.0
696.0
1.0
4.0
34.0
661.0
3.0
2.0
3.0
1.0
453.0
1.0
102.0
3.0
3422.0
1.0
18.0
2.0
1.0
8.0
1.0
1.0
1.0
3.0
805.0
4.0
1.0
1.0
571.0
20.0
1.0
23.0
2.0
600.0
737.0
2.0
2734.0
1.0
28.0
1.0
46.0
1.0
7.0
16.0
1558.0
338.0
1.0
20.0
20.0
935.0
4.0
264.0
1.0
2.0
1.0
113.0
3.0
1.0
1.0
1.0
1.0
6.0
67.0
4.0
1.0
44.0
338.0
6.0
22.0
315.0
1.0
2.0
49.0
2.0
1.0
21.0
545.0
7.0
918.0
3.0
1.0
710.0
19.0
14.0
3.0
3.0
369.0
10451.0
11.0
3.0
1.0
9.0
2.0
1.0
3.0
1.0
1.0
2.0
120.0
2.0
136.0
52.0
1.0
1.0
1.0
339.0
6.0
19.0
7.0
9.0
38.0
3.0
8.0
3.0
4.0
5.0
677.0
1.0
1023.0
8.0
2.0
1.0
3.0
663.0
16.0
140.0
1.0
24.0
1.0
1.0
4.0
209.0
3.0
335.0
321.0
3.0
2378.0
9.0
1.0
34.0
2.0
9.0
1.0
24.0
73.0
3.0
2.0
3.0
12397.0
9.0
3.0
25.0
3.0
2.0
1.0
70.0
2.0
1.0
1.0
1.0
1.0
5.0
420.0
3.0
3.0
13.0
2.0
1.0
75.0
3.0
292.0
24.0
7.0
3.0
1.0
1.0
1.0
4.0
4.0
1.0
54.0
7.0
1112.0
50.0
8.0
3.0
4.0
46.0
2.0
267.0
143.0
44.0
5.0
2.0
2.0
1.0
3.0
3.0
14.0
50.0
3.0
1.0
28.0
3.0
3.0
105.0
2.0
1.0
4.0
58.0
2.0
14.0
65.0
1.0
6.0
10.0
1.0
2868.0
3.0
15.0
8.0
6.0
5.0
1.0
14.0
15.0
2.0
251.0
1.0
2.0
1.0
1.0
12.0
5.0
3336.0
4.0
107.0
19.0
1.0
1.0
4.0
282.0
3.0
2.0
1.0
4.0
9.0
10.0
2.0
1.0
13818.0
225.0
1.0
1.0
19.0
1824.0
1866.0
101.0
311.0
189.0
1.0
9.0
596.0
19.0
1.0
4.0
43.0
1.0
2.0
3.0
1.0
139.0
5.0
39.0
59.0
3.0
1.0
4.0
3.0
1.0
4.0
7.0
3.0
3.0
3.0
1711.0
12.0
1.0
33.0
5.0
1.0
4.0
10.0
4.0
2.0
1.0
53.0
13.0
2.0
1.0
10.0
1.0
2.0
2.0
203.0
33.0
74.0
4.0
2123.0
185.0
2.0
4.0
2.0
5.0
3.0
1.0
3.0
13.0
3.0
3.0
3.0
2.0
1.0
2.0
1.0
635.0
22.0
3.0
20.0
8.0
1018.0
1.0
1805.0
1.0
2.0
2.0
3.0
13530.0
1238.0
3.0
2.0
3.0
17.0
672.0
3.0
1.0
1.0
20.0
237.0
1426.0
1.0
35.0
1.0
113.0
450.0
4.0
289.0
3.0
1290.0
2.0
3998.0
26.0
846.0
1107.0
1.0
1.0
1.0
1.0
4.0
1002.0
2.0
14.0
3.0
393.0
5.0
2.0
19.0
1390.0
1.0
55.0
1.0
1451.0
8.0
2.0
282.0
2.0
3.0
67.0
3.0
1.0
19.0
750.0
1.0
1.0
1.0
21.0
2.0
39.0
48.0
4.0
549.0
5.0
122.0
50.0
9.0
3.0
1.0
113.0
3.0
1.0
11.0
2.0
1.0
1.0
1.0
1.0
13.0
1.0
946.0
3.0
3.0
1.0
6.0
1.0
45.0
3683.0
3.0
3.0
51.0
3.0
4.0
1.0
1.0
60.0
4.0
3.0
40.0
1.0
2.0
1101.0
431.0
1.0
2.0
3.0
65.0
96.0
3.0
5.0
3.0
9.0
4.0
3.0
3.0
3.0
7.0
270.0
1.0
2.0
45.0
2.0
12.0
4.0
29.0
5.0
1.0
1.0
36.0
4.0
2.0
1.0
1759.0
91.0
5.0
2.0
1.0
3.0
129.0
3.0
224.0
24.0
3.0
19.0
12.0
19.0
2.0
1.0
2.0
3.0
1.0
472.0
239.0
3.0
3.0
288.0
3.0
352.0
1.0
1.0
4.0
23.0
3.0
902.0
3.0
1.0
6.0
24.0
1.0
1.0
36.0
2.0
1.0
1.0
1.0
3.0
9.0
1.0
3.0
4.0
1.0
1.0
1.0
1.0
1.0
1.0
847.0
27.0
50.0
3.0
3.0
2.0
1.0
1.0
3.0
3.0
1.0
90.0
4.0
6.0
1.0
320.0
1.0
1.0
9.0
81.0
2.0
10.0
1.0
2.0
10.0
2.0
3.0
95.0
2.0
10.0
3.0
247.0
6.0
1.0
157.0
3.0
591.0
7.0
3.0
3.0
1.0
4.0
10.0
2.0
413.0
3.0
12.0
3.0
1.0
1.0
3.0
471.0
1.0
1.0
2139.0
456.0
292.0
1.0
6.0
1.0
2.0
2.0
11.0
25.0
48.0
1.0
1.0
302.0
17.0
16.0
1.0
1.0
1.0
178.0
1.0
3.0
1.0
1265.0
17.0
10.0
4.0
4.0
1.0
1.0
2.0
136.0
1.0
1.0
1.0
3.0
3.0
1.0
19.0
262.0
2.0
1.0
3.0
4.0
6.0
11.0
1018.0
3.0
798.0
1.0
1427.0
1.0
3.0
2.0
475.0
1.0
3.0
24.0
4.0
422.0
75.0
48.0
1483.0
1.0
3.0
1.0
2.0
3.0
1.0
279.0
32.0
41.0
81.0
1.0
3.0
3.0
1.0
1.0
1.0
3.0
1798.0
1.0
14.0
2.0
4.0
286.0
1.0
1762.0
10.0
2.0
25.0
4.0
1.0
3.0
1.0
3.0
3.0
3.0
3.0
37.0
1.0
1.0
3.0
1.0
1.0
654.0
3.0
2768.0
1.0
1.0
3.0
3.0
2.0
512.0
3.0
10.0
1.0
8.0
4.0
2.0
3.0
2.0
3.0
3.0
4.0
1.0
1580.0
1.0
4.0
466.0
69.0
1.0
1.0
3.0
15.0
36.0
2.0
3.0
1.0
41.0
1.0
10.0
2.0
883.0
28.0
28.0
51.0
46.0
5.0
31.0
86.0
313.0
3.0
663.0
1.0
1.0
5.0
17.0
1.0
2.0
14.0
1.0
1.0
104.0
12.0
34.0
2.0
16.0
32.0
4.0
24.0
3.0
1.0
5.0
3.0
5.0
3.0
1.0
188.0
3.0
2.0
3.0
1151.0
3.0
3.0
2.0
1.0
1.0
52.0
3.0
1.0
3.0
3.0
1.0
445.0
1.0
9.0
493.0
1.0
1.0
4.0
5.0
10.0
1.0
1.0
1.0
1.0
8.0
84.0
23.0
2.0
1.0
3.0
40.0
2.0
1.0
1.0
3.0
6.0
2668.0
1.0
3.0
56.0
1.0
196.0
65.0
87.0
6.0
5.0
2.0
6.0
1.0
3.0
1.0
1.0
3.0
1.0
9.0
1215.0
1.0
9.0
428.0
1.0
2.0
1.0
2.0
1.0
1.0
38.0
9.0
2.0
2.0
2.0
24.0
907.0
941.0
282.0
4.0
1.0
132.0
1.0
1.0
33.0
1.0
30.0
959.0
1.0
16.0
4.0
2.0
1.0
2.0
1.0
31.0
37.0
377.0
1.0
3.0
3.0
3.0
9.0
3.0
2.0
36.0
12.0
124.0
1.0
48.0
5.0
1.0
3.0
3.0
1328.0
165.0
140.0
8.0
1.0
3.0
6.0
6.0
20.0
42.0
3.0
1.0
399.0
44.0
489.0
2.0
2.0
26.0
2705.0
1.0
24.0
1.0
6.0
72.0
7.0
1.0
82.0
2.0
3.0
2.0
3.0
1.0
3.0
26.0
69.0
2.0
3.0
1.0
1.0
5.0
109.0
3.0
1.0
2.0
2.0
1.0
2.0
7.0
2.0
408.0
1.0
2.0
1.0
1.0
1.0
3.0
1.0
128.0
3.0
10.0
202.0
2.0
5.0
1.0
2.0
3.0
1.0
1.0
3.0
1570.0
4.0
254.0
2.0
3.0
724.0
1.0
78.0
404.0
3.0
31.0
2.0
453.0
31.0
1.0
31.0
3.0
1.0
1.0
1.0
14.0
5.0
3.0
198.0
217.0
1.0
6.0
1.0
1.0
3148.0
4.0
3.0
24.0
6.0
3.0
1.0
3.0
1.0
3.0
19.0
1375.0
2.0
5.0
2.0
1.0
1.0
13.0
3.0
3.0
3.0
258.0
6207.0
1.0
5.0
3.0
5.0
4.0
1.0
3.0
90.0
1.0
724.0
2.0
1.0
1.0
617.0
268.0
1.0
16.0
32.0
1.0
2.0
1.0
5.0
46.0
1.0
10.0
12.0
1.0
3.0
6961.0
8.0
3.0
31.0
3.0
2.0
7.0
850.0
8.0
2.0
25.0
232.0
3.0
143.0
1.0
4.0
1.0
1.0
6.0
2.0
2.0
2.0
50.0
351.0
425.0
3.0
2.0
18.0
1.0
3.0
5.0
3.0
3.0
1.0
226.0
5.0
67.0
2.0
22.0
1.0
1.0
23.0
634.0
18.0
2.0
12.0
2.0
1.0
1.0
2.0
3.0
1.0
12.0
40.0
1.0
34.0
3.0
1.0
32.0
1.0
214.0
2.0
3.0
10.0
5.0
1.0
36.0
10.0
3.0
66.0
11.0
9.0
1.0
74.0
1.0
1.0
2.0
1.0
25.0
46.0
3.0
3.0
3.0
255.0
359.0
3.0
3.0
38.0
1.0
50.0
4.0
43.0
12.0
1.0
3.0
55.0
33.0
2.0
2.0
2.0
3.0
1.0
1.0
42.0
2.0
2.0
237.0
2734.0
11.0
3.0
1142.0
11.0
141.0
4.0
12.0
1.0
1.0
65.0
167.0
11.0
1.0
1.0
5.0
93.0
9.0
5050.0
1.0
13.0
13.0
1.0
3.0
1.0
4.0
66.0
9.0
2.0
471.0
2.0
4.0
10.0
48.0
26.0
152.0
5.0
2.0
24.0
2.0
1578.0
3.0
2.0
1.0
3.0
3.0
2.0
2.0
4.0
2.0
2.0
7.0
3.0
1186.0
81.0
351.0
331.0
25.0
1.0
1.0
68.0
1228.0
256.0
2.0
1.0
23.0
1.0
5.0
3.0
24.0
1.0
1.0
9.0
1.0
10.0
1.0
1.0
10.0
5.0
24.0
3.0
121.0
3.0
5.0
1116.0
1.0
294.0
2.0
19.0
1396.0
1.0
88.0
3.0
2.0
2.0
114.0
5.0
1.0
67.0
1.0
738.0
959.0
1.0
3.0
4.0
361.0
9.0
38.0
108.0
3.0
3033.0
526.0
75.0
1.0
14.0
45.0
39.0
29.0
53.0
17.0
405.0
1.0
1.0
2.0
1534.0
338.0
1.0
4.0
3.0
230.0
323.0
7.0
5.0
1.0
30.0
595.0
48.0
13.0
24.0
909.0
132.0
3.0
1.0
3.0
11.0
4.0
2.0
3.0
14.0
3.0
12.0
1.0
1.0
1.0
9.0
7.0
16.0
876.0
3.0
25.0
3.0
1.0
3.0
3.0
1.0
1.0
9.0
5.0
596.0
10.0
28.0
23.0
2.0
4.0
1.0
4.0
1.0
2.0
72.0
1.0
220.0
3113.0
4.0
4.0
10.0
2.0
1059.0
176.0
419.0
3.0
3.0
102.0
99.0
3.0
1251.0
2.0
20.0
13.0
1.0
4.0
1.0
14.0
10.0
3.0
1.0
2.0
110.0
1.0
1.0
27.0
2.0
43.0
19076.0
7.0
3.0
40.0
1.0
2.0
3.0
2.0
1.0
2.0
3.0
1.0
1.0
1.0
1.0
14.0
1.0
1.0
2.0
17.0
1.0
1.0
2.0
1103.0
7.0
1.0
2218.0
2.0
292.0
1.0
1.0
88.0
1.0
1.0
544.0
2.0
2.0
2.0
3.0
1.0
11.0
439.0
4.0
5.0
1.0
325.0
696.0
3.0
338.0
1.0
913.0
18.0
1.0
11.0
1377.0
16.0
85.0
3.0
90.0
3.0
1.0
7.0
1.0
19.0
10001.0
2.0
1018.0
4.0
1.0
9.0
3.0
2.0
2.0
1.0
152.0
3.0
862.0
3.0
79.0
1.0
65.0
1.0
1.0
1587.0
1.0
187.0
623.0
1.0
1.0
59.0
1460.0
2.0
41.0
2.0
317.0
3.0
12.0
9.0
3.0
53.0
10968.0
3021.0
140.0
8.0
164.0
35.0
3.0
7.0
3.0
32144.0
20.0
1.0
3.0
4.0
3.0
7.0
1.0
1707.0
1.0
1.0
1.0
800.0
2.0
1.0
742.0
10968.0
6214.0
1.0
1.0
105.0
1.0
7.0
5.0
1.0
47.0
2.0
2.0
2.0
2.0
1.0
4.0
3.0
1.0
242.0
80.0
2.0
5.0
2.0
2.0
2.0
208.0
4.0
1099.0
15.0
1.0
84.0
1.0
1.0
10.0
2.0
1.0
11.0
1.0
1.0
1.0
1.0
506.0
40.0
55.0
16.0
947.0
3.0
1.0
36.0
5.0
3.0
1.0
1.0
28.0
3.0
15.0
889.0
1.0
65.0
466.0
12.0
5.0
9.0
16.0
1.0
3.0
1.0
9.0
569.0
5.0
15.0
3.0
1.0
24.0
7.0
69.0
4.0
1.0
8.0
4.0
15.0
4.0
3.0
3.0
196.0
107.0
3.0
1.0
3.0
3.0
1.0
6.0
20.0
1512.0
950.0
3.0
8.0
1.0
5.0
1.0
24.0
2.0
1.0
2.0
41.0
282.0
3565.0
391.0
1.0
5.0
145.0
7.0
575.0
1.0
7.0
1.0
2.0
2.0
3.0
2.0
2180.0
4.0
1.0
1.0
3002.0
5.0
2.0
9.0
1.0
107.0
10.0
9.0
2.0
2.0
1.0
1.0
1.0
7.0
1.0
29.0
655.0
5.0
1.0
292.0
2.0
2.0
1.0
11.0
54.0
1.0
279.0
13.0
1.0
3.0
3.0
80.0
14.0
1.0
19.0
14.0
72.0
1.0
15.0
6.0
3.0
1.0
452.0
1.0
7078.0
1.0
82.0
1.0
2.0
454.0
3.0
2.0
50.0
3.0
3.0
3.0
1.0
3.0
1.0
3.0
105.0
15.0
184.0
102.0
944.0
7.0
4.0
3.0
1.0
1527.0
66.0
22.0
22.0
74.0
2.0
2.0
248.0
1697.0
8.0
3.0
1.0
15.0
1.0
21.0
3.0
3.0
1.0
4.0
12.0
3.0
91.0
4.0
45.0
7.0
2.0
1.0
3.0
4.0
9.0
5.0
3.0
1.0
2.0
3.0
1.0
178.0
1.0
46.0
2.0
1.0
1.0
5.0
1.0
1.0
214.0
1.0
1.0
1.0
1.0
1229.0
263.0
10.0
82.0
3.0
1.0
20.0
4.0
1.0
88.0
198.0
24.0
1.0
2.0
3.0
1.0
1.0
66.0
33.0
1.0
50.0
30.0
2.0
1.0
1.0
1.0
252.0
55.0
8.0
1.0
1.0
8.0
18.0
24.0
41.0
3.0
1.0
2.0
1.0
13.0
3.0
221.0
3.0
1.0
9.0
1.0
1.0
23.0
1.0
2.0
6.0
78003.0
184.0
53.0
1.0
1.0
1.0
24.0
1.0
7.0
7.0
1.0
24.0
4.0
2.0
1.0
3.0
5.0
1.0
25.0
1.0
5476.0
27.0
4.0
3.0
3.0
9.0
11.0
9.0
5.0
1.0
13.0
246.0
123.0
576.0
1.0
1.0
11.0
3.0
3.0
1.0
1308.0
1.0
10.0
15.0
1.0
93.0
10.0
610.0
3.0
1.0
1386.0
4.0
1.0
741.0
1.0
15.0
3.0
1.0
1.0
16.0
1.0
53.0
4.0
1.0
17.0
3.0
8.0
2.0
3.0
478.0
2.0
5999.0
445.0
3.0
42.0
22.0
1.0
3.0
1.0
338.0
438.0
2.0
5.0
1.0
1.0
1.0
3.0
1.0
1.0
60.0
1.0
1.0
7.0
3.0
451.0
641.0
19.0
1.0
1.0
55.0
17.0
4.0
30.0
25.0
101.0
4306.0
128.0
3.0
1.0
1.0
1.0
3.0
2.0
4.0
2.0
2.0
1.0
4070.0
1.0
1.0
22.0
4.0
1.0
17.0
11.0
3.0
3.0
1.0
2.0
543.0
22.0
1.0
2.0
1.0
3.0
13.0
1.0
3.0
3984.0
1.0
108.0
3.0
17.0
2.0
8.0
122.0
34.0
69.0
3.0
1.0
1.0
1.0
42.0
1.0
31.0
1.0
198.0
150.0
15.0
12.0
8.0
3.0
4.0
3.0
4.0
12.0
1.0
5.0
3.0
2.0
1012.0
3.0
1.0
4.0
5.0
4.0
12.0
547.0
2.0
1.0
17.0
912.0
1.0
1.0
515.0
3.0
6.0
162.0
4445.0
2040.0
4.0
1.0
103.0
7.0
2.0
6.0
1.0
2.0
3.0
1.0
10.0
1.0
161.0
2.0
1.0
1.0
3.0
2.0
3.0
25.0
3.0
2.0
51.0
772.0
1.0
3.0
1.0
9.0
381.0
1.0
5.0
546.0
307.0
6.0
1000.0
97.0
172.0
28.0
264.0
1.0
3.0
110.0
5.0
959.0
24.0
1.0
11.0
233.0
9.0
3930.0
1.0
366.0
2.0
25.0
36.0
11.0
24.0
450.0
207.0
1.0
2.0
1.0
3.0
4.0
701.0
1.0
3.0
3.0
3.0
23.0
1089.0
1.0
90.0
431.0
1.0
2.0
34.0
1831.0
1.0
2.0
3.0
2.0
161.0
75.0
3.0
4.0
35.0
3.0
271.0
73.0
45.0
1.0
1.0
3.0
1.0
1434.0
2.0
59.0
1.0
3.0
4.0
4.0
21.0
3.0
3.0
1.0
83.0
2.0
1.0
3.0
89.0
4.0
3.0
477.0
2.0
1.0
58.0
4.0
3.0
1.0
324.0
1.0
40.0
742.0
1.0
10.0
2.0
3.0
2.0
401.0
5.0
123.0
2.0
3.0
4.0
5.0
683.0
52.0
2776.0
3.0
1.0
1.0
1.0
3.0
1.0
4.0
1.0
80.0
2.0
2.0
333.0
1.0
222.0
40.0
75.0
1.0
1.0
3.0
389.0
1.0
76.0
18.0
1.0
1.0
2.0
1.0
3.0
2.0
3.0
1030.0
3.0
15.0
1.0
1.0
96.0
1.0
3.0
3.0
1477.0
1.0
3.0
5.0
1.0
1.0
229.0
95.0
24.0
3.0
21.0
10.0
596.0
24.0
1692.0
2.0
22.0
1.0
1722.0
8.0
3.0
3.0
37.0
87.0
1018.0
12.0
1.0
367.0
3.0
1.0
134.0
2468.0
1.0
1.0
8.0
20.0
17.0
786.0
3.0
2.0
1.0
8.0
38.0
131.0
3.0
1014.0
9.0
77.0
13.0
94.0
5707.0
1.0
3.0
1.0
3.0
1.0
245.0
1.0
1.0
9.0
3.0
5.0
14.0
2.0
3.0
11.0
4.0
1.0
33.0
16.0
1.0
157.0
2.0
1175.0
1.0
3.0
8.0
1.0
2.0
8.0
1.0
7.0
1.0
15.0
2.0
2.0
3.0
1.0
3.0
1.0
1.0
2.0
55.0
8.0
3.0
1.0
1018.0
60.0
8.0
2.0
52.0
4.0
3.0
201.0
2.0
1.0
1.0
1.0
2.0
1.0
21.0
1.0
3.0
1.0
1.0
2509.0
1.0
4.0
6.0
14.0
1803.0
57.0
454.0
1124.0
12.0
44.0
8.0
2.0
3.0
484.0
13184.0
2.0
9.0
1517.0
3.0
20.0
10.0
6.0
1.0
2.0
15.0
7.0
2.0
56.0
19.0
23.0
2.0
1.0
6.0
3.0
3.0
1.0
9.0
2.0
1.0
1.0
294.0
233.0
1.0
1.0
265.0
1.0
2.0
2.0
15.0
24.0
1.0
10.0
59.0
331.0
1.0
1.0
1043.0
2.0
330.0
4.0
14.0
7.0
3.0
668.0
5.0
1.0
1.0
10.0
4.0
1.0
350.0
3.0
1.0
2.0
33.0
1.0
8.0
5.0
5.0
1.0
6.0
56.0
3.0
3.0
3.0
52.0
4.0
1.0
45.0
3.0
40.0
3.0
4.0
8.0
2.0
1.0
3.0
1.0
1.0
2.0
1.0
960.0
107.0
1.0
3.0
236.0
31.0
17.0
160.0
1.0
7.0
1.0
55.0
130.0
3.0
1.0
24.0
1.0
1.0
74.0
144.0
1.0
3.0
3.0
65.0
3.0
24.0
410.0
2.0
6.0
4.0
138.0
59.0
5222.0
3.0
3.0
668.0
452.0
1421.0
3.0
1.0
1.0
2.0
101.0
2.0
20.0
2.0
13.0
21.0
422.0
1.0
1.0
1.0
768.0
3.0
12.0
4.0
32.0
977.0
3.0
1.0
2.0
43.0
4.0
3.0
51.0
1.0
4.0
727.0
31.0
1.0
1.0
3.0
1.0
129.0
25.0
10.0
9.0
335.0
931.0
1.0
13.0
3.0
3.0
3.0
8.0
1.0
7.0
1517.0
22.0
1.0
3.0
35.0
1.0
3.0
111.0
17.0
17.0
9.0
232.0
2.0
2.0
64.0
3.0
7.0
7.0
2.0
21.0
1.0
1.0
3.0
766.0
4.0
1.0
2.0
16.0
1098.0
3.0
1.0
500.0
1.0
1.0
25.0
1.0
1.0
14.0
28.0
7.0
126.0
1.0
3.0
11.0
429.0
239.0
51.0
1.0
2.0
101.0
1.0
3.0
2.0
3.0
3.0
721.0
3.0
10.0
3.0
257.0
3.0
1.0
13.0
10.0
5.0
1353.0
153.0
471.0
1.0
362.0
3.0
1.0
3.0
3.0
472.0
511.0
106.0
78.0
4.0
5.0
2.0
295.0
12.0
15.0
3.0
4.0
2.0
1.0
8168.0
7.0
3.0
63.0
2.0
43.0
3.0
1.0
795.0
3.0
17.0
32.0
85.0
288.0
1.0
1.0
9.0
16.0
65.0
3.0
164.0
351.0
82.0
98.0
3.0
313.0
9.0
230.0
257.0
1.0
3.0
6.0
5.0
1985.0
2.0
1.0
12.0
10.0
86.0
7.0
2.0
1.0
1.0
3.0
6017.0
2.0
128.0
1.0
163.0
1.0
7.0
9.0
17.0
8.0
5.0
937.0
87.0
2.0
3.0
1.0
1.0
2.0
1355.0
1057.0
1178.0
161.0
270.0
16.0
1.0
1.0
6.0
2.0
1.0
177.0
2.0
2.0
1.0
1261.0
1.0
1.0
1683.0
2.0
3.0
2.0
71.0
20.0
34.0
8.0
13.0
1.0
6.0
6.0
3.0
2.0
2139.0
5.0
1.0
21.0
1.0
1.0
19.0
287.0
11.0
57.0
8.0
9.0
405.0
1.0
3.0
7.0
1.0
11.0
670.0
7.0
5.0
8.0
8.0
1.0
1.0
43.0
11.0
3.0
104.0
478.0
767.0
1.0
1059.0
4.0
4.0
288.0
72.0
3.0
10.0
12.0
3.0
1.0
2117.0
6350.0
736.0
29.0
17.0
749.0
1.0
1.0
19.0
23.0
4.0
3.0
1.0
78.0
2.0
3.0
2.0
1.0
2.0
1.0
87.0
1.0
1.0
510.0
1.0
6.0
55.0
3.0
1.0
2.0
793.0
1.0
1.0
1.0
13.0
3.0
2.0
9.0
3.0
12.0
19.0
389.0
2.0
3.0
1.0
2.0
620.0
1.0
2.0
14.0
1.0
64.0
5.0
4.0
7.0
1.0
1.0
1.0
1.0
19.0
2.0
1.0
122.0
728.0
4.0
168.0
1.0
3.0
1.0
1.0
2.0
398.0
67.0
1.0
65.0
3.0
10.0
26.0
9.0
1.0
91.0
633.0
11.0
3.0
1.0
1.0
2.0
1.0
15.0
1.0
20.0
25.0
4.0
3.0
1.0
2.0
1.0
14.0
1.0
1.0
1.0
1.0
6.0
17.0
4612.0
1028.0
2.0
1.0
6.0
3.0
3.0
512.0
1.0
3.0
1.0
640.0
396.0
13.0
3.0
1.0
10.0
84.0
3.0
109.0
1.0
2.0
783.0
7.0
22.0
84.0
321.0
15.0
1.0
7.0
1.0
619.0
903.0
2.0
172.0
22.0
1.0
2.0
38.0
3.0
6.0
580.0
1.0
2.0
70.0
1.0
39.0
1.0
32.0
2.0
27.0
1.0
1.0
130.0
1.0
7.0
2.0
6.0
1.0
3.0
1.0
1.0
1.0
111.0
4.0
30.0
5.0
2.0
3.0
1.0
6.0
1.0
12904.0
92.0
96.0
436.0
4.0
3.0
6.0
1.0
512.0
591.0
18.0
93.0
1.0
1.0
1.0
1.0
3.0
3.0
1078.0
19.0
1.0
101.0
306.0
3.0
185.0
2.0
160.0
5.0
36.0
129.0
1.0
10.0
142.0
92.0
1.0
95.0
2.0
1.0
1.0
8.0
55.0
292.0
4.0
1.0
1.0
129.0
3.0
1.0
2.0
1.0
4.0
1.0
1.0
1.0
41.0
1.0
1.0
94.0
19.0
9.0
2.0
3.0
2.0
73.0
800.0
2.0
1.0
20.0
1.0
3.0
197.0
19.0
2.0
474.0
9.0
3.0
1.0
2.0
2.0
387.0
14189.0
1.0
77.0
10.0
338.0
19.0
4.0
1.0
175.0
23791.0
2.0
591.0
2.0
27.0
3.0
456.0
2.0
1.0
5.0
1.0
1.0
1.0
6.0
2462.0
1.0
3.0
77.0
27.0
2.0
109.0
5.0
8.0
1.0
1.0
1.0
1.0
3.0
1.0
1.0
1.0
2.0
5.0
3.0
379.0
24.0
2.0
157.0
1.0
655.0
6.0
1.0
76.0
1.0
1.0
3.0
19.0
2.0
5.0
4.0
1.0
4.0
3.0
7.0
4.0
1563.0
1.0
6.0
3.0
351.0
1.0
1.0
335.0
1.0
3.0
4.0
17.0
3.0
71.0
2.0
87.0
1.0
1.0
808.0
1.0
2.0
280.0
2.0
11.0
1.0
2.0
55.0
2.0
1.0
1.0
19.0
1.0
1.0
1.0
1.0
965.0
2.0
3.0
1.0
1.0
1.0
3.0
1.0
596.0
562.0
1.0
6.0
1456.0
9.0
1.0
1.0
6.0
21.0
1.0
101.0
58.0
1.0
189.0
4.0
4.0
1.0
1.0
1.0
39.0
31.0
3.0
46.0
1.0
1.0
8.0
50.0
446.0
3.0
3.0
3.0
1.0
11.0
1.0
1.0
5.0
1.0
13.0
1.0
29.0
7.0
5.0
2.0
3.0
3.0
280.0
8.0
1.0
1.0
3.0
1.0
5.0
1.0
3046.0
2.0
2.0
73.0
13.0
758.0
3.0
1.0
6.0
41.0
1914.0
3.0
109.0
1.0
2.0
4.0
3.0
19.0
9.0
76.0
221.0
3.0
3.0
1.0
3.0
3.0
1.0
9.0
1.0
8.0
14.0
8.0
1.0
2.0
117.0
1.0
2.0
1.0
89.0
464.0
5.0
2.0
7.0
3.0
1.0
1.0
2.0
5.0
17.0
1944.0
2.0
19.0
1.0
132.0
2.0
1.0
3.0
2.0
52.0
110.0
8.0
1.0
596.0
181.0
1.0
4.0
3.0
1004.0
9.0
1.0
4.0
27.0
5707.0
1.0
7.0
1.0
4.0
1.0
1.0
745.0
6.0
144.0
4454.0
98.0
3.0
1.0
4.0
3.0
2.0
750.0
168.0
3.0
182.0
1.0
10.0
19.0
1.0
6.0
5.0
1.0
1.0
1.0
1.0
89.0
596.0
3.0
54.0
4.0
3.0
720.0
1.0
3.0
3.0
5.0
1.0
14.0
12.0
96.0
3.0
3.0
535.0
2.0
1.0
1.0
3.0
1.0
34.0
1.0
4720.0
2.0
132.0
12.0
2.0
13.0
2.0
1.0
510.0
2.0
1.0
9.0
18.0
127.0
141.0
27.0
2.0
6.0
1.0
591.0
1.0
1.0
102.0
1.0
65.0
7.0
51.0
33.0
1.0
25.0
1.0
77.0
1.0
36.0
1.0
1.0
39.0
1.0
5.0
2.0
1.0
2.0
3.0
7.0
13.0
1.0
55.0
3.0
1.0
17.0
1.0
1.0
3.0
3033.0
32.0
2.0
3.0
200.0
1215.0
1.0
3.0
1.0
5.0
2.0
1630.0
1.0
27.0
1.0
6.0
41.0
65.0
14.0
1.0
2.0
4.0
19.0
11.0
66.0
1.0
4.0
4.0
2.0
1.0
1.0
884.0
1.0
3.0
19.0
21.0
3.0
5.0
2.0
1.0
3.0
338.0
6.0
1.0
49.0
3.0
224.0
7.0
5.0
5.0
2.0
152.0
3.0
2.0
2.0
1.0
1.0
1.0
404.0
1.0
27.0
7.0
4.0
3.0
2.0
44.0
6.0
5.0
4.0
1.0
1.0
1.0
84.0
5.0
3033.0
1.0
3.0
1.0
2.0
779.0
2.0
1.0
2.0
3.0
1.0
1929.0
78.0
1.0
288.0
1.0
8.0
12.0
5.0
3.0
1.0
2.0
7.0
45.0
2.0
3.0
6.0
10.0
2.0
444.0
1.0
39.0
1064.0
1.0
2.0
19.0
68.0
3.0
2.0
3.0
19.0
3.0
3.0
15.0
3.0
1.0
1.0
91.0
350.0
2.0
1.0
7.0
9.0
2.0
33.0
3.0
5780.0
7.0
3.0
32.0
32.0
3.0
2402.0
1.0
3.0
512.0
19.0
1.0
1064.0
3.0
1.0
44.0
1.0
288.0
86.0
1082.0
1.0
11.0
60.0
31.0
428.0
569.0
1.0
2.0
9.0
22.0
2.0
12.0
18.0
4.0
27.0
503.0
31.0
3.0
347.0
1.0
9.0
117.0
10.0
6.0
1.0
1.0
236.0
7.0
117.0
17.0
232.0
4.0
2.0
3.0
3.0
3.0
4.0
10.0
1.0
694.0
2.0
16.0
1.0
1018.0
8380.0
1.0
13.0
1.0
12884.0
1.0
1.0
24.0
3.0
2139.0
1.0
6.0
1869.0
99.0
9.0
1.0
3.0
1.0
1.0
3.0
3.0
1.0
3.0
31.0
24.0
3.0
9.0
3.0
1.0
7464.0
184872.0
17.0
121.0
1.0
57.0
3.0
2.0
1.0
1.0
530.0
1032.0
3.0
15.0
1.0
8.0
4.0
1.0
106.0
1.0
1.0
7.0
1.0
1.0
4.0
12.0
1.0
2.0
2.0
1.0
157.0
1.0
603.0
8.0
191.0
1.0
76.0
14.0
522.0
1.0
1.0
728.0
3.0
9.0
2.0
1.0
27.0
3.0
3.0
2.0
3.0
1.0
3.0
2.0
1.0
12.0
1210.0
236.0
3.0
549.0
16.0
1.0
3.0
3447.0
1.0
640.0
1.0
1.0
11.0
5.0
35.0
33.0
732.0
1.0
40.0
2.0
15.0
2.0
2.0
5.0
3.0
14.0
24.0
1010.0
2.0
10.0
11.0
36.0
2.0
1.0
17.0
3.0
1.0
33.0
344.0
5.0
3.0
3.0
32.0
422.0
3.0
1.0
3.0
3.0
1.0
3.0
2.0
2.0
1.0
1.0
1.0
2.0
5.0
112.0
1.0
1.0
3.0
5.0
1.0
7.0
6.0
852.0
2.0
1.0
1.0
1.0
106.0
60.0
1.0
27.0
1.0
3.0
1.0
1.0
296.0
17.0
7.0
3.0
1.0
3.0
44.0
2.0
423.0
2.0
2.0
6598.0
5.0
5.0
1.0
3.0
3.0
1.0
1.0
1.0
3.0
2.0
3.0
712.0
3932.0
1.0
837.0
6.0
18.0
351.0
41.0
1027.0
1.0
2.0
2.0
787.0
1.0
1.0
3782.0
773.0
1.0
1.0
9.0
21.0
10.0
13.0
3.0
1.0
311.0
4.0
87.0
15.0
1.0
1.0
8.0
5.0
102.0
3.0
24.0
56.0
4.0
1.0
1.0
342.0
1.0
39.0
11.0
3.0
274.0
3.0
2.0
9.0
43.0
1088.0
4.0
12.0
1.0
586.0
2.0
3.0
1.0
2.0
13.0
3.0
10.0
18.0
1.0
17.0
3.0
2.0
107.0
2.0
3.0
31.0
282.0
22.0
74.0
1.0
37.0
1.0
1.0
2.0
30.0
1.0
1.0
1130.0
1.0
25.0
1.0
3.0
3.0
130.0
9.0
1.0
10.0
1.0
4.0
7.0
1.0
11.0
685.0
1.0
12.0
2.0
3.0
3.0
2.0
2.0
231.0
1.0
829.0
1.0
1.0
542.0
1265.0
2.0
1.0
5.0
1.0
1.0
288.0
290.0
1.0
3.0
4.0
3.0
1.0
69.0
1.0
1754.0
1.0
6.0
8.0
10001.0
28.0
23.0
24.0
5.0
4.0
9.0
2.0
2.0
375.0
3.0
3.0
5.0
1.0
66.0
1.0
8.0
7.0
292.0
18.0
4.0
7.0
1.0
3.0
32.0
179.0
14.0
1.0
24.0
1.0
3.0
18.0
2.0
1.0
4.0
6.0
1.0
1.0
2127.0
929.0
4.0
4.0
16.0
4.0
17.0
8.0
1.0
2.0
8.0
6.0
46.0
8.0
5.0
6.0
3.0
4.0
31.0
1.0
302.0
3.0
5.0
2.0
2.0
1.0
1.0
2.0
9.0
2.0
13.0
9.0
4.0
5.0
1.0
45.0
1.0
1.0
5.0
1.0
1.0
1.0
152.0
1.0
1.0
1.0
49.0
1.0
26.0
24.0
1.0
6.0
22.0
1.0
3.0
15.0
21.0
6.0
513.0
906.0
207.0
1.0
4.0
3.0
1.0
1.0
1.0
1.0
1.0
73.0
3.0
3.0
148.0
1.0
1.0
2.0
62.0
28.0
19.0
3.0
3.0
1.0
1.0
273.0
121.0
3.0
1.0
20.0
13.0
1.0
19.0
65.0
2.0
23.0
2.0
4.0
3.0
3.0
2.0
1.0
45.0
3.0
2191.0
4612.0
1.0
257.0
906.0
23.0
9.0
14.0
3.0
3.0
157.0
47.0
66.0
1.0
711.0
288.0
10.0
3.0
217.0
288.0
2.0
1.0
489.0
433.0
3.0
18.0
3.0
5.0
1.0
38.0
5.0
1.0
3.0
1.0
3.0
7.0
3.0
4612.0
78.0
1.0
70.0
1.0
2.0
3.0
12.0
549.0
1.0
17.0
1.0
1.0
50.0
1.0
1312.0
5.0
2.0
2.0
28.0
3.0
32.0
2.0
2946.0
1.0
12.0
27.0
17.0
695.0
15.0
11.0
1.0
3.0
3.0
1.0
1.0
1.0
3.0
3.0
11.0
3.0
1.0
1496.0
3.0
1.0
3.0
19.0
2.0
7.0
4.0
2.0
11.0
3.0
37.0
1.0
84.0
238.0
9.0
1265.0
3.0
3.0
1.0
3.0
3.0
3.0
1.0
3.0
1.0
2471.0
1.0
6.0
6.0
13349.0
1.0
7.0
1.0
3.0
3.0
10.0
2.0
2028.0
63.0
2.0
1.0
2.0
1.0
698.0
8.0
3.0
2.0
1.0
15.0
313.0
1.0
9.0
14.0
10.0
3.0
2.0
1.0
92.0
49.0
29.0
3.0
2.0
10.0
27.0
1.0
259.0
3.0
11.0
4.0
16.0
24.0
48.0
3.0
1.0
3.0
384.0
9.0
1.0
9.0
3.0
10.0
4.0
6.0
3481.0
3.0
17.0
22.0
3.0
5.0
1.0
214.0
1.0
1763.0
11.0
1.0
4.0
1.0
1.0
1.0
3.0
5.0
5.0
1.0
134.0
6.0
1.0
149.0
1.0
29.0
1.0
1.0
3.0
12907.0
2.0
11.0
30.0
225.0
1.0
1.0
58.0
4.0
6.0
28.0
1.0
6.0
2.0
898.0
5.0
9.0
3.0
53.0
15.0
6.0
3.0
8.0
4.0
162.0
1117.0
66764.0
328.0
3.0
17.0
8.0
24.0
1.0
31.0
2.0
4.0
43.0
117.0
17.0
2.0
13.0
2.0
3.0
1.0
11.0
2.0
1.0
2.0
3.0
2.0
1120.0
2.0
3.0
1.0
3.0
3.0
2.0
12.0
589.0
5.0
6.0
3.0
1.0
1.0
415.0
19.0
1.0
1.0
2.0
3.0
17.0
6.0
1.0
3.0
2.0
1.0
1.0
3.0
4.0
2.0
204.0
1.0
1147.0
4.0
1.0
7.0
1.0
3.0
3.0
1.0
11.0
3.0
4.0
3.0
12.0
16.0
16.0
3.0
1.0
3.0
27.0
1.0
3.0
2472.0
351.0
75.0
17.0
740.0
2.0
19.0
1.0
2.0
11.0
2.0
1.0
1.0
1.0
6.0
42.0
1209.0
1.0
216.0
59.0
5.0
55.0
1.0
2.0
7.0
1.0
3.0
3.0
372.0
1.0
3.0
1.0
1.0
3.0
44.0
103.0
572.0
12.0
57.0
4.0
69.0
511.0
42.0
33.0
6.0
1.0
4.0
7.0
3.0
20.0
19.0
1.0
19.0
1388.0
976.0
3.0
4135.0
2.0
1.0
6.0
2.0
1.0
369.0
14.0
5.0
3.0
1.0
10.0
40.0
6.0
3.0
3.0
1.0
16.0
83343.0
1.0
3.0
6.0
4.0
1.0
2.0
3.0
1.0
1.0
7.0
1.0
1117.0
1.0
99.0
103.0
18.0
2.0
4.0
1.0
34.0
5.0
8.0
17.0
19.0
78.0
3.0
4.0
3185.0
6.0
1.0
3.0
242.0
104.0
556.0
471.0
240.0
1482.0
2.0
82.0
236.0
10.0
28.0
1.0
5.0
7.0
224.0
3.0
75.0
3.0
1.0
275.0
12.0
3.0
119.0
24.0
351.0
3.0
3.0
6.0
1.0
6.0
3.0
127.0
1899.0
4.0
31.0
23.0
3.0
89.0
2519.0
1.0
1.0
28.0
535.0
1.0
3.0
3.0
16.0
3.0
3.0
5.0
9.0
81.0
1.0
1.0
9.0
12.0
12.0
1.0
19.0
5.0
9.0
135.0
3.0
8.0
12.0
1.0
8.0
3.0
3492.0
19.0
172.0
10.0
4.0
1.0
2.0
13.0
14354.0
1.0
486.0
8.0
3.0
1.0
90.0
28.0
5.0
2.0
2.0
10.0
230.0
40.0
14.0
17.0
1.0
4.0
1220.0
14.0
1.0
3.0
1.0
3.0
1083.0
1.0
1.0
110.0
1.0
1.0
2.0
1.0
1.0
70.0
1.0
3.0
292.0
512.0
1.0
1.0
3.0
103.0
1.0
2.0
3.0
24.0
275.0
1.0
1.0
7.0
18.0
2.0
1.0
3.0
17.0
3.0
22.0
19.0
16.0
57.0
18.0
7262.0
1.0
2.0
67.0
2.0
1.0
9.0
3.0
4.0
3.0
1198.0
1.0
3.0
46.0
7.0
9.0
1.0
3.0
1.0
7.0
1.0
3.0
3.0
4.0
2.0
4.0
425.0
1.0
2.0
78.0
3.0
1.0
2.0
19.0
1.0
1.0
3.0
4.0
3.0
3.0
218.0
2.0
186.0
250.0
10.0
1.0
3.0
3.0
1.0
3.0
1.0
4452.0
11.0
1.0
3.0
238.0
8.0
2.0
40.0
292.0
14.0
2.0
29.0
3.0
3.0
255.0
3.0
1.0
2.0
1.0
39.0
29.0
292.0
9.0
102.0
13.0
63.0
3.0
4.0
1.0
9.0
3.0
2.0
2.0
1.0
1.0
4.0
18.0
23.0
1.0
3.0
3.0
1.0
1.0
1.0
29.0
2.0
2585.0
3.0
36.0
3.0
16.0
48.0
3.0
374.0
4.0
2.0
1.0
13.0
2.0
3.0
5.0
156.0
3.0
1.0
1.0
3.0
2032.0
3.0
4.0
2.0
4.0
33.0
3.0
1.0
139.0
3.0
50.0
687.0
1.0
1.0
3.0
76.0
3.0
3000.0
3.0
1.0
249.0
2.0
4.0
4.0
13.0
48.0
1.0
2.0
2.0
1.0
1109.0
27.0
1.0
9.0
19.0
1.0
11.0
1.0
14.0
50.0
1.0
102.0
2.0
2017.0
14.0
1.0
13116.0
19.0
4.0
9.0
3.0
4.0
2.0
137.0
1.0
87.0
414.0
474.0
112.0
1115.0
19.0
3.0
1.0
43.0
1.0
3.0
1.0
3.0
1.0
3.0
29.0
2.0
351.0
2.0
16.0
3.0
3119.0
4.0
3.0
5.0
1.0
92.0
192.0
7.0
1164.0
3.0
57.0
160.0
9.0
1.0
4.0
7.0
4.0
1.0
2.0
6.0
65.0
7.0
1.0
1.0
7.0
532.0
218.0
1.0
231.0
3.0
1.0
1.0
1.0
3.0
9.0
20.0
12.0
4.0
24.0
1.0
1.0
354.0
3.0
6.0
3.0
1.0
1.0
3.0
1.0
2.0
3.0
13.0
23.0
5.0
1.0
1861.0
1.0
3.0
435.0
186.0
1.0
30.0
65.0
3.0
9.0
1798.0
1.0
2.0
1.0
2502.0
6.0
119.0
748.0
237.0
546.0
5.0
19.0
2.0
45.0
1.0
115.0
1.0
44.0
3.0
2.0
74.0
6.0
3.0
1.0
200.0
2.0
4.0
4.0
18.0
6.0
728.0
12.0
422.0
556.0
96.0
3.0
492.0
897.0
69.0
1.0
1.0
168.0
1767.0
106.0
1.0
11.0
24.0
198.0
3.0
1680.0
2.0
1.0
48.0
1.0
1.0
7.0
2.0
17.0
1.0
7.0
1299.0
2061.0
7.0
157.0
3.0
1.0
4.0
459.0
803.0
40.0
1.0
1.0
6.0
37.0
4.0
1.0
1149.0
1.0
4.0
8.0
1.0
1.0
1.0
2.0
1.0
7.0
1.0
10.0
24.0
1.0
17.0
20.0
1.0
10.0
1.0
24.0
1198.0
216.0
1.0
16.0
1.0
8.0
2.0
17.0
3.0
569.0
1568.0
1.0
165.0
1.0
2.0
9.0
2.0
1.0
2.0
1.0
82.0
2.0
1.0
13.0
1.0
22.0
12.0
33.0
2.0
6.0
219.0
1102.0
3.0
7.0
2.0
3.0
41.0
292.0
1.0
3.0
535.0
1.0
590.0
5.0
1.0
2.0
30.0
6.0
2.0
12.0
19.0
66.0
1.0
2.0
4.0
2.0
224.0
65.0
4.0
3.0
1.0
1496.0
9.0
37.0
474.0
276.0
11.0
32.0
1.0
2.0
604.0
1.0
1.0
29.0
351.0
1.0
10.0
12.0
3.0
3.0
2.0
3.0
1.0
4.0
1198.0
4.0
2.0
2.0
3.0
17.0
104.0
3.0
4.0
1.0
1514.0
1228.0
1.0
1.0
1.0
4.0
802.0
1.0
3.0
1484.0
8.0
1.0
1.0
6.0
247.0
1.0
12.0
19070.0
1.0
1.0
9.0
2.0
1.0
1.0
1.0
1.0
1.0
1.0
2.0
3.0
351.0
1.0
31.0
4.0
4.0
343.0
3.0
1.0
1.0
6.0
3.0
1.0
1.0
9.0
20.0
338.0
1.0
1.0
9.0
1.0
23.0
2.0
1031.0
1.0
5224.0
1.0
3.0
2.0
2.0
23.0
5.0
1.0
3.0
28.0
3.0
1.0
71.0
76.0
2.0
8.0
39.0
390.0
178.0
1.0
3.0
687.0
221.0
22.0
3.0
2.0
1.0
1.0
1.0
1.0
607.0
114.0
2.0
20.0
2.0
1.0
33.0
551.0
31.0
1120.0
9.0
172.0
1.0
9.0
3.0
1.0
1.0
1.0
596.0
3.0
1.0
208.0
2.0
1.0
1.0
3.0
2.0
132.0
25.0
19.0
15.0
1.0
1.0
1.0
1.0
5.0
34.0
1.0
3.0
3574.0
87.0
8.0
3.0
761.0
994.0
677.0
3.0
1829.0
10.0
1.0
23.0
300.0
20.0
1.0
1.0
52.0
22.0
11.0
782.0
11.0
1097.0
6.0
1.0
383.0
2.0
3.0
4.0
3.0
2.0
4.0
5586.0
29.0
1.0
6.0
7.0
2.0
3.0
7.0
2.0
1.0
14.0
3.0
3.0
120.0
1.0
282.0
2475.0
2.0
3.0
3.0
6.0
1.0
2.0
2.0
8.0
1.0
3.0
1.0
66.0
2.0
1.0
2.0
10.0
4.0
7.0
18.0
292.0
106.0
2.0
1.0
6.0
15.0
1.0
3.0
4.0
1.0
5.0
3.0
1.0
19.0
313.0
6.0
2.0
1.0
1.0
2.0
2.0
457.0
9.0
2.0
7.0
1463.0
118.0
1.0
16.0
1.0
1.0
853.0
2.0
172.0
1724.0
3.0
551.0
26.0
2006.0
1.0
1.0
1.0
1.0
3.0
4.0
4.0
588.0
1.0
1.0
1.0
23.0
3.0
1.0
49.0
4.0
3828.0
2.0
660.0
1.0
3.0
1.0
1.0
2.0
1.0
3.0
148.0
3.0
100.0
1.0
15.0
4003.0
3.0
65.0
1.0
3.0
3.0
1.0
1.0
55.0
1.0
2.0
3.0
1.0
2.0
683.0
1.0
2856.0
4.0
1.0
19.0
8.0
1.0
46.0
1.0
1.0
1.0
3.0
1.0
3.0
1.0
5.0
1.0
42.0
64.0
2.0
2351.0
2.0
3.0
8.0
2.0
18.0
1.0
116.0
2.0
1.0
72.0
6.0
1.0
8.0
151.0
2.0
3.0
1.0
373.0
1.0
13.0
9.0
3.0
10.0
15.0
75.0
55.0
56.0
2.0
1.0
1.0
1.0
21.0
2303.0
1.0
2.0
3.0
270.0
22.0
10.0
127.0
1.0
13.0
1.0
1.0
3.0
109.0
643.0
38.0
1.0
1.0
5.0
4.0
3.0
3.0
18.0
2.0
927.0
1.0
4.0
5.0
1.0
46.0
1.0
1.0
3.0
677.0
4.0
2.0
361.0
17.0
3.0
1.0
41.0
3.0
9.0
24.0
596.0
1.0
3.0
294.0
1.0
9.0
2.0
118.0
3.0
10.0
2.0
3.0
1.0
224.0
589.0
1067.0
3.0
2.0
90.0
3.0
1.0
1.0
2.0
5.0
2.0
3.0
16.0
3.0
9.0
21.0
6.0
87.0
4.0
4.0
3.0
514.0
2.0
1.0
1.0
2.0
1.0
12.0
15.0
5.0
932.0
3.0
103.0
74.0
658.0
19.0
1.0
978.0
6.0
628.0
2889.0
21.0
1.0
2.0
199.0
102.0
7.0
1.0
3.0
2.0
488.0
1413.0
3.0
242.0
85.0
8.0
659.0
3.0
8.0
182.0
1.0
13978.0
8.0
6.0
1.0
313.0
38.0
4.0
2.0
11.0
4.0
422.0
1486.0
3.0
1.0
43.0
19.0
3.0
138.0
11.0
1.0
4.0
7.0
6.0
1.0
3.0
24.0
1.0
1668.0
1.0
6.0
1.0
1.0
1.0
1504.0
1.0
6.0
1.0
2.0
1.0
243.0
15743.0
1.0
229.0
1.0
3.0
14.0
1.0
1.0
45.0
106.0
2.0
6.0
2.0
988.0
497.0
6.0
447.0
480.0
19.0
204.0
1.0
21.0
24.0
314.0
37.0
7.0
2.0
3.0
3.0
102.0
5.0
1.0
1.0
338.0
40.0
2.0
2.0
3.0
27.0
4.0
4.0
34.0
3.0
274.0
14.0
1.0
1.0
1.0
3.0
1.0
150.0
545.0
67.0
210.0
107.0
3032.0
1.0
923.0
69.0
21.0
2.0
2.0
5.0
1.0
122.0
1.0
3.0
14.0
6.0
1.0
1506.0
705.0
50.0
99.0
1.0
1.0
1.0
1.0
2132.0
122.0
1.0
1.0
19.0
3.0
3.0
1.0
393.0
4.0
1.0
1.0
351.0
3.0
1.0
31.0
21.0
1.0
5.0
44.0
9.0
1.0
1.0
1.0
361.0
5.0
6.0
1.0
6.0
2.0
3.0
6.0
7.0
56.0
1.0
3.0
3.0
1.0
11.0
1.0
2.0
2.0
14.0
1.0
3.0
2.0
13.0
2.0
1114.0
2.0
49.0
3.0
1.0
4.0
231.0
3.0
2.0
66.0
3.0
58.0
3.0
10.0
32.0
30.0
2.0
3.0
1.0
261.0
65.0
4867.0
2.0
3850.0
84.0
83.0
1.0
3.0
3.0
50.0
925.0
1.0
225.0
1.0
1.0
4.0
12.0
4.0
3.0
3.0
14385.0
6.0
3.0
66.0
5.0
3.0
1.0
2.0
46.0
1.0
2.0
1.0
220.0
1.0
1.0
2259.0
1.0
3.0
8.0
11.0
2.0
1.0
14.0
21.0
4.0
1.0
3.0
79.0
3.0
351.0
793.0
12.0
1105.0
12.0
24.0
1.0
342.0
1844.0
3.0
1.0
719.0
1378.0
3.0
3.0
6.0
1.0
3.0
1.0
344.0
282.0
1.0
2.0
45.0
2514.0
323.0
17.0
292.0
5.0
13.0
130.0
496.0
5.0
20949.0
1.0
4.0
1.0
1.0
1.0
14.0
10.0
1.0
1.0
198.0
1.0
3.0
1217.0
10.0
661.0
10.0
2100.0
10.0
8.0
328.0
3.0
6.0
7.0
2.0
86.0
74.0
2.0
32.0
76.0
1.0
5.0
909.0
2427.0
2.0
65.0
2.0
2.0
510.0
2.0
4.0
2.0
2.0
1.0
3.0
8.0
2.0
3.0
151.0
1.0
1.0
102.0
1.0
3.0
3.0
7.0
11.0
163.0
1.0
591.0
3.0
4.0
2.0
5.0
1.0
6.0
1.0
3.0
8.0
475.0
8.0
3.0
63.0
132.0
1.0
4.0
3.0
1.0
2.0
3.0
4.0
2.0
2.0
6.0
3.0
3.0
3.0
421.0
9.0
13.0
1.0
1.0
355.0
4.0
282.0
3.0
3.0
1.0
8.0
3.0
2.0
1.0
56.0
18.0
14.0
1762.0
11.0
27.0
1007.0
265.0
547.0
1.0
1.0
1216.0
3.0
13.0
3.0
117.0
5.0
2.0
5.0
2.0
40.0
2.0
47.0
1.0
282.0
29.0
19.0
434.0
4.0
175.0
4.0
7.0
8.0
3.0
1.0
3.0
120.0
6.0
55.0
2.0
3.0
15.0
48.0
29.0
1.0
1.0
7.0
279.0
3.0
2.0
2.0
2.0
3.0
18.0
1.0
391.0
17.0
3.0
1.0
24.0
1.0
16.0
1.0
1.0
50.0
1.0
5.0
1.0
1.0
10001.0
3.0
4.0
1.0
109.0
2.0
1.0
3.0
2.0
1.0
2.0
2.0
1286.0
1.0
731.0
41.0
70.0
4.0
1.0
3.0
1.0
35.0
5.0
1027.0
3.0
20.0
23.0
3.0
8.0
1.0
5.0
7.0
1.0
1.0
44.0
351.0
1.0
1.0
3.0
2.0
15.0
2.0
4.0
2.0
1.0
3.0
2.0
1402.0
1.0
1.0
14.0
330.0
2.0
1.0
1.0
3.0
10.0
692.0
3.0
25.0
69.0
2.0
4283.0
40.0
1.0
220.0
759.0
3.0
3.0
720.0
10.0
4.0
1.0
13.0
87.0
1.0
60.0
19.0
3.0
34.0
1325.0
3.0
1.0
2.0
313.0
1.0
1942.0
46.0
1.0
5148.0
1.0
5.0
596.0
20.0
2.0
3.0
351.0
1800.0
3.0
1.0
262.0
4.0
1.0
7.0
2.0
1.0
1908.0
2.0
1.0
23.0
3.0
1.0
3.0
3.0
1.0
4.0
3.0
2080.0
10.0
1.0
2.0
1432.0
17.0
2.0
1.0
6.0
2.0
14.0
3.0
1.0
2104.0
6.0
5.0
1941.0
1.0
3.0
12.0
1.0
10.0
1.0
1.0
1.0
143.0
13000.0
4.0
3.0
15.0
1.0
2.0
1.0
61.0
81.0
4.0
2.0
1.0
9.0
3.0
1.0
9.0
1.0
1.0
591.0
1.0
2.0
2459.0
2.0
73.0
11.0
13.0
2.0
10.0
2.0
1.0
2.0
2.0
3.0
5.0
1.0
3.0
1.0
1.0
3.0
3.0
1.0
323.0
2391.0
3.0
117.0
5.0
4.0
3.0
906.0
40.0
3.0
6.0
43.0
1.0
7.0
8.0
4.0
3.0
3.0
3.0
4.0
3.0
25.0
338.0
97.0
2.0
8.0
1.0
1.0
538.0
4.0
1.0
13.0
3.0
364.0
1.0
1997.0
3.0
4.0
1.0
2.0
24.0
5.0
858.0
51.0
1017.0
1018.0
36.0
710.0
1.0
1.0
1.0
1.0
1.0
1.0
3.0
3.0
890.0
3.0
199.0
6.0
137.0
3.0
8.0
3.0
2.0
5659.0
61.0
110.0
2.0
278.0
801.0
8.0
3.0
2.0
2.0
1.0
65.0
14.0
100.0
14.0
17.0
964.0
31.0
1.0
3.0
10.0
6.0
1292.0
3.0
8.0
14385.0
52.0
9.0
7.0
3.0
120.0
153.0
3.0
1.0
3.0
3.0
1.0
1.0
1.0
6.0
5.0
10.0
2.0
7.0
1.0
1.0
21.0
1.0
2.0
1330.0
397.0
1.0
1.0
2123.0
1.0
3.0
1.0
105.0
3001.0
9.0
4039.0
1607.0
3.0
23.0
3.0
16.0
9.0
762.0
3.0
79.0
15.0
1.0
2.0
3.0
6.0
1.0
3.0
2.0
4.0
6.0
20.0
5.0
154.0
167.0
1.0
116.0
16.0
53.0
5.0
8.0
1.0
13.0
300.0
368.0
1.0
18.0
1.0
1.0
2.0
6.0
9.0
124.0
3.0
3.0
22.0
9.0
2.0
1.0
1.0
576.0
17.0
2.0
1.0
3.0
1.0
3.0
2.0
3.0
9.0
25.0
1.0
2445.0
1.0
68.0
1.0
3.0
328.0
8.0
4817.0
18.0
5.0
1.0
1.0
122.0
1.0
2.0
9.0
1.0
1.0
2.0
4.0
1.0
1.0
885.0
3.0
2.0
161.0
3.0
3.0
1426.0
2.0
1.0
1.0
4.0
3.0
1.0
4.0
5.0
132.0
5.0
8.0
9.0
1018.0
1.0
3.0
50.0
67.0
15.0
496.0
4.0
2.0
797.0
1.0
1.0
83.0
62.0
3.0
6.0
1047.0
1.0
22.0
2.0
163.0
1.0
14.0
1727.0
279.0
1.0
10.0
1.0
4.0
1.0
20.0
38.0
323.0
2.0
18707.0
105.0
965.0
1303.0
2.0
1.0
4.0
9.0
2.0
8.0
206.0
6.0
4.0
6.0
1.0
4.0
1646.0
14.0
1.0
2.0
1.0
16.0
1.0
304.0
1.0
4.0
24.0
16.0
2.0
4547.0
298.0
124.0
1424.0
17.0
219.0
2.0
1.0
1.0
2.0
30.0
3.0
3.0
1.0
1851.0
3.0
2.0
886.0
3.0
34.0
3.0
140.0
1.0
12.0
139.0
14499.0
1.0
4.0
75.0
3.0
2.0
14.0
3.0
1.0
1.0
4.0
1.0
268.0
4.0
3.0
3.0
149.0
1.0
26.0
5.0
647.0
3.0
36.0
1070.0
1.0
2.0
1.0
3.0
1.0
3.0
140.0
2.0
176.0
471.0
6.0
1.0
2.0
3.0
2.0
1.0
2.0
89.0
1.0
48.0
713.0
413.0
21.0
15.0
1199.0
19.0
12375.0
6.0
543.0
2.0
1.0
4.0
87.0
1.0
63.0
6.0
8.0
1.0
1.0
2.0
68.0
1.0
3.0
105.0
3.0
1.0
33.0
1.0
4.0
2.0
3.0
1.0
1.0
1.0
4.0
1.0
3.0
2.0
1.0
576.0
1.0
1421.0
1.0
1225.0
1.0
1.0
1.0
2.0
17.0
1.0
2.0
1.0
274.0
98.0
16.0
6.0
4.0
3.0
13.0
1.0
1.0
202.0
1.0
1.0
2.0
58.0
29.0
1.0
1.0
17.0
5.0
24.0
1.0
3.0
1.0
5.0
61.0
5.0
1.0
102.0
4.0
1.0
1.0
3.0
453.0
21.0
2.0
1.0
1.0
47.0
31.0
21.0
5.0
193.0
67.0
177.0
2079.0
24.0
2.0
44.0
351.0
232.0
1.0
1.0
1.0
1.0
205.0
87.0
1.0
1.0
8.0
1.0
183.0
1.0
1.0
4.0
9.0
1045.0
4.0
21.0
1.0
99.0
3.0
6361.0
2.0
3.0
1.0
10.0
30.0
36.0
29.0
3.0
21.0
2.0
9.0
1.0
3.0
3.0
1.0
15.0
351.0
22.0
1.0
3.0
2.0
10.0
423.0
508.0
38.0
7.0
1.0
1.0
6.0
2.0
4.0
2.0
1.0
22.0
1.0
18.0
1.0
53.0
1.0
2.0
3.0
1.0
127.0
1.0
101.0
140.0
1.0
12.0
3.0
1.0
3.0
2.0
19.0
171.0
1.0
3.0
1.0
313.0
5.0
3.0
8.0
15.0
1.0
3.0
45.0
232.0
677.0
1.0
1.0
1.0
7.0
3.0
1416.0
1.0
2.0
2.0
2.0
182.0
6.0
149.0
5.0
43.0
4.0
394.0
1.0
2.0
2.0
25.0
1.0
230.0
71.0
12.0
1.0
3.0
2.0
1.0
76.0
1.0
1.0
54.0
337.0
1.0
1.0
32.0
253.0
4.0
19.0
1.0
1.0
1.0
383.0
296.0
1.0
1.0
3.0
1.0
292.0
1.0
10.0
1.0
3.0
9.0
2.0
1.0
60.0
4.0
15.0
1.0
4.0
4.0
7.0
65.0
9.0
24.0
3.0
957.0
3.0
1.0
3.0
1.0
300.0
2.0
465.0
1.0
121.0
1.0
4.0
1.0
1.0
22.0
89.0
308.0
886.0
1514.0
1.0
23.0
3.0
6.0
20.0
3.0
324.0
11.0
8.0
1.0
1.0
2278.0
2.0
1.0
4.0
1.0
1.0
351.0
3453.0
35.0
36.0
51.0
2.0
8.0
3.0
3.0
24.0
1.0
1324.0
1.0
177.0
1.0
18.0
24.0
54.0
14.0
2.0
2469.0
32.0
3.0
1.0
1.0
4.0
350.0
114.0
63.0
1.0
116.0
611.0
16254.0
1.0
1.0
1.0
1.0
1.0
369.0
2.0
1.0
1756.0
3.0
3.0
2.0
129.0
55.0
1.0
2.0
12.0
297.0
106.0
3.0
1.0
31.0
1.0
272.0
232.0
1.0
157.0
1211.0
1.0
89.0
1.0
725.0
5.0
1.0
32.0
3.0
12.0
5.0
770.0
3.0
3.0
1.0
258.0
1325.0
21.0
63.0
13.0
71.0
8.0
29.0
1.0
2.0
23.0
26.0
3.0
21.0
4481.0
17.0
3.0
9.0
516.0
17.0
19.0
1.0
977.0
1.0
1.0
1.0
753.0
133.0
1.0
5.0
1.0
11.0
2907.0
3.0
18.0
7.0
1.0
5.0
1.0
6.0
2.0
207.0
4872.0
3.0
384.0
1.0
1.0
1.0
86.0
20.0
1.0
54.0
1.0
1330.0
1.0
1432.0
234.0
150.0
5.0
10.0
737.0
1.0
1.0
3.0
3.0
1.0
26.0
27.0
199.0
2.0
17.0
913.0
101.0
6.0
22.0
1.0
880.0
33.0
30.0
1.0
3.0
1.0
1.0
6.0
62.0
24.0
3.0
1.0
1.0
10.0
2.0
1.0
8.0
3.0
3.0
7.0
1.0
1.0
13.0
162.0
1.0
9.0
2.0
19.0
24.0
3.0
3.0
17425.0
1.0
11.0
7.0
1095.0
14.0
1.0
400.0
697.0
10.0
3.0
11.0
4.0
1.0
17.0
5.0
67.0
1.0
8.0
1.0
16.0
3.0
12904.0
15.0
2.0
6.0
1.0
4.0
38.0
10098.0
1.0
3.0
14.0
2.0
2.0
1.0
2.0
3.0
677.0
102.0
563.0
8.0
2.0
18.0
34.0
1.0
1.0
115.0
3.0
2.0
1.0
3.0
11.0
156.0
42.0
3.0
1.0
19.0
1.0
2.0
2.0
45.0
52.0
3.0
11.0
1.0
2.0
21.0
9.0
414.0
2.0
845.0
161.0
3.0
951.0
1.0
2.0
1.0
2.0
233.0
708.0
21.0
40.0
1191.0
118.0
24.0
1.0
4.0
1.0
50.0
3.0
3.0
3.0
1.0
11889.0
18.0
167.0
1.0
3.0
4.0
1.0
41.0
2.0
3.0
1.0
1.0
2.0
3.0
12.0
444.0
12.0
1610.0
596.0
1.0
282.0
3.0
11.0
17.0
2.0
8.0
6.0
5.0
16.0
18.0
8.0
3.0
11.0
52.0
105.0
1.0
14.0
3.0
66.0
134.0
6.0
3.0
18.0
288.0
4.0
3.0
3.0
9.0
7.0
1.0
3.0
50.0
10.0
28.0
2.0
4.0
333.0
149.0
1900.0
24.0
1.0
2.0
499.0
2.0
3.0
3.0
3.0
1.0
19.0
28.0
4.0
11.0
12.0
186.0
1.0
2.0
2.0
11.0
1.0
3.0
1.0
5.0
8.0
24.0
1.0
8.0
1.0
1.0
1.0
6.0
29.0
825.0
10.0
3.0
3.0
2.0
1.0
2.0
2.0
3.0
12.0
4.0
17.0
3.0
2138.0
1.0
5.0
7.0
2.0
25.0
1.0
2.0
1.0
17.0
192.0
1.0
2310.0
1173.0
1135.0
2.0
6.0
27.0
3.0
4.0
60.0
1.0
3.0
1.0
111.0
38.0
1.0
1.0
288.0
8.0
1.0
467.0
355.0
3.0
142.0
2.0
9.0
1.0
2.0
100.0
10.0
3.0
335.0
3.0
1.0
1.0
1.0
2.0
1.0
9.0
2.0
13.0
4815.0
9.0
1.0
4.0
2.0
11.0
7.0
421.0
151.0
6.0
9.0
22.0
1.0
1.0
1148.0
224.0
2.0
229.0
1.0
1.0
1.0
2.0
1912.0
2.0
814.0
8.0
26.0
1.0
1.0
1.0
88.0
3.0
2.0
1.0
1.0
1.0
12.0
224.0
282.0
2.0
2.0
3.0
1527.0
127.0
3.0
681.0
5.0
1230.0
2.0
3.0
2745.0
10001.0
421.0
5.0
1.0
800.0
2.0
8.0
6.0
7.0
4.0
46.0
1.0
3.0
1.0
37.0
2.0
3.0
1.0
4.0
1.0
10001.0
149.0
4.0
1.0
1291.0
1.0
11.0
1.0
1.0
1.0
1.0
1.0
2002.0
34.0
4.0
2.0
30.0
4.0
3.0
3.0
3.0
1.0
177.0
11.0
26.0
1.0
1.0
1.0
1.0
3.0
1.0
6.0
5663.0
1.0
1.0
3.0
1.0
8.0
1.0
1.0
18.0
3.0
94.0
8.0
20.0
972.0
144.0
3.0
8.0
3.0
421.0
7.0
4.0
3.0
1.0
1.0
3.0
3.0
340.0
267.0
37.0
9.0
1.0
1.0
1.0
1.0
1.0
3.0
1.0
3.0
1100.0
428.0
4.0
1.0
3.0
3.0
201.0
617.0
1.0
1.0
1.0
4.0
22.0
1.0
1.0
1.0
10.0
2.0
8.0
7.0
243.0
19.0
1.0
432.0
2.0
1.0
4.0
6.0
48.0
42.0
2.0
1.0
1.0
513.0
3.0
109.0
1.0
1.0
18.0
4.0
7.0
1.0
1.0
5.0
5.0
39.0
30.0
9.0
158.0
1.0
7.0
4.0
1.0
3.0
3.0
1.0
4.0
13.0
37.0
3.0
15.0
1.0
1.0
1.0
3.0
3.0
3.0
1.0
74.0
33.0
3.0
6.0
1789.0
3.0
1.0
5.0
4.0
1.0
11.0
342.0
993.0
3.0
3.0
292.0
1.0
1.0
1.0
3.0
267.0
3.0
8.0
13.0
2.0
1.0
297.0
9.0
5.0
1.0
72.0
50.0
2101.0
2.0
89.0
3.0
19.0
8.0
3.0
30.0
1.0
2.0
2.0
5.0
1.0
2585.0
290.0
3.0
16.0
2.0
3.0
7.0
24.0
37.0
6.0
1.0
7.0
103.0
109.0
3.0
1.0
3.0
1.0
2.0
3.0
3.0
56.0
678.0
3.0
1.0
11.0
1.0
1.0
2.0
1.0
1.0
1.0
2.0
1.0
2.0
1.0
424.0
1.0
1.0
43.0
1.0
1.0
3454.0
15.0
1.0
23.0
278.0
2.0
1647.0
6.0
1.0
1.0
3.0
13145.0
130.0
1.0
3.0
9.0
6.0
642.0
4.0
1.0
3.0
1.0
1.0
1.0
162.0
1.0
13.0
115.0
6.0
6.0
2075.0
6.0
62.0
80.0
446.0
283.0
1.0
1.0
1.0
1.0
8.0
1.0
1.0
18.0
1.0
65.0
7.0
1.0
4452.0
3.0
1.0
3.0
3.0
1001.0
11.0
891.0
7.0
1.0
3.0
1.0
45.0
1.0
1.0
2.0
7.0
1.0
24.0
10.0
12.0
3.0
37.0
3.0
2.0
1.0
23.0
4.0
1.0
1.0
2.0
1704.0
1.0
3.0
1.0
4.0
190.0
7.0
1.0
2.0
104.0
801.0
1.0
1.0
28.0
3.0
19.0
2712.0
4.0
81.0
70.0
1.0
3.0
338.0
1.0
3.0
1.0
7630.0
288.0
1018.0
1.0
3.0
1.0
14.0
1.0
1.0
3.0
1703.0
1005.0
1705.0
2.0
1.0
136.0
5.0
2.0
1.0
28.0
1.0
3.0
1.0
3.0
1.0
261.0
51.0
9.0
9.0
2.0
4.0
1.0
1246.0
5.0
1484.0
2.0
1748.0
7.0
14005.0
2.0
3.0
1.0
1.0
421.0
2.0
3.0
1.0
4.0
1.0
7.0
4.0
3.0
65.0
2.0
1.0
3.0
2.0
63.0
1.0
3.0
35.0
3.0
3.0
2.0
4.0
24.0
8.0
13.0
1.0
1.0
2.0
14.0
152.0
160.0
22.0
267.0
18.0
135.0
23.0
76.0
4.0
4.0
1.0
15.0
1.0
3.0
1.0
4.0
70.0
1300.0
6.0
17.0
1.0
3.0
17.0
2250.0
3.0
1.0
12.0
14385.0
44.0
2.0
15.0
3.0
50.0
1.0
1.0
2.0
4.0
10.0
1.0
7.0
1.0
1.0
112.0
15.0
2.0
932.0
2.0
4.0
1.0
24.0
2.0
32.0
3.0
42.0
1.0
4452.0
160.0
337.0
2.0
1.0
6.0
23.0
65.0
1.0
2.0
1.0
1547.0
52922.0
102.0
1700.0
3.0
4.0
7.0
351.0
2.0
3.0
9.0
14.0
1.0
9.0
47.0
29.0
5.0
10.0
1.0
1.0
207.0
1.0
5625.0
3.0
395.0
1.0
6.0
4.0
84.0
1449.0
3.0
4.0
124.0
3.0
117.0
2.0
4.0
273.0
1.0
3.0
340.0
26.0
1485.0
1.0
3.0
2137.0
3.0
118.0
3.0
125.0
1.0
3.0
3.0
38.0
2.0
1.0
5354.0
69.0
3.0
3.0
67.0
1.0
50.0
1.0
181.0
1.0
1.0
7.0
476.0
14.0
2.0
66.0
2.0
421.0
4.0
19.0
3.0
5.0
1.0
37.0
14.0
58.0
2.0
2.0
34.0
18.0
102.0
3.0
1.0
58.0
1.0
1.0
23.0
9.0
2.0
14.0
19.0
5.0
1147.0
1.0
1.0
392.0
3.0
4.0
3.0
1.0
3.0
1.0
1372.0
786.0
24894.0
19.0
1.0
65.0
1726.0
1212.0
1.0
136.0
19.0
3.0
5.0
3.0
8.0
13.0
232.0
9.0
8.0
3.0
458.0
3.0
886.0
1.0
1.0
16.0
1.0
25.0
16.0
1.0
6.0
1.0
1.0
2519.0
426.0
127.0
9.0
1458.0
11.0
3624.0
37.0
1.0
737.0
47.0
17.0
33.0
21.0
109.0
21.0
114.0
3.0
1.0
3.0
6.0
1.0
1.0
681.0
5.0
4.0
2.0
1.0
21.0
1.0
3.0
318.0
8.0
3.0
2.0
2.0
3.0
4.0
5.0
1240.0
3.0
3.0
1.0
46.0
288.0
8.0
6.0
1.0
5.0
2.0
2.0
3.0
23.0
2.0
351.0
1.0
179.0
1.0
5.0
5.0
63.0
12.0
35.0
129.0
1.0
25.0
15.0
24.0
63.0
2.0
7.0
9.0
1.0
1330.0
4.0
2.0
1.0
5.0
2.0
8.0
43.0
1.0
292.0
39.0
9851.0
1.0
2.0
1.0
7.0
6.0
962.0
87.0
3.0
12.0
3.0
214.0
53.0
1.0
63.0
1.0
4.0
1.0
5.0
441.0
17.0
3.0
1.0
11.0
1.0
3.0
3004.0
93.0
9.0
6.0
1.0
10.0
78.0
3.0
1.0
3.0
1.0
87.0
75.0
1.0
3.0
1.0
457.0
370.0
3.0
3.0
107.0
24.0
1.0
1.0
292.0
3.0
862.0
3.0
3.0
3.0
3.0
12.0
3.0
1.0
11.0
27.0
15.0
24.0
5.0
8.0
19.0
171.0
1.0
1.0
3.0
3.0
1.0
10.0
5.0
1.0
9.0
1.0
1.0
116.0
3.0
1.0
7.0
714.0
58.0
1.0
150.0
1845.0
2.0
1.0
1.0
1.0
313.0
701.0
65.0
5.0
1.0
4.0
1.0
4.0
3.0
8.0
17.0
2.0
1.0
3.0
9.0
1.0
31.0
1.0
4.0
1.0
4.0
1166.0
16.0
1.0
2.0
6.0
123.0
60.0
2.0
44.0
8.0
2309.0
15.0
4.0
12.0
7.0
3.0
1.0
1.0
2363.0
9465.0
1.0
304.0
46.0
1.0
1.0
1.0
1.0
3.0
2.0
3.0
21.0
68.0
4.0
1.0
1.0
20.0
2.0
1.0
2.0
2.0
19.0
25.0
1.0
2.0
1.0
1.0
16.0
1.0
1.0
3437.0
2.0
1.0
1.0
3956.0
1.0
6183.0
3195.0
128.0
2.0
2.0
1.0
3.0
144.0
1.0
511.0
1.0
1.0
1523.0
9.0
1.0
2.0
77.0
643.0
8.0
3.0
1.0
32.0
3.0
35.0
46.0
3.0
1.0
3.0
1.0
3.0
5.0
11.0
4.0
2.0
722.0
4.0
2.0
2.0
23.0
2.0
534.0
9.0
2.0
1.0
3.0
1.0
1.0
3.0
1016.0
5.0
3.0
3.0
1.0
2.0
2407.0
140.0
3.0
22.0
1144.0
1.0
732.0
1.0
4452.0
1.0
8.0
4.0
397.0
1.0
192.0
36.0
5.0
2736.0
2.0
7.0
1.0
12.0
961.0
3.0
76.0
1.0
2.0
1047.0
2.0
3.0
82.0
15.0
318.0
1.0
30.0
1.0
1.0
1.0
3.0
1.0
20.0
5.0
3.0
1.0
1.0
2.0
2.0
1.0
486.0
1.0
835.0
7.0
7.0
2.0
1.0
1.0
3.0
1.0
914.0
155.0
5.0
57.0
3.0
548.0
1.0
5.0
56.0
1.0
141.0
9.0
3.0
404.0
1.0
3.0
2.0
7.0
3.0
1.0
2.0
2.0
1.0
1.0
3.0
73.0
3.0
13.0
1.0
1.0
3.0
103.0
889.0
140.0
30.0
12.0
7.0
186.0
6.0
4.0
1.0
4.0
1.0
4.0
1.0
4.0
15.0
75.0
6.0
7.0
24.0
2.0
4.0
637.0
3.0
18.0
7.0
3.0
2.0
2.0
1.0
3.0
370.0
45.0
10.0
3.0
60.0
18.0
1.0
260.0
1.0
198.0
524.0
2.0
40.0
57.0
1.0
3.0
2.0
1.0
1.0
23.0
1.0
4.0
2844.0
1492.0
102.0
2.0
1.0
1.0
3.0
1.0
8.0
2.0
1.0
185.0
1.0
1.0
8.0
1.0
1111.0
3.0
2.0
565.0
22.0
3.0
195.0
1.0
4.0
3.0
3.0
4.0
2.0
8.0
9.0
8.0
15.0
1.0
1.0
1.0
1.0
1.0
1.0
3.0
24.0
2.0
1.0
4.0
213.0
1225.0
2.0
3.0
44.0
355.0
614.0
1.0
8.0
2.0
55.0
1.0
108.0
75.0
5.0
3.0
1.0
2.0
1.0
2.0
108.0
122.0
968.0
237.0
1.0
1.0
2.0
252.0
4.0
1.0
1.0
2392.0
292.0
3.0
455.0
1.0
1.0
1.0
418.0
2.0
721.0
111.0
730.0
16.0
1.0
10.0
6890.0
1.0
3.0
41.0
3.0
3.0
1.0
15.0
254.0
172.0
1.0
1.0
10.0
1.0
59.0
3.0
367.0
1018.0
62.0
19.0
72.0
113.0
863.0
1.0
2.0
7145.0
4.0
1.0
1.0
152.0
1.0
1.0
961.0
18.0
2.0
15.0
1.0
4.0
7.0
2.0
1.0
8.0
305.0
6.0
1.0
1039.0
129.0
1.0
2.0
4.0
6.0
1.0
1.0
1.0
16.0
994.0
52.0
1.0
6.0
18.0
351.0
3.0
25.0
1.0
1.0
1.0
906.0
2.0
1.0
7.0
60.0
2.0
4.0
9.0
2.0
1.0
6.0
34.0
5.0
1.0
2.0
3.0
2.0
1.0
2.0
5.0
3.0
2.0
1915.0
3.0
963.0
3.0
7.0
627.0
6.0
606.0
18.0
228.0
1144.0
5.0
6.0
7.0
2779.0
93.0
54.0
4.0
1.0
14.0
171.0
2.0
6.0
3.0
1.0
291.0
12.0
2.0
46.0
278.0
1.0
129.0
19.0
9.0
1.0
46.0
5163.0
5.0
78.0
1239.0
12.0
198.0
2.0
40.0
30.0
4.0
3.0
5.0
44.0
59.0
6.0
2.0
516.0
1427.0
4.0
205.0
29.0
118.0
100.0
4.0
1.0
8.0
12.0
282.0
1.0
1.0
26.0
4.0
23.0
2.0
246.0
76.0
3.0
2.0
7.0
1.0
1.0
401.0
1.0
1.0
6.0
3.0
3.0
1.0
96.0
308.0
152.0
7.0
3.0
1.0
17.0
9.0
1.0
2.0
9.0
45.0
1.0
184.0
9.0
1.0
1.0
685.0
23.0
2.0
1.0
4.0
5.0
1.0
1.0
2.0
5.0
3.0
1.0
18.0
397.0
3.0
5757.0
1.0
1.0
6.0
18.0
2.0
215.0
3.0
3.0
674.0
3.0
21.0
479.0
1.0
1.0
1.0
3.0
3.0
5.0
8.0
1.0
1.0
1.0
168.0
212.0
2.0
3.0
2.0
1.0
182.0
1.0
3.0
3.0
596.0
33.0
530.0
17.0
3.0
2.0
190.0
5.0
11.0
23.0
2.0
5.0
1.0
3.0
144.0
1.0
2.0
1.0
1.0
124.0
4.0
2.0
13.0
63.0
20004.0
106.0
3.0
1.0
59.0
1.0
1.0
12.0
3.0
1.0
22.0
152.0
3.0
9.0
1.0
3.0
3.0
3.0
3.0
11.0
1.0
1.0
8.0
3.0
6.0
3.0
3.0
3.0
1.0
81.0
3.0
1.0
3.0
407.0
14.0
1.0
2.0
2.0
3.0
1.0
9.0
297.0
1.0
40.0
55.0
9.0
1.0
2.0
1.0
193.0
15.0
3.0
3.0
2.0
55.0
11.0
1.0
1088.0
116.0
21.0
1.0
1.0
3.0
4.0
1.0
1.0
1.0
3.0
3.0
6.0
3.0
361.0
1584.0
66.0
53.0
175.0
4.0
3.0
1.0
666.0
3.0
2.0
1.0
564.0
1.0
2.0
1.0
17.0
1.0
3.0
10.0
1.0
1.0
948.0
2.0
3.0
15.0
16.0
52.0
1.0
6.0
3.0
1.0
9.0
2.0
78.0
43.0
9.0
1707.0
2.0
63.0
3.0
1.0
3.0
1.0
3.0
2.0
1746.0
107.0
4.0
1.0
8.0
9.0
1.0
113.0
30.0
1.0
421.0
2.0
74.0
8.0
5.0
5.0
5.0
3.0
1.0
28.0
1214.0
58.0
6.0
1.0
43.0
6.0
3.0
1.0
2.0
161.0
9.0
1.0
1.0
1.0
1.0
45.0
6.0
1.0
1.0
37.0
6.0
8.0
6.0
3.0
5901.0
14913.0
1500.0
3.0
1.0
1.0
509.0
391.0
9.0
860.0
1.0
172.0
1.0
2.0
1.0
32.0
1.0
3.0
22.0
21.0
1.0
3893.0
9.0
1.0
1.0
667.0
1.0
1.0
3.0
1398.0
17.0
3.0
362.0
128.0
2.0
32.0
1.0
142.0
210.0
90.0
3.0
198.0
19.0
1.0
3.0
9.0
3.0
962.0
1.0
3.0
1.0
1.0
35.0
9.0
7.0
1.0
1305.0
4.0
48.0
1.0
1.0
3.0
87.0
9.0
3.0
5.0
10.0
1.0
2.0
4.0
336.0
1.0
23.0
611.0
2.0
65.0
1.0
78.0
2.0
187.0
1.0
2.0
539.0
4.0
1.0
5.0
1.0
1.0
1.0
1.0
1130.0
2.0
697.0
1.0
9.0
24.0
6.0
1.0
75.0
13.0
4.0
103.0
1.0
316.0
3.0
8.0
1.0
2.0
3.0
34.0
6.0
2803.0
1.0
23.0
5.0
1.0
3.0
6.0
3.0
1.0
374.0
1.0
2.0
38.0
1.0
1736.0
12.0
3.0
1.0
15.0
187.0
2.0
33.0
36.0
24.0
48.0
92.0
3.0
15.0
2.0
8.0
1.0
1.0
6.0
1.0
2.0
2.0
3.0
44.0
2.0
1.0
1.0
3.0
1.0
554.0
3.0
1.0
535.0
6.0
174.0
4.0
4.0
3.0
98.0
1.0
1.0
1.0
867.0
2.0
3.0
1.0
4.0
1.0
61.0
3.0
2.0
2.0
1.0
1.0
1.0
87.0
7.0
2.0
704.0
1.0
2.0
1.0
1.0
17.0
107.0
65.0
6.0
3.0
3.0
1.0
1.0
2.0
31.0
11.0
4803.0
56.0
57.0
2745.0
1.0
350.0
4444.0
3.0
1.0
3.0
3.0
645.0
92.0
4.0
3144.0
2.0
2.0
1958.0
1.0
102.0
1.0
2.0
35.0
1.0
386.0
16.0
1.0
1.0
1.0
176.0
40.0
88404.0
91.0
779.0
1.0
95.0
8.0
1.0
1.0
1.0
1.0
19.0
1.0
65.0
848.0
1.0
1.0
15.0
1.0
1237.0
9.0
1.0
1.0
1985.0
3.0
8.0
69285.0
5063.0
290.0
241.0
22.0
100.0
2.0
6.0
6.0
5.0
1.0
30.0
193.0
694.0
717.0
1.0
4.0
24.0
591.0
4.0
1.0
1.0
3.0
685.0
10.0
1.0
2.0
17.0
364.0
1.0
2.0
9.0
9.0
3.0
446.0
2.0
1.0
2.0
26.0
8.0
7.0
916.0
12.0
4.0
65.0
1.0
1018.0
4.0
13.0
5.0
1.0
1.0
7.0
4.0
11.0
1.0
323.0
4.0
73.0
115.0
1.0
2440.0
53.0
17.0
1.0
24.0
13.0
2.0
3.0
15.0
69.0
1.0
8.0
2.0
1.0
2.0
1.0
3.0
1.0
1.0
1183.0
186.0
74.0
7.0
2.0
1.0
1.0
1.0
447.0
25.0
3.0
1.0
1.0
4.0
40.0
1.0
4.0
10.0
4.0
3.0
5.0
7.0
1.0
22.0
2.0
1987.0
4.0
1.0
1.0
43.0
1.0
1610.0
1.0
1.0
10.0
49.0
7.0
97.0
1.0
3.0
5.0
1517.0
1.0
1.0
8.0
2.0
73.0
962.0
3198.0
245.0
74.0
3.0
1.0
1.0
17.0
18.0
17.0
1.0
3.0
24.0
730.0
74.0
1.0
16.0
3.0
3.0
3.0
3.0
4.0
1.0
196.0
13.0
9.0
7.0
2.0
152.0
1.0
1.0
1.0
110.0
501.0
29.0
3.0
3.0
25.0
3.0
1.0
1.0
2.0
2.0
1.0
1.0
2.0
1.0
3.0
3.0
1.0
19.0
1.0
3.0
2.0
2.0
4.0
1.0
378.0
1.0
114.0
2.0
2.0
2.0
1.0
40.0
4.0
12.0
72.0
4.0
55.0
2890.0
3.0
338.0
20.0
1039.0
47.0
1.0
1.0
2.0
296.0
9.0
1.0
12.0
4.0
7.0
193.0
1.0
15.0
1.0
13.0
3.0
13.0
516.0
6.0
2.0
3.0
7.0
7.0
2.0
3.0
17.0
35.0
10.0
1.0
14.0
797.0
785.0
2.0
2.0
1.0
3.0
2.0
2.0
1225.0
1.0
1.0
2.0
6.0
1.0
44.0
2.0
555.0
22.0
4.0
1.0
3.0
1.0
3.0
1.0
1.0
19.0
20.0
1.0
7.0
3.0
374.0
5.0
36.0
2.0
3.0
1.0
10.0
3353.0
3.0
6.0
1.0
3.0
7.0
40.0
3.0
1.0
6.0
4.0
2.0
1.0
2.0
10.0
1.0
1.0
37.0
1.0
1.0
4.0
60.0
1.0
75.0
10.0
2.0
3.0
14.0
1.0
4.0
3.0
49.0
56.0
3.0
1.0
1.0
1.0
3.0
2.0
776.0
224.0
1.0
9.0
4.0
2.0
1.0
116.0
7.0
10138.0
79.0
9.0
1.0
16.0
4.0
2.0
6.0
11.0
3.0
9.0
3.0
84.0
8.0
352.0
119.0
910.0
2.0
2.0
3.0
19.0
4.0
42.0
1.0
9.0
1.0
1.0
1.0
1.0
216.0
9.0
4.0
158.0
2238.0
1.0
24.0
1.0
2.0
3.0
2.0
448.0
2.0
12.0
8.0
2.0
37.0
1.0
313.0
3.0
367.0
2.0
3.0
2.0
1.0
3.0
3.0
1.0
11.0
56.0
2.0
1.0
8.0
53.0
6.0
5.0
16.0
1051.0
6212.0
303.0
2.0
9.0
1250.0
102.0
1.0
977.0
4110.0
102.0
16.0
1.0
1.0
3.0
747.0
1.0
1.0
1610.0
1.0
19.0
3.0
3.0
2.0
1.0
2055.0
3.0
8.0
3.0
8.0
324.0
2.0
24.0
3.0
20.0
27.0
1.0
3.0
46.0
47.0
2.0
1.0
7.0
7.0
107.0
2.0
1726.0
4.0
2.0
8.0
9.0
17.0
8.0
4.0
1.0
1.0
1329.0
20.0
1.0
914.0
1908.0
3.0
51.0
2.0
1.0
3.0
41.0
7.0
2.0
2.0
21.0
28.0
306.0
3.0
1.0
1.0
1.0
3.0
2.0
171.0
1.0
54.0
370.0
3.0
2809.0
26.0
1880.0
1.0
397.0
1.0
8.0
3.0
14.0
5.0
385.0
140.0
3.0
1.0
5.0
3.0
5.0
36.0
123.0
240.0
1.0
5.0
6.0
5.0
105.0
1.0
2.0
2.0
696.0
913.0
2598.0
1.0
104.0
41.0
611.0
2.0
35.0
1.0
3.0
1.0
3.0
19.0
201.0
337.0
1917.0
1.0
51.0
2.0
1.0
4.0
1.0
2.0
1.0
4.0
119.0
1.0
1.0
2.0
1.0
165.0
3.0
11.0
1.0
8681.0
3.0
1.0
1.0
1.0
1027.0
1.0
1.0
2.0
1.0
24.0
8.0
5.0
23.0
30.0
3.0
6.0
28.0
29.0
3403.0
28.0
68.0
3.0
44.0
5044.0
416.0
15.0
12.0
838.0
69.0
1.0
338.0
2.0
69.0
207.0
3.0
4.0
1.0
6.0
44.0
87.0
3.0
1721.0
3.0
202.0
1.0
378.0
29.0
232.0
29.0
5.0
12.0
1.0
3.0
2.0
8.0
2.0
11.0
24.0
7.0
64.0
1.0
1.0
1.0
3.0
11.0
1.0
446.0
4.0
1.0
1.0
14.0
120.0
18.0
1.0
14.0
4.0
1.0
3.0
3.0
2.0
3.0
157.0
22.0
3.0
115.0
2.0
81.0
41.0
68.0
3.0
2406.0
25.0
5.0
7.0
1.0
4.0
1.0
1.0
1.0
1.0
2428.0
3.0
1.0
193.0
1.0
27.0
637.0
13.0
142.0
13.0
2.0
1028.0
32.0
1.0
21.0
2.0
1.0
1.0
91.0
12.0
1.0
1.0
34.0
16528.0
255.0
16.0
3.0
378.0
4.0
2.0
1.0
1.0
596.0
1.0
4.0
1.0
1.0
3.0
14.0
3.0
282.0
1.0
92.0
666.0
2.0
17.0
14.0
9.0
212.0
1.0
55.0
1.0
1.0
5.0
1.0
549.0
1.0
3.0
1.0
5.0
1.0
961.0
23.0
1.0
2.0
1.0
2.0
1.0
1.0
51.0
1.0
2.0
1.0
153.0
3.0
1.0
6.0
43.0
1.0
10.0
3.0
5.0
3.0
1.0
35.0
102.0
2.0
3.0
596.0
1.0
434.0
6.0
1.0
47.0
14.0
34.0
19.0
2.0
3031.0
251.0
128.0
1.0
384.0
1.0
18.0
1018.0
117.0
3.0
4069.0
2.0
1251.0
3.0
221.0
1.0
1.0
106.0
23.0
2.0
3.0
2.0
3.0
126.0
3.0
28.0
5.0
1.0
1.0
1.0
3.0
14.0
1.0
6.0
1.0
2.0
3.0
2.0
5.0
2.0
10.0
6.0
271.0
1720.0
1.0
1201.0
4.0
3.0
4.0
1.0
7695.0
2.0
3.0
1.0
1.0
2.0
865.0
82.0
3.0
192.0
943.0
1.0
2.0
4.0
1.0
1.0
46.0
1.0
19.0
1.0
3.0
1117.0
351.0
3.0
1.0
8.0
3.0
2.0
44.0
28.0
5.0
3.0
22.0
401.0
3.0
19.0
6.0
396.0
5.0
6.0
1650.0
1.0
1.0
1.0
1.0
1.0
6.0
5.0
22.0
2.0
152.0
9688.0
942.0
1.0
9.0
3.0
14.0
5.0
1294.0
12.0
108.0
3.0
3.0
1.0
28.0
1.0
1.0
4.0
1535.0
2.0
1.0
61.0
32.0
2656.0
55.0
11.0
1.0
12.0
10.0
3.0
393.0
3.0
233.0
2.0
720.0
6.0
3.0
8.0
2.0
1.0
3.0
2.0
2.0
3.0
1.0
754.0
9.0
4.0
1.0
9.0
1.0
3.0
1.0
53.0
5.0
8.0
34.0
288.0
1.0
17.0
1.0
10.0
1.0
3.0
104.0
9.0
4.0
15.0
835.0
3.0
28.0
7.0
30.0
227.0
1.0
1.0
1390.0
11.0
833.0
701.0
4.0
2.0
87.0
693.0
398.0
7.0
1.0
3.0
1.0
1.0
1085.0
3.0
7.0
194.0
1.0
1.0
7.0
1.0
1.0
9.0
633.0
4.0
4.0
3.0
14.0
1815.0
65.0
4.0
1.0
12.0
2.0
8.0
4.0
1.0
7.0
1.0
104.0
1.0
2.0
302.0
4.0
1528.0
1.0
34.0
16.0
19.0
10.0
1.0
2.0
1.0
1.0
3.0
3.0
4.0
18.0
228.0
81.0
2.0
1.0
1.0
1.0
1.0
4.0
1.0
7.0
3.0
4.0
1.0
1.0
3.0
3.0
10.0
26.0
5.0
1.0
7.0
1.0
3.0
1.0
948.0
31.0
2588.0
8.0
22.0
13.0
11.0
2.0
3.0
2199.0
73.0
3.0
26.0
1639.0
369.0
43.0
2.0
2.0
45.0
2.0
1.0
614.0
3226.0
5.0
12.0
1.0
880.0
4.0
2.0
14.0
3.0
4.0
5.0
471.0
2.0
817.0
1.0
1945.0
9.0
50.0
1.0
2.0
1.0
278.0
3.0
1.0
1.0
1432.0
57.0
19.0
38.0
162.0
2.0
1.0
5.0
2.0
1.0
3.0
96.0
1169.0
18.0
2.0
689.0
2.0
1.0
1.0
25.0
5.0
559.0
73.0
1.0
3.0
2.0
24.0
19.0
3.0
204.0
448.0
2.0
24.0
1.0
3893.0
1.0
5.0
23.0
2.0
1.0
207.0
34.0
1.0
1.0
4.0
1.0
3.0
3.0
11.0
1.0
1.0
60.0
14.0
3.0
72.0
1.0
977.0
24.0
100.0
20.0
3.0
1.0
56.0
3.0
3.0
9.0
1.0
1.0
40.0
259.0
1.0
1.0
1.0
1.0
21.0
2.0
3.0
1.0
12.0
28.0
1.0
1.0
2.0
24.0
1.0
4.0
11.0
1.0
3.0
62.0
19.0
9.0
1.0
979.0
1.0
1.0
1.0
288.0
3.0
3.0
16.0
2.0
4.0
137.0
16.0
3.0
1.0
351.0
1.0
1.0
1.0
30.0
10.0
23.0
1.0
1.0
2.0
3.0
2.0
3.0
1.0
1.0
2.0
26.0
34.0
2.0
1524.0
1.0
12.0
2391.0
524.0
12230.0
472.0
1.0
4.0
162.0
1.0
1.0
2.0
3.0
3.0
14.0
3.0
2.0
4.0
108.0
1.0
85.0
184956.0
1.0
148.0
1.0
3.0
1.0
2.0
1.0
164.0
1244.0
2.0
2.0
3.0
1.0
3.0
2.0
651.0
1.0
8893.0
9.0
1.0
3.0
1.0
48.0
580.0
3.0
1.0
66.0
1.0
1.0
56.0
1.0
634.0
3.0
4.0
2.0
773.0
2.0
1.0
30.0
136.0
113.0
4746.0
65.0
101.0
243.0
1.0
8.0
948.0
1.0
1.0
1.0
2.0
2.0
3.0
6.0
2.0
596.0
1.0
3.0
62.0
1.0
17.0
2.0
12.0
33.0
5.0
22.0
5.0
2.0
2.0
2.0
4.0
243.0
1.0
152.0
3.0
4.0
1.0
1.0
1.0
28.0
2156.0
82.0
123.0
1.0
40.0
3.0
2.0
1.0
2.0
253.0
4.0
3.0
488.0
3.0
212.0
2.0
2.0
7.0
566.0
19.0
1204.0
31.0
1654.0
14.0
1.0
210.0
13245.0
7.0
9.0
3.0
3.0
2.0
16.0
1.0
1.0
5.0
1.0
2.0
5.0
20.0
21.0
3.0
1.0
1.0
1.0
1.0
83.0
7.0
164.0
50.0
1.0
21.0
1.0
3.0
3.0
3.0
1.0
3.0
4.0
4.0
3.0
1.0
9.0
1.0
2.0
44.0
31.0
1.0
351.0
1.0
6.0
1.0
1.0
2.0
3.0
2.0
3.0
3.0
55.0
3.0
3.0
45.0
3.0
863.0
1.0
1.0
38.0
1.0
7.0
3.0
1.0
245.0
3.0
1.0
85.0
5.0
1.0
6.0
158.0
1.0
3.0
1.0
8.0
19.0
16.0
7.0
3.0
19.0
235.0
6.0
3.0
1.0
23.0
2.0
351.0
9.0
1.0
239.0
1.0
3.0
3.0
1042.0
3.0
2.0
24.0
1.0
112.0
1.0
5.0
2.0
7.0
2.0
2.0
24.0
16.0
9.0
421.0
4.0
8.0
3.0
257.0
4.0
47.0
12883.0
1.0
124.0
1.0
5.0
1.0
1.0
46.0
1.0
1.0
11.0
9.0
5.0
3.0
55.0
918.0
3.0
2.0
2.0
16.0
1.0
3.0
52.0
295.0
2.0
1.0
2.0
1.0
3.0
1.0
678.0
421.0
13.0
3.0
1515.0
12.0
2.0
562.0
3.0
42.0
5.0
1106.0
4.0
16.0
3.0
69.0
3.0
24.0
1.0
2505.0
2.0
1.0
779.0
22.0
132.0
1.0
8.0
3.0
344.0
6.0
3.0
30.0
17.0
9.0
341.0
14.0
3.0
67.0
3.0
442.0
3.0
1.0
3.0
10001.0
444.0
2.0
3.0
1.0
9.0
1576.0
3.0
1.0
3.0
1.0
1.0
1.0
1.0
41.0
2.0
95564.0
1.0
3.0
1.0
1.0
1.0
1203.0
3.0
1.0
3.0
2258.0
1.0
2.0
17.0
3.0
2.0
19.0
2892.0
1.0
668.0
3.0
3.0
85.0
12.0
5.0
1.0
6.0
2.0
4.0
4.0
3.0
11.0
4.0
6.0
7.0
2.0
3.0
3.0
1.0
7.0
233.0
1.0
1.0
3.0
2.0
3.0
3.0
207.0
13.0
3.0
9.0
2.0
3.0
3.0
2.0
1.0
1.0
3.0
11.0
1.0
2.0
3.0
4.0
3.0
1.0
1.0
20.0
3.0
96.0
3.0
1102.0
95.0
19.0
2.0
1.0
27.0
55.0
59.0
3.0
1.0
3.0
1.0
1346.0
9.0
9.0
2.0
18.0
20.0
1.0
24.0
43.0
4.0
1.0
1.0
2.0
4.0
1.0
559.0
429.0
2.0
3.0
157.0
653.0
2.0
3.0
2.0
3.0
4.0
3.0
1.0
29.0
3.0
4.0
8.0
1.0
1.0
6.0
3.0
2.0
3.0
1.0
189.0
3.0
10.0
3.0
6.0
2.0
3.0
14.0
3.0
1.0
1.0
2.0
698.0
3.0
3.0
2.0
4.0
4.0
3.0
1.0
382.0
9.0
2.0
1.0
3.0
202.0
3.0
1.0
2.0
2.0
3.0
2.0
3.0
87.0
899.0
1362.0
3.0
5.0
3.0
3.0
3.0
3.0
269.0
5.0
65.0
10.0
1.0
83.0
351.0
2.0
1.0
4.0
1.0
17.0
1.0
1.0
2.0
2.0
3.0
2.0
1911.0
1.0
2.0
1.0
313.0
2.0
296.0
291.0
10.0
3.0
797.0
1.0
1.0
1.0
3.0
1.0
962.0
1.0
4.0
1.0
2.0
5.0
7.0
1.0
18.0
1.0
503.0
1.0
3.0
3.0
2.0
515.0
78.0
1.0
1350.0
10.0
3.0
1.0
11.0
4.0
3.0
1.0
1127.0
3.0
642.0
1.0
4.0
146.0
6.0
3.0
1.0
1.0
4.0
5.0
7221.0
2.0
31.0
45.0
2.0
4.0
1.0
29.0
9.0
134.0
3.0
1.0
1.0
878.0
1.0
4.0
744.0
1.0
19.0
24.0
264.0
1.0
27.0
2.0
1788.0
3.0
1.0
17.0
1354.0
1.0
337.0
3.0
12.0
2.0
1.0
3.0
4.0
2.0
22.0
1.0
2.0
2.0
74.0
3.0
74.0
5.0
6.0
19.0
2.0
1018.0
40.0
7.0
29.0
9.0
1.0
1.0
4.0
22.0
1.0
45.0
1826.0
3.0
3.0
5.0
164.0
417.0
1.0
3.0
11.0
6.0
27.0
3.0
2.0
292.0
1.0
7.0
1.0
1.0
1.0
14615.0
3.0
3.0
94.0
1329.0
2.0
1.0
3.0
6.0
719.0
2.0
5.0
3.0
3.0
1.0
1.0
434.0
3.0
79.0
9.0
3.0
1.0
279.0
2.0
27.0
4.0
3.0
23.0
1.0
1.0
1.0
9.0
5.0
18.0
3.0
1.0
3.0
3.0
7.0
135.0
9.0
1.0
1.0
4.0
3.0
3.0
3.0
10.0
1.0
5145.0
2.0
1.0
1.0
81.0
1.0
4.0
2.0
3.0
82.0
1.0
1.0
112.0
8.0
311.0
3.0
10.0
1.0
9.0
55.0
1.0
5.0
1.0
3.0
5.0
5.0
5.0
3.0
1.0
717.0
5.0
23.0
12.0
2.0
10.0
4.0
33.0
219.0
282.0
8.0
24.0
1.0
262.0
44.0
302.0
46.0
2558.0
2.0
177.0
826.0
2.0
7.0
3.0
6.0
3.0
279.0
8.0
1.0
1.0
38.0
35.0
1.0
15.0
29.0
66.0
19.0
1.0
14.0
3.0
125.0
1386.0
31.0
8.0
2.0
21.0
19.0
1185.0
50.0
15.0
3.0
1.0
9.0
3333.0
1.0
3.0
3.0
232.0
2.0
271.0
145.0
378.0
200.0
3.0
21.0
90.0
2.0
4.0
421.0
386.0
1.0
44.0
2.0
5.0
2.0
58.0
12.0
1.0
1.0
18.0
3.0
1.0
1002.0
1.0
1.0
33.0
14.0
35.0
4612.0
17.0
3.0
354.0
113.0
2.0
748.0
1.0
9.0
6598.0
382.0
44.0
2.0
21.0
407.0
165.0
3.0
40.0
127.0
3.0
2.0
1.0
3.0
164.0
4.0
64.0
1.0
1.0
40.0
1.0
22.0
177.0
109.0
775.0
3.0
56.0
1.0
7.0
1.0
1.0
3.0
3.0
327.0
2.0
1.0
3.0
2.0
115.0
1.0
1.0
1.0
1.0
3.0
2.0
1285.0
1.0
2.0
20.0
26.0
27.0
101.0
1.0
2132.0
4.0
2.0
117.0
1.0
39.0
9.0
3.0
2.0
1.0
1.0
19.0
1.0
3.0
1142.0
1751.0
5.0
3.0
22.0
66.0
12.0
1018.0
1.0
120.0
2.0
11.0
1.0
6.0
7.0
238.0
58.0
3.0
1.0
60.0
1.0
69.0
3.0
1.0
4.0
1.0
1.0
8.0
24.0
2561.0
96.0
1.0
1.0
5.0
66.0
1.0
2.0
575.0
1.0
2.0
10.0
826.0
11.0
60.0
152.0
1.0
1.0
240.0
2.0
27.0
1.0
1.0
1.0
3.0
40.0
12.0
2.0
2.0
2.0
3.0
11.0
2.0
15.0
17.0
18907.0
20.0
22.0
3.0
1.0
1.0
2.0
3.0
1.0
7.0
1858.0
72.0
3.0
3.0
38.0
6.0
1.0
23.0
125.0
27.0
4.0
45.0
27.0
3.0
596.0
4.0
34.0
3.0
3.0
3.0
3.0
1.0
3.0
9.0
89.0
3.0
1.0
42.0
45.0
2.0
3.0
1.0
168.0
2.0
3.0
1265.0
3.0
1.0
6.0
1.0
2250.0
14.0
2.0
953.0
1536.0
19.0
19.0
3.0
4.0
10.0
7.0
63.0
62.0
2.0
1.0
1.0
87.0
20.0
1.0
1.0
2.0
27.0
3.0
2.0
1.0
3.0
1.0
3.0
18.0
3.0
4.0
3.0
1.0
1.0
1.0
5.0
89.0
7.0
3.0
4.0
4.0
3.0
3.0
7.0
3.0
50.0
17.0
3.0
270.0
3.0
3.0
1.0
52.0
174.0
1.0
3.0
1.0
1.0
28.0
1.0
20.0
2.0
6.0
107.0
313.0
1.0
27.0
1.0
1.0
1.0
3.0
425.0
252.0
1.0
1018.0
1.0
9.0
7.0
28.0
3.0
4.0
1.0
77.0
3.0
3.0
33.0
2109.0
1.0
5.0
3.0
99.0
1723.0
1.0
337.0
282.0
8.0
231.0
4.0
377.0
2.0
1.0
3.0
2.0
25.0
1.0
1.0
66.0
1008.0
2.0
3.0
1.0
2.0
503.0
1.0
3.0
1.0
3.0
3.0
7.0
3.0
16.0
1.0
4.0
2.0
23.0
1.0
37.0
149.0
3.0
725.0
24.0
21327.0
10.0
9.0
3.0
18.0
1.0
3.0
143.0
2.0
3.0
1.0
1.0
2.0
1.0
2.0
60.0
3893.0
196.0
1.0
1.0
57.0
5.0
3.0
3.0
3.0
4.0
3.0
26.0
3.0
1.0
3.0
4019.0
798.0
48.0
23.0
3.0
67.0
1.0
4.0
40.0
1.0
361.0
42.0
44.0
1.0
104.0
3.0
6.0
67.0
6.0
1.0
961.0
2.0
7.0
4.0
4.0
1.0
1.0
6.0
1006.0
4.0
175.0
274.0
925.0
700.0
2.0
1.0
3.0
1634.0
16.0
2464.0
9.0
5.0
3.0
2.0
1.0
2.0
1.0
7.0
5.0
6.0
74.0
8.0
51.0
4.0
1.0
2.0
1.0
1062.0
2.0
1.0
925.0
1.0
67.0
4.0
3.0
1.0
1020.0
4.0
3.0
1952.0
27.0
3.0
42.0
24.0
3.0
6.0
15.0
254.0
1.0
3.0
14.0
3.0
15.0
6.0
9.0
1.0
1.0
1.0
4.0
13139.0
3.0
13.0
634.0
2476.0
2.0
73.0
22.0
1.0
1.0
71.0
279.0
1.0
28.0
930.0
336.0
5.0
3.0
2.0
1.0
4.0
1.0
1.0
3.0
1.0
200.0
14.0
3.0
3.0
9.0
2.0
52.0
1.0
45.0
3.0
11.0
2514.0
474.0
1.0
13.0
3.0
14.0
11.0
2.0
1.0
4.0
3.0
3.0
39.0
3.0
1.0
2.0
12.0
82.0
205.0
2.0
292.0
4.0
3.0
1.0
87.0
3.0
4.0
1.0
5.0
5.0
9.0
1.0
1927.0
14.0
2.0
10.0
9.0
65.0
5.0
495.0
29.0
4.0
1.0
995.0
172.0
27.0
396.0
1.0
1.0
1.0
4.0
1.0
3.0
8.0
1.0
1320.0
173.0
1.0
5.0
683.0
86.0
13.0
4.0
3.0
9.0
4.0
2.0
405.0
1.0
1255.0
1.0
3.0
3.0
8.0
3.0
18.0
4732.0
13.0
4.0
6.0
333.0
1.0
4.0
1.0
6.0
3.0
3.0
117.0
4.0
9.0
3.0
1.0
2.0
800.0
3.0
1.0
3.0
381.0
3.0
1.0
2.0
3.0
1.0
24.0
388.0
10.0
1.0
3.0
1.0
23.0
16.0
1.0
7.0
359.0
3.0
1.0
9.0
3.0
2.0
3.0
1.0
369.0
1.0
2.0
2278.0
8.0
74.0
1.0
1.0
4.0
7.0
8.0
71.0
2.0
1.0
1.0
3.0
282.0
69.0
25.0
160.0
2.0
1774.0
64.0
1.0
2.0
137.0
31.0
3.0
1.0
67.0
8.0
1474.0
304.0
4.0
1.0
1.0
1042.0
4.0
1.0
3.0
14.0
52.0
1.0
1.0
3.0
16.0
932.0
2.0
1.0
36.0
3.0
925.0
351.0
11.0
1.0
292.0
26.0
7.0
3.0
8.0
2.0
7.0
1.0
2.0
596.0
2.0
977.0
2.0
957.0
37.0
467.0
2.0
1.0
12102.0
6.0
4.0
30.0
1.0
712.0
45.0
3.0
37.0
292.0
7058.0
94.0
1.0
295.0
58.0
1.0
285.0
262.0
3.0
3.0
18.0
1.0
243.0
1.0
3.0
1.0
18.0
2.0
7.0
69.0
15.0
1.0
17.0
1.0
472.0
1419.0
2.0
9.0
82.0
1.0
74.0
5.0
292.0
18.0
1225.0
13.0
1.0
112.0
1.0
5.0
44.0
1.0
1.0
99.0
3.0
101.0
9426.0
62.0
239.0
1.0
3.0
156.0
7.0
24.0
6.0
23.0
48.0
4.0
3.0
11.0
46.0
65.0
2.0
977.0
1.0
2.0
3.0
10.0
4.0
2.0
12.0
57.0
569.0
21.0
6.0
1.0
146.0
1.0
5.0
1.0
1.0
14.0
4.0
5.0
1.0
1.0
219.0
3.0
1472.0
143.0
24.0
1.0
5.0
4.0
1.0
2.0
3.0
3.0
1.0
1.0
2.0
7.0
24.0
4.0
1.0
1.0
3.0
1.0
1.0
1.0
19.0
3.0
1.0
1.0
4.0
5.0
19.0
1.0
22.0
272.0
3.0
6.0
9.0
5.0
19.0
1.0
1.0
197.0
10.0
288.0
4.0
1229.0
3.0
1.0
1.0
1.0
1.0
31.0
3.0
22.0
117.0
1.0
2.0
1.0
3.0
6.0
49.0
3.0
2.0
1.0
2.0
1.0
3.0
9.0
1.0
656.0
8.0
3.0
2.0
3.0
4.0
7.0
2475.0
2.0
3.0
1.0
24.0
5.0
3.0
2.0
6.0
120.0
233.0
3.0
2.0
3.0
26.0
2.0
9.0
278.0
726.0
1819.0
14.0
3.0
4.0
3.0
12.0
2.0
3.0
13212.0
2.0
918.0
4.0
3.0
11.0
528.0
1.0
1300.0
4.0
1.0
3.0
1.0
3.0
1.0
3.0
8.0
3.0
5.0
4.0
1.0
50.0
1.0
3.0
3.0
3.0
1.0
15.0
92.0
76.0
78.0
106.0
2.0
2.0
6.0
835.0
15.0
45.0
2.0
6.0
7.0
1.0
1.0
1.0
82.0
4.0
9.0
176.0
48.0
173.0
1.0
8.0
11.0
3.0
3.0
7.0
613.0
3.0
1.0
4.0
1.0
4.0
102.0
1.0
2318.0
2.0
1.0
3.0
3.0
1.0
7.0
3.0
2.0
8.0
30.0
3.0
8.0
3.0
1.0
3.0
2.0
445.0
2.0
11.0
79.0
6.0
3.0
2.0
3.0
4.0
2.0
3.0
2.0
630.0
24.0
5.0
1.0
385.0
24.0
3.0
2.0
40.0
2.0
13.0
18.0
102.0
6.0
3.0
12.0
3.0
1.0
4.0
3.0
1.0
2.0
706.0
3.0
1.0
1.0
3.0
2.0
21.0
4.0
10.0
408.0
15.0
4.0
596.0
3.0
1.0
8.0
438.0
10.0
2.0
2.0
7.0
55.0
120.0
2.0
1.0
7.0
5.0
124.0
1.0
102.0
3.0
3.0
21.0
1.0
2.0
2.0
10.0
2.0
2.0
6.0
4.0
22.0
3.0
24.0
123.0
1.0
5.0
21.0
1.0
1.0
1.0
1.0
33.0
2.0
8.0
75.0
21.0
2.0
1.0
33.0
3.0
81.0
8.0
1.0
1.0
2.0
574.0
2.0
13.0
60.0
98.0
1.0
2.0
3.0
1.0
3.0
1.0
1.0
207.0
1.0
1.0
1048.0
2.0
1.0
2.0
4.0
33.0
1.0
1.0
13.0
659.0
2.0
1114.0
1.0
1.0
1.0
21.0
11.0
2.0
5.0
1.0
311.0
1.0
1.0
5.0
112.0
2.0
2938.0
2.0
10.0
86.0
5.0
15.0
2.0
1.0
14.0
2.0
700.0
12.0
282.0
2.0
60.0
596.0
1.0
8.0
16.0
8.0
1.0
91.0
1.0
3.0
190.0
3.0
1.0
192.0
4.0
8.0
1.0
2.0
41.0
1.0
391.0
1312.0
1.0
1.0
1.0
6.0
36.0
3.0
3816.0
1.0
1114.0
10.0
2.0
6.0
75.0
3913.0
207.0
11.0
4.0
56147.0
8.0
3.0
51.0
1.0
1.0
2.0
1.0
27.0
3.0
5.0
6.0
1.0
75.0
325.0
3.0
1.0
124.0
1.0
7.0
49.0
1.0
1.0
2.0
1231.0
112.0
29.0
253.0
3.0
126.0
3.0
1.0
16.0
281.0
24.0
9.0
1.0
1.0
1.0
2.0
5.0
16.0
263.0
4.0
9.0
9.0
1.0
1.0
1.0
1305.0
1.0
17.0
961.0
926.0
18.0
1.0
87.0
1.0
7.0
282.0
67.0
4.0
3771.0
1.0
3.0
1.0
3.0
744.0
421.0
7.0
10.0
7.0
645.0
1.0
1.0
1.0
1.0
1.0
9.0
1.0
1.0
1.0
19.0
4.0
1.0
3.0
1.0
2.0
1.0
1.0
14.0
2.0
1.0
3.0
4.0
50.0
97.0
7.0
17.0
1105.0
15.0
1.0
3.0
1.0
35.0
3.0
2.0
14.0
3.0
3.0
2.0
1.0
2.0
164.0
29.0
2.0
1.0
170.0
67.0
1449.0
1.0
126.0
1.0
157.0
1.0
623.0
1.0
48.0
8.0
6.0
3.0
8.0
66.0
5756.0
9.0
12.0
1.0
1.0
8.0
7.0
20.0
39.0
1.0
7.0
628.0
1.0
2.0
19.0
1.0
9.0
19.0
108.0
1.0
3.0
1.0
1.0
6.0
1.0
11.0
2.0
3.0
1.0
28.0
1.0
7908.0
37.0
4.0
45.0
292.0
148.0
634.0
2.0
1.0
17.0
3.0
1.0
3.0
29.0
3.0
171.0
11.0
1007.0
1.0
4.0
3.0
1.0
87.0
1.0
140.0
305.0
3.0
2565.0
24.0
1403.0
2.0
3.0
3.0
262.0
541.0
1.0
193.0
1.0
1.0
3.0
2820.0
1.0
1.0
1.0
1.0
3.0
1563.0
8.0
6.0
13.0
3.0
1.0
284.0
1.0
6.0
74.0
65.0
3.0
3.0
1.0
4.0
29.0
1.0
4.0
4.0
1.0
1.0
3.0
2.0
1.0
4.0
1.0
3.0
1.0
1.0
7.0
3.0
1787.0
104.0
1.0
2.0
2035.0
1.0
1.0
41.0
1.0
8.0
14.0
24.0
1.0
590.0
3.0
211.0
3.0
1.0
565.0
5.0
8.0
1.0
15.0
8.0
1.0
565.0
1.0
5101.0
11.0
19.0
34.0
1109.0
1.0
1.0
1078.0
3.0
1.0
1.0
16.0
3.0
3.0
1.0
1.0
3.0
19.0
1.0
308.0
1.0
4.0
5.0
2.0
2.0
3.0
1.0
715.0
1.0
578.0
41.0
1.0
1.0
26.0
5.0
569.0
3.0
41.0
9.0
1.0
22.0
1.0
1.0
1314.0
62.0
3.0
1.0
1.0
1.0
55.0
1.0
3.0
1.0
3.0
1.0
2.0
1.0
1.0
3.0
5.0
4.0
12.0
2.0
1.0
1.0
2.0
1.0
714.0
7.0
1.0
1.0
5.0
16.0
3.0
1359.0
950.0
1.0
696.0
3.0
1.0
349.0
1.0
1.0
101.0
107.0
1.0
1.0
1.0
66.0
69.0
3.0
69.0
1.0
1.0
8.0
142.0
3.0
2.0
1.0
1018.0
1.0
1.0
65.0
3.0
170.0
489.0
148.0
65.0
1.0
3.0
9.0
1.0
17.0
31.0
2.0
32.0
3.0
15.0
2453.0
1129.0
1.0
1.0
3.0
2.0
335.0
1.0
6.0
793.0
45.0
32.0
6.0
43.0
3.0
3.0
886.0
97.0
1.0
1.0
7.0
2.0
230.0
2.0
2.0
5.0
182.0
1.0
1.0
69.0
2.0
9.0
2.0
11.0
2.0
1.0
3.0
2.0
83.0
699.0
166.0
1.0
1047.0
2.0
16.0
1.0
3.0
1.0
777.0
8.0
286.0
2.0
18.0
35.0
4.0
510.0
5.0
2.0
2.0
2.0
2.0
2.0
252.0
1.0
3.0
681.0
8.0
1135.0
12.0
676.0
9.0
2.0
1.0
3573.0
1.0
248.0
4.0
15.0
12.0
2.0
23.0
31.0
6.0
8.0
1.0
1.0
513.0
1018.0
118.0
4.0
10.0
10.0
73.0
15.0
1.0
257.0
2.0
65.0
2.0
1581.0
65.0
21.0
5.0
14.0
2.0
1.0
3.0
1.0
375.0
3.0
489.0
7.0
2.0
20.0
6.0
1954.0
1.0
4.0
9.0
1.0
2.0
2.0
1.0
3.0
4.0
1.0
4.0
1.0
3.0
4.0
116.0
90.0
476.0
1.0
17.0
130.0
565.0
1.0
2.0
5.0
36.0
1483.0
2.0
1160.0
3.0
31.0
167.0
1.0
86.0
1.0
4.0
148.0
1.0
5.0
10.0
2.0
4.0
3.0
13.0
3.0
4.0
13.0
62.0
16.0
1.0
1.0
165.0
30.0
13.0
1.0
5.0
1.0
1.0
1.0
3.0
1.0
5.0
1.0
8.0
9.0
1.0
445.0
1.0
1.0
4.0
3.0
12.0
1.0
1.0
6.0
1129.0
3.0
23.0
2.0
3.0
10.0
1.0
2.0
372.0
3.0
1809.0
2.0
3.0
5.0
2.0
1.0
3.0
25.0
66.0
4.0
3.0
282.0
120.0
1047.0
182.0
28.0
1.0
2.0
1.0
4.0
24.0
3.0
99.0
2.0
2.0
17.0
2.0
8.0
1.0
1.0
1.0
2.0
596.0
3.0
1.0
589.0
1.0
90.0
3.0
4.0
2.0
1.0
2.0
3.0
3.0
199.0
16.0
3.0
3.0
1.0
104.0
1.0
3.0
1.0
3.0
4.0
4.0
2.0
21.0
1.0
1.0
612.0
2.0
132.0
441.0
5.0
10.0
2.0
438.0
3.0
4.0
75.0
9.0
3.0
3.0
3.0
47.0
13.0
3000.0
1.0
3.0
23.0
981.0
655.0
1.0
6.0
1.0
2.0
74.0
1.0
2.0
1.0
1638.0
2.0
9.0
6.0
7.0
1.0
3.0
1222.0
1.0
9.0
79.0
201.0
1027.0
3.0
1.0
10.0
2.0
37.0
1.0
3.0
3.0
3.0
11.0
32.0
479.0
1.0
1.0
2.0
2.0
1.0
104.0
1.0
16.0
5.0
3.0
4322.0
57.0
12.0
1.0
2.0
3.0
2.0
3.0
250.0
381.0
29.0
1.0
1.0
735.0
10.0
24.0
1219.0
3.0
1660.0
351.0
3.0
2.0
1.0
1.0
6.0
346.0
1.0
15.0
23.0
1.0
17.0
24.0
14284.0
1.0
3.0
2.0
2.0
120.0
54.0
4.0
6.0
1432.0
3.0
1.0
3.0
3.0
60.0
14955.0
24.0
14354.0
792.0
421.0
1.0
5.0
17.0
1.0
4.0
1.0
3.0
921.0
359.0
1.0
2.0
2.0
1.0
2.0
20.0
53.0
2.0
1.0
1.0
20.0
17.0
3.0
1.0
2.0
93.0
2.0
1.0
1.0
6.0
4.0
1.0
38.0
70556.0
28.0
509.0
39.0
1.0
764.0
6.0
1.0
2.0
1.0
132.0
1.0
1.0
1.0
1.0
24.0
4.0
1.0
10.0
192.0
2.0
464.0
5.0
1.0
10.0
3.0
19.0
1.0
3.0
3.0
1482.0
3.0
49.0
288.0
4.0
1.0
1.0
13.0
19.0
2.0
1.0
91.0
7.0
1.0
2.0
2.0
24.0
1.0
1272.0
1.0
5.0
23.0
1.0
1.0
2.0
4.0
2.0
1.0
2.0
1.0
2.0
3.0
3.0
132.0
3.0
23.0
1.0
149.0
1.0
263.0
1.0
1.0
1.0
3.0
268.0
2.0
1.0
4.0
12.0
4.0
1.0
1.0
1.0
1.0
782.0
1.0
1.0
1.0
5.0
760.0
32.0
3.0
9.0
1.0
9.0
54.0
14.0
2.0
2.0
1.0
8.0
3.0
146.0
3.0
3.0
2.0
1.0
841.0
9.0
2.0
2.0
2.0
33.0
2.0
3.0
4.0
2.0
1.0
4.0
1.0
3.0
1.0
5.0
19.0
3.0
2.0
2.0
11.0
64.0
935.0
3.0
1.0
1.0
84.0
2.0
2.0
3.0
33.0
1.0
2.0
4.0
72.0
3.0
1894.0
2.0
886.0
153.0
3.0
6.0
58.0
238.0
1.0
3.0
9.0
6.0
7.0
1239.0
1.0
1.0
64.0
24.0
100.0
2.0
19.0
2.0
2.0
1.0
1.0
12.0
1.0
1.0
3.0
293.0
23.0
72.0
1.0
13.0
691.0
20.0
1.0
4.0
2.0
529.0
3.0
4.0
108.0
1.0
2.0
3.0
1.0
8506.0
1172.0
15.0
1.0
1.0
3.0
1823.0
1.0
1.0
5.0
2.0
2.0
10.0
5.0
1.0
6.0
1.0
3.0
1.0
3.0
21.0
4.0
16.0
87.0
1520.0
1.0
2.0
7.0
17.0
25.0
102.0
33.0
19.0
1.0
1.0
158.0
35.0
2.0
30.0
4.0
1.0
25.0
11.0
1.0
6.0
8.0
1.0
11.0
134.0
54.0
15.0
4.0
650.0
1.0
21.0
282.0
1.0
1.0
134.0
118.0
8696.0
1.0
3.0
696.0
7.0
9.0
3.0
2.0
3.0
63.0
2.0
6.0
142.0
3.0
1.0
5.0
3.0
8.0
9.0
2.0
74.0
13.0
435.0
2.0
1.0
26.0
1.0
1.0
1.0
3.0
5.0
1624.0
1.0
24.0
21.0
3.0
389.0
1.0
1486.0
7.0
3.0
24.0
1.0
1.0
5.0
17.0
12.0
7.0
283.0
11.0
3.0
2.0
1.0
1.0
1.0
1.0
3.0
1.0
156.0
1.0
9.0
3.0
1.0
1.0
3.0
1208.0
2.0
2.0
1.0
1.0
8.0
1.0
3.0
1.0
3.0
6.0
529.0
2.0
3.0
2.0
1.0
4.0
106.0
1.0
1.0
43.0
12.0
4676.0
1.0
339.0
4.0
1552.0
1227.0
3.0
2.0
1.0
11.0
288.0
55.0
9.0
1.0
5.0
104.0
7.0
454.0
1.0
4.0
2.0
18.0
556.0
157.0
8.0
3.0
1.0
1.0
1.0
3.0
1.0
1.0
1.0
1.0
3.0
1.0
3.0
3.0
234.0
1.0
15.0
48.0
259.0
5.0
1.0
1.0
2.0
4.0
19.0
33.0
3.0
1.0
1.0
3.0
5.0
1003.0
2.0
3.0
10.0
1018.0
11.0
21.0
1.0
2.0
65.0
1.0
1.0
17.0
3.0
21.0
11.0
154.0
4.0
2.0
1.0
12871.0
2.0
4.0
112.0
2.0
1.0
1.0
1.0
3.0
33.0
6.0
1.0
3.0
38.0
15.0
1.0
634.0
27.0
19.0
12.0
76.0
1.0
1.0
863.0
1779.0
1.0
3.0
9.0
1.0
3.0
1.0
1.0
1.0
1.0
4.0
1.0
1648.0
3.0
2.0
1.0
71.0
79.0
3.0
44.0
1.0
3476.0
19.0
8.0
3.0
15.0
4.0
2.0
3.0
1.0
3.0
3.0
1883.0
1.0
4.0
13922.0
9.0
2.0
1.0
3.0
3.0
2.0
1.0
1.0
2107.0
3.0
1.0
1.0
1.0
1.0
6.0
1096.0
2.0
1.0
1.0
11806.0
84.0
1.0
1.0
56.0
2.0
2.0
4.0
3.0
8.0
7.0
1.0
19.0
1.0
670.0
1.0
3.0
10.0
2.0
840.0
2.0
2.0
15.0
1.0
1.0
2.0
3.0
3.0
199.0
1.0
1.0
1.0
35.0
13.0
172.0
18.0
3.0
2.0
2229.0
1.0
12.0
27.0
89.0
1.0
2.0
2843.0
7.0
4.0
1.0
11.0
27.0
1.0
9.0
1.0
3.0
2.0
3.0
67.0
24.0
4235.0
20.0
3.0
20.0
1308.0
24.0
668.0
1.0
30.0
1.0
3.0
1.0
3.0
1.0
1.0
2.0
1.0
20.0
4.0
2.0
596.0
1.0
1427.0
3.0
115.0
110.0
12.0
4.0
5.0
1.0
74.0
1.0
47.0
24.0
3.0
1718.0
1.0
3.0
2.0
11.0
2.0
2.0
5.0
1.0
1.0
2.0
1.0
1.0
3.0
3.0
2.0
57.0
48.0
5.0
1.0
3.0
3.0
4.0
1.0
697.0
1.0
2.0
2.0
1.0
6.0
7.0
12.0
2746.0
7.0
1.0
51.0
3.0
8.0
1.0
12.0
1069.0
1.0
172.0
4.0
40.0
1.0
2.0
205.0
9.0
3.0
31.0
3.0
3.0
3.0
3.0
1.0
3.0
38.0
1.0
1.0
12.0
1.0
3.0
24.0
17.0
1.0
1.0
3.0
256.0
9.0
511.0
3.0
35.0
2.0
3.0
207.0
19.0
3.0
2.0
1.0
3.0
1.0
4.0
1571.0
3.0
1018.0
3.0
17.0
1.0
1008.0
3.0
1.0
1.0
27.0
11.0
2.0
2.0
11.0
308.0
4.0
33.0
3.0
1.0
1755.0
30.0
1.0
1.0
36.0
4.0
1.0
3.0
1.0
2.0
36.0
1.0
70.0
28.0
3.0
3.0
2.0
3.0
3.0
9.0
1.0
88.0
2.0
1575.0
505.0
68.0
13.0
8.0
3.0
11.0
4.0
31.0
1080.0
3.0
1.0
1.0
150.0
3.0
873.0
3.0
1.0
3.0
1.0
24.0
34.0
4.0
3.0
7.0
19.0
29.0
1.0
19.0
3.0
618.0
1.0
6.0
7.0
36.0
6.0
1.0
11.0
2.0
12.0
4.0
24.0
1.0
120.0
1.0
1.0
2.0
3412.0
2.0
3.0
2.0
4.0
3.0
163.0
1.0
60.0
3.0
8.0
3.0
2.0
261.0
13.0
3.0
4.0
157.0
4.0
1.0
3.0
3.0
4.0
69.0
3.0
3.0
999.0
2.0
1.0
1118.0
1.0
3.0
2213.0
1.0
18.0
138.0
2.0
157.0
2.0
9.0
1.0
1.0
1.0
1.0
3.0
45.0
1225.0
358.0
2.0
3.0
1.0
2160.0
1.0
8.0
1497.0
3.0
42.0
4.0
4.0
286.0
1.0
68.0
14.0
1.0
24.0
4.0
1.0
13837.0
9.0
116.0
5.0
13.0
1.0
17.0
1018.0
5.0
278.0
2.0
880.0
1.0
410.0
1.0
101.0
25.0
2.0
2.0
18.0
351.0
2.0
1239.0
1.0
3.0
6.0
407.0
1.0
2.0
2.0
3.0
4.0
351.0
2.0
31.0
1.0
1.0
416.0
84.0
7.0
1.0
3.0
3.0
2.0
1.0
27.0
1.0
109.0
209.0
5.0
1.0
235.0
65.0
2.0
4.0
1.0
18.0
105.0
37.0
3.0
25.0
1.0
20.0
3.0
1.0
235.0
3.0
50.0
1.0
6.0
2.0
2.0
19.0
21.0
3.0
1.0
65.0
11.0
402.0
3997.0
1.0
2.0
1.0
25.0
18.0
1.0
1.0
2.0
3.0
705.0
2.0
1.0
3.0
338.0
2.0
9.0
2.0
2.0
7.0
2.0
1.0
1.0
1.0
24.0
73.0
3.0
3.0
2.0
44.0
2.0
3.0
2.0
2.0
8.0
3.0
11.0
1.0
5.0
7.0
1.0
4.0
5.0
2.0
19.0
4.0
6.0
1.0
344.0
3.0
3.0
29.0
3.0
697.0
1.0
9.0
1686.0
192.0
8.0
4.0
1.0
17.0
1.0
1.0
8.0
3.0
330.0
3.0
1.0
3.0
9.0
1.0
3.0
1.0
11.0
3.0
3.0
9.0
3.0
1.0
55.0
11.0
2.0
2.0
12.0
4.0
1.0
1.0
351.0
248.0
1308.0
1.0
2.0
12.0
1.0
1.0
1.0
38.0
1759.0
1.0
7.0
3.0
1.0
1.0
5.0
1.0
3.0
1.0
2.0
351.0
1.0
4.0
1.0
101.0
177.0
19.0
1.0
4.0
3.0
8.0
2.0
19.0
117.0
1.0
254.0
17.0
3.0
1.0
5.0
1.0
20.0
80.0
3.0
9.0
8.0
24.0
117.0
21.0
2.0
7415.0
19.0
1.0
9.0
16.0
1.0
1.0
788.0
1.0
2.0
78.0
14.0
10.0
1.0
1.0
1078.0
152.0
2.0
1.0
1.0
15.0
262.0
113.0
7.0
2.0
1.0
1.0
1.0
77.0
2.0
3.0
12.0
2.0
638.0
3.0
9.0
2.0
3.0
3.0
3.0
21.0
486.0
9.0
216.0
3.0
1.0
3.0
3.0
4917.0
1.0
1.0
1.0
1.0
2.0
6.0
1.0
3.0
25.0
3.0
1.0
2.0
3.0
39.0
1.0
2.0
1.0
7.0
3.0
1.0
183.0
3.0
1.0
46.0
9.0
2.0
2.0
1.0
3.0
3.0
11.0
3.0
10.0
4.0
1.0
257.0
9.0
14.0
1.0
19.0
1.0
30.0
362.0
4.0
3.0
5.0
2.0
3.0
2.0
5.0
2.0
33.0
4.0
1.0
3.0
1.0
372.0
3.0
111.0
61.0
3033.0
1.0
3.0
1.0
13.0
1.0
24.0
1.0
314.0
47.0
1.0
2.0
1113.0
73.0
6083.0
8.0
3.0
1.0
52.0
6.0
52.0
1.0
14.0
8.0
4.0
3.0
2.0
7.0
1.0
1.0
1.0
397.0
1.0
81.0
1225.0
2.0
60.0
3.0
10.0
123.0
1.0
3.0
152.0
8.0
2.0
1.0
1.0
2.0
3.0
3.0
115.0
1.0
2.0
1.0
635.0
30.0
285.0
1.0
1.0
5.0
2.0
1888.0
1.0
4.0
60.0
9.0
4.0
40.0
3.0
183.0
3.0
1.0
1.0
3.0
48.0
32.0
8.0
2.0
1.0
1234.0
28.0
4.0
3.0
43.0
2.0
7.0
20.0
16.0
1.0
1.0
44.0
77.0
312.0
4.0
5.0
29.0
1.0
1.0
41.0
3.0
3.0
249.0
3.0
6.0
3.0
129.0
13922.0
3.0
4.0
2.0
46.0
2.0
1.0
463.0
4.0
1.0
50.0
1.0
1.0
1.0
22.0
2.0
1.0
1.0
27.0
412.0
4.0
42.0
1.0
62.0
1.0
2.0
3.0
59575.0
2.0
101.0
2.0
61.0
3.0
1.0
5.0
6.0
3.0
10.0
373.0
41.0
3.0
2.0
3.0
4.0
614.0
21.0
2.0
6.0
1.0
1.0
31.0
1.0
17.0
1.0
1.0
1.0
53.0
7.0
9.0
16.0
1.0
4.0
1.0
381.0
3.0
265.0
3.0
89.0
3.0
368.0
2058.0
30.0
4.0
2.0
22.0
1.0
175.0
6.0
1.0
90.0
236.0
30.0
2.0
2.0
608.0
8.0
186.0
87.0
1.0
3.0
1.0
1.0
1.0
6.0
1.0
5.0
2.0
7878.0
3.0
1481.0
2.0
488.0
3.0
1.0
2511.0
2455.0
18.0
1.0
137.0
2.0
10.0
1.0
3.0
3.0
3.0
1.0
4.0
140.0
1.0
352.0
11.0
545.0
3.0
20.0
2.0
1.0
1.0
1.0
3.0
7.0
1.0
75.0
802.0
3.0
34.0
107.0
3.0
22.0
1.0
1.0
56.0
1.0
3.0
5.0
12.0
3.0
12.0
14.0
1.0
10.0
3.0
1.0
12.0
3.0
19.0
1.0
10.0
122.0
3.0
1.0
74.0
132.0
2.0
1.0
1.0
1.0
1.0
65.0
27.0
7.0
1.0
1.0
6.0
1.0
1.0
5.0
1.0
10.0
3.0
21.0
3.0
372.0
1.0
6.0
1.0
2.0
3646.0
2.0
20.0
2.0
4.0
2.0
1.0
2.0
2.0
46.0
3.0
11.0
3.0
1.0
1.0
1.0
21.0
150.0
2.0
3.0
1.0
3.0
1.0
5.0
15.0
1.0
2.0
3.0
1.0
164.0
19.0
2.0
65.0
6.0
1.0
1.0
167.0
33.0
3.0
2.0
1.0
1.0
12.0
1.0
1018.0
99.0
3.0
10.0
9.0
6.0
1.0
7.0
48.0
1441.0
34.0
6.0
8.0
3.0
1.0
8.0
8.0
1.0
2.0
93.0
195.0
5036.0
44.0
570.0
26.0
105.0
12.0
1.0
1.0
1.0
95.0
1.0
3.0
130.0
3.0
1.0
9.0
19.0
24.0
16.0
1.0
1.0
351.0
2.0
18.0
3.0
16.0
2.0
1.0
18.0
1.0
3.0
703.0
3.0
4739.0
186.0
4.0
3.0
1.0
218.0
3.0
5.0
1.0
25.0
3.0
24.0
1.0
3.0
2.0
262.0
3.0
1.0
3.0
1.0
1098.0
1814.0
1.0
47.0
42.0
9.0
1.0
3.0
1.0
8.0
1.0
2.0
887.0
5.0
1.0
872.0
519.0
5.0
2.0
1.0
18.0
421.0
1.0
4.0
351.0
2.0
1.0
3.0
55.0
2.0
3.0
2.0
4.0
14385.0
63.0
59.0
9.0
129.0
510.0
112.0
69.0
1.0
1530.0
1.0
15.0
2.0
781.0
1.0
10001.0
108.0
1669.0
2094.0
518.0
16.0
1.0
24.0
7.0
7.0
4.0
1.0
3.0
12.0
1.0
190.0
376.0
6.0
2.0
2.0
1.0
1.0
1.0
2.0
970.0
13.0
24.0
2.0
11.0
1.0
15.0
2.0
1.0
6.0
39.0
305.0
19.0
1.0
414.0
16.0
44.0
1093.0
1.0
400.0
1.0
5.0
3773.0
3.0
16.0
5.0
8.0
8.0
1.0
1.0
11.0
2.0
6.0
1.0
4.0
691.0
1.0
8.0
7.0
1.0
1.0
1370.0
17.0
3.0
60.0
1.0
66.0
1.0
4.0
13.0
42.0
47.0
4.0
3.0
4.0
22.0
21.0
19.0
15.0
96.0
488.0
1.0
3.0
1.0
103.0
1.0
3.0
2.0
721.0
6.0
458.0
1.0
258.0
294.0
1.0
3.0
10.0
1.0
3.0
1.0
77.0
1098.0
1709.0
3.0
7.0
1.0
1667.0
1.0
1.0
1.0
1.0
8.0
91.0
1.0
2.0
1.0
10.0
3.0
1.0
2779.0
3.0
1.0
58.0
32.0
2.0
203.0
1.0
4.0
3.0
9.0
3.0
3.0
1.0
32.0
1369.0
9.0
9.0
4.0
3.0
8.0
15.0
8.0
42.0
1460.0
1.0
3.0
2.0
6.0
7.0
3.0
50.0
29.0
1.0
116.0
277.0
3.0
4.0
1.0
1.0
2.0
339.0
1.0
17.0
17.0
1241.0
24.0
1.0
104.0
3.0
11.0
107.0
225.0
1.0
91.0
3.0
22.0
11534.0
4.0
1.0
103.0
683.0
2.0
1.0
2.0
18.0
1.0
3.0
1.0
2.0
3.0
1.0
596.0
13.0
1753.0
3.0
1.0
1.0
21.0
3.0
3.0
15559.0
24.0
3.0
1.0
3.0
252.0
3.0
7.0
3.0
199.0
17.0
3.0
3.0
2.0
616.0
11.0
3.0
2.0
20.0
1.0
1.0
1.0
1.0
235.0
24.0
9.0
5.0
1.0
4.0
6.0
2335.0
3.0
6.0
9.0
1.0
1.0
1.0
2.0
7.0
141.0
6.0
466.0
1.0
2.0
484.0
101.0
246.0
6.0
5.0
3.0
333.0
20.0
2.0
2.0
828.0
27964.0
1.0
58.0
1.0
1.0
1.0
7.0
2.0
5.0
21.0
152.0
1.0
31.0
16.0
1.0
3.0
2.0
18.0
25.0
23.0
2.0
3.0
12.0
3.0
2.0
2.0
6.0
4.0
56.0
1.0
2.0
1.0
66.0
3.0
3820.0
30.0
2.0
1130.0
12.0
1.0
197.0
31.0
1.0
2.0
1.0
3.0
5.0
3.0
4.0
1.0
2.0
1.0
2.0
3.0
43.0
9.0
5.0
17.0
74.0
421.0
2.0
242.0
79.0
1.0
4.0
1.0
3.0
1.0
665.0
425.0
9.0
376.0
282.0
21049.0
29.0
2.0
1074.0
3.0
1.0
12.0
5.0
1.0
1.0
2.0
2.0
1.0
4.0
2.0
85.0
6.0
1.0
1.0
886.0
478.0
1.0
2.0
282.0
1.0
1.0
203.0
89.0
5.0
429.0
1.0
1.0
1.0
2.0
69.0
1.0
5.0
596.0
612.0
3.0
32.0
9.0
31.0
1.0
1.0
5.0
1.0
1.0
26.0
60.0
2.0
180.0
4.0
297.0
5.0
246.0
1.0
4.0
14.0
60.0
1692.0
2.0
1.0
15296.0
277.0
471.0
1.0
2.0
3.0
4.0
1.0
3.0
1.0
76.0
5.0
2.0
1.0
1.0
1.0
1.0
2.0
23.0
2.0
1.0
157.0
28.0
2.0
1.0
4.0
28.0
9.0
637.0
1.0
1.0
4.0
4.0
1.0
4.0
1.0
351.0
5.0
17.0
32.0
1.0
24.0
7.0
1.0
2.0
1.0
3.0
2.0
30.0
3.0
4.0
1.0
3.0
1.0
3.0
1.0
1.0
2137.0
1.0
1.0
3.0
15.0
3.0
7.0
1.0
3.0
32.0
11.0
130.0
14.0
5.0
11.0
6.0
3.0
24.0
1.0
386.0
2.0
12.0
24.0
108.0
69.0
15.0
158.0
797.0
3.0
737.0
2.0
2.0
1.0
3.0
45.0
57.0
1.0
12.0
3.0
3.0
1.0
147.0
4.0
1.0
198.0
2.0
15.0
3.0
2.0
127.0
83.0
1.0
3.0
203.0
2.0
2.0
32.0
1.0
3.0
5.0
2.0
1.0
2.0
1763.0
11.0
1.0
4.0
5833.0
20.0
600.0
1925.0
1.0
873.0
2.0
367.0
3.0
1.0
3.0
1.0
4.0
1.0
415.0
7.0
2.0
20.0
2.0
943.0
1.0
1.0
3.0
1.0
2.0
2.0
1.0
7.0
1.0
51.0
1.0
1.0
3.0
1.0
17.0
72.0
1.0
1317.0
4.0
4.0
5.0
1.0
3.0
1.0
1.0
717.0
6.0
3.0
157.0
14189.0
3.0
25.0
3.0
1.0
2.0
298.0
1.0
2017.0
1.0
1740.0
22.0
1.0
2.0
120.0
89.0
122.0
9.0
8.0
435.0
5.0
1.0
1.0
2.0
1.0
10.0
1.0
4.0
3.0
737.0
3.0
5.0
242.0
24.0
3.0
120.0
3.0
460.0
7.0
2.0
2741.0
10.0
7.0
2.0
93.0
1.0
20.0
6.0
3.0
292.0
13818.0
313.0
2.0
1.0
2.0
1.0
207.0
2.0
31.0
12.0
9.0
2.0
1.0
12.0
1.0
10.0
3.0
4.0
12.0
3.0
4.0
1.0
3.0
2.0
378.0
9.0
1.0
3.0
1.0
2.0
1.0
1077.0
10.0
441.0
1.0
24.0
2.0
65.0
3.0
2.0
3.0
5.0
4.0
3.0
3.0
3.0
132.0
10.0
17.0
332.0
549.0
14.0
5.0
10.0
33.0
6.0
3.0
1.0
32.0
6.0
9.0
1.0
20.0
44.0
31.0
1.0
8.0
3.0
59.0
693.0
10.0
3.0
1.0
603.0
6.0
2.0
7.0
113.0
783.0
3.0
5.0
1.0
3.0
3.0
4.0
16.0
1.0
297.0
3.0
2.0
28.0
3.0
8.0
17.0
1.0
1.0
4.0
10.0
1.0
11.0
1.0
33.0
3.0
94.0
25.0
74.0
189.0
4.0
1.0
1.0
1.0
2.0
1.0
87.0
3.0
3.0
19.0
2.0
17.0
9.0
4.0
3.0
1.0
2567.0
12.0
7.0
3.0
1.0
3.0
1.0
3394.0
1.0
705.0
771.0
319.0
1.0
3054.0
27.0
670.0
1.0
3.0
3.0
12.0
1.0
2.0
1698.0
10.0
3.0
124.0
55.0
1.0
2.0
246.0
12.0
1.0
3.0
2.0
1.0
2259.0
3.0
75.0
2.0
3.0
1.0
1.0
1.0
1.0
106.0
1.0
10.0
4.0
3.0
3.0
2.0
1.0
15.0
3.0
1.0
2658.0
24.0
2169.0
5.0
1.0
2.0
3.0
1.0
3.0
17.0
3.0
9.0
1.0
2.0
180.0
3.0
1348.0
8.0
9.0
4.0
3.0
2.0
3.0
1.0
50.0
177.0
11.0
1.0
74.0
2.0
3.0
6.0
1.0
138.0
331.0
375.0
158.0
1179.0
1.0
123.0
4.0
1.0
1.0
2.0
3.0
3.0
7.0
2.0
356.0
3.0
1089.0
4.0
1.0
2.0
8.0
101.0
235.0
3.0
1.0
1.0
4.0
1.0
24.0
1.0
21.0
3.0
5001.0
20.0
283.0
2.0
1.0
9.0
1.0
2.0
337.0
1.0
1.0
1.0
1.0
1.0
26.0
13.0
1998.0
1.0
8.0
3.0
9.0
1.0
4.0
182.0
4.0
23.0
3.0
1.0
2.0
30.0
3.0
1.0
74.0
1.0
2.0
458.0
2.0
437.0
3.0
74.0
288.0
16.0
1.0
1.0
2.0
1.0
3.0
2.0
1.0
8.0
3.0
1.0
1.0
59.0
30.0
3.0
1.0
72.0
12.0
1.0
33.0
10.0
1.0
1.0
3.0
1.0
4.0
3.0
20.0
38.0
1.0
161.0
90.0
1.0
51.0
10.0
3.0
1.0
329.0
935.0
18.0
4.0
15.0
3.0
3.0
6.0
1.0
3.0
1.0
1.0
3.0
493.0
10.0
64.0
15.0
1.0
17.0
1.0
1.0
3.0
1.0
3.0
1.0
5.0
2.0
1.0
440.0
1.0
11.0
298.0
1.0
943.0
1.0
2.0
2.0
1.0
13.0
1.0
65.0
180.0
1.0
2.0
2.0
1.0
9.0
5.0
2.0
3.0
15.0
14189.0
1.0
3.0
3.0
4.0
2.0
139.0
7.0
1.0
68.0
16.0
1.0
1.0
1.0
2.0
1.0
750.0
10.0
24.0
3.0
378.0
18.0
217.0
8.0
2.0
7.0
23.0
46.0
1.0
430.0
1.0
27.0
1.0
2.0
1.0
1.0
18.0
2.0
2.0
56.0
21.0
3.0
17.0
24.0
34.0
1.0
257.0
33.0
1.0
42.0
47.0
4.0
3.0
3.0
2.0
54.0
717.0
3.0
3.0
1.0
3.0
215.0
762.0
1.0
2.0
4.0
3.0
2.0
15.0
14.0
260.0
40.0
58.0
19.0
2.0
1.0
8.0
14385.0
3.0
1.0
1.0
31.0
1.0
2.0
1.0
21.0
7.0
3.0
5.0
2.0
27.0
12.0
7.0
249.0
618.0
1.0
1.0
8.0
2.0
69.0
1.0
1.0
9.0
6.0
102.0
11.0
2.0
3.0
5.0
3.0
1.0
1.0
426.0
1.0
3.0
18.0
1.0
105.0
1.0
1.0
55.0
3.0
366.0
1503.0
6.0
3.0
10.0
3.0
85.0
3.0
1070.0
911.0
2.0
3.0
3.0
30.0
12475.0
1322.0
3.0
3.0
9.0
6.0
5.0
1.0
4.0
4.0
3.0
1.0
1.0
8.0
1.0
26.0
7.0
162.0
3.0
1.0
194.0
1.0
364.0
1.0
1.0
1.0
22.0
3.0
25.0
2.0
3.0
16.0
4.0
1.0
1.0
161.0
1.0
5.0
4.0
3.0
20.0
2.0
1.0
3.0
13.0
1.0
1.0
1.0
73.0
1.0
122.0
961.0
1.0
46.0
5.0
2.0
115.0
7.0
10.0
596.0
1074.0
14.0
557.0
6.0
570.0
65.0
24.0
1.0
44.0
4.0
3.0
3.0
2.0
3.0
31.0
1.0
1235.0
3.0
1.0
1.0
10.0
1018.0
2.0
16.0
2.0
2212.0
4.0
134.0
3.0
444.0
135.0
5.0
1.0
3.0
816.0
47.0
8.0
23.0
32.0
12.0
4.0
1.0
39.0
6.0
27.0
2.0
5.0
3.0
65.0
1.0
2.0
2.0
3.0
4.0
89.0
351.0
1.0
1.0
33.0
3.0
4.0
1.0
24.0
2008.0
1.0
87.0
24.0
1.0
41.0
1.0
221.0
354.0
1.0
3.0
1513.0
4.0
3.0
10.0
1.0
3.0
1.0
1.0
1.0
3.0
363.0
444.0
2.0
7.0
2.0
4.0
104.0
3.0
2.0
12.0
2.0
3.0
261.0
3.0
9.0
2.0
2.0
1.0
69.0
3.0
27.0
3.0
3.0
5.0
117.0
393.0
4.0
7.0
3.0
5.0
1.0
3.0
7.0
27.0
2.0
1.0
25.0
4.0
279.0
1.0
1.0
288.0
106.0
404.0
1.0
4.0
1.0
2.0
704.0
3.0
19241.0
3.0
6.0
3.0
14.0
8.0
85.0
1.0
1.0
5.0
3.0
13.0
3.0
7.0
14189.0
1.0
2.0
2001.0
18.0
30.0
4.0
1.0
1.0
14.0
8.0
10.0
1183.0
9.0
2.0
243.0
172.0
189.0
2.0
4.0
29.0
3.0
2.0
2.0
25.0
1.0
1.0
206.0
576.0
1.0
29.0
42.0
1.0
1.0
87.0
3.0
3.0
132.0
1.0
3.0
15.0
34.0
16.0
3.0
1.0
2.0
11.0
1702.0
26.0
936.0
756.0
65.0
3.0
3.0
3.0
11.0
369.0
9.0
3.0
8.0
1.0
374.0
7.0
41.0
13.0
9.0
1.0
338.0
8.0
1.0
4.0
19.0
5.0
2.0
1.0
84.0
1.0
24.0
1.0
2.0
3.0
444.0
3.0
2249.0
3.0
13309.0
166.0
2.0
1430.0
122.0
28.0
1396.0
1.0
6.0
1.0
116.0
4.0
2.0
859.0
1.0
1.0
15.0
3.0
9.0
1.0
57.0
19.0
3.0
10397.0
1.0
537.0
56.0
7.0
1.0
19.0
160.0
9.0
1.0
601.0
2.0
102.0
1027.0
32.0
932.0
1.0
2.0
106.0
3.0
3.0
102.0
4.0
4.0
2.0
2.0
3.0
2.0
338.0
1.0
1.0
10.0
1.0
1.0
1.0
3.0
24.0
38.0
104.0
2232.0
8.0
3.0
1.0
1496.0
513.0
3.0
24.0
1.0
1.0
1.0
2.0
9.0
24.0
4.0
1.0
923.0
232.0
2666.0
1.0
1.0
1.0
465.0
66.0
3.0
1.0
22.0
16.0
19.0
2.0
62.0
1056.0
318.0
71.0
2.0
701.0
3.0
208.0
22.0
1.0
1.0
3.0
1.0
4.0
11.0
2.0
1.0
35.0
2.0
112.0
35.0
2.0
254.0
12.0
17.0
19.0
2.0
1.0
3.0
3.0
2298.0
17.0
5.0
2.0
1.0
1.0
2455.0
6.0
1.0
1.0
2.0
10.0
9.0
4.0
1043.0
4.0
4.0
73.0
2.0
3.0
1.0
3.0
457.0
1.0
24.0
695.0
4.0
2.0
325.0
5.0
1.0
3.0
8.0
1.0
23.0
7.0
18.0
1.0
2.0
1.0
5.0
1.0
2.0
5.0
3.0
3.0
1.0
1.0
10.0
8.0
1713.0
15.0
3.0
1.0
18.0
3.0
1.0
3.0
1.0
18.0
1.0
112.0
3.0
6.0
6.0
1.0
1.0
1.0
2.0
2.0
47.0
3.0
1.0
5.0
20.0
1.0
2.0
2.0
3.0
3.0
1.0
3.0
8.0
7.0
57.0
1.0
1.0
11.0
99.0
1.0
20.0
224.0
3.0
1.0
1.0
292.0
1.0
3.0
4.0
3.0
7.0
135.0
12.0
3.0
1.0
282.0
1.0
1141.0
13541.0
1.0
230.0
4.0
3.0
6.0
69.0
2021.0
1.0
9.0
163.0
961.0
58.0
2.0
4.0
2.0
1.0
109.0
3.0
3.0
9.0
4.0
1.0
1.0
2.0
522.0
1.0
3.0
2887.0
4.0
16.0
2.0
2.0
1.0
15.0
1.0
5.0
2552.0
107.0
3.0
5.0
1.0
19.0
3.0
8.0
2.0
2.0
32.0
1.0
1111.0
3.0
2.0
5.0
4.0
5.0
1102.0
2.0
155.0
4.0
132.0
1.0
3.0
1.0
275.0
1.0
2.0
1.0
254.0
247.0
2.0
27.0
1.0
2.0
1.0
1256.0
3.0
1.0
3.0
1.0
3.0
28.0
41.0
2.0
6137.0
4.0
3.0
3.0
3.0
25.0
3.0
3.0
1.0
24.0
1.0
3.0
1.0
79.0
7.0
65.0
1.0
608.0
8.0
3.0
3.0
200.0
42.0
1.0
1.0
4351.0
1363.0
68.0
23.0
4.0
103.0
3.0
9.0
632.0
1866.0
5.0
89.0
3.0
1.0
1.0
1.0
491.0
1.0
2.0
18.0
2.0
2.0
1.0
1.0
3.0
107.0
7.0
3.0
20.0
3.0
86.0
2.0
1.0
3.0
3.0
2.0
1.0
4.0
6.0
3.0
847.0
4.0
24.0
1.0
464.0
1.0
10.0
5.0
1.0
738.0
1.0
1.0
9.0
1.0
1.0
1314.0
77.0
18.0
3.0
1.0
3.0
7.0
696.0
121.0
2.0
1.0
18.0
40.0
1.0
1.0
2.0
11.0
1.0
27.0
2.0
1.0
110.0
79.0
1.0
63.0
1.0
1.0
18.0
5.0
2.0
2.0
500.0
677.0
6.0
133.0
3.0
9.0
4.0
1.0
3.0
1.0
109.0
15.0
3.0
2.0
2.0
102.0
1642.0
12.0
2.0
509.0
1.0
4.0
69.0
17.0
1.0
3.0
491.0
166.0
14.0
1.0
19.0
3.0
9.0
1.0
1.0
106.0
201.0
3.0
3.0
18.0
1.0
1588.0
8678.0
1.0
3.0
311.0
210.0
14.0
10.0
1.0
1.0
72.0
294.0
1.0
1027.0
4.0
8.0
1.0
8.0
1.0
2.0
1.0
1.0
59.0
1.0
2.0
3.0
1.0
3.0
103.0
1.0
8.0
229.0
3.0
13.0
1.0
561.0
33.0
217.0
1.0
12.0
548.0
16.0
1.0
4.0
1.0
1.0
1.0
7.0
157.0
6.0
1.0
1.0
1.0
41.0
1.0
46.0
3.0
8.0
39.0
1.0
3.0
313.0
106.0
3.0
1.0
1.0
9.0
4.0
80.0
1.0
1510.0
1.0
258.0
2.0
6.0
1.0
51.0
2.0
3.0
721.0
1.0
1.0
236.0
1.0
64.0
33.0
3.0
1875.0
3.0
4.0
1.0
3.0
52.0
38.0
6545.0
59.0
19.0
3.0
125.0
797.0
3.0
4.0
2.0
3.0
1.0
115.0
3.0
961.0
1.0
117.0
1.0
7.0
3.0
1.0
386.0
15.0
6.0
1.0
17.0
2.0
52.0
1.0
1.0
2.0
3.0
434.0
3.0
237.0
4.0
11.0
2.0
621.0
2.0
2.0
73.0
3.0
7.0
2.0
1.0
1.0
292.0
1.0
12.0
206.0
2.0
3.0
7.0
14.0
107.0
5.0
3.0
23.0
1.0
2.0
3.0
1.0
8.0
109.0
106.0
569.0
2.0
8.0
2.0
1610.0
1.0
103.0
1.0
1.0
11.0
479.0
24.0
24.0
3344.0
145.0
2.0
2.0
3.0
7.0
772.0
284.0
6.0
2.0
3.0
2610.0
50.0
50.0
3.0
8.0
8.0
177.0
3.0
148.0
1.0
1.0
4.0
9.0
102.0
8.0
4.0
772.0
5.0
4.0
8.0
3.0
3.0
282.0
23.0
3.0
2.0
3.0
3.0
1.0
1.0
1.0
4.0
340.0
3.0
4522.0
35.0
132.0
3.0
414.0
1.0
429.0
1784.0
2.0
1.0
1.0
75.0
1.0
6.0
1.0
1.0
1.0
15.0
1.0
8.0
3.0
20.0
291.0
104.0
6.0
638.0
831.0
1.0
1.0
17.0
10.0
32.0
1.0
9.0
1.0
129.0
344.0
59.0
27.0
39.0
3.0
9.0
14354.0
1.0
7.0
1355.0
401.0
65.0
3.0
1.0
2202.0
3.0
2.0
49.0
1.0
648.0
9.0
36.0
1.0
10.0
2.0
3.0
10.0
470.0
1.0
697.0
28.0
8.0
18.0
104.0
15.0
5.0
3.0
2.0
1.0
9.0
2.0
14.0
3.0
5.0
1.0
24.0
78.0
1.0
48.0
1.0
24.0
46.0
2.0
1.0
5.0
67.0
1577.0
12.0
1.0
15.0
450.0
1.0
41.0
9.0
2.0
4556.0
5.0
14.0
271.0
1.0
9.0
1.0
1.0
3.0
1.0
177.0
6.0
1287.0
32.0
3.0
2.0
10.0
3.0
1.0
1.0
33.0
1.0
88.0
592.0
24.0
3.0
1.0
1.0
1.0
18.0
18.0
2.0
76.0
16.0
8.0
36945.0
108.0
1.0
51.0
105.0
6718.0
1.0
1.0
1.0
80.0
5.0
3.0
17.0
4.0
1.0
10.0
16.0
84.0
1.0
1.0
1.0
3.0
19.0
3.0
1.0
1.0
29.0
1.0
11.0
1.0
1.0
19.0
243.0
69.0
2.0
17.0
2.0
149.0
1.0
368.0
73.0
51.0
1.0
205.0
1.0
57.0
1.0
2.0
3.0
1.0
1.0
2.0
2.0
1.0
7.0
3.0
102.0
4.0
65.0
552.0
5.0
5.0
282.0
1.0
3.0
902.0
3.0
1.0
63.0
2.0
19.0
1.0
158.0
1.0
2.0
461.0
4539.0
4.0
1.0
55.0
7419.0
1693.0
1.0
48.0
1.0
2.0
24.0
3.0
9.0
14.0
1.0
104.0
3.0
208.0
14.0
1.0
3.0
16.0
115.0
875.0
1.0
1.0
2.0
6.0
1.0
6.0
1.0
21.0
11.0
1.0
6.0
1.0
1.0
24.0
5.0
4.0
4.0
7.0
1.0
5.0
782.0
2.0
3.0
13010.0
282.0
1667.0
16.0
1.0
60.0
3.0
12.0
76.0
2.0
3.0
2.0
2.0
55.0
1.0
965.0
279.0
2.0
1.0
1.0
9.0
1018.0
1.0
1.0
1.0
1.0
5.0
1.0
611.0
64.0
2.0
504.0
569.0
30.0
3.0
1.0
2.0
71.0
1.0
1.0
8.0
1.0
74.0
253.0
167.0
10.0
48.0
699.0
508.0
1.0
1.0
77.0
292.0
4.0
4.0
9.0
1.0
9.0
351.0
1636.0
5.0
1.0
3.0
7.0
9.0
7.0
3.0
327.0
19.0
6.0
3.0
2.0
1.0
1.0
1.0
1646.0
1.0
1.0
7.0
3.0
4.0
93.0
10.0
12137.0
1.0
1.0
10.0
17.0
8.0
2945.0
68.0
200.0
3.0
1.0
4.0
3.0
3.0
1.0
2.0
59.0
687.0
21.0
1.0
3.0
1.0
19.0
1.0
14.0
3.0
1.0
1234.0
100.0
1.0
1.0
7.0
1096.0
1.0
25.0
3.0
3.0
5.0
440.0
3.0
47.0
1.0
1.0
1.0
1.0
3.0
2.0
13.0
31.0
241.0
3.0
282.0
6.0
9.0
3.0
3.0
60.0
2.0
1.0
3.0
13.0
3.0
4.0
825.0
1.0
3.0
2.0
12.0
1.0
1.0
51.0
3.0
1.0
5.0
3.0
1.0
7.0
4.0
1.0
1.0
1.0
9.0
3.0
1.0
1.0
65.0
9.0
2.0
3.0
6.0
3.0
14.0
135.0
58.0
5.0
14.0
243.0
17.0
3.0
512.0
1.0
10.0
3.0
35.0
124.0
3.0
3.0
15.0
1.0
5.0
10001.0
6.0
1.0
6.0
1.0
3.0
3.0
1.0
13.0
3.0
215.0
207.0
5.0
1.0
3.0
1.0
18.0
47.0
112.0
1.0
5.0
3.0
1.0
3.0
1.0
3.0
1.0
1.0
37.0
1.0
5.0
3.0
235.0
13.0
300.0
3.0
233.0
1.0
2.0
1.0
638.0
6.0
9.0
465.0
382.0
158.0
898.0
1.0
112.0
388.0
88.0
3.0
1.0
1.0
3.0
164.0
85.0
583.0
1.0
5.0
2.0
3.0
1.0
41.0
2.0
3.0
1761.0
2.0
1.0
1.0
3.0
60.0
3.0
8.0
9.0
1.0
1.0
3.0
1.0
2.0
86.0
1.0
1.0
9.0
158.0
1.0
75.0
1.0
2.0
18.0
1631.0
4.0
3.0
12.0
62.0
1.0
1.0
364.0
1.0
8.0
6828.0
2.0
3.0
1.0
1.0
5.0
21.0
5.0
1.0
7.0
3.0
4.0
61.0
1.0
932.0
1.0
14.0
2.0
2.0
152.0
398.0
3.0
253.0
2.0
11.0
79.0
14.0
314.0
1.0
1.0
3.0
3.0
115.0
12.0
1.0
8.0
2.0
4.0
3.0
63.0
16.0
105.0
3.0
3.0
1.0
2.0
2.0
2.0
1.0
17.0
1.0
24.0
3.0
31.0
9.0
3.0
4.0
3.0
1.0
1.0
159.0
20.0
245.0
38.0
102.0
3.0
2.0
32.0
1.0
1.0
102.0
1.0
1422.0
3.0
5.0
1.0
3.0
19.0
1.0
2.0
4.0
3.0
2.0
3.0
1482.0
3.0
3.0
1.0
1.0
8.0
4.0
1.0
3.0
130.0
3.0
16.0
3.0
977.0
102.0
1.0
5.0
1.0
56.0
3.0
2.0
14.0
83.0
1.0
3.0
204.0
1.0
1780.0
12.0
2.0
3.0
3.0
12.0
14.0
351.0
3.0
1.0
1.0
4.0
1.0
18.0
3.0
2.0
1.0
6.0
5.0
1.0
3.0
1.0
1.0
5.0
2.0
35.0
1.0
2.0
1.0
1.0
4.0
3.0
3.0
22.0
3971.0
11.0
1.0
351.0
5.0
1018.0
1.0
33.0
3.0
3.0
1.0
24.0
1.0
4.0
288.0
20.0
1.0
58.0
11.0
2.0
1.0
1.0
23.0
1309.0
3.0
42.0
3.0
3.0
1.0
8.0
116.0
3.0
36.0
20.0
79.0
9.0
16.0
1.0
2.0
591.0
4.0
3.0
1.0
1.0
7.0
2.0
2.0
5.0
3.0
29.0
8.0
2.0
1.0
1.0
1.0
1.0
93.0
22.0
2.0
1.0
2.0
4.0
6.0
524.0
4.0
6.0
3.0
1.0
1.0
2.0
3.0
3.0
1.0
1.0
1.0
1.0
2.0
3.0
2.0
19.0
24.0
290.0
2.0
3.0
3.0
1.0
4.0
2.0
9.0
3.0
25.0
3.0
2.0
6.0
591.0
3.0
32.0
1.0
1.0
5.0
7.0
1.0
46.0
5.0
109.0
638.0
1.0
2.0
2.0
491.0
3.0
4.0
2.0
50.0
18.0
5.0
24.0
1059.0
6.0
3.0
5.0
4.0
219.0
79.0
3.0
773.0
19.0
3.0
1.0
3.0
1514.0
1477.0
568.0
2.0
2521.0
3.0
7.0
171.0
1.0
33.0
3.0
1.0
69.0
1.0
1231.0
94.0
27.0
6.0
1.0
2.0
426.0
4.0
1.0
1.0
4.0
24.0
2.0
2.0
3.0
4.0
31.0
1.0
165.0
10.0
1.0
10.0
14.0
17.0
1.0
3.0
1.0
10.0
1.0
45.0
136.0
4.0
2.0
3.0
1.0
1.0
1.0
1.0
2.0
1.0
6.0
1.0
1.0
205.0
24.0
1.0
1646.0
12.0
1.0
4726.0
1.0
4.0
247.0
8.0
6.0
1.0
1.0
1.0
1.0
1.0
6.0
4.0
68.0
143.0
964.0
1.0
3.0
4.0
1.0
591.0
1.0
1.0
472.0
1.0
3.0
1.0
374.0
3.0
2.0
344.0
687.0
2651.0
3.0
1.0
8.0
4.0
46.0
59.0
5.0
1.0
2.0
34.0
1.0
1.0
1.0
3.0
1.0
3.0
336.0
91.0
1.0
16.0
1.0
5.0
96.0
2.0
5.0
60.0
3.0
1.0
1.0
9.0
27.0
1.0
1.0
1.0
3.0
1.0
9.0
4.0
3.0
20.0
3.0
1.0
1.0
3.0
62.0
1.0
1.0
130.0
1.0
115.0
3.0
20.0
1.0
1.0
1.0
2.0
46.0
35.0
2.0
5.0
14.0
8.0
8.0
2.0
1.0
146.0
4.0
156.0
15.0
2.0
457.0
4.0
1.0
2.0
5.0
1.0
6.0
3.0
3.0
1472.0
3.0
9.0
1.0
13.0
1.0
5.0
1.0
2.0
2.0
2.0
3.0
5.0
1.0
3.0
512.0
1.0
3.0
415.0
34.0
1056.0
1.0
4.0
601.0
26.0
3.0
19.0
3.0
126.0
142.0
3.0
1.0
2.0
16.0
18.0
123.0
3.0
3.0
178.0
1.0
129.0
1.0
2.0
123.0
1.0
19.0
5.0
3735.0
3.0
932.0
67.0
2.0
2.0
1.0
57.0
4.0
9.0
1.0
1.0
1.0
10.0
3.0
1.0
4.0
1.0
4.0
44.0
1.0
719.0
1.0
1.0
1.0
119.0
3.0
1.0
23.0
3.0
1.0
1.0
2.0
27.0
1.0
1.0
2.0
1.0
23.0
1.0
174.0
3.0
20.0
1.0
1.0
93.0
2061.0
1665.0
2.0
1.0
29.0
794.0
3.0
4.0
2.0
4.0
1.0
3.0
1.0
2.0
56.0
1.0
1299.0
1.0
423.0
67.0
4.0
3.0
365.0
1418.0
27.0
961.0
1.0
1.0
3.0
717.0
16.0
20.0
8.0
1.0
232.0
4.0
1.0
1.0
2.0
1.0
6.0
3257.0
1669.0
1.0
4.0
3.0
1.0
1.0
1018.0
1.0
1.0
1.0
1.0
2.0
3.0
28.0
3.0
1.0
2.0
24.0
4.0
33.0
1.0
91.0
3.0
119.0
14.0
3.0
3.0
1.0
1.0
1.0
3.0
1.0
15.0
292.0
1.0
10.0
19.0
1.0
9.0
5.0
645.0
4.0
369.0
2.0
1.0
14.0
2.0
5.0
53.0
1.0
41.0
1.0
102.0
2.0
1.0
10.0
3.0
4.0
1.0
3.0
5.0
1.0
1.0
15.0
27.0
288.0
3.0
7.0
1.0
48.0
8.0
1.0
4.0
3.0
521.0
5.0
1.0
25.0
31.0
3.0
1.0
3.0
23.0
9.0
101.0
2.0
1.0
4.0
24.0
75.0
46.0
2.0
13.0
1.0
55.0
3.0
2.0
732.0
20.0
1.0
17.0
1.0
3.0
2.0
6.0
4.0
2.0
2.0
3.0
3.0
2.0
39.0
531.0
3.0
21.0
1.0
961.0
3.0
3.0
1.0
9.0
1.0
1.0
4.0
1.0
209.0
1.0
3.0
2.0
7.0
35.0
3.0
9.0
87.0
1.0
17.0
193.0
1.0
5.0
1.0
3.0
3.0
31.0
1.0
1626.0
1.0
1.0
56.0
1677.0
1.0
36.0
3.0
208.0
2.0
1.0
3.0
1899.0
12.0
3.0
16.0
3.0
1.0
2.0
3.0
7.0
1.0
9.0
1.0
1.0
1.0
1.0
3.0
932.0
3.0
4.0
40.0
414.0
3.0
1771.0
1.0
106.0
15.0
72.0
11.0
2.0
2.0
159.0
30.0
1.0
1.0
1.0
1.0
338.0
3.0
2.0
3.0
10.0
3.0
1.0
1.0
1.0
7.0
1.0
1.0
1.0
3.0
128.0
1.0
4.0
6.0
2.0
87.0
3.0
30.0
7.0
93.0
9.0
2.0
9.0
1.0
3.0
3.0
7.0
3.0
1.0
1.0
32.0
1.0
1.0
2.0
3.0
5.0
3.0
2.0
89.0
3.0
1.0
1.0
1.0
1316.0
180.0
3.0
41.0
8.0
1.0
23.0
172.0
12.0
8.0
55.0
773.0
1.0
9.0
353.0
1.0
28.0
1139.0
8.0
3.0
1.0
1.0
3143.0
8.0
1.0
8.0
2.0
1.0
2.0
1.0
2.0
326.0
1.0
1.0
1355.0
26.0
1136.0
1.0
19.0
3.0
2.0
576.0
1.0
8.0
2072.0
17.0
2.0
540.0
5.0
3.0
1.0
1.0
807.0
2.0
2.0
31.0
3.0
21.0
1.0
4.0
2.0
2.0
3.0
3.0
6.0
209.0
3.0
2.0
8.0
3.0
477.0
33.0
1.0
1.0
3.0
58.0
9.0
1.0
3.0
9.0
1.0
8.0
1.0
1029.0
1311.0
1027.0
1.0
26.0
1.0
1.0
1.0
1.0
3.0
1.0
170.0
4.0
1.0
1.0
97.0
3.0
1.0
2.0
916.0
311.0
1.0
1.0
2.0
8.0
4.0
1299.0
2.0
737.0
378.0
47.0
1.0
1.0
1.0
3.0
3.0
11.0
19.0
2.0
4.0
2.0
3.0
12.0
1.0
2.0
3.0
17.0
11.0
2.0
3.0
1.0
2.0
9.0
2.0
23.0
3.0
82.0
1.0
6.0
2.0
32.0
84.0
32.0
3.0
2.0
44.0
17.0
4.0
3.0
3.0
12.0
3.0
870.0
55.0
36.0
10.0
596.0
6.0
23.0
2201.0
9.0
5.0
4.0
24.0
4.0
3578.0
53.0
2.0
25.0
3.0
5.0
3.0
1.0
1.0
8.0
6.0
69.0
5.0
19.0
1.0
3.0
15.0
3.0
1.0
3.0
3.0
2.0
6.0
1.0
8.0
1.0
15.0
1.0
16.0
2.0
246.0
2.0
3.0
3.0
30.0
11.0
764.0
1785.0
4.0
1.0
8.0
3.0
1.0
3190.0
1.0
2.0
1.0
275.0
85204.0
22.0
2.0
3.0
3.0
3.0
4.0
4.0
2.0
3.0
152.0
27.0
1.0
267.0
2.0
441.0
1.0
177.0
2.0
21.0
124.0
903.0
1.0
3.0
7.0
3.0
1.0
1511.0
723.0
1.0
1.0
21.0
1.0
351.0
1.0
1.0
14.0
3.0
3.0
1.0
24.0
1.0
1.0
1.0
183.0
1.0
2.0
1.0
1.0
1.0
1.0
1.0
1.0
596.0
3.0
3.0
1.0
118.0
24.0
3.0
38.0
2.0
1.0
97.0
3.0
4.0
160.0
3637.0
5.0
579.0
3.0
112.0
1.0
2.0
1.0
1.0
1.0
3.0
1.0
1.0
3.0
13.0
1.0
266.0
25.0
29.0
1.0
1.0
1.0
1.0
3.0
3.0
47.0
1303.0
60.0
272.0
16.0
1.0
3.0
6.0
2.0
1.0
3.0
4.0
92.0
1.0
1228.0
4.0
4.0
884.0
1.0
185.0
1.0
4.0
3.0
3.0
4452.0
1012.0
19.0
5.0
1.0
1.0
7.0
692.0
103.0
1.0
20.0
96.0
18.0
4867.0
1013.0
1.0
5.0
4.0
8.0
72.0
8.0
3.0
3.0
9.0
60.0
1.0
3.0
14.0
2.0
1.0
1147.0
3.0
1.0
43.0
1.0
1.0
43.0
1.0
169.0
3.0
2.0
17.0
1.0
50.0
284.0
5036.0
1.0
1.0
13.0
4.0
4.0
222.0
10.0
6.0
3.0
4.0
6.0
1.0
6.0
2.0
8.0
4.0
23.0
3.0
19.0
1.0
3.0
1.0
42.0
16528.0
278.0
3.0
1.0
1.0
21.0
1.0
1.0
2027.0
19.0
1.0
1.0
15.0
292.0
3.0
2201.0
176.0
17.0
401.0
3403.0
8.0
3.0
4.0
21.0
352.0
5.0
3739.0
1.0
14241.0
10.0
1.0
3.0
14.0
3.0
3.0
1.0
5.0
592.0
409.0
1.0
9983.0
4.0
1.0
4.0
1.0
160.0
3.0
2.0
302.0
5.0
1288.0
215.0
1.0
1.0
193.0
8.0
3.0
559.0
33.0
1.0
1.0
6.0
866.0
961.0
1.0
10.0
2507.0
3.0
3.0
3.0
25.0
1.0
2.0
166.0
67.0
172.0
5.0
2.0
3.0
3.0
1.0
34.0
1.0
7.0
793.0
50.0
329.0
1.0
3.0
1.0
1.0
12.0
798.0
102.0
10.0
2.0
6.0
2.0
4.0
3.0
18.0
3.0
1.0
674.0
4.0
10.0
1730.0
2.0
223.0
3.0
16.0
2.0
42.0
1.0
1.0
3.0
4.0
1.0
2.0
1.0
1.0
648.0
20.0
779.0
1.0
1.0
1.0
1520.0
97.0
7.0
5.0
1.0
18.0
596.0
3.0
9.0
2.0
1.0
8.0
11.0
5.0
1.0
4.0
352.0
1.0
9.0
1.0
9.0
42.0
3.0
74.0
1.0
193.0
1.0
1.0
1.0
2.0
392.0
10.0
1227.0
1552.0
520.0
812.0
1.0
2.0
9.0
1.0
1.0
34.0
1250.0
12.0
4.0
2.0
4165.0
249.0
5.0
56.0
3818.0
17.0
15.0
4.0
17.0
541.0
2.0
45.0
65.0
19.0
2.0
39.0
23.0
1.0
6.0
3.0
1.0
1.0
1.0
2.0
414.0
24.0
1.0
132.0
4.0
10.0
244.0
13.0
3.0
1.0
15.0
1210.0
2141.0
9.0
2.0
2.0
1496.0
4.0
92.0
3.0
3.0
11.0
29.0
3.0
1.0
7.0
13.0
2.0
1.0
10.0
3.0
3.0
1.0
2.0
1086.0
1.0
3.0
3.0
7.0
1.0
1.0
31.0
7.0
3.0
1.0
1.0
8.0
331.0
8.0
2.0
1.0
5.0
4.0
177.0
3.0
4.0
1.0
1.0
2.0
2.0
1.0
1.0
657.0
31.0
1.0
16.0
1.0
1.0
24.0
1.0
45.0
1.0
17.0
1.0
7.0
3.0
3.0
1.0
2.0
1200.0
106.0
2.0
1.0
3.0
2.0
1.0
3.0
1.0
1.0
3.0
1.0
5.0
1.0
2.0
981.0
113.0
512.0
1.0
19.0
40.0
351.0
5.0
4.0
1.0
3.0
5.0
8.0
52.0
19.0
71.0
6.0
3.0
400.0
1.0
21.0
2.0
1.0
1.0
2.0
3.0
1.0
1147.0
3.0
211.0
4.0
274.0
1.0
74.0
30.0
8.0
25.0
1340.0
7.0
3.0
1.0
103.0
1.0
5.0
3.0
1.0
1179.0
9.0
984.0
1.0
2.0
5.0
1.0
102.0
3.0
10.0
2.0
9.0
61.0
9.0
3.0
1.0
3.0
4.0
3.0
2.0
3.0
351.0
1.0
4473.0
19.0
3.0
14.0
1.0
1.0
1.0
351.0
26.0
9.0
2.0
1.0
9.0
134.0
11.0
1.0
1.0
1.0
1755.0
889.0
33.0
17.0
1222.0
1.0
4.0
13.0
100.0
1.0
3.0
3.0
1.0
3.0
1.0
13.0
14.0
5262.0
50.0
135.0
3065.0
3.0
9.0
1.0
3.0
1052.0
1.0
178.0
3.0
167.0
4.0
3.0
4.0
90.0
3.0
8.0
1.0
7.0
73.0
5.0
2.0
2.0
22273.0
22.0
44.0
2.0
1.0
12.0
217.0
4.0
17.0
61.0
259.0
18.0
1.0
3.0
1.0
155.0
1.0
2.0
1.0
21.0
1.0
31.0
2.0
2.0
3.0
232.0
3.0
7.0
4.0
3.0
1.0
1.0
87.0
3.0
1.0
9.0
2.0
12.0
2.0
3.0
351.0
2.0
1.0
300.0
1.0
9.0
2453.0
10.0
2.0
31.0
28.0
110.0
1.0
6.0
1.0
1.0
638.0
596.0
46.0
3.0
1.0
214.0
1.0
2.0
3.0
177.0
278.0
1.0
177.0
6.0
20.0
1.0
313.0
7.0
7.0
1.0
1.0
292.0
704.0
6.0
1.0
2.0
155.0
22.0
1582.0
5.0
4.0
3.0
791.0
1.0
46.0
52.0
1.0
1.0
7.0
1.0
1.0
411.0
23.0
118.0
3.0
7.0
1.0
4.0
7.0
325.0
41.0
1.0
2.0
4.0
411.0
1.0
3.0
24.0
1.0
1.0
3.0
3.0
9.0
17.0
3.0
1.0
2.0
1.0
1.0
2.0
1.0
75.0
10.0
17.0
2.0
1.0
40.0
1.0
8.0
1.0
70.0
3.0
9.0
1.0
7.0
34.0
2.0
338.0
1.0
90.0
22.0
1.0
8.0
2.0
65.0
1.0
990.0
7.0
3.0
7.0
3.0
4.0
101.0
1.0
1.0
7.0
1.0
1755.0
1.0
430.0
3.0
2.0
73.0
3.0
3.0
7.0
3.0
34.0
1.0
278.0
3.0
3553.0
3.0
15.0
1.0
3.0
313.0
20.0
3.0
42.0
1.0
172.0
4.0
69.0
1.0
5.0
847.0
24.0
4.0
5.0
5.0
8.0
2.0
3.0
4.0
82.0
17.0
46.0
1.0
1.0
2.0
1.0
1.0
43.0
123.0
1.0
3.0
154.0
1.0
4.0
382.0
3.0
18.0
66.0
4.0
8.0
1.0
3.0
8.0
5.0
5.0
24.0
3.0
52.0
111.0
10.0
354.0
1.0
1.0
7.0
5.0
8.0
24.0
4.0
4.0
1.0
2.0
5.0
3.0
9.0
24.0
6.0
3.0
12.0
1.0
2.0
3.0
120.0
32.0
69.0
12.0
11.0
26.0
32.0
3.0
737.0
543.0
28.0
3.0
84.0
2.0
42.0
2.0
3.0
1.0
5.0
662.0
3.0
18.0
3.0
1.0
4.0
1.0
288.0
2.0
14.0
7.0
12.0
515.0
3.0
1.0
488.0
1.0
1.0
12.0
1.0
2.0
30.0
3.0
104.0
12.0
11.0
3.0
3.0
338.0
56.0
576.0
3.0
1.0
5.0
1.0
7.0
3.0
260.0
146.0
283.0
1.0
1183.0
1.0
2.0
9.0
1.0
3.0
1.0
148.0
66.0
1.0
1899.0
8.0
314.0
5.0
1.0
1.0
3.0
1.0
3.0
335.0
9.0
2.0
1.0
3.0
3.0
1.0
2.0
3.0
43.0
1.0
20.0
6.0
1.0
1.0
65.0
3.0
223.0
79.0
8.0
8.0
49.0
17.0
2.0
674.0
2.0
202.0
1.0
6.0
1.0
1141.0
3.0
6.0
1.0
2.0
3.0
1.0
102.0
40.0
3.0
3.0
3.0
1.0
8.0
1.0
5.0
9.0
1.0
254.0
143.0
3.0
3.0
1.0
93.0
15.0
1.0
796.0
123.0
493.0
6.0
1.0
99.0
8.0
7.0
1.0
68.0
4.0
23.0
7.0
1.0
71.0
737.0
8.0
86.0
282.0
1.0
4.0
4.0
11.0
589.0
3.0
2.0
3.0
4.0
1781.0
1182.0
6.0
1.0
806.0
655.0
12.0
2.0
2.0
12.0
4.0
15.0
2.0
2379.0
8.0
1592.0
4.0
563.0
1.0
3.0
1.0
18.0
21.0
497.0
25.0
25.0
3.0
5.0
1.0
19.0
62.0
4.0
5.0
2.0
1.0
3.0
2.0
1.0
18.0
3.0
973.0
1.0
5.0
102.0
9.0
1.0
3.0
1.0
20.0
76.0
64.0
1.0
1.0
35.0
434.0
5.0
1.0
103.0
23.0
17.0
1.0
43.0
279.0
15.0
20.0
883.0
1.0
1.0
259.0
69.0
65.0
1.0
3.0
347.0
1.0
16.0
1.0
868.0
113.0
4.0
1.0
2.0
2.0
12.0
39.0
2.0
3.0
1.0
1.0
2.0
3.0
2.0
1.0
13.0
2.0
3.0
1.0
87.0
1.0
3.0
2.0
14.0
2.0
49.0
7.0
5.0
588.0
7.0
1.0
3.0
80.0
16.0
2.0
558.0
1.0
1021.0
232.0
3.0
3.0
3.0
4.0
877.0
3.0
3.0
15.0
19.0
3.0
3.0
3.0
596.0
5.0
5.0
26.0
324.0
5.0
5.0
1.0
24.0
117.0
3.0
7.0
11.0
12.0
3.0
16.0
6.0
311.0
14.0
1.0
241.0
2.0
652.0
1.0
5.0
2.0
2.0
3.0
1.0
1055.0
1.0
1.0
1.0
1.0
1.0
3.0
54.0
987.0
1.0
23.0
3.0
9.0
3.0
1.0
39.0
43.0
633.0
72.0
51.0
3.0
3.0
3.0
3.0
3.0
1.0
1515.0
1.0
1.0
27.0
457.0
7.0
1083.0
1.0
1.0
9.0
994.0
70.0
3.0
4.0
44.0
1.0
600.0
13.0
18.0
1.0
69.0
697.0
44.0
11.0
1.0
8.0
5.0
24.0
1361.0
2.0
5.0
8.0
2.0
8.0
50.0
243.0
5.0
2.0
3.0
444.0
1.0
7.0
3.0
1.0
2.0
2.0
10.0
1.0
1.0
1027.0
1.0
9.0
5.0
1.0
1.0
3.0
565.0
1.0
4.0
1.0
50.0
4.0
3.0
1.0
95.0
129.0
3.0
8.0
22.0
1623.0
1.0
3.0
1.0
2.0
24.0
9.0
3.0
1.0
14.0
1.0
22.0
3.0
451.0
1.0
535.0
132.0
2.0
3.0
5.0
1.0
3.0
7.0
3.0
34.0
3.0
2.0
206.0
1.0
6.0
3.0
686.0
44.0
1.0
5.0
1.0
1750.0
1.0
22.0
1.0
390.0
2.0
2.0
3.0
4.0
49.0
8.0
29.0
55.0
446.0
1.0
6.0
1.0
1.0
2.0
5.0
2.0
4.0
5.0
2.0
60.0
25.0
1.0
1.0
3.0
32.0
1.0
34.0
28.0
221.0
27.0
1.0
292.0
230.0
2.0
1.0
727.0
974.0
5.0
50.0
1.0
1.0
1.0
1.0
12.0
6096.0
3.0
113.0
3.0
1180.0
15.0
3.0
5.0
3.0
1.0
50.0
15.0
2.0
8.0
3361.0
5.0
3.0
1.0
40.0
7.0
1.0
4.0
1.0
1791.0
22.0
77.0
23.0
1699.0
1.0
5.0
2.0
631.0
1.0
65.0
3.0
1.0
6.0
3.0
3.0
17.0
75.0
1.0
7.0
1.0
1.0
13.0
2.0
10.0
8.0
1.0
1.0
16.0
1.0
700.0
231.0
2.0
2.0
50.0
1.0
1.0
1.0
1428.0
17.0
1.0
1198.0
7.0
8679.0
37.0
1.0
1.0
1.0
363.0
31.0
1.0
93.0
2.0
1.0
19.0
1.0
3.0
2.0
32.0
31.0
149.0
1.0
50.0
1.0
13.0
132.0
1100.0
6.0
19.0
3.0
1.0
4.0
3.0
3.0
10.0
1755.0
33.0
1.0
9.0
1.0
8.0
32.0
3.0
7.0
1.0
4.0
3244.0
52.0
6.0
3.0
3.0
5.0
2.0
1.0
2.0
389.0
288.0
1.0
3.0
9.0
2.0
4.0
102.0
1.0
3.0
4.0
3.0
57.0
5.0
1.0
157.0
3.0
1.0
1.0
75.0
1.0
7.0
4.0
3.0
3.0
1.0
47.0
39.0
289.0
1.0
37.0
1.0
21.0
535.0
1.0
3.0
91.0
71.0
2.0
15.0
3.0
13.0
2.0
2.0
3.0
5.0
368.0
3.0
1.0
1.0
1.0
1.0
5.0
1.0
1.0
1.0
2.0
179.0
3.0
53.0
3.0
3.0
3.0
220.0
6143.0
46.0
1.0
3.0
2.0
1.0
2.0
1.0
2.0
1.0
296.0
1.0
2.0
1018.0
1.0
19.0
11789.0
4.0
104.0
3.0
4.0
1.0
37.0
14189.0
20.0
3.0
4.0
24.0
29.0
1.0
166.0
60.0
3.0
3.0
288.0
101.0
1.0
14189.0
4.0
2.0
1.0
5.0
164.0
1.0
16.0
9.0
16.0
1.0
5.0
2.0
1.0
1.0
2158.0
2.0
3.0
607.0
1.0
19.0
1.0
3.0
3.0
1347.0
3.0
1.0
1.0
1.0
2.0
1.0
290.0
4.0
7.0
1.0
12.0
1.0
4.0
4.0
5.0
10.0
1197.0
482.0
149.0
249.0
3.0
3.0
2.0
1593.0
1.0
2.0
3.0
13818.0
3.0
1.0
6.0
17.0
1.0
1.0
218.0
49.0
30.0
3.0
48.0
1.0
14.0
1.0
2.0
4.0
1.0
1.0
65.0
9.0
15.0
2.0
1.0
2.0
4.0
2.0
504.0
185.0
1.0
2.0
7.0
1.0
3.0
3.0
9.0
3290.0
3.0
39.0
19.0
1.0
1.0
441.0
2.0
6.0
8.0
88.0
116.0
1.0
1.0
20.0
577.0
1.0
8.0
1.0
1.0
1.0
2.0
3.0
1.0
3.0
1385.0
318.0
6.0
1381.0
1.0
3.0
22.0
3.0
1.0
196.0
58.0
1.0
2.0
1.0
3.0
7.0
7.0
2.0
1.0
3.0
1776.0
26.0
1.0
434.0
610.0
1.0
9.0
1.0
3.0
1078.0
7.0
5.0
3.0
2.0
1.0
102.0
3.0
6.0
4.0
1.0
128.0
4.0
6.0
3.0
18.0
1.0
1.0
1.0
4.0
496.0
8.0
3.0
1.0
66.0
679.0
8.0
39.0
1018.0
323.0
1.0
946.0
5.0
1.0
1.0
147.0
1.0
2.0
1222.0
3.0
5.0
52.0
30.0
1.0
1.0
2.0
4.0
31.0
899.0
8.0
1.0
3.0
9.0
2.0
6.0
3.0
556.0
13739.0
57.0
7.0
351.0
5.0
1.0
1.0
2.0
338.0
1.0
1.0
1.0
1.0
1.0
2.0
1.0
243.0
38.0
3.0
3.0
3.0
13.0
376.0
10.0
1.0
45.0
3.0
28.0
1.0
4.0
1.0
48.0
17.0
28.0
1.0
2.0
118.0
1.0
45.0
50.0
31.0
1.0
719.0
5.0
1849.0
2.0
24.0
1.0
1.0
94.0
1.0
9.0
439.0
3.0
93.0
135.0
1.0
18.0
432.0
3.0
1.0
23.0
560.0
1.0
1.0
3.0
1.0
5.0
1310.0
1.0
1.0
625.0
55.0
29.0
65.0
1.0
3.0
3.0
3.0
949.0
1.0
46.0
3.0
32.0
8.0
2.0
3.0
4.0
171.0
3.0
17.0
700.0
1.0
3.0
2622.0
3.0
2.0
3.0
3.0
1.0
3.0
1.0
36.0
142.0
2.0
16.0
1.0
13.0
52.0
3.0
47.0
5.0
1.0
6.0
11.0
1.0
1.0
59.0
1.0
2.0
275.0
1.0
67.0
248.0
4.0
73.0
1.0
1544.0
13.0
5.0
68.0
1.0
1.0
24.0
6.0
5.0
1.0
1.0
3.0
3216.0
737.0
1.0
12369.0
1832.0
6.0
3.0
1.0
4.0
1.0
175.0
2.0
1.0
18.0
596.0
1.0
8.0
50.0
674.0
3.0
6993.0
1.0
1.0
1.0
9.0
3.0
1.0
117.0
2.0
2.0
35.0
4001.0
16.0
242.0
27.0
4.0
1.0
1.0
28.0
3.0
158.0
3.0
7.0
23.0
1517.0
105.0
3.0
3.0
91.0
12.0
2.0
1.0
579.0
1.0
28.0
3.0
31.0
1.0
6.0
1.0
164.0
1.0
3.0
602.0
9.0
65.0
1.0
67.0
3.0
8.0
3.0
9.0
1.0
27.0
3.0
421.0
102.0
54.0
121.0
1.0
19.0
2.0
19.0
2.0
5.0
1.0
1.0
3.0
1.0
6.0
1.0
6.0
1.0
84.0
1.0
5.0
2.0
452.0
3.0
3.0
2220.0
1.0
36.0
2.0
3.0
13212.0
1.0
3.0
340.0
1.0
1.0
1.0
234.0
1.0
3.0
4.0
1.0
22.0
1707.0
3.0
41.0
3.0
1.0
130.0
4.0
58.0
1.0
2.0
14.0
1.0
1.0
24.0
1.0
22.0
168.0
409.0
3.0
24.0
3.0
155.0
3.0
3.0
1.0
6.0
3.0
88.0
5.0
14.0
1.0
12.0
9.0
10.0
7.0
1.0
1.0
1.0
1.0
13.0
2.0
1.0
3.0
60.0
6.0
1.0
1.0
1.0
8.0
1.0
1.0
265.0
6.0
48.0
3.0
32.0
11.0
1.0
2.0
1.0
19.0
1.0
3.0
2.0
3.0
1.0
75.0
16.0
98.0
3.0
1.0
38.0
1.0
7.0
1.0
4.0
2.0
74.0
1.0
1.0
4.0
338.0
1.0
9.0
3.0
1.0
27.0
9.0
6.0
3.0
9.0
3.0
3.0
16.0
1.0
4.0
1.0
1.0
12.0
11.0
1.0
6.0
524.0
1248.0
1.0
7.0
3.0
1.0
13.0
17.0
1.0
2.0
3.0
674.0
1.0
1.0
3.0
6.0
1.0
24.0
1.0
29.0
3.0
1.0
3397.0
579.0
3.0
1.0
8.0
68.0
2.0
1.0
72.0
8.0
863.0
2.0
3.0
80.0
2.0
5.0
1.0
1.0
24.0
59.0
1.0
1.0
153.0
1.0
336.0
2.0
4.0
3.0
3.0
10.0
22.0
182.0
112.0
24.0
9.0
6.0
1.0
1.0
16.0
43.0
12.0
1.0
1.0
6.0
1949.0
748.0
3.0
1.0
1.0
4.0
2.0
4.0
505.0
2.0
22.0
3.0
1.0
3.0
1.0
1.0
351.0
1.0
2.0
1.0
1.0
17.0
916.0
754.0
1.0
100.0
46.0
4.0
504.0
1.0
4.0
3.0
4.0
1.0
1.0
66.0
1.0
421.0
2.0
3.0
1.0
1.0
9.0
8.0
24.0
3.0
3.0
2.0
2.0
1.0
7263.0
3.0
1.0
28.0
382.0
824.0
881.0
3.0
1.0
3247.0
13.0
2.0
4.0
6.0
1.0
281.0
26.0
214.0
565.0
907.0
64.0
1.0
1.0
1.0
504.0
8.0
69.0
4.0
11.0
3.0
149.0
1.0
1.0
2.0
288.0
1.0
20.0
1.0
1.0
31.0
4.0
3.0
3.0
4.0
3.0
1517.0
1.0
3.0
13.0
4.0
2.0
3.0
7.0
2.0
17.0
23.0
46.0
1.0
5.0
160.0
2.0
3.0
1.0
1.0
30.0
63.0
1.0
33.0
1159.0
1.0
3.0
47.0
3.0
2.0
17.0
8.0
3.0
2.0
29.0
2.0
1.0
1.0
29.0
3.0
6.0
4.0
291.0
5.0
1.0
1099.0
1.0
7.0
1798.0
1.0
691.0
677.0
33.0
3.0
1.0
6.0
1.0
3.0
7.0
4.0
14.0
1.0
6.0
4.0
17.0
3.0
1.0
1336.0
23.0
3.0
1.0
1018.0
3.0
4.0
1.0
1.0
2.0
101.0
172.0
7.0
29.0
1.0
7.0
311.0
3.0
3.0
3.0
6.0
1.0
2.0
59.0
1.0
1222.0
4.0
148.0
3.0
490.0
3.0
1.0
85.0
1.0
1.0
16.0
2.0
4.0
1734.0
3.0
3.0
3.0
1.0
40.0
7644.0
1.0
1.0
16.0
3.0
1.0
3.0
3.0
1.0
3.0
1.0
10.0
66.0
52.0
5.0
3.0
3.0
11.0
16.0
894.0
21.0
3.0
1.0
194.0
5.0
9.0
1.0
3.0
607.0
125.0
1.0
608.0
19.0
34.0
1.0
3.0
121.0
8.0
779.0
44.0
499.0
9.0
3.0
2.0
2.0
2.0
30.0
1.0
1.0
335.0
2.0
3.0
2.0
4.0
3.0
6.0
3.0
2.0
205.0
5.0
32.0
3.0
76.0
668.0
70.0
4.0
8.0
162.0
1.0
1.0
1080.0
75.0
7.0
1.0
12.0
1503.0
1.0
90.0
444.0
338.0
3.0
5.0
8.0
1.0
3.0
2.0
1.0
4.0
295.0
109.0
3.0
1.0
3.0
1219.0
1.0
1204.0
6.0
2.0
1.0
61.0
1.0
16.0
3.0
3.0
3.0
1.0
1.0
1.0
1.0
2.0
32.0
1.0
1.0
82.0
1.0
1.0
1018.0
103.0
248.0
1.0
1.0
3790.0
4.0
4.0
1.0
3.0
1.0
1549.0
3122.0
1.0
3.0
21.0
3.0
34.0
5.0
454.0
2.0
21.0
3.0
1.0
1.0
12.0
4.0
3.0
8572.0
35.0
4197.0
1.0
1.0
1.0
9.0
56.0
19.0
3.0
1.0
6.0
2.0
34.0
19.0
1.0
3.0
1.0
154.0
56.0
135.0
1.0
7.0
746.0
3.0
1.0
2.0
3.0
351.0
2.0
3.0
1.0
1.0
67.0
1.0
7839.0
9.0
143.0
1.0
3.0
24.0
1.0
2838.0
16.0
9.0
129.0
34.0
6.0
15.0
112.0
3.0
89.0
17.0
14.0
24.0
1.0
7.0
1.0
9.0
355.0
1.0
1.0
8.0
3.0
2.0
61.0
3.0
3.0
26.0
3.0
29.0
1.0
40.0
1.0
33.0
65.0
9.0
14.0
49.0
2.0
1.0
1.0
14.0
1.0
1.0
20.0
936.0
2.0
31.0
29.0
40.0
4.0
1.0
2.0
74.0
1.0
2.0
1.0
15.0
122.0
30.0
1.0
494.0
4.0
1.0
1.0
1.0
9.0
2.0
5.0
2.0
87.0
55.0
4.0
2.0
9.0
5.0
1.0
1243.0
1.0
120.0
33.0
1477.0
3.0
68.0
19.0
89.0
20.0
3.0
3.0
1.0
11.0
1184.0
4.0
119.0
2.0
1.0
13.0
600.0
3.0
1.0
1.0
3.0
3.0
3.0
1.0
3.0
1.0
129.0
318.0
2.0
5.0
7.0
8.0
2.0
3.0
1.0
121.0
87.0
1.0
1.0
1.0
2.0
61.0
6.0
1.0
3.0
4.0
105.0
58.0
25.0
2.0
13.0
23.0
1.0
9.0
461.0
1.0
1.0
671.0
3.0
64.0
18.0
6.0
1.0
16.0
46.0
3.0
3.0
3.0
4.0
247.0
25.0
4.0
3.0
3.0
4.0
3.0
34.0
3.0
1.0
41.0
259.0
490.0
2.0
3.0
1.0
76.0
1.0
47.0
1.0
3.0
1.0
1.0
1.0
4.0
1.0
246.0
3.0
18.0
3632.0
1.0
3.0
3.0
1.0
13.0
1.0
351.0
61.0
1844.0
705.0
881.0
1.0
21.0
28.0
3.0
1.0
20.0
2.0
5.0
1.0
2.0
3.0
88.0
1.0
23.0
1.0
14.0
4.0
2.0
1.0
1045.0
7350.0
1.0
3.0
1.0
3.0
12.0
28.0
43.0
3.0
200.0
1.0
7.0
2.0
1.0
89.0
157.0
1.0
2.0
2.0
4.0
30.0
3.0
3.0
2388.0
294.0
1.0
1.0
4.0
160.0
1.0
7.0
45.0
3400.0
785.0
7.0
1.0
72.0
24.0
2.0
56.0
1.0
1.0
1.0
25.0
4.0
104.0
269.0
233.0
1.0
3.0
1.0
8.0
3.0
3.0
1.0
3.0
2.0
2.0
6.0
1.0
24.0
1.0
3.0
1.0
2.0
276.0
1.0
1.0
1.0
7.0
1.0
1.0
7.0
1.0
3.0
3.0
2.0
234.0
3.0
1.0
3.0
89.0
8.0
3.0
2.0
19.0
1.0
3.0
2.0
3328.0
9.0
11.0
23.0
73.0
5.0
1.0
1.0
278.0
4.0
50.0
1.0
15.0
313.0
10.0
1.0
1.0
646.0
3.0
3.0
350.0
7.0
2.0
2.0
3.0
638.0
3.0
3.0
1.0
1.0
10.0
323.0
194.0
4.0
2.0
236.0
3.0
3.0
22.0
594.0
7.0
4.0
6.0
17.0
1.0
1.0
3.0
81.0
5.0
171.0
24.0
1.0
1.0
8.0
1.0
1.0
1.0
1.0
86.0
1.0
1.0
10.0
4.0
48.0
1.0
1.0
1.0
1.0
132.0
21.0
1.0
19.0
3.0
1.0
6.0
3.0
1154.0
1.0
3.0
756.0
1.0
1.0
4.0
2.0
53.0
262.0
63.0
2.0
3.0
1.0
389.0
1.0
454.0
3.0
516.0
30.0
214.0
6.0
280.0
5.0
32.0
1.0
163.0
33.0
1.0
7.0
2.0
90.0
1.0
4612.0
1.0
1.0
4.0
10.0
79.0
215.0
2.0
351.0
3.0
1.0
1.0
2.0
2.0
68.0
17.0
367.0
5.0
2.0
11.0
4.0
659.0
679.0
2.0
4.0
3.0
6.0
945.0
3.0
9.0
7750.0
3.0
351.0
21.0
4.0
4.0
3.0
9.0
38.0
2440.0
205.0
7.0
4.0
3.0
3.0
22.0
17.0
9.0
1.0
3.0
3.0
19.0
7.0
9.0
2.0
6.0
2.0
1.0
25.0
1.0
1.0
3.0
1.0
3.0
3.0
42.0
1.0
17.0
23.0
1.0
14.0
1.0
5.0
3.0
69.0
23.0
4.0
7.0
1.0
2.0
2.0
1.0
11.0
87.0
86.0
14.0
19.0
40.0
1.0
128.0
2.0
1.0
377.0
10.0
9.0
2.0
3.0
483.0
6.0
3.0
1063.0
1.0
5.0
6.0
1.0
7.0
1.0
3.0
1.0
1.0
3.0
2.0
127.0
313.0
339.0
1.0
119.0
96.0
2.0
42.0
2.0
474.0
3.0
13.0
19.0
1.0
10.0
717.0
3.0
3335.0
2.0
40.0
55.0
2.0
298.0
2.0
1.0
3.0
2.0
3.0
2.0
1.0
5.0
3.0
3.0
2.0
256.0
2.0
4.0
272.0
1.0
1.0
3.0
15.0
47.0
21.0
1.0
5.0
18.0
2.0
1.0
6.0
8.0
126.0
5.0
1.0
3.0
71.0
7.0
10.0
1536.0
1.0
9.0
1.0
2.0
463.0
351.0
25.0
9.0
331.0
1.0
16.0
3.0
358.0
2.0
2.0
8.0
1.0
1.0
4.0
55.0
1.0
1.0
421.0
5.0
3.0
1.0
41.0
5.0
1.0
1.0
98.0
3.0
22.0
1.0
43.0
4.0
3.0
1.0
1.0
3.0
5.0
2.0
2.0
452.0
961.0
1.0
6.0
1.0
1.0
1.0
4.0
13.0
3.0
2.0
19.0
458.0
1.0
6.0
6.0
1.0
23.0
3.0
387.0
1.0
3.0
102.0
1.0
1.0
2255.0
1768.0
54868.0
1.0
1.0
3.0
2.0
65.0
1.0
2318.0
1.0
2.0
44.0
1.0
2.0
32.0
208.0
5.0
32.0
1.0
591.0
1.0
311.0
65.0
56.0
5.0
1.0
3.0
9.0
1.0
282.0
4.0
3.0
1.0
1.0
2.0
24.0
6.0
8.0
1.0
125.0
23.0
12.0
1019.0
4.0
68.0
1.0
4542.0
5.0
5.0
55.0
1050.0
1.0
5.0
15.0
1.0
1.0
6.0
5.0
801.0
1.0
3.0
8.0
1.0
1.0
1.0
1.0
8.0
64.0
1.0
2.0
1.0
1.0
1.0
1.0
1058.0
3.0
7.0
5.0
18.0
175.0
3.0
424.0
4.0
37.0
1.0
205.0
52.0
1.0
11.0
2.0
1.0
1.0
1.0
1.0
6.0
1.0
1.0
3.0
1.0
16.0
2.0
268.0
3.0
420.0
3.0
56.0
10.0
10.0
295.0
29.0
1.0
1.0
35.0
6.0
3.0
2.0
1.0
3.0
6.0
6.0
28.0
3.0
11.0
239.0
16.0
1.0
155.0
32.0
626.0
17.0
1078.0
1111.0
1.0
3.0
1.0
2.0
401.0
383.0
2.0
5.0
1.0
1.0
7.0
1.0
1326.0
4.0
16.0
2.0
9.0
9.0
5.0
1.0
3.0
2.0
2.0
89.0
1.0
1.0
1.0
197.0
1.0
1.0
4.0
1.0
12.0
4.0
3.0
4.0
1577.0
1.0
1.0
961.0
1.0
34.0
24.0
2019.0
3.0
53.0
18.0
1.0
50.0
2.0
6.0
3.0
1.0
8.0
9535.0
1.0
79.0
3.0
3.0
3.0
2.0
15.0
704.0
45.0
2.0
4.0
1.0
108.0
1.0
1.0
3.0
1.0
965.0
1.0
2.0
24.0
6.0
1.0
3.0
314.0
3.0
196.0
3.0
1211.0
542.0
3.0
4.0
1.0
10.0
30.0
1.0
5.0
1.0
33.0
47.0
51.0
3.0
3.0
9.0
2.0
3.0
51.0
3.0
13.0
3.0
46.0
1.0
30.0
4056.0
3.0
2.0
10.0
1.0
135.0
360.0
1.0
1.0
3.0
1.0
674.0
26.0
11.0
2841.0
21.0
1.0
7.0
2.0
61.0
1.0
4.0
1.0
5.0
2.0
2.0
293.0
19.0
4.0
2.0
48.0
351.0
124.0
5.0
2.0
517.0
39.0
288.0
5.0
112.0
391.0
445.0
1.0
10.0
1.0
2.0
44.0
515.0
962.0
574.0
13.0
152.0
2.0
44727.0
3.0
3.0
115.0
3.0
516.0
2.0
2.0
1.0
5.0
3.0
1.0
2.0
1.0
15.0
1.0
1.0
4915.0
75.0
145.0
6.0
3.0
3.0
1.0
1.0
4.0
1.0
232.0
563.0
1.0
5.0
1.0
1.0
1.0
3.0
1.0
1188.0
3.0
1.0
2.0
125.0
3.0
2.0
1.0
2.0
5.0
1477.0
1.0
1.0
4.0
3.0
57.0
152.0
6.0
5.0
8980.0
29.0
3.0
18.0
574.0
292.0
14.0
9.0
102.0
4.0
83.0
14033.0
19.0
11.0
2.0
33.0
3.0
2.0
1.0
274.0
26.0
1.0
3.0
3.0
1.0
654.0
132.0
1.0
337.0
110.0
67.0
19.0
6.0
3.0
1.0
3.0
2.0
2.0
8.0
7.0
5.0
16.0
349.0
1.0
3.0
4.0
14.0
1.0
835.0
1.0
8.0
1.0
1.0
19.0
2046.0
1.0
12.0
10.0
152.0
2.0
1417.0
20.0
1.0
2.0
1.0
3.0
4.0
1.0
1.0
2.0
7.0
1.0
3.0
1.0
2.0
1.0
1.0
1.0
17.0
1.0
119.0
11.0
1.0
24.0
37.0
1.0
1.0
2.0
3.0
2.0
13.0
2.0
266.0
3.0
3.0
3.0
4.0
99533.0
1851.0
17.0
8.0
3.0
3.0
22.0
3.0
13.0
17.0
7.0
18346.0
6.0
3.0
1.0
1.0
155.0
1.0
1.0
3.0
1514.0
179.0
40.0
32.0
1.0
3.0
1.0
58.0
3.0
1.0
20.0
2.0
1.0
43.0
6.0
14.0
2.0
2.0
4.0
5.0
8.0
3.0
3.0
2.0
2.0
18.0
17.0
2.0
181.0
110.0
8.0
5.0
2.0
1.0
7.0
1.0
3.0
32.0
9.0
313.0
1.0
3.0
3.0
453.0
8.0
1.0
13.0
3.0
4.0
1.0
1457.0
9.0
572.0
2.0
17.0
1.0
58.0
2.0
3.0
2.0
1.0
1.0
20.0
2.0
351.0
40.0
2.0
2.0
3.0
1.0
718.0
1.0
101.0
61.0
5.0
24.0
2.0
36.0
2.0
1.0
3.0
242.0
273.0
7095.0
206.0
47.0
1.0
11.0
1.0
9.0
27.0
1.0
3.0
4.0
5.0
1.0
4508.0
863.0
12.0
1.0
381.0
9.0
70.0
3.0
5.0
292.0
7.0
1.0
2.0
2.0
2.0
3.0
7.0
19.0
2.0
1.0
2.0
3.0
278.0
16.0
2.0
2.0
2.0
196.0
1379.0
8.0
2.0
67.0
3.0
3.0
2.0
299.0
1.0
548.0
9.0
93.0
1.0
1.0
1.0
1.0
198.0
1.0
12.0
1.0
19.0
34.0
157.0
7.0
116.0
2.0
1.0
891.0
2.0
6.0
113.0
2.0
2.0
32.0
1.0
1037.0
11.0
1.0
8.0
4.0
9.0
46.0
19.0
1.0
1515.0
1184.0
2.0
5.0
5.0
4.0
1.0
14.0
187.0
1.0
4.0
1.0
234.0
6.0
4.0
1.0
33.0
12.0
52.0
33.0
1.0
1.0
1.0
1.0
7428.0
4.0
3.0
45.0
124.0
1.0
8.0
77.0
1.0
959.0
1.0
1.0
1111.0
5.0
3.0
78.0
2.0
357.0
2.0
131.0
2.0
2874.0
3.0
4.0
25.0
5.0
44.0
18.0
1.0
1365.0
94.0
1.0
3.0
9.0
144.0
1.0
2.0
16.0
1.0
1.0
1.0
5.0
25.0
1.0
2.0
2.0
1936.0
5.0
3.0
397.0
1.0
3.0
886.0
307.0
1.0
6.0
5.0
7.0
47.0
1.0
421.0
1517.0
1.0
1.0
289.0
3.0
2.0
8.0
234.0
290.0
9.0
6.0
5.0
1.0
14.0
3.0
3.0
3.0
5.0
1.0
3.0
2.0
2.0
2.0
288.0
705.0
2.0
5.0
1.0
484.0
6.0
1.0
943.0
148.0
17.0
2.0
162.0
2.0
3.0
7.0
5.0
2.0
4.0
638.0
2.0
4.0
17.0
24.0
13.0
13583.0
674.0
2.0
135.0
1.0
3.0
2.0
2.0
697.0
3.0
1.0
9.0
73.0
1.0
890.0
1.0
1.0
1.0
1.0
5.0
379.0
3.0
1.0
2.0
151.0
2.0
132.0
13.0
6.0
618.0
12.0
2694.0
2.0
1.0
29.0
43.0
3.0
3.0
1.0
1.0
154.0
364.0
9.0
2.0
52.0
3.0
21.0
2.0
4.0
69.0
2.0
70.0
6.0
3.0
1.0
1.0
14.0
750.0
68.0
2988.0
3.0
288.0
2.0
1.0
6.0
7.0
1.0
75.0
3.0
41.0
1.0
3.0
2.0
2.0
2.0
3.0
6.0
3.0
3.0
282.0
288.0
520.0
3.0
7.0
2.0
3.0
2.0
86.0
288.0
39.0
4.0
3.0
4.0
37.0
34.0
13.0
1.0
9.0
5.0
2.0
1.0
1619.0
94.0
76.0
2.0
269.0
49.0
3223.0
3.0
3.0
2.0
2.0
4.0
1.0
1.0
1.0
1.0
3616.0
13.0
168.0
1.0
3.0
6.0
1946.0
3.0
2.0
1.0
3.0
1.0
3.0
3.0
2.0
1.0
24.0
175.0
1.0
3.0
3.0
443.0
1.0
31.0
1.0
40.0
1.0
1.0
2.0
1.0
4.0
6.0
1.0
3.0
1.0
1.0
2.0
7.0
288.0
11.0
3.0
1.0
2.0
16.0
1.0
19.0
3.0
3.0
1.0
3062.0
1.0
1.0
3.0
1.0
3.0
18.0
1.0
2.0
346.0
22.0
1.0
8.0
5.0
2.0
14.0
162.0
288.0
101.0
45.0
1.0
7.0
9.0
24.0
228.0
1864.0
3.0
1.0
2.0
3.0
1.0
1.0
1.0
3.0
6.0
4.0
233.0
1.0
2121.0
72.0
579.0
1.0
8.0
1.0
3.0
8.0
3.0
2.0
5.0
7.0
3.0
18.0
234.0
4352.0
3.0
1.0
6.0
2.0
2.0
1.0
1.0
2.0
20.0
10.0
41.0
2192.0
10.0
531.0
1.0
72.0
4147.0
1.0
19.0
1.0
3.0
16.0
353.0
1.0
1.0
32.0
3.0
3.0
352.0
2.0
4.0
2.0
1.0
3.0
40.0
72.0
178.0
15.0
14.0
10.0
8.0
1458.0
37.0
1027.0
4.0
1.0
3.0
4.0
2.0
244.0
1.0
1.0
3.0
3.0
340.0
6.0
3.0
2.0
1895.0
52.0
13.0
44.0
6.0
3.0
960.0
4.0
1.0
3.0
2916.0
5.0
1.0
1.0
2.0
3.0
148.0
103.0
11.0
4.0
1.0
530.0
3.0
18.0
9.0
1511.0
3.0
71.0
35.0
1036.0
398.0
43.0
882.0
1.0
152.0
1.0
1.0
24.0
3.0
65.0
1.0
7.0
1.0
1.0
1208.0
36.0
3.0
1.0
104.0
1.0
163.0
292.0
2.0
9.0
7.0
817.0
2.0
1.0
1.0
4.0
1443.0
3.0
3.0
10.0
591.0
3.0
404.0
806.0
4.0
2.0
2.0
1.0
73.0
3.0
6.0
335.0
1.0
1.0
1.0
3.0
948.0
10.0
447.0
1.0
15.0
3.0
1.0
3.0
1.0
3.0
3.0
1.0
31.0
7.0
1.0
3.0
2.0
486.0
503.0
23.0
30.0
107.0
1.0
55.0
2.0
189.0
2.0
318.0
9.0
85.0
2.0
9.0
1.0
1.0
18.0
4.0
22.0
3.0
8.0
2.0
19.0
611.0
1.0
2.0
8.0
2.0
2.0
3.0
24.0
1.0
10.0
10.0
101.0
1.0
22.0
1.0
34.0
5.0
1.0
1.0
507.0
1.0
29.0
6.0
125.0
10.0
1.0
45.0
1546.0
1.0
36.0
50.0
1.0
4.0
9.0
5542.0
1.0
100.0
1940.0
1.0
256.0
46.0
49.0
5.0
38.0
5.0
2.0
5.0
1.0
9.0
2.0
15.0
16.0
25.0
103.0
1.0
1.0
2409.0
1.0
4.0
3.0
11.0
17.0
18.0
1.0
1.0
288.0
3.0
4.0
6.0
7.0
875.0
370.0
1.0
3.0
6.0
2.0
2.0
10.0
2.0
2.0
7034.0
3.0
1280.0
1.0
3.0
174.0
1.0
3.0
7.0
36.0
1.0
3.0
2391.0
14.0
1.0
1.0
1410.0
3.0
1.0
8.0
1.0
3.0
8.0
4.0
1.0
24.0
1.0
431.0
3.0
322.0
3.0
3.0
15.0
3.0
3.0
1.0
1.0
3.0
97.0
1.0
376.0
9.0
8.0
2.0
1.0
1.0
1157.0
21.0
1.0
1.0
1.0
1.0
1.0
1.0
7.0
39.0
1.0
9.0
351.0
1.0
13.0
30.0
4.0
1.0
1.0
3.0
101.0
5.0
65.0
1.0
16.0
1.0
7.0
237.0
1638.0
3.0
22.0
1.0
23.0
127.0
8.0
292.0
6748.0
1.0
3.0
3.0
4.0
35.0
11.0
1065.0
2.0
1.0
11.0
1.0
2.0
64.0
3.0
23.0
3.0
2.0
1.0
1.0
2.0
17.0
1.0
9.0
1.0
1.0
2.0
72.0
2.0
2.0
30.0
2.0
4.0
3.0
10.0
116.0
2.0
1.0
1.0
24.0
3.0
2.0
3.0
3.0
20.0
6.0
90.0
2.0
1.0
2.0
47.0
40.0
1.0
42.0
7.0
1.0
2.0
29.0
7.0
2.0
1216.0
279.0
1.0
3.0
2.0
2.0
1.0
2.0
534.0
663.0
5.0
1.0
3.0
375.0
55.0
2.0
24.0
1.0
3.0
55.0
2.0
6.0
3.0
1.0
1172.0
282.0
727.0
70.0
35.0
81.0
701.0
1.0
8.0
2.0
1.0
318.0
3.0
2.0
1.0
1.0
1102.0
2.0
107.0
3.0
2.0
2.0
6.0
7.0
1.0
3.0
1.0
3629.0
589.0
1.0
2.0
1.0
49.0
206.0
1.0
348.0
1.0
2.0
12.0
3.0
1.0
3.0
1.0
64.0
25.0
4.0
2.0
2894.0
1.0
3.0
1.0
3.0
1.0
1.0
1.0
1.0
1.0
2.0
126.0
3.0
2.0
3.0
7.0
2.0
243.0
263.0
1.0
1.0
2.0
1.0
27.0
2.0
2.0
14.0
1.0
17.0
7.0
2.0
1477.0
1.0
1420.0
3.0
3.0
7.0
25.0
3.0
6.0
45.0
2.0
2.0
27.0
10.0
2.0
2.0
282.0
5.0
3.0
1.0
1.0
2.0
2.0
1.0
4.0
3.0
3.0
1.0
2.0
3.0
1.0
8.0
1.0
1.0
1.0
3.0
94.0
249.0
90.0
1.0
3.0
169.0
1.0
1.0
531.0
2.0
84.0
3.0
8.0
2.0
1.0
83.0
1.0
5.0
1.0
2.0
8.0
1.0
96.0
140.0
31.0
3.0
13.0
24.0
5.0
3.0
1.0
3.0
4.0
7.0
10.0
194.0
3.0
384.0
637.0
3.0
130.0
1.0
2.0
1.0
4.0
39.0
147.0
4.0
24.0
1.0
5.0
636.0
1.0
2.0
2.0
3.0
4.0
13.0
3.0
974.0
282.0
30.0
1.0
1.0
21.0
3.0
1.0
3.0
3.0
1.0
9.0
1.0
477.0
1.0
8.0
1.0
3.0
1.0
14.0
1.0
1917.0
42.0
3.0
4.0
1.0
3.0
1.0
4.0
2.0
641.0
72.0
3.0
2.0
1.0
5.0
18.0
3.0
2.0
1.0
4.0
97.0
1190.0
3.0
1.0
3.0
113.0
215.0
3.0
837.0
2.0
410.0
1045.0
1.0
3.0
3.0
1.0
150.0
8.0
1.0
138.0
48.0
1.0
3.0
1.0
3.0
2.0
1.0
3.0
1.0
4.0
1005.0
3.0
3.0
3.0
2957.0
3.0
2.0
1.0
1.0
1.0
1.0
2.0
1.0
28.0
2.0
5.0
34.0
43.0
1.0
8.0
1.0
1.0
3.0
1.0
1.0
8.0
1631.0
2.0
2.0
10001.0
2.0
3.0
2.0
1.0
1.0
2.0
8.0
1.0
2.0
3.0
3.0
12.0
1.0
2.0
3.0
1.0
1.0
1.0
37.0
3.0
1.0
3.0
2.0
1.0
3.0
87.0
3.0
553.0
3.0
3.0
3.0
70.0
171.0
1.0
3.0
3951.0
1518.0
3.0
1.0
1.0
6.0
90.0
24.0
3.0
7.0
45.0
3.0
2.0
1.0
9.0
1.0
1.0
8.0
3.0
532.0
366.0
4.0
341.0
4.0
3.0
4.0
1.0
1.0
2.0
2.0
2.0
3584.0
3.0
1.0
1192.0
24.0
1652.0
9.0
793.0
30.0
19.0
13.0
351.0
13.0
1.0
19.0
3.0
3.0
1.0
3.0
9.0
51.0
1.0
14385.0
2.0
591.0
3.0
2.0
1.0
7.0
3.0
3.0
3.0
25.0
886.0
868.0
82.0
21.0
2.0
3.0
1.0
1.0
21.0
1.0
1.0
8.0
7.0
32.0
2.0
17.0
1.0
12.0
697.0
1.0
3.0
1477.0
2.0
1.0
5.0
1.0
3.0
5.0
7.0
2.0
261.0
254.0
4.0
1.0
28.0
8.0
2.0
3.0
977.0
1.0
8.0
3.0
30.0
1.0
874.0
9.0
2.0
88.0
1.0
1435.0
338.0
100.0
1.0
4.0
490.0
5.0
3.0
470.0
23189.0
872.0
1707.0
1.0
399.0
3.0
13.0
1.0
17.0
1.0
147.0
3.0
3.0
22.0
1.0
13.0
2.0
16.0
1.0
3.0
4.0
1.0
3.0
530.0
3.0
5.0
11.0
1.0
137.0
3.0
1.0
3.0
2.0
1.0
433.0
3.0
1.0
4.0
67.0
3.0
2.0
9.0
4.0
3.0
12.0
62.0
7.0
562.0
2.0
8.0
1.0
1.0
1.0
1119.0
201.0
20.0
1.0
20.0
1536.0
4.0
191.0
14.0
50.0
1.0
2.0
10.0
2.0
70.0
369.0
13.0
4.0
2.0
18.0
4.0
1.0
19.0
1.0
101.0
6.0
3.0
5.0
292.0
210.0
3.0
1.0
1.0
12.0
13.0
3.0
3.0
4.0
8839.0
2.0
1.0
1.0
1.0
4.0
44.0
2.0
2.0
2.0
23.0
3.0
1.0
31.0
176.0
89.0
9.0
3.0
7.0
16.0
21.0
1.0
3.0
1.0
421.0
4.0
61.0
13749.0
1.0
21.0
10.0
1.0
1.0
3.0
5.0
2.0
4.0
1.0
2.0
4.0
58.0
4.0
3.0
235.0
2.0
6.0
13.0
3.0
2.0
380.0
3.0
5.0
1.0
146.0
1785.0
6.0
54.0
30.0
4.0
1.0
1040.0
9.0
2.0
3.0
462.0
20.0
23.0
3.0
3.0
3.0
1.0
1.0
3.0
1.0
293.0
5.0
7.0
3.0
295.0
3.0
18.0
2.0
2.0
1.0
132.0
3.0
2.0
1.0
83.0
3.0
3.0
123.0
32.0
3.0
1.0
18.0
2.0
3.0
2.0
16.0
9.0
337.0
4.0
1.0
3.0
1.0
25.0
4.0
1.0
1.0
3.0
2.0
3.0
1.0
2.0
8.0
121.0
596.0
2.0
338.0
1.0
88.0
1.0
16.0
2.0
46.0
15.0
596.0
835.0
1097.0
9.0
1606.0
36.0
50.0
290.0
1.0
1.0
3.0
2.0
8.0
3.0
9.0
1.0
109.0
1.0
5.0
8.0
5064.0
2.0
1.0
83.0
24.0
2.0
1.0
1.0
3.0
20.0
1.0
1.0
1.0
4.0
3.0
180.0
3.0
2046.0
3.0
1.0
1.0
2.0
2.0
84.0
3.0
3.0
8.0
4.0
5.0
3.0
3.0
310.0
2.0
2.0
87.0
723.0
3.0
1384.0
1.0
3.0
14.0
70.0
2.0
17.0
57.0
2.0
6.0
2.0
6.0
21.0
1.0
8.0
114.0
1077.0
1.0
1.0
1.0
6.0
3.0
301.0
73.0
1.0
14.0
1.0
3.0
65.0
1.0
9.0
13.0
3.0
1.0
2.0
6.0
1.0
89.0
4.0
1.0
2.0
128.0
1.0
1.0
9.0
3.0
114.0
28.0
5.0
1.0
229.0
4.0
1.0
19.0
71.0
172.0
351.0
75.0
24.0
3.0
2.0
2.0
1.0
4.0
112.0
8.0
1.0
144.0
2.0
1422.0
1.0
1.0
1427.0
7.0
49.0
1.0
3.0
3.0
65.0
47.0
175.0
102.0
71.0
1.0
1.0
1383.0
6.0
2.0
9.0
3.0
2.0
3.0
99.0
490.0
1.0
35.0
3.0
38.0
4.0
2.0
53.0
5.0
13840.0
126.0
42.0
170.0
1.0
886.0
307.0
1.0
111.0
55.0
1.0
1283.0
122.0
16.0
30.0
3.0
1821.0
442.0
50.0
35.0
1.0
3.0
2.0
2.0
23.0
17.0
4.0
70.0
3.0
1.0
3.0
3.0
459.0
138.0
1.0
1.0
1.0
4.0
3.0
9.0
1.0
3.0
2.0
8.0
2.0
26.0
1.0
1.0
4.0
1.0
181.0
1.0
145.0
1.0
1.0
11.0
3.0
3.0
1.0
242.0
19.0
24.0
35.0
1.0
2.0
1.0
172.0
2.0
76.0
17.0
2.0
2.0
4.0
4.0
1.0
27.0
1.0
9.0
1.0
4.0
285.0
7.0
1.0
1.0
3.0
1.0
3.0
3.0
3.0
3.0
1.0
3.0
98.0
25.0
3609.0
160.0
2.0
2.0
629.0
29.0
7.0
1.0
2.0
3.0
17.0
28.0
3.0
1.0
6.0
16.0
512.0
1.0
2.0
249.0
65.0
1.0
4.0
3.0
1434.0
429.0
1829.0
3.0
1.0
2.0
8.0
8.0
4.0
2.0
1.0
9.0
341.0
9.0
3.0
1.0
3.0
266.0
3.0
2.0
1.0
1.0
25.0
1.0
7.0
1825.0
1.0
565.0
1.0
214.0
84.0
5707.0
170.0
1000.0
89.0
3.0
1.0
3.0
3.0
6.0
1.0
2.0
1.0
19.0
289.0
3.0
57.0
16.0
309.0
1.0
167.0
17.0
1.0
763.0
22.0
759.0
301.0
1018.0
1.0
3.0
2.0
3.0
591.0
2.0
1.0
1.0
4.0
32.0
81.0
74.0
5.0
5.0
1.0
4.0
110.0
24.0
2.0
17.0
3.0
3.0
1.0
2.0
10.0
87.0
304.0
1.0
575.0
1869.0
3.0
1.0
272.0
89.0
41.0
2.0
3.0
14707.0
4.0
7.0
1.0
2.0
1.0
981.0
13.0
1.0
107.0
360.0
4.0
3.0
1.0
1.0
16.0
8.0
60.0
288.0
1.0
8.0
1.0
3.0
75.0
1523.0
22.0
2078.0
1018.0
5.0
2.0
97.0
37.0
1747.0
1.0
3.0
3.0
266.0
44.0
491.0
1.0
4.0
2120.0
3878.0
1.0
102.0
4.0
296.0
23.0
1.0
779.0
222.0
1.0
56.0
27.0
72.0
2.0
10.0
18.0
1.0
13.0
4.0
17.0
1.0
7.0
1.0
1.0
46.0
2.0
977.0
2.0
117.0
1.0
82.0
1.0
1.0
3.0
19.0
1.0
9.0
2.0
1517.0
9.0
177.0
33.0
3.0
10.0
30.0
1.0
4.0
24.0
139.0
6.0
1018.0
1.0
1.0
1.0
14.0
87.0
324.0
353.0
1552.0
31.0
288.0
164.0
2.0
3.0
3.0
1.0
2.0
1.0
130.0
1.0
1.0
261.0
1.0
1.0
4.0
2.0
1.0
1.0
11.0
2.0
14.0
2.0
9.0
65.0
8.0
1.0
57.0
1012.0
8.0
9.0
21.0
2.0
331.0
43.0
1.0
1.0
21.0
3.0
5.0
6.0
3.0
36.0
3.0
3.0
48.0
3.0
82.0
2.0
1.0
8.0
15.0
5.0
5.0
1.0
3.0
2.0
19.0
4.0
18.0
1.0
1.0
3.0
8.0
1.0
44.0
156.0
38.0
2.0
3.0
334.0
1.0
7.0
1.0
34.0
311.0
4.0
1.0
1.0
1.0
3.0
1.0
3.0
1.0
338.0
370.0
421.0
104.0
3.0
3.0
6.0
1.0
2.0
1.0
2.0
21.0
1.0
1.0
8.0
3.0
1.0
600.0
1.0
67.0
1101.0
240.0
3.0
679.0
18.0
1.0
3.0
3.0
2.0
3.0
22003.0
3.0
1.0
116.0
11.0
667.0
156.0
28.0
118.0
1.0
2.0
3.0
1.0
24.0
2.0
1.0
3.0
30.0
8.0
3.0
9.0
4.0
34.0
2.0
8.0
1.0
772.0
145.0
34.0
1.0
69.0
8.0
19.0
3.0
3.0
5.0
391.0
3.0
50.0
3.0
1.0
9.0
1.0
1246.0
1.0
2.0
3.0
8.0
279.0
16.0
2.0
1.0
1.0
40.0
1.0
9.0
17.0
444.0
3.0
4.0
1.0
1.0
3.0
1.0
1.0
2.0
3.0
16.0
521.0
1.0
265.0
2.0
2.0
2.0
8013.0
1.0
2.0
3.0
1.0
1.0
2.0
1846.0
1.0
584.0
2.0
30.0
3.0
332.0
8.0
3.0
2002.0
1.0
1.0
1.0
2.0
6.0
47.0
1.0
1.0
1.0
1.0
1.0
3.0
1.0
3.0
4.0
1399.0
3.0
2.0
1.0
1018.0
1.0
26.0
3.0
64.0
1.0
7.0
21.0
62.0
92.0
198.0
961.0
6.0
57.0
1.0
1.0
1.0
1.0
1.0
75.0
1.0
3.0
12.0
177.0
2.0
383.0
9.0
2.0
179.0
19.0
3.0
204.0
96.0
86.0
2.0
12.0
1578.0
1130.0
504.0
10.0
23.0
3.0
8.0
3.0
366.0
1.0
1061.0
9.0
8.0
1.0
2.0
3.0
2.0
3.0
7876.0
43.0
7.0
351.0
42.0
4.0
3.0
1.0
4.0
1.0
2.0
4.0
14.0
1.0
2.0
18.0
1.0
1.0
1.0
600.0
1989.0
400.0
63.0
1.0
2.0
1.0
15.0
608.0
230.0
270.0
1.0
1.0
3.0
2.0
7289.0
230.0
3.0
9.0
6.0
7.0
2.0
9.0
3.0
23.0
1.0
1.0
1.0
19.0
8.0
3.0
83.0
3.0
29.0
3.0
1.0
4.0
1.0
1.0
49.0
5416.0
68.0
72.0
8.0
1.0
1.0
168.0
7.0
1.0
4.0
2.0
215.0
3.0
7.0
178.0
3.0
1.0
2.0
6.0
509.0
78.0
20.0
1.0
1.0
9.0
2.0
941.0
3.0
1.0
1.0
1.0
341.0
4.0
30.0
3.0
2.0
1794.0
126.0
1.0
1.0
1.0
1.0
880.0
3.0
11.0
2.0
7.0
3.0
4.0
82.0
5.0
16.0
1.0
2.0
1.0
29.0
1.0
2.0
2.0
2.0
3.0
571.0
21.0
7.0
2816.0
2.0
1.0
7.0
20.0
57.0
3.0
1395.0
2.0
4.0
3.0
1.0
1.0
444.0
124.0
2.0
1.0
65.0
1.0
161.0
8.0
3.0
3.0
1.0
5.0
2.0
180.0
11.0
66.0
7.0
1.0
576.0
1.0
2.0
5.0
3.0
3.0
1.0
9.0
23.0
41.0
685.0
3.0
47.0
45.0
2.0
13.0
1.0
75.0
1.0
1.0
7.0
1.0
961.0
288.0
1.0
8364.0
439.0
116.0
138.0
2.0
5.0
11.0
1.0
288.0
943.0
56.0
3.0
3.0
71.0
7.0
2.0
3.0
3.0
82.0
9.0
3.0
2186.0
19.0
1.0
41.0
763.0
1.0
99.0
1.0
1.0
742.0
117.0
91.0
1.0
7.0
3.0
3.0
12.0
3.0
1510.0
2.0
6.0
6.0
4.0
785.0
1.0
4.0
19.0
60.0
31.0
1.0
7.0
3.0
351.0
1.0
1.0
2.0
282.0
1.0
6.0
1.0
1898.0
10.0
3.0
2278.0
5707.0
2.0
3.0
9.0
3.0
1.0
1.0
700.0
5.0
3.0
6.0
3.0
210.0
3.0
4.0
1.0
3.0
686.0
1.0
24.0
4.0
764.0
4.0
8.0
3.0
5.0
12.0
3.0
3.0
1.0
1.0
338.0
16851.0
3.0
2.0
1.0
146.0
1.0
6.0
2.0
1.0
1.0
7.0
24.0
1.0
20.0
3.0
1.0
3.0
524.0
1.0
5.0
47.0
9.0
719.0
21.0
33.0
5.0
2.0
3.0
18.0
24.0
126.0
5.0
3.0
8.0
4.0
30.0
1.0
9.0
1.0
3.0
351.0
3.0
2259.0
590.0
123.0
41.0
3.0
1.0
452.0
172.0
1.0
1.0
469.0
814.0
6.0
6.0
404.0
1.0
7.0
3.0
10.0
5.0
3.0
1359.0
3.0
129.0
1.0
1.0
928.0
1582.0
980.0
1.0
10.0
1.0
110.0
4.0
1.0
4.0
1.0
102.0
10.0
282.0
3.0
5.0
1.0
351.0
74.0
5.0
3.0
3.0
107.0
2.0
352.0
903.0
1.0
251.0
3.0
1.0
3.0
3.0
152.0
1.0
46947.0
11.0
8.0
1.0
18.0
38.0
6.0
1.0
8.0
8.0
3.0
1.0
17.0
3.0
69.0
14.0
1.0
9.0
3.0
23.0
338.0
4.0
3.0
685.0
2.0
1.0
3.0
1132.0
3.0
1.0
1.0
24.0
582.0
2.0
3.0
1.0
539.0
1.0
1.0
76.0
12.0
3.0
32.0
7.0
2.0
24.0
76.0
1.0
5.0
5.0
1.0
3000.0
2.0
2.0
1.0
1.0
1872.0
656.0
56.0
7199.0
1.0
5.0
518.0
1.0
106.0
11.0
1.0
8.0
20.0
151.0
20.0
1.0
3.0
5.0
1.0
55.0
50.0
1265.0
7.0
4.0
28.0
2.0
1.0
156.0
797.0
5.0
25.0
3.0
1181.0
2.0
1.0
1.0
1.0
1.0
2.0
22.0
5.0
1.0
139.0
268.0
4.0
1.0
4917.0
25.0
6.0
3.0
1.0
3.0
9.0
3.0
1.0
1.0
5.0
2.0
4.0
4.0
2.0
311.0
5.0
51.0
1.0
6653.0
32.0
3.0
25.0
1.0
4.0
1207.0
1.0
1.0
771.0
2.0
6.0
15.0
3.0
351.0
23.0
3.0
1.0
1.0
171.0
3.0
251.0
3.0
5.0
5.0
3.0
7.0
2.0
2.0
960.0
17.0
1.0
5.0
4.0
2.0
1.0
1.0
2.0
9.0
1.0
417.0
6.0
1.0
1.0
117.0
1.0
3.0
9.0
7.0
1.0
9.0
2.0
2.0
3.0
1.0
38.0
3.0
38.0
329.0
4.0
1.0
9.0
1.0
3.0
3.0
7.0
8.0
1.0
1.0
2.0
3.0
1033.0
5.0
1.0
30.0
9.0
40.0
1.0
834.0
2.0
28.0
5.0
1.0
2.0
85.0
189.0
3.0
8.0
11.0
75.0
10.0
4.0
1.0
8.0
1.0
132.0
1.0
1.0
1.0
260.0
24.0
12.0
1.0
1759.0
1.0
3.0
1.0
1.0
587.0
3.0
3.0
1.0
5.0
1.0
5.0
1.0
1.0
4584.0
1.0
835.0
2.0
19.0
374.0
14.0
1.0
1.0
4.0
4.0
2.0
3.0
2.0
1.0
2.0
667.0
61.0
4.0
1.0
7.0
10.0
1.0
3.0
86.0
3.0
27.0
1.0
133.0
1307.0
7.0
1.0
6.0
20.0
1.0
11.0
1.0
91.0
6.0
22.0
3.0
3.0
1.0
3.0
47.0
4.0
9.0
62.0
5.0
1.0
1.0
1.0
1.0
154.0
7.0
1.0
101.0
1.0
1.0
12.0
3.0
1.0
548.0
2.0
10.0
38.0
368.0
73.0
10.0
9.0
5.0
3.0
4.0
752.0
3.0
127.0
247.0
194.0
12.0
16.0
1.0
120.0
4.0
336.0
201.0
3.0
1.0
3.0
3.0
2.0
30.0
23.0
102.0
15.0
1.0
55.0
15.0
1.0
1.0
143.0
2.0
3.0
2.0
1.0
781.0
5.0
6.0
4.0
4.0
35.0
13.0
10.0
1.0
1.0
846.0
58.0
6.0
4296.0
2.0
34.0
1.0
3.0
5.0
288.0
1.0
8.0
1.0
12.0
61.0
1384.0
198.0
83.0
3170.0
1.0
628.0
1.0
3.0
2.0
835.0
1.0
377.0
24.0
1.0
3.0
7.0
27.0
332.0
21.0
48.0
1.0
3.0
1.0
13.0
8.0
4.0
886.0
3.0
4.0
4.0
1.0
1.0
29.0
16.0
13.0
9.0
150.0
967.0
6.0
336.0
14.0
1.0
1.0
1.0
12.0
1.0
2.0
2.0
2.0
1.0
21.0
3.0
34.0
5.0
481.0
5.0
3.0
21.0
3.0
1.0
13.0
1203.0
4.0
4547.0
4.0
1.0
42.0
4.0
1.0
2.0
34.0
176.0
1.0
8.0
7.0
3.0
96.0
16.0
7.0
55.0
90.0
2.0
3.0
41.0
33.0
486.0
2.0
883.0
3.0
23.0
79.0
8.0
1.0
2.0
1.0
3.0
51.0
44.0
1018.0
1.0
14.0
1.0
9.0
6.0
1.0
5.0
2.0
1.0
11.0
9.0
46.0
3.0
1.0
65.0
1.0
12.0
5.0
4.0
1.0
1.0
25.0
1.0
5.0
3.0
5.0
6.0
24.0
6.0
1.0
1.0
1.0
101.0
4.0
4.0
3.0
3.0
1.0
29.0
275.0
3746.0
1.0
1.0
1.0
7.0
1.0
1.0
2.0
1.0
4.0
3.0
1.0
1.0
19.0
3.0
2.0
349.0
64.0
27.0
1.0
2.0
3.0
1.0
3.0
1.0
271.0
1.0
1.0
3.0
17.0
4.0
1.0
4.0
72.0
20.0
3.0
8.0
1.0
5.0
1.0
157.0
5.0
11.0
3.0
9.0
2.0
1.0
479.0
5.0
117.0
444.0
9.0
4.0
69.0
1.0
3.0
35.0
731.0
2.0
1.0
22.0
416.0
1.0
1.0
3.0
5.0
584.0
3.0
24.0
17.0
1.0
6.0
5.0
2.0
9.0
238.0
8854.0
3.0
1.0
3.0
3.0
3.0
2.0
207.0
6.0
1.0
4.0
348.0
21.0
357.0
27.0
97.0
2.0
1052.0
1.0
4.0
80.0
24.0
6.0
34.0
3.0
3.0
2.0
56.0
1.0
2.0
11.0
1.0
2.0
3.0
279.0
140.0
206.0
4.0
7.0
3.0
2.0
13.0
1.0
1.0
2.0
1.0
4.0
11.0
57.0
2.0
1.0
2.0
25.0
3.0
4.0
2.0
17.0
1.0
1.0
3.0
1.0
1.0
178.0
35.0
458.0
7.0
226.0
3.0
9.0
5.0
102.0
5.0
1.0
12.0
3.0
1.0
1.0
1.0
1.0
15.0
1.0
1.0
1593.0
31.0
5.0
2100.0
3.0
10.0
1.0
1.0
1.0
1.0
1.0
6.0
3.0
1.0
1.0
1160.0
3.0
23.0
1.0
19.0
3.0
1.0
3.0
2.0
3.0
957.0
2.0
19.0
3.0
1.0
2.0
9.0
2.0
37.0
162.0
3.0
19.0
2.0
4.0
2.0
17.0
199.0
3.0
17.0
3.0
6.0
90.0
2.0
3.0
1.0
2.0
250.0
2.0
1.0
14385.0
3.0
1542.0
3.0
3.0
313.0
1.0
1.0
2.0
11.0
1.0
2.0
5.0
2.0
2310.0
2816.0
3.0
2.0
50.0
24.0
1.0
1.0
26.0
14385.0
1.0
1.0
9.0
29.0
10.0
6.0
1.0
1.0
7.0
3.0
1.0
576.0
10.0
89.0
384.0
1.0
2.0
28.0
5.0
157.0
4.0
23.0
66.0
5.0
1062.0
5.0
2.0
7.0
1.0
4.0
2.0
3.0
1018.0
3.0
2.0
3.0
1.0
3.0
3.0
168.0
5.0
17.0
1.0
1.0
78.0
512.0
3.0
3.0
9.0
19.0
16.0
1.0
77.0
1.0
793.0
68.0
3.0
3.0
46.0
604.0
2.0
1646.0
1.0
2.0
1.0
8.0
20.0
1.0
2.0
5.0
402.0
2.0
60.0
3.0
323.0
277.0
1.0
2.0
3.0
840.0
2903.0
1.0
3.0
135.0
8.0
144.0
8.0
719.0
73.0
72.0
13.0
5.0
1.0
3.0
1.0
1.0
27.0
219.0
2.0
2.0
45.0
19.0
1.0
2.0
3.0
2.0
1.0
13.0
5.0
102.0
11.0
81.0
400.0
188.0
6.0
1.0
612.0
17.0
1.0
31.0
196.0
1674.0
6.0
1.0
11.0
2.0
1.0
1.0
1.0
125.0
2.0
1.0
3.0
282.0
1911.0
145.0
1.0
3.0
1.0
118.0
7.0
92.0
261.0
273.0
2.0
23.0
25.0
4.0
3.0
4.0
14.0
1.0
3.0
2.0
1.0
4.0
2.0
1449.0
1.0
139.0
9.0
271.0
1.0
116.0
1238.0
961.0
1.0
3.0
2762.0
111.0
3.0
1.0
1.0
2.0
2.0
3.0
7.0
8.0
1.0
2.0
1131.0
1.0
1.0
2.0
3.0
3.0
1.0
11.0
3.0
1.0
1.0
1.0
5.0
1.0
1.0
56.0
159.0
3.0
30.0
6.0
2.0
301.0
1.0
2741.0
1.0
1.0
5.0
18.0
459.0
173.0
3.0
419.0
2.0
2.0
898.0
68.0
7.0
871.0
5.0
1.0
1.0
1.0
1.0
1.0
503.0
8.0
1.0
21.0
1.0
1.0
72.0
2.0
2.0
32.0
1.0
2943.0
33.0
62.0
3.0
4.0
498.0
33.0
1.0
1.0
3.0
2822.0
9.0
3.0
81.0
1.0
4.0
2.0
1.0
6.0
54.0
5.0
40.0
561.0
2.0
2.0
1998.0
3.0
1.0
9.0
310.0
69.0
611.0
241.0
1576.0
338.0
1.0
1.0
1524.0
2.0
3.0
864.0
19.0
9.0
3.0
1.0
266.0
1.0
1.0
1.0
1.0
4.0
19.0
1.0
15.0
1.0
7.0
53.0
2.0
143.0
2.0
16.0
1.0
1.0
1.0
1.0
173.0
1.0
1008.0
3.0
1.0
1.0
37.0
888.0
157.0
1.0
28.0
1.0
2.0
11.0
596.0
17.0
1600.0
363.0
215.0
378.0
22.0
6.0
1.0
55.0
3.0
24.0
710.0
2.0
1024.0
6.0
3.0
1.0
59.0
3.0
51.0
3.0
1.0
26.0
3.0
20.0
3.0
3.0
4.0
3.0
1.0
3.0
8.0
1.0
3.0
2.0
1.0
677.0
374.0
596.0
1.0
265.0
3.0
1.0
1.0
64.0
141.0
1.0
1.0
2.0
1.0
1.0
1.0
1.0
1.0
1.0
1.0
1.0
932.0
3.0
3.0
5.0
66.0
23.0
1.0
8.0
1.0
31.0
24.0
12.0
3.0
1.0
1.0
1.0
27.0
21.0
1.0
1.0
1.0
71.0
82.0
376.0
2.0
2.0
4.0
1.0
1.0
2.0
4.0
260.0
3.0
15.0
1.0
2.0
69.0
3.0
12.0
2.0
5.0
621.0
747.0
1.0
4.0
110.0
3.0
1.0
932.0
14.0
3.0
1369.0
32.0
14497.0
1.0
409.0
2.0
4.0
1.0
22.0
17.0
1811.0
3.0
1.0
1.0
2.0
50.0
5392.0
1.0
4.0
1.0
4.0
3.0
1.0
11.0
364.0
1.0
839.0
33.0
3.0
2.0
3.0
2.0
104.0
1.0
9.0
47.0
1601.0
12.0
961.0
3.0
14385.0
314.0
3.0
9.0
5.0
3.0
172.0
3.0
1.0
14.0
74.0
1.0
1340.0
1.0
97.0
369.0
3.0
1.0
1.0
8.0
1.0
3.0
25.0
1.0
1.0
2.0
1200.0
601.0
136.0
2.0
98.0
1.0
2.0
1311.0
1.0
1.0
1.0
1.0
21.0
590.0
18.0
2.0
1.0
220.0
10.0
3.0
5.0
1.0
4.0
3.0
590.0
10.0
4.0
3.0
1.0
1.0
3.0
1173.0
524.0
3.0
1.0
1437.0
3.0
3.0
70.0
2.0
178.0
2.0
60.0
3.0
1.0
2.0
2.0
3.0
80.0
2.0
3.0
19.0
4.0
78.0
1.0
295.0
4.0
1.0
1.0
3.0
707.0
1.0
3.0
3.0
68.0
7.0
1.0
575.0
1.0
3.0
2.0
485.0
4.0
350.0
65.0
1.0
449.0
671.0
343.0
15.0
3715.0
2.0
8.0
641.0
2.0
1.0
3.0
3.0
3.0
34.0
2.0
1.0
545.0
3.0
2.0
1.0
1.0
3.0
46.0
2.0
4.0
673.0
20.0
1.0
1.0
581.0
3.0
1.0
1.0
3.0
2.0
1802.0
10.0
2.0
3.0
56.0
1.0
1.0
1.0
1.0
1.0
455.0
1.0
1.0
5.0
4.0
18.0
1.0
1.0
11.0
2.0
88.0
3.0
2.0
2.0
65.0
9.0
1.0
125.0
2.0
1.0
5.0
4.0
6.0
3.0
7.0
1.0
3.0
3.0
1.0
97.0
7.0
3.0
2.0
94.0
781.0
1.0
4.0
36.0
6.0
574.0
5.0
18.0
4.0
2.0
1.0
24.0
1238.0
1.0
10.0
1.0
5.0
1.0
1.0
3.0
1.0
17.0
19.0
1.0
4.0
4.0
41.0
1.0
1.0
5.0
1.0
1.0
1.0
32.0
2.0
19.0
149.0
742.0
1.0
12.0
355.0
4.0
2.0
1.0
7.0
497.0
2.0
9.0
84.0
3.0
2.0
102.0
3.0
1.0
179.0
9.0
7446.0
120.0
5.0
1.0
3.0
3.0
1949.0
1560.0
839.0
28.0
288.0
3.0
4.0
58.0
29.0
3.0
24.0
17.0
211.0
2.0
48.0
4452.0
135.0
2936.0
3.0
3.0
4.0
476.0
3.0
12.0
3.0
22.0
70.0
1.0
4.0
1.0
74.0
2818.0
3.0
6.0
60.0
3.0
1.0
361.0
8.0
140.0
1.0
1.0
195.0
1.0
2.0
450.0
85.0
1.0
1.0
1000.0
3.0
308.0
1.0
2.0
3.0
1.0
1.0
20.0
1.0
3.0
1.0
5.0
3.0
412.0
4.0
308.0
1.0
4.0
1.0
9.0
4.0
3.0
4.0
1047.0
3.0
6.0
5027.0
1.0
47.0
1.0
4.0
42.0
7.0
9.0
1.0
802.0
9.0
3.0
5.0
3.0
41.0
9.0
3.0
4.0
9.0
71.0
8.0
3.0
2.0
351.0
3.0
8.0
31.0
7.0
3.0
2.0
134.0
3.0
231.0
2.0
143.0
2.0
1.0
2.0
4.0
2.0
24.0
1.0
1.0
1.0
1.0
1.0
7.0
5.0
3.0
19.0
1.0
8.0
3.0
3.0
5173.0
1.0
150.0
1.0
98.0
1.0
1.0
16.0
2.0
1.0
7.0
17.0
1.0
2.0
157.0
43.0
74.0
27.0
50.0
1.0
3.0
67.0
4.0
670.0
1.0
1.0
555.0
203.0
1.0
3.0
16.0
1.0
3.0
708.0
1.0
2.0
1066.0
1.0
335.0
3.0
23.0
1.0
17.0
3.0
2.0
9671.0
4.0
3.0
37.0
1.0
1207.0
3.0
3.0
1.0
1.0
1.0
565.0
3.0
14.0
1.0
1.0
2.0
5.0
18.0
52.0
1.0
87.0
1.0
3.0
1.0
2.0
1.0
31.0
4.0
1.0
3.0
36.0
1.0
537.0
96.0
1.0
1.0
11.0
10.0
4.0
5.0
3.0
1.0
9.0
97.0
3.0
20.0
1.0
3.0
285.0
42.0
3.0
15.0
7.0
1432.0
371.0
162.0
1.0
2592.0
17.0
1.0
12.0
2.0
1.0
92.0
64.0
12.0
1.0
1304.0
83.0
3.0
1.0
3.0
26.0
1.0
3.0
101.0
1.0
9.0
3.0
2.0
13.0
697.0
6.0
24.0
3.0
7.0
174.0
730.0
7.0
1.0
3.0
5.0
3.0
1.0
184.0
1.0
8.0
3.0
1.0
2.0
4.0
74.0
1.0
3.0
2.0
249.0
323.0
2.0
79.0
2.0
16.0
1.0
1.0
4.0
3.0
7.0
95.0
2.0
5.0
91.0
3.0
8.0
18.0
1.0
2.0
354.0
1.0
1.0
4.0
1.0
11.0
103.0
3816.0
3.0
850.0
4.0
235.0
3.0
359.0
85.0
1.0
243.0
1.0
5.0
3.0
8.0
1.0
9.0
9.0
3.0
29.0
18.0
1.0
79.0
68.0
1.0
1.0
1.0
8.0
1.0
1.0
49.0
10.0
1.0
2.0
1.0
1.0
20.0
229.0
288.0
1.0
35.0
4.0
3.0
1588.0
4.0
1.0
25.0
20.0
7.0
10.0
2.0
3.0
3.0
1.0
3.0
27.0
3.0
3.0
548.0
18.0
1.0
25.0
288.0
1.0
9.0
58.0
1591.0
9.0
18.0
472.0
3.0
1.0
14385.0
7.0
90.0
3.0
86.0
288.0
34.0
1.0
1.0
2.0
5.0
30.0
3.0
3981.0
7.0
1.0
65.0
5.0
4.0
3.0
2.0
3.0
3.0
1.0
24.0
34.0
1252.0
46.0
188.0
12.0
11.0
1.0
8.0
3.0
545.0
10.0
2.0
3.0
2.0
19.0
1.0
1.0
19.0
1.0
97.0
85.0
4.0
1.0
8.0
7.0
1.0
1.0
10.0
1674.0
5.0
10.0
1.0
4.0
7.0
15.0
4.0
3.0
7.0
3.0
1.0
184.0
1.0
457.0
4.0
1997.0
1781.0
3.0
3.0
9.0
2.0
3.0
147.0
3.0
5.0
894.0
2.0
1.0
1.0
1.0
1.0
1.0
2.0
2.0
622.0
1.0
2932.0
9.0
4.0
3.0
6.0
96.0
5.0
2.0
28.0
3.0
399.0
4.0
1.0
2.0
13.0
4.0
1.0
2.0
10.0
1.0
1.0
30.0
1.0
8.0
1.0
9.0
23.0
1036.0
361.0
28.0
2674.0
6.0
1.0
170.0
265.0
436.0
4.0
1.0
3.0
24.0
35.0
1.0
1.0
4.0
3.0
675.0
3.0
5.0
191.0
421.0
6.0
39.0
2.0
313.0
1.0
1.0
421.0
689.0
2.0
3.0
1.0
25.0
1.0
139.0
76.0
1230.0
58.0
190.0
15.0
17.0
15.0
1.0
14.0
1.0
1.0
1.0
1.0
1.0
273.0
1075.0
44.0
1.0
1760.0
3.0
1.0
6.0
1.0
3.0
1432.0
3.0
139.0
39.0
1.0
3.0
1.0
1.0
8.0
15.0
19.0
3.0
1.0
1.0
579.0
2440.0
274.0
1207.0
1.0
12.0
1.0
19.0
6.0
640.0
19.0
11.0
8.0
180.0
3.0
8.0
16.0
9.0
9.0
5.0
9.0
3.0
90.0
12.0
1.0
1.0
9.0
5.0
2.0
7.0
57.0
5.0
2.0
3.0
818.0
956.0
158.0
2.0
141.0
10.0
3.0
1.0
30.0
53888.0
2.0
6.0
9.0
131.0
3.0
1.0
1.0
3.0
24.0
3.0
849.0
1.0
886.0
24.0
1.0
2.0
3.0
14.0
38.0
2.0
3.0
3.0
3.0
4.0
1.0
13.0
73.0
1.0
1.0
1.0
1.0
1.0
1.0
25.0
16.0
24.0
3.0
49.0
1179.0
7.0
4.0
2.0
4.0
3.0
1.0
4.0
1.0
34.0
44.0
5.0
17.0
113.0
98.0
8.0
58.0
2.0
8.0
1.0
1308.0
1.0
4.0
1.0
76.0
10.0
4.0
16.0
1.0
1.0
19.0
1254.0
34.0
2.0
58.0
924.0
3.0
8.0
10.0
91.0
1.0
1.0
24.0
1.0
50.0
2688.0
906.0
1.0
1.0
660.0
126.0
2.0
2.0
8.0
3.0
1.0
1.0
1.0
1.0
2.0
6.0
40.0
9.0
20.0
138.0
5.0
3.0
19.0
1.0
1.0
1.0
1.0
33.0
18.0
3.0
12.0
1.0
34.0
2.0
8.0
17.0
8092.0
2.0
454.0
3.0
1200.0
3.0
23.0
3.0
1.0
3.0
241.0
4.0
8.0
1.0
830.0
1.0
10077.0
2.0
2.0
1.0
40.0
19.0
1.0
8.0
2.0
1.0
1.0
10.0
22.0
1.0
3.0
12.0
573.0
4.0
2.0
7865.0
2.0
11.0
2.0
1.0
1.0
5.0
124.0
1.0
1.0
2.0
3.0
3.0
17.0
19.0
1.0
9.0
37.0
1.0
4.0
8.0
1.0
148.0
4.0
3.0
2.0
1.0
1.0
1.0
4.0
6.0
2.0
3.0
1.0
1595.0
75.0
9.0
1.0
1.0
1.0
1.0
3.0
1.0
4.0
4.0
231.0
8683.0
2.0
776.0
3.0
2.0
1.0
1.0
1.0
2.0
3.0
1.0
1.0
2.0
4.0
1.0
866.0
2.0
1.0
3.0
1.0
153.0
3.0
1.0
2.0
3.0
1.0
3.0
82.0
1007.0
10.0
479.0
22.0
2.0
1726.0
1.0
8.0
1.0
102.0
1.0
5.0
1.0
5.0
1354.0
1.0
2.0
1.0
40.0
3860.0
108.0
26.0
5.0
19.0
7.0
1.0
3.0
18.0
10.0
43.0
60.0
111.0
2.0
59.0
1.0
8.0
2.0
1.0
109.0
7.0
1.0
11.0
203.0
588.0
3.0
1297.0
284.0
76.0
56.0
8.0
592.0
32.0
14.0
1.0
60.0
1768.0
430.0
3.0
20.0
10.0
209.0
16.0
8.0
1187.0
174.0
961.0
2.0
2.0
1.0
2.0
14.0
1.0
21.0
364.0
4.0
1.0
8.0
1.0
4.0
2.0
101.0
1.0
3.0
31.0
24.0
41.0
3.0
7.0
2.0
1.0
997.0
776.0
10.0
295.0
1.0
14.0
3.0
5.0
9.0
3.0
1.0
17.0
1.0
1803.0
3334.0
1.0
92.0
3.0
3.0
412.0
1.0
3.0
12.0
3.0
271.0
8.0
8.0
1.0
17.0
3.0
2539.0
18.0
17.0
3.0
1.0
1.0
3.0
1.0
1.0
14.0
160.0
200.0
2.0
1.0
1.0
3.0
6.0
1.0
1.0
1.0
1.0
5.0
1.0
1.0
12.0
1.0
19.0
9.0
4.0
22.0
1.0
3.0
365.0
1.0
9.0
28.0
1.0
4.0
1.0
4.0
1632.0
3.0
64.0
18.0
81.0
1.0
73.0
3.0
4.0
1.0
3.0
632.0
2.0
3.0
2704.0
8.0
1.0
75.0
145.0
565.0
70.0
551.0
9.0
1.0
1.0
2.0
677.0
61.0
3.0
4.0
11.0
703.0
1.0
1.0
16.0
207.0
3.0
1.0
1.0
993.0
104.0
2.0
165.0
282.0
22.0
3.0
1.0
2.0
1.0
1018.0
1.0
3.0
2.0
1.0
1.0
33.0
135.0
351.0
2.0
1.0
2.0
36.0
3.0
967.0
720.0
1.0
43.0
3.0
3.0
1.0
3.0
19.0
3.0
37.0
1.0
1.0
3.0
97.0
2.0
9.0
2.0
93.0
3.0
3.0
11.0
19.0
1.0
30.0
3.0
436.0
7.0
55.0
8.0
130.0
3.0
2.0
1.0
3.0
1.0
3.0
50.0
1.0
17.0
3.0
42.0
376.0
2.0
378.0
2.0
9.0
38.0
3.0
164.0
1.0
1.0
1.0
2.0
3.0
4.0
1.0
1.0
1.0
2.0
433.0
3.0
2.0
65.0
3.0
1.0
3.0
6.0
1.0
1.0
3.0
4.0
13.0
2.0
9.0
3.0
59.0
3.0
16.0
1.0
42.0
25.0
3.0
278.0
29.0
3.0
3.0
1.0
5.0
10.0
242.0
1.0
2.0
6.0
2.0
4.0
21.0
5.0
4.0
1.0
1.0
4.0
1.0
3.0
1.0
63.0
14.0
1.0
1.0
14.0
2.0
320.0
1.0
48.0
12.0
2.0
2770.0
3.0
6.0
1155.0
3.0
96.0
4.0
3122.0
9.0
3.0
218.0
3.0
214.0
1.0
621.0
4.0
2.0
3.0
3.0
32.0
2.0
98.0
45.0
375.0
19.0
1.0
1.0
2.0
2.0
19.0
4.0
1.0
3.0
1.0
3414.0
4.0
1.0
1.0
308.0
9.0
2.0
1.0
10.0
5.0
19.0
3.0
1.0
1.0
1.0
3.0
1.0
1.0
27.0
17.0
14.0
1044.0
4.0
40.0
10.0
19.0
4.0
1532.0
1.0
4.0
50.0
22.0
2.0
2.0
2.0
360.0
2.0
4.0
1.0
3.0
24.0
4.0
10.0
82.0
5.0
3.0
2.0
11.0
2.0
2.0
3.0
86.0
16.0
3.0
14.0
3.0
2.0
2.0
7.0
4.0
998.0
2990.0
2.0
10.0
2.0
1.0
3.0
3.0
118.0
1111.0
1543.0
8.0
520.0
31.0
19.0
1183.0
1.0
1929.0
9.0
1066.0
3.0
216.0
2.0
7.0
19.0
3.0
2452.0
2.0
1.0
4.0
70.0
2.0
10.0
1.0
2.0
6.0
58.0
44.0
1.0
1.0
3.0
5.0
3.0
3.0
130.0
313.0
644.0
1.0
3.0
1.0
1.0
3.0
31.0
6.0
1.0
402.0
7.0
1.0
17.0
1.0
17.0
1.0
555.0
106.0
22.0
69.0
9.0
966.0
3.0
1087.0
21.0
7.0
7.0
79.0
8.0
4.0
1.0
1.0
16.0
13.0
1.0
2.0
139.0
50.0
1.0
3.0
3.0
3219.0
3.0
59.0
4.0
19.0
3.0
64.0
1.0
25.0
8.0
1078.0
8.0
1.0
355.0
3.0
24.0
1.0
3.0
1.0
18.0
1.0
1.0
1.0
12.0
2.0
1.0
87.0
13.0
1.0
2.0
3.0
78.0
15.0
16479.0
38.0
1.0
22.0
1.0
71.0
61.0
3.0
1.0
2.0
3629.0
2.0
425.0
1.0
2.0
293.0
22.0
53.0
3.0
1.0
1.0
3.0
1085.0
1.0
2.0
5.0
438.0
26.0
3.0
1.0
712.0
18.0
1.0
1.0
8.0
2.0
4.0
1.0
1564.0
1.0
3000.0
1.0
1.0
3.0
7.0
10.0
2.0
1.0
5.0
3.0
1.0
1.0
8.0
1.0
148.0
5.0
696.0
667.0
36.0
1.0
9.0
15.0
1.0
2.0
318.0
1.0
4.0
234.0
3.0
47.0
2.0
11.0
3.0
1.0
18.0
27.0
4.0
1756.0
9.0
264.0
3.0
1.0
180.0
2.0
1.0
3.0
2.0
1.0
2.0
14.0
8.0
1.0
1.0
7095.0
157.0
3.0
10.0
1.0
3.0
2466.0
1.0
101.0
4.0
16.0
2.0
3.0
1.0
183.0
5.0
14.0
1.0
2.0
3.0
1.0
182.0
20.0
3.0
3.0
4.0
3.0
9.0
1.0
2.0
3.0
89.0
1.0
1056.0
11.0
2.0
1.0
54.0
95.0
1.0
1.0
2.0
1.0
989.0
2.0
1.0
1.0
13116.0
60.0
101.0
8.0
2.0
16.0
2.0
4.0
9.0
2.0
1.0
33.0
3.0
9.0
2165.0
22.0
2225.0
9.0
375.0
1.0
2.0
1.0
17.0
13.0
4.0
4.0
1.0
19.0
3.0
1.0
46.0
18.0
4.0
2.0
174.0
172.0
22.0
1.0
1.0
8.0
3.0
1.0
56.0
17.0
3.0
122.0
3.0
9.0
902.0
1.0
8.0
1225.0
4.0
1.0
3.0
1.0
2.0
282.0
10.0
6.0
139.0
3.0
2.0
1.0
3.0
4.0
90.0
5.0
9.0
1.0
2.0
3.0
1.0
4.0
4.0
3.0
1.0
3.0
1.0
1.0
1490.0
1.0
889.0
1.0
4.0
36.0
3.0
6.0
152.0
2.0
1.0
1278.0
21.0
235.0
1.0
1310.0
1.0
1.0
3.0
3.0
1.0
226.0
2.0
1.0
1.0
2.0
453.0
17.0
1.0
5.0
3.0
77.0
205.0
114.0
3.0
50.0
1.0
3.0
542.0
92.0
7.0
141.0
3.0
3.0
1.0
258.0
2.0
913.0
1018.0
2.0
1.0
67.0
5.0
1.0
24.0
4.0
1.0
152.0
7.0
1.0
845.0
647.0
5.0
2.0
1.0
4.0
3.0
63.0
10.0
1.0
1407.0
372.0
1.0
1.0
2.0
22.0
1.0
4.0
434.0
386.0
10.0
275.0
7.0
3.0
212.0
177.0
278.0
4.0
3.0
6.0
20.0
959.0
86.0
13.0
19.0
1.0
858.0
6411.0
27.0
1.0
69.0
82.0
3.0
1.0
404.0
2.0
338.0
2.0
2.0
270.0
1.0
2.0
904.0
3.0
1.0
1.0
74.0
4.0
8.0
1.0
2.0
30.0
374.0
2.0
452.0
3.0
1.0
15.0
3.0
5.0
43.0
3.0
1.0
17.0
8.0
2826.0
1.0
899.0
8.0
3.0
3.0
728.0
1.0
5.0
1.0
7.0
59.0
14.0
1.0
312.0
2.0
1.0
4.0
509.0
1.0
3.0
18.0
596.0
19.0
1.0
7.0
7.0
152.0
4.0
3.0
27.0
3.0
23.0
1.0
129.0
3.0
48.0
3.0
57.0
1.0
2.0
3.0
31.0
23.0
3.0
16.0
1.0
21.0
3.0
3.0
98.0
3.0
6.0
584.0
3.0
102.0
7.0
118.0
1681.0
3.0
1299.0
1.0
9.0
23.0
4.0
1.0
38.0
4.0
27.0
1.0
30.0
3.0
2.0
1.0
10836.0
2.0
163.0
3.0
2.0
64.0
2.0
5.0
358.0
115.0
4.0
24.0
7.0
8.0
8.0
8.0
28.0
288.0
3.0
1.0
1.0
4.0
24.0
45.0
68.0
8.0
1.0
1.0
36.0
3.0
19.0
17.0
3.0
43.0
20.0
86.0
3.0
1.0
1.0
1.0
8.0
1943.0
2.0
5.0
3.0
54.0
30.0
2.0
18.0
154.0
4.0
1.0
134.0
1.0
2516.0
3060.0
1.0
78.0
83.0
3.0
1.0
282.0
1.0
9.0
3252.0
3.0
3.0
13.0
5.0
8.0
172.0
3.0
2.0
366.0
3.0
33.0
27.0
93.0
1.0
1.0
30.0
463.0
61.0
4.0
45.0
15.0
23.0
296.0
1.0
1.0
24.0
1.0
1.0
5.0
2.0
3.0
1.0
39354.0
20.0
34.0
439.0
3.0
2.0
9.0
1.0
11.0
1.0
704.0
51.0
50.0
4.0
164.0
2540.0
65.0
3.0
1.0
3.0
1.0
10.0
3.0
32.0
368.0
3.0
1.0
3.0
4.0
254.0
1775.0
8.0
1.0
6.0
4.0
3.0
32.0
1.0
11.0
271.0
1.0
1.0
1.0
1.0
1.0
4.0
292.0
24.0
769.0
5.0
9.0
105.0
4.0
24.0
1310.0
3.0
7.0
1.0
12.0
169.0
28.0
6.0
19.0
1.0
4.0
3.0
23.0
1.0
4.0
2.0
19.0
2.0
4.0
3.0
5.0
1.0
1.0
3.0
79.0
4.0
3.0
2.0
3.0
3.0
2.0
4.0
2.0
196.0
1.0
2.0
2221.0
8.0
1.0
3.0
130.0
2.0
148.0
4.0
29.0
12.0
46.0
1588.0
25.0
102.0
2.0
1.0
6.0
4.0
1.0
3.0
642.0
30.0
1.0
5.0
13.0
8.0
644.0
32.0
1.0
898.0
602.0
1.0
2.0
972.0
4.0
2.0
1.0
14.0
27.0
23.0
34.0
1.0
4.0
1.0
1.0
3.0
17.0
13.0
1.0
453.0
565.0
2.0
1.0
1.0
1.0
9.0
1.0
8.0
3.0
3.0
1.0
1647.0
1.0
1.0
2.0
694.0
11.0
1.0
1.0
3.0
21.0
1.0
16.0
1855.0
4.0
2.0
1.0
22.0
2452.0
1.0
10.0
12.0
3.0
1.0
7833.0
1.0
18.0
8.0
13840.0
1.0
1.0
391.0
459.0
1.0
30.0
797.0
5.0
1.0
4.0
7.0
1.0
1.0
1.0
1046.0
2.0
26.0
1538.0
1.0
1.0
1.0
3.0
5.0
45.0
81.0
3.0
1.0
9.0
1.0
1.0
2.0
3.0
1.0
65.0
8.0
249.0
109.0
12.0
4.0
18.0
1.0
4.0
18.0
24.0
9.0
23.0
2.0
1.0
6.0
44.0
106.0
1.0
4.0
3.0
1.0
78.0
4.0
1.0
2339.0
1.0
2741.0
1520.0
2.0
3.0
1.0
886.0
1.0
1.0
38.0
1.0
7.0
21.0
3588.0
1.0
15.0
4.0
3.0
9739.0
2.0
1.0
29.0
1044.0
15.0
33.0
1.0
1.0
43.0
1.0
47.0
1.0
4.0
2.0
1.0
3.0
4.0
138.0
3.0
928.0
2627.0
24.0
2.0
1.0
3.0
4.0
3.0
159.0
1.0
83.0
230.0
14.0
4.0
2.0
2.0
678.0
1.0
11.0
46.0
2.0
3.0
1.0
3333.0
9.0
8.0
55.0
1.0
3.0
14.0
1.0
3.0
44.0
23.0
547.0
4.0
3.0
4902.0
34.0
1554.0
2367.0
38.0
3.0
131.0
1.0
163.0
6.0
3.0
2.0
1.0
1.0
3.0
3.0
1.0
1.0
38.0
1.0
9.0
2.0
1.0
3.0
2.0
15.0
7.0
3.0
12.0
2.0
7.0
681.0
7.0
1.0
350.0
9.0
288.0
5.0
2.0
14189.0
6.0
1.0
932.0
8.0
55.0
17.0
92.0
6.0
16.0
1.0
1.0
5.0
4.0
657.0
1102.0
22.0
2.0
2.0
21.0
1334.0
1.0
1.0
1.0
1.0
1.0
78.0
1.0
19.0
21.0
1.0
16.0
81.0
3.0
64.0
3.0
470.0
2.0
400.0
1.0
83.0
1.0
596.0
1.0
3.0
31.0
3.0
2.0
1.0
3.0
596.0
3.0
3.0
2.0
1.0
2.0
2.0
17.0
1.0
1.0
34.0
2.0
1.0
7.0
1.0
4.0
3.0
823.0
3.0
6.0
2.0
2.0
1.0
3.0
2.0
16.0
157.0
1229.0
2.0
2.0
1548.0
1.0
11.0
5.0
2.0
87.0
1.0
1.0
1.0
3.0
11.0
1.0
1.0
2.0
697.0
3.0
1.0
2.0
3.0
44.0
3.0
1.0
2.0
1.0
4.0
1.0
1.0
2.0
8.0
4.0
3.0
4.0
51.0
23.0
2.0
381.0
6.0
1.0
72.0
3.0
3.0
5.0
2.0
1.0
3.0
1.0
11.0
107.0
3.0
3.0
55.0
1.0
3.0
5.0
18.0
609.0
1.0
838.0
3.0
3.0
18.0
2.0
8.0
21.0
1.0
3.0
3.0
1.0
1.0
278.0
4.0
114.0
13.0
655.0
1.0
2.0
104.0
9.0
31.0
1.0
3.0
11.0
3.0
380.0
5.0
149.0
3.0
9.0
1.0
1.0
3.0
305.0
1.0
115.0
1.0
1.0
4.0
1.0
209.0
1.0
472.0
62.0
3.0
2.0
1.0
4.0
8.0
1.0
3.0
14952.0
25.0
232.0
3.0
370.0
2.0
6.0
172.0
1.0
472.0
1098.0
10.0
24.0
1.0
2.0
7.0
815.0
1.0
2.0
1168.0
158.0
46.0
986.0
4.0
1.0
67.0
2.0
14.0
1246.0
3.0
3.0
127.0
839.0
3.0
108.0
7.0
763.0
1069.0
1.0
5.0
4.0
35.0
7.0
1.0
4.0
18.0
3.0
3.0
20.0
4.0
2.0
3.0
2.0
3.0
127.0
1.0
128.0
104.0
3.0
1.0
1.0
2.0
7096.0
219.0
3.0
3.0
38.0
2.0
11.0
28.0
1.0
1.0
30.0
19.0
17.0
3.0
22.0
4.0
75.0
1.0
3.0
4021.0
6.0
1336.0
108.0
1.0
1.0
3.0
990.0
1.0
1.0
10.0
416.0
1.0
847.0
1.0
421.0
38.0
1.0
1.0
9651.0
41.0
5.0
1.0
2.0
4.0
3.0
47559.0
16.0
8.0
13.0
2.0
4.0
1.0
5.0
114.0
1960.0
1.0
2630.0
1.0
24.0
1.0
1.0
24.0
1.0
1.0
1.0
1.0
1.0
3.0
1.0
3.0
2.0
1.0
2.0
12.0
3.0
4.0
4.0
11.0
1067.0
796.0
1.0
1.0
16.0
7.0
1.0
96.0
4.0
1033.0
1536.0
7.0
10.0
9.0
1788.0
140.0
9.0
128.0
812.0
346.0
781.0
102.0
9.0
173.0
1.0
1.0
143.0
1.0
2.0
1.0
2.0
1.0
36.0
1159.0
3.0
1.0
83.0
2336.0
1018.0
2.0
16.0
48.0
2.0
11.0
135.0
24.0
6.0
1.0
415.0
2.0
3.0
151.0
887.0
2.0
283.0
2.0
1.0
3.0
835.0
93.0
1.0
19.0
3.0
692.0
4.0
1.0
2.0
1.0
5.0
1.0
2.0
10.0
203.0
2.0
1.0
6.0
3.0
2412.0
1.0
4.0
76.0
1.0
4.0
4.0
7.0
5.0
1.0
230.0
2.0
5.0
585.0
1.0
1.0
4.0
24.0
2.0
11.0
58.0
2.0
6.0
51.0
3.0
2.0
151.0
26.0
1.0
4.0
8.0
3.0
180.0
1.0
2.0
11.0
6.0
2652.0
3.0
1.0
1194.0
1.0
3.0
311.0
2.0
3.0
1.0
34.0
3.0
3.0
3.0
798.0
5.0
23.0
3.0
2.0
1.0
9.0
28.0
3.0
8.0
1.0
278.0
86.0
18.0
1.0
1.0
2.0
1.0
2.0
3.0
1.0
1.0
2.0
3.0
3786.0
87.0
2.0
1314.0
22.0
1.0
240.0
1.0
156.0
8.0
86.0
4.0
1.0
1.0
1.0
3.0
1.0
2.0
3.0
3.0
1.0
268.0
20.0
2.0
1.0
14.0
2.0
13.0
2.0
7.0
3.0
7.0
3.0
1.0
14.0
2.0
1.0
2.0
2.0
1757.0
1.0
6.0
3.0
6.0
1.0
20.0
298.0
3.0
256.0
1.0
3356.0
397.0
576.0
8939.0
76.0
74.0
3.0
5.0
2.0
631.0
3.0
3.0
24.0
265.0
1728.0
10.0
951.0
3.0
3.0
3.0
2.0
96.0
2.0
1.0
3454.0
4.0
3.0
3.0
18.0
164.0
3.0
142.0
152.0
1.0
2.0
5988.0
21.0
2.0
48.0
1.0
19.0
441.0
1.0
5.0
4.0
1.0
2.0
1.0
3.0
3.0
1.0
28.0
2942.0
344.0
14.0
1225.0
3.0
8.0
1.0
187.0
6.0
2.0
9.0
1.0
2.0
292.0
3.0
3.0
3.0
391.0
3.0
4.0
129.0
1097.0
25.0
1.0
1.0
1.0
1.0
62.0
68.0
23.0
2.0
5.0
1.0
1.0
2.0
3.0
11.0
3.0
54.0
1.0
492.0
1.0
8.0
4.0
13.0
3.0
1.0
1.0
313.0
12.0
1.0
3.0
5.0
29.0
2.0
3.0
341.0
1.0
410.0
1.0
402.0
3.0
2.0
201.0
1.0
3.0
107.0
1.0
34.0
3.0
1.0
3.0
3.0
79.0
3.0
701.0
3.0
16.0
4.0
37.0
5.0
885.0
1.0
4.0
342.0
1.0
1.0
1.0
1.0
28.0
2.0
1.0
13.0
157.0
7611.0
1.0
1.0
227.0
3.0
1.0
8.0
129.0
6.0
1.0
1.0
47.0
18.0
2.0
4.0
3.0
1041.0
2.0
58.0
116.0
1.0
2.0
3.0
541.0
12.0
1.0
1.0
248.0
2.0
376.0
47.0
1.0
6.0
7.0
1.0
2.0
249.0
1.0
37.0
2.0
1.0
3.0
3.0
3.0
1.0
17.0
71.0
156.0
148.0
1.0
5.0
18.0
7602.0
1.0
18.0
9.0
1.0
3.0
1.0
1.0
3.0
1.0
229.0
4.0
93.0
7.0
3036.0
3.0
279.0
3.0
29.0
101.0
102.0
14.0
193.0
2.0
1.0
1.0
11.0
15.0
2.0
4.0
33.0
1.0
69.0
1700.0
3.0
1.0
19.0
351.0
2.0
4.0
86.0
9.0
3.0
12385.0
24.0
1.0
1488.0
1.0
1.0
1.0
17.0
23.0
132.0
183.0
7.0
3.0
3.0
1.0
3.0
3.0
3.0
3.0
559.0
417.0
8.0
2.0
1.0
4.0
1.0
4.0
651.0
172.0
3.0
11.0
1.0
20.0
334.0
2.0
1929.0
3.0
1.0
139.0
1.0
1.0
1.0
3.0
1.0
3.0
3.0
1192.0
1.0
1669.0
2.0
2.0
1.0
22.0
635.0
2200.0
1.0
46.0
3.0
66.0
37.0
351.0
3.0
370.0
60.0
1047.0
3.0
1.0
1.0
18.0
816.0
4.0
641.0
1.0
15.0
1.0
3.0
245.0
60.0
49.0
62.0
3.0
3.0
492.0
25.0
1.0
3.0
2.0
342.0
30.0
1.0
102.0
3.0
21.0
18.0
1.0
4.0
4.0
17.0
75.0
3.0
281.0
2.0
3.0
5.0
3.0
1.0
4.0
3.0
3.0
85.0
375.0
43.0
2.0
61.0
5.0
1.0
3.0
1.0
65.0
7057.0
22.0
5.0
2.0
14.0
1.0
3.0
2.0
1386.0
12.0
136.0
2.0
2.0
9.0
6.0
152.0
3.0
4.0
6.0
140.0
3.0
16.0
7.0
1.0
2266.0
47.0
571.0
7.0
1642.0
22830.0
3.0
1.0
1.0
2.0
1.0
647.0
3.0
1235.0
3.0
7.0
52.0
1141.0
3.0
5.0
3.0
24.0
3.0
2.0
1.0
89.0
1.0
7.0
1.0
1.0
1.0
1.0
1.0
1.0
5.0
4.0
7.0
2.0
60.0
1.0
1.0
9.0
1.0
81.0
1.0
24.0
1633.0
31.0
3.0
27.0
9.0
85.0
3.0
172.0
3.0
1.0
3.0
1.0
2.0
2.0
4.0
8.0
25.0
5.0
1.0
3.0
15.0
55.0
9.0
2.0
36.0
3.0
9.0
2.0
3.0
3.0
2.0
2.0
1.0
1.0
2.0
24.0
8.0
3.0
3.0
3.0
3.0
1.0
2.0
20.0
1225.0
1.0
1.0
1.0
50.0
1.0
3.0
282.0
3.0
197.0
1.0
2.0
75.0
118.0
1.0
4.0
1.0
1.0
1.0
2.0
3.0
2.0
6.0
12.0
65.0
1304.0
1.0
600.0
3.0
1.0
246.0
3.0
4.0
3.0
299.0
1.0
2.0
452.0
24.0
56.0
1.0
1.0
1.0
1505.0
35.0
1.0
444.0
102.0
970.0
116.0
2.0
3.0
1.0
2.0
1.0
2.0
3.0
35.0
12.0
3.0
157.0
687.0
1.0
1.0
36.0
19.0
3.0
1.0
1.0
2.0
1.0
1.0
13.0
10.0
3.0
4.0
1.0
1.0
477.0
3.0
31.0
351.0
7.0
1.0
1.0
1.0
1.0
1.0
18.0
1246.0
86.0
1.0
1.0
1.0
2.0
3.0
1.0
10.0
4.0
1.0
3.0
4.0
1.0
21.0
524.0
3.0
33.0
3.0
1.0
1.0
2.0
4.0
2.0
1901.0
856.0
19.0
108.0
1.0
1.0
6.0
7.0
1.0
66.0
12.0
70.0
716.0
6.0
57.0
783.0
8.0
2147.0
229.0
8.0
3.0
2.0
1.0
6.0
3.0
1.0
103.0
3.0
1.0
3.0
31.0
9.0
1.0
55.0
1.0
2.0
1.0
1.0
11.0
4.0
14515.0
49.0
2.0
4749.0
3.0
30.0
1.0
3.0
62.0
1.0
1.0
753.0
3.0
45.0
6.0
1.0
1399.0
2.0
3.0
160.0
1.0
1.0
677.0
2111.0
4.0
1.0
72.0
204.0
3.0
11.0
1.0
3.0
319.0
2.0
1.0
22.0
1.0
91.0
1.0
6.0
43.0
3.0
1.0
5228.0
70.0
4.0
2.0
1.0
119.0
157.0
1.0
19.0
5.0
6.0
1.0
4.0
2.0
1.0
1.0
3.0
4.0
78.0
1.0
1.0
5.0
5.0
805.0
4.0
311.0
3.0
1.0
10.0
1527.0
674.0
3.0
2.0
2.0
1.0
4323.0
1.0
1.0
7.0
22.0
3.0
3.0
65.0
424.0
3.0
1.0
1.0
2.0
2.0
52.0
14385.0
1.0
413.0
71.0
695.0
3.0
1.0
2.0
94.0
288.0
4.0
1.0
4.0
11.0
3.0
2.0
1.0
1.0
3.0
3.0
3.0
4.0
3.0
1.0
3.0
2.0
1.0
2.0
4.0
217.0
17.0
4.0
1.0
3.0
474.0
3.0
2.0
108.0
3.0
3.0
20.0
1475.0
1.0
43.0
3.0
2.0
4.0
205.0
3.0
2.0
4.0
38.0
13.0
1.0
1.0
162.0
4.0
9.0
1.0
112.0
1.0
69.0
1.0
486.0
1.0
12.0
8.0
3.0
1.0
2.0
1.0
3.0
4.0
1.0
18.0
3.0
1.0
2.0
4.0
1.0
3.0
2.0
889.0
4.0
135.0
1.0
2.0
1.0
5.0
1.0
1.0
10.0
1.0
1.0
7.0
3.0
238.0
2.0
41.0
1.0
3.0
1.0
1273.0
6.0
9.0
10.0
1.0
1.0
9.0
9.0
6.0
70.0
3.0
6.0
9.0
7.0
3.0
12.0
1.0
2.0
8.0
1.0
280.0
2.0
1.0
1.0
24.0
2.0
2.0
287.0
3.0
186.0
1.0
10.0
590.0
27.0
3.0
1.0
6.0
1.0
7.0
1.0
6.0
15.0
331.0
3.0
17.0
3.0
17.0
1.0
1.0
1.0
3.0
1.0
1.0
6.0
759.0
75.0
4.0
1086.0
1.0
553.0
5.0
9.0
3265.0
2.0
3.0
17.0
60.0
5.0
2.0
3.0
9.0
3.0
3.0
2.0
696.0
1.0
351.0
1.0
1.0
5.0
3.0
1.0
3.0
14.0
6.0
1.0
105.0
3.0
150.0
2.0
1.0
1.0
2.0
9.0
311.0
28.0
24.0
38.0
1.0
5.0
1.0
32.0
202.0
16.0
1.0
28.0
740.0
1.0
12.0
11.0
7.0
1.0
1.0
8.0
1.0
3.0
1.0
29.0
4.0
8.0
827.0
2222.0
730.0
15.0
15.0
10.0
1075.0
34.0
4.0
3.0
222.0
74.0
1.0
3.0
8.0
338.0
23.0
1.0
3.0
2081.0
6.0
3.0
257.0
3.0
3.0
3.0
24.0
5550.0
1.0
3.0
9.0
4.0
1.0
3574.0
1.0
23.0
2.0
2.0
3.0
3.0
1.0
605.0
2.0
7.0
1.0
22.0
1039.0
25.0
8.0
7.0
29.0
1.0
147.0
1.0
9.0
3.0
302.0
3.0
6.0
3.0
3.0
235.0
1655.0
33.0
2.0
2.0
2.0
1.0
3.0
8.0
3.0
6.0
31.0
3.0
1.0
3.0
1.0
3.0
11.0
1.0
2.0
3.0
4.0
5.0
25.0
1.0
4.0
1.0
91.0
11.0
1.0
12.0
8.0
1.0
288.0
961.0
1.0
3.0
119.0
1.0
24.0
2.0
1.0
1.0
44.0
2.0
1.0
1.0
3.0
1866.0
4.0
1.0
8.0
87.0
2.0
91.0
1.0
1.0
1.0
3.0
1.0
3.0
580.0
2.0
3.0
38.0
2.0
876.0
27.0
397.0
7.0
5.0
83.0
1.0
2.0
2.0
1.0
1.0
1.0
8.0
1.0
3.0
3.0
101.0
3.0
2.0
4.0
5937.0
14.0
2.0
5.0
1.0
3.0
11.0
3.0
2.0
7.0
1.0
3.0
132.0
1.0
138.0
1.0
1.0
2.0
1.0
3574.0
2.0
1.0
1.0
740.0
15.0
2.0
29.0
3.0
27.0
103.0
1.0
152.0
1.0
7.0
9.0
1.0
6.0
3.0
1.0
118.0
576.0
65.0
46.0
835.0
109.0
12.0
3.0
8.0
1.0
2.0
3.0
1.0
4.0
1.0
206.0
1.0
991.0
2.0
1.0
1.0
1.0
8.0
1.0
4.0
1.0
9.0
1085.0
2.0
4.0
6.0
1.0
4.0
4.0
2.0
3.0
3.0
2.0
1.0
2.0
1.0
4.0
265.0
1.0
3.0
4.0
8.0
5.0
4.0
169.0
1.0
1.0
1.0
574.0
1.0
1.0
4.0
3.0
5.0
2.0
1.0
1.0
1.0
3.0
16.0
3.0
10.0
351.0
466.0
1.0
1.0
55.0
1.0
1.0
3.0
1.0
143.0
1.0
1.0
3.0
426.0
5.0
574.0
1.0
2.0
7.0
3.0
177.0
1.0
3.0
14.0
3.0
5.0
1.0
9.0
1.0
1.0
1155.0
8.0
2.0
94.0
1.0
3.0
1.0
379.0
1.0
13942.0
5.0
1.0
1.0
1.0
3.0
457.0
127.0
67.0
3.0
2.0
2.0
6.0
7.0
73.0
105.0
1.0
3.0
152.0
17.0
8.0
3.0
13.0
1.0
282.0
10.0
24.0
3.0
10.0
24.0
1.0
1768.0
2.0
8.0
1228.0
3.0
3.0
19.0
152.0
3.0
1.0
4.0
1.0
87.0
19.0
375.0
489.0
7.0
9.0
119.0
1.0
685.0
237.0
7.0
4.0
3.0
108.0
143.0
4.0
3000.0
19.0
58.0
257.0
4.0
5.0
23.0
10.0
2.0
3.0
70.0
1.0
365.0
3.0
11593.0
24.0
19.0
1.0
3.0
15.0
1.0
2.0
7.0
15.0
11759.0
1.0
111.0
3151.0
2.0
3.0
1.0
3.0
5.0
2.0
266.0
4188.0
6.0
6.0
1.0
972.0
4.0
2.0
675.0
3.0
4.0
2.0
1.0
11.0
6.0
1.0
3.0
5.0
13.0
1.0
1.0
5167.0
2.0
3.0
9.0
3.0
2.0
3.0
1.0
1.0
3.0
1.0
18.0
3.0
1552.0
1.0
421.0
20.0
25.0
4.0
9.0
27.0
14.0
11.0
1.0
2.0
1.0
10.0
38.0
516.0
1.0
1.0
11.0
20.0
1.0
2.0
1.0
9.0
1.0
7.0
3.0
3.0
1.0
10.0
715.0
4.0
1.0
27.0
2.0
18.0
42.0
1.0
1.0
595.0
1.0
1.0
5.0
125.0
115.0
2.0
1.0
17.0
12.0
3.0
3.0
1.0
15.0
3.0
9.0
25.0
854.0
512.0
456.0
3.0
5.0
10.0
1.0
1.0
2.0
1.0
1.0
22.0
30.0
9.0
3.0
6.0
3.0
8.0
25.0
1.0
5.0
6.0
1.0
1.0
3.0
2.0
19.0
941.0
6.0
1.0
157.0
205.0
1.0
1037.0
1.0
2.0
24.0
3.0
780.0
18.0
1.0
18.0
548.0
1.0
1.0
3.0
300.0
3.0
1.0
4.0
44.0
2.0
10.0
4.0
3.0
1.0
5.0
70.0
53.0
1.0
3.0
177.0
24.0
2.0
464.0
15.0
177.0
75.0
128.0
6.0
111.0
1282.0
570.0
3.0
3.0
6.0
1.0
25.0
3.0
2.0
161.0
3.0
7.0
8.0
24.0
5.0
1.0
3.0
2.0
34.0
3.0
26.0
1.0
6.0
1.0
1.0
3.0
4.0
6.0
1.0
164.0
31.0
1.0
2.0
70.0
1.0
6.0
2.0
2.0
1.0
961.0
1.0
1225.0
10.0
97.0
2.0
4.0
1.0
2.0
8.0
1.0
6.0
1.0
4.0
1.0
1.0
2.0
1.0
1.0
2.0
3.0
1.0
5.0
1.0
1.0
62.0
1.0
1.0
1.0
596.0
1.0
3.0
1.0
23.0
5.0
19.0
167.0
7.0
19.0
370.0
534.0
2.0
676.0
844.0
16.0
862.0
4.0
59.0
10.0
675.0
1.0
1.0
659.0
2.0
4.0
3.0
17.0
2.0
19.0
1.0
1.0
1.0
2.0
965.0
36.0
1.0
1.0
934.0
3.0
89.0
1.0
119.0
4.0
1.0
2.0
932.0
4.0
1.0
3.0
1.0
7.0
5.0
3.0
5.0
2.0
1.0
9.0
1293.0
3.0
14537.0
1.0
3.0
2.0
1048.0
2.0
11.0
132.0
3053.0
50.0
1.0
3.0
1.0
8450.0
1.0
43.0
5.0
1.0
1.0
85.0
957.0
399.0
113.0
9.0
421.0
268.0
14.0
4.0
2.0
1.0
1.0
1.0
3.0
4.0
2.0
278.0
3.0
1.0
9.0
7.0
51.0
1.0
174.0
1.0
5.0
1.0
294.0
227.0
1.0
2.0
3.0
1.0
1.0
21.0
1.0
1.0
1.0
41.0
3.0
147.0
126.0
2.0
1.0
14.0
4.0
23.0
3.0
1.0
3.0
3.0
13.0
1.0
1.0
1.0
1.0
24.0
3.0
48.0
7.0
2.0
494.0
126.0
5.0
111.0
17.0
31.0
3.0
3.0
20.0
48.0
4.0
612.0
35.0
1.0
48.0
28.0
3.0
1212.0
1.0
3.0
1.0
3.0
1.0
1.0
2.0
850.0
3.0
1.0
9678.0
8679.0
3.0
14189.0
1.0
2.0
1.0
7.0
1.0
3.0
3.0
1.0
10.0
3.0
2.0
1.0
3.0
492.0
3.0
1.0
4.0
33.0
1.0
1.0
1.0
1.0
3.0
1714.0
55.0
4.0
472.0
10.0
1.0
7.0
9.0
1.0
1.0
1.0
20.0
3.0
33.0
6.0
1.0
38.0
3.0
1.0
23.0
1.0
1.0
2.0
42.0
1077.0
1.0
283.0
5.0
4.0
1.0
14.0
57.0
3.0
2.0
27.0
1.0
5.0
69.0
37.0
426.0
2.0
3.0
878.0
118.0
15717.0
2.0
405.0
1.0
7.0
1.0
1.0
20.0
1.0
3.0
5.0
3.0
837.0
1.0
1.0
2.0
2.0
11.0
1.0
69.0
54.0
4.0
4.0
1.0
69.0
3.0
3.0
1.0
1.0
1.0
1.0
3.0
1.0
1.0
3.0
3.0
1.0
19.0
1.0
4.0
1635.0
1.0
1.0
3.0
2.0
3.0
113.0
211.0
55.0
24.0
3.0
16.0
17.0
1.0
1.0
1.0
3.0
362.0
22.0
3.0
879.0
15.0
121.0
35.0
3.0
8.0
3.0
19.0
55.0
1.0
51.0
89.0
42.0
22.0
4.0
2.0
1.0
1.0
63.0
1.0
3.0
3.0
1.0
3.0
49.0
1.0
3.0
14.0
4.0
1.0
8.0
2.0
9.0
2.0
7.0
3.0
1342.0
100.0
130.0
1.0
13.0
997.0
9.0
1.0
6.0
2.0
8.0
3.0
1.0
24.0
1.0
5.0
1.0
1.0
3.0
2.0
5.0
3.0
1.0
178.0
29.0
68.0
1.0
1.0
4.0
1.0
13.0
3.0
2.0
1.0
17.0
6.0
351.0
3.0
3.0
705.0
2.0
9.0
1.0
12.0
1.0
60.0
1.0
9.0
1.0
2.0
3.0
1.0
45.0
94.0
3.0
1.0
4.0
1.0
300.0
5.0
17.0
6.0
5.0
2.0
12.0
3.0
7.0
1.0
3.0
105.0
253.0
3.0
6.0
3.0
12.0
1018.0
1.0
13.0
87.0
19.0
9.0
2048.0
1.0
7.0
6.0
2.0
2.0
1.0
1759.0
3.0
1.0
235.0
3.0
1.0
11.0
67.0
1.0
7.0
10.0
30.0
2.0
11.0
19.0
6.0
3.0
59.0
1.0
5.0
14.0
3.0
1023.0
7.0
4.0
2.0
18.0
8.0
1.0
1078.0
1.0
2426.0
516.0
3.0
24.0
16.0
3.0
1.0
899.0
2.0
60.0
1.0
1.0
7.0
9.0
2.0
116.0
49.0
31.0
23.0
1.0
3.0
7.0
8.0
1.0
1.0
10.0
18.0
1.0
3.0
7.0
2.0
5.0
24.0
60.0
210.0
3.0
6.0
1.0
2.0
359.0
1522.0
1619.0
351.0
75.0
1.0
5.0
3.0
2.0
2.0
5.0
3.0
2.0
105.0
14.0
5880.0
3647.0
338.0
2.0
3.0
3.0
3.0
1.0
665.0
1262.0
5.0
288.0
2.0
5.0
600.0
1.0
1.0
3.0
273.0
1.0
76.0
1.0
3.0
3.0
1.0
2.0
1.0
3.0
1.0
1.0
3.0
7.0
2.0
238.0
696.0
1705.0
14.0
2.0
2.0
21.0
10.0
4759.0
1.0
1.0
3.0
2.0
12.0
9.0
1.0
3.0
1.0
55.0
15.0
1042.0
33.0
1.0
1.0
305.0
4.0
2.0
3.0
1.0
5.0
11.0
2.0
60.0
9.0
6.0
3.0
1.0
1.0
3.0
118.0
3.0
1.0
1.0
1.0
8.0
7.0
1.0
6.0
4.0
104.0
7.0
271.0
2.0
5.0
3.0
378.0
14.0
9.0
1.0
3.0
13.0
1.0
3.0
1021.0
1027.0
35.0
139.0
3.0
5.0
1.0
1.0
1.0
8.0
1.0
1.0
3.0
1.0
1.0
3.0
1.0
3.0
6.0
23.0
1.0
313.0
78.0
19.0
21.0
85.0
878.0
33.0
11.0
1.0
22.0
3.0
25.0
12.0
36.0
2.0
3.0
1.0
1.0
3.0
105.0
45.0
57.0
3.0
2.0
98.0
3.0
32.0
4.0
1.0
16.0
1.0
968.0
287.0
3.0
421.0
1195.0
365.0
8.0
74.0
8.0
4.0
1.0
1.0
1.0
65.0
3.0
4.0
1.0
1.0
24.0
97.0
3.0
1.0
230.0
548.0
3.0
4.0
2291.0
5.0
100.0
10.0
3.0
9.0
3.0
44.0
2.0
9.0
2.0
21.0
39.0
88.0
4.0
3.0
1.0
3.0
1325.0
16.0
155.0
8.0
1.0
3.0
17.0
60.0
1.0
1.0
2.0
4.0
1.0
2.0
25.0
2.0
98.0
1.0
3.0
357.0
2.0
1.0
4.0
2.0
984.0
1.0
3.0
37.0
33.0
1.0
67.0
1003.0
14.0
898.0
1.0
1.0
5.0
2.0
24.0
17.0
3.0
1.0
56.0
1.0
3.0
1.0
3.0
1.0
2.0
2.0
99.0
3.0
2.0
1.0
112.0
9.0
1.0
1.0
42.0
21.0
4.0
6.0
1.0
288.0
5.0
1.0
2.0
7.0
1.0
23.0
2.0
1.0
2.0
2086.0
370.0
3.0
1.0
9.0
12.0
229.0
1.0
1.0
6.0
2.0
12.0
12.0
39.0
7.0
3.0
149.0
1.0
255.0
2.0
9.0
306.0
282.0
1.0
2.0
2.0
696.0
2.0
1.0
38.0
287.0
3.0
1.0
3.0
1.0
6.0
1.0
1.0
4.0
3.0
1027.0
2.0
1.0
9.0
19.0
1.0
3.0
1.0
77.0
3.0
4.0
3.0
16.0
3.0
47.0
2.0
1.0
1.0
1.0
1.0
17.0
1.0
24.0
1.0
8.0
987.0
1.0
70.0
4.0
2.0
1.0
5.0
4.0
9.0
1.0
288.0
431.0
1.0
3.0
232.0
1.0
2.0
351.0
1.0
66.0
4.0
13.0
2.0
27.0
29.0
121.0
88.0
686.0
2.0
152.0
2.0
390.0
1.0
87.0
3.0
596.0
7.0
668.0
1.0
11.0
3.0
4.0
2.0
2.0
2.0
45.0
145.0
1.0
3.0
2.0
8.0
5.0
3.0
70.0
338.0
696.0
1.0
19.0
5756.0
3.0
8.0
1.0
28.0
1.0
774.0
27.0
7.0
1.0
3.0
1.0
205.0
3.0
1.0
47.0
1341.0
3.0
1067.0
165.0
1.0
1.0
1.0
14.0
2.0
15.0
1.0
47.0
1493.0
797.0
4.0
27.0
3.0
3.0
404.0
1.0
2.0
1.0
12.0
34.0
1.0
75.0
53.0
15.0
1854.0
1.0
14.0
2.0
66.0
80.0
2.0
6.0
2.0
3.0
4.0
7.0
2.0
1.0
1.0
1.0
1.0
35.0
37.0
1.0
44.0
2.0
344.0
3.0
20.0
2.0
9.0
1.0
31.0
1.0
3.0
2.0
3.0
24.0
3.0
2.0
4.0
5.0
191.0
58.0
1.0
2.0
1.0
5.0
1.0
7.0
1587.0
2.0
1.0
1.0
9.0
2.0
4.0
292.0
3.0
2.0
1.0
1.0
14.0
1.0
1.0
5.0
11.0
1.0
182.0
3.0
364.0
1.0
1.0
1.0
1.0
3.0
620.0
19.0
292.0
298.0
72.0
3.0
1.0
1018.0
1.0
8.0
496.0
283.0
3.0
800.0
11.0
1.0
3.0
45.0
40.0
2.0
3.0
1018.0
3.0
5355.0
19.0
1.0
3.0
252.0
105.0
6.0
1.0
1.0
4.0
4.0
1.0
3.0
1.0
1.0
2.0
3.0
4.0
3.0
6.0
1.0
3.0
3.0
122.0
1.0
3.0
99.0
555.0
3.0
1.0
19.0
924.0
11.0
29.0
34.0
14385.0
1.0
1.0
3.0
3.0
15.0
1.0
1.0
2.0
4.0
3.0
2.0
12.0
1.0
13.0
4.0
4.0
24.0
4.0
4.0
9.0
1.0
2.0
145.0
2.0
6.0
1.0
5.0
484.0
1.0
460.0
17.0
3.0
2.0
55.0
2.0
270.0
3.0
3.0
25.0
3.0
1.0
1.0
11.0
4.0
288.0
459.0
1.0
5.0
189.0
157.0
21.0
102.0
6.0
2.0
23.0
1.0
1.0
7.0
4.0
1.0
1180.0
4.0
3.0
4.0
3.0
4.0
1.0
7.0
2.0
1.0
1.0
3.0
2.0
4.0
24.0
3.0
4.0
3.0
11.0
1.0
5.0
2.0
4.0
8.0
1.0
1.0
1.0
1.0
111.0
2.0
10.0
103.0
4.0
10.0
7.0
46.0
2.0
10.0
3.0
3.0
3.0
2.0
101.0
950.0
1.0
1.0
3.0
1311.0
3.0
3270.0
335.0
4.0
779.0
7.0
3.0
2.0
3.0
221.0
31.0
1.0
1.0
3.0
1.0
3.0
3.0
1308.0
34.0
26.0
210.0
25.0
1.0
282.0
21.0
20.0
100.0
179.0
209.0
1.0
3.0
2.0
3521.0
240.0
8.0
23.0
3.0
6.0
1.0
20.0
2.0
7.0
616.0
6.0
1.0
16.0
48.0
2.0
25.0
4.0
1.0
1.0
1.0
19.0
2.0
766.0
3.0
5.0
6.0
29.0
457.0
34.0
1501.0
3.0
151.0
118.0
28.0
381.0
7.0
596.0
1.0
1190.0
1.0
1.0
1083.0
1.0
1099.0
1.0
68.0
8.0
19.0
2.0
239.0
11.0
1.0
75.0
2.0
9.0
6.0
2.0
8670.0
2318.0
8.0
3.0
1.0
7.0
3.0
10.0
83.0
9.0
2.0
9.0
421.0
10.0
182.0
339.0
181.0
144.0
9.0
1.0
1.0
8.0
1.0
1.0
1.0
1.0
714.0
37.0
1.0
3.0
73.0
3.0
73.0
3.0
3.0
7.0
565.0
17.0
19.0
1.0
69.0
8.0
1.0
2.0
87.0
3.0
3.0
3.0
1.0
1.0
42.0
2.0
1.0
2.0
13.0
2.0
8.0
49.0
1.0
11.0
8.0
4.0
1.0
1.0
1.0
7.0
4.0
2.0
1.0
18.0
1.0
17.0
2.0
5.0
2.0
1.0
4.0
1.0
3.0
16.0
201.0
1048.0
1.0
4.0
16.0
2.0
37.0
1.0
101.0
1.0
1.0
1.0
1.0
7891.0
1334.0
122.0
656.0
20.0
3.0
1.0
1.0
3.0
3.0
69.0
2.0
11.0
3.0
1.0
3.0
3.0
6.0
1.0
1.0
1971.0
5.0
3.0
603.0
2.0
76.0
2.0
1420.0
300.0
2.0
19.0
11.0
2.0
8005.0
16.0
2.0
2.0
4.0
1.0
1.0
15.0
10.0
10.0
2.0
3.0
2.0
1.0
33.0
24.0
11.0
152.0
6.0
18.0
2.0
14.0
3.0
70.0
3.0
120.0
1.0
5.0
2.0
51.0
1.0
10.0
4.0
1.0
1.0
18.0
3.0
58.0
5.0
353.0
2.0
3.0
13834.0
57.0
40.0
2.0
2.0
3.0
15.0
154.0
1.0
16.0
3.0
3.0
4.0
388.0
451.0
1.0
3.0
1.0
4.0
1699.0
2.0
1762.0
1.0
3.0
51.0
1557.0
6.0
2.0
4.0
1.0
1.0
5.0
3.0
1.0
1280.0
3.0
386.0
1.0
24.0
1.0
1.0
12.0
4.0
3.0
46.0
24.0
16.0
1763.0
1.0
1314.0
2.0
3.0
55.0
1.0
1.0
3.0
5.0
3.0
953.0
3.0
1.0
1.0
1.0
1.0
2.0
3.0
512.0
1742.0
24.0
78.0
4.0
1422.0
1.0
1.0
3.0
7.0
14.0
60.0
1.0
6.0
398.0
5.0
1.0
16.0
2.0
1018.0
89.0
2.0
8.0
1.0
3.0
3.0
1.0
25.0
1.0
18.0
3.0
3.0
1529.0
282.0
2.0
2.0
1.0
112.0
3.0
16.0
2.0
10.0
29.0
24.0
1.0
9.0
1.0
629.0
1.0
1.0
4.0
5.0
285.0
19.0
3.0
3.0
1.0
3.0
710.0
809.0
1.0
3.0
1.0
275.0
24.0
8.0
3.0
1.0
97.0
7.0
166.0
2.0
19.0
1314.0
3.0
233.0
21.0
1.0
2.0
1.0
13.0
16.0
1151.0
3.0
2.0
1.0
19076.0
2.0
2.0
1010.0
737.0
1.0
3.0
158.0
76.0
1.0
2.0
374.0
45.0
1.0
3.0
59.0
2.0
1.0
1.0
4.0
3.0
6.0
1.0
1.0
53.0
2.0
6.0
3.0
46.0
1.0
2.0
2753.0
1.0
1.0
4.0
273.0
1.0
1.0
1.0
3.0
55.0
2.0
1.0
3.0
9.0
12513.0
1.0
1.0
2.0
43.0
2.0
674.0
14.0
1.0
1.0
286.0
198.0
11.0
248.0
236.0
4.0
7.0
4.0
1.0
2114.0
9.0
82.0
1.0
4.0
1413.0
1.0
690.0
9.0
268.0
102.0
5.0
4.0
3.0
382.0
1211.0
3.0
2.0
576.0
1409.0
2.0
1.0
9.0
2.0
3.0
1.0
3.0
1.0
3.0
20.0
2.0
3.0
3.0
8.0
1.0
55.0
2.0
19.0
1.0
32.0
1.0
22.0
15.0
2032.0
12.0
3.0
101.0
1.0
9.0
3.0
2.0
440.0
237.0
3.0
8.0
1.0
4.0
3.0
9.0
1.0
941.0
156.0
1653.0
401.0
122.0
1.0
4.0
1.0
24.0
5.0
154.0
51.0
1004.0
1.0
8.0
2.0
220.0
14.0
131.0
1746.0
20.0
9.0
2.0
2.0
1.0
53.0
8.0
19.0
3.0
1.0
30.0
687.0
19.0
3.0
5.0
3.0
1.0
13.0
4.0
12.0
2.0
2195.0
1.0
1.0
2.0
3.0
1.0
33.0
3.0
3.0
2.0
157.0
3.0
4445.0
4.0
377.0
2.0
446.0
52.0
1018.0
30.0
254.0
3.0
4.0
1.0
5.0
3.0
24.0
4.0
3.0
401.0
2.0
6.0
20.0
31.0
2.0
143.0
1.0
34.0
3.0
3.0
7.0
883.0
1476.0
1908.0
31.0
33.0
1.0
1059.0
1.0
286.0
1.0
3.0
1.0
2.0
3741.0
1.0
2.0
1.0
1.0
2.0
24.0
21.0
16.0
1.0
3.0
1.0
60.0
1.0
5.0
3.0
7.0
3.0
854.0
11.0
97.0
290.0
75.0
9.0
19.0
1.0
1.0
3.0
5.0
16.0
20.0
1.0
3.0
1.0
2.0
52.0
9.0
1.0
2.0
21.0
1.0
1.0
267.0
1.0
58.0
151.0
1.0
3.0
82.0
1.0
18.0
1.0
971.0
7.0
73.0
1.0
1.0
1.0
529.0
3.0
1.0
5.0
349.0
4.0
10.0
3.0
3.0
18.0
1.0
32.0
6.0
277.0
3.0
313.0
1.0
167.0
1213.0
63.0
3.0
1.0
1.0
4.0
34.0
102.0
21.0
3.0
31.0
1.0
15.0
84.0
118.0
6.0
2.0
19.0
3.0
268.0
1.0
89.0
4.0
404.0
2.0
2.0
1.0
3.0
2.0
14.0
15.0
5589.0
10.0
1.0
2.0
3843.0
27.0
10.0
16.0
68.0
516.0
2.0
39.0
2951.0
1.0
2.0
3.0
1.0
11.0
246.0
1.0
13.0
405.0
1.0
719.0
1.0
3.0
9.0
141.0
4.0
290.0
32.0
18.0
103.0
353.0
5.0
1.0
351.0
3.0
1.0
23.0
5.0
3.0
1.0
1.0
1.0
1.0
2.0
2.0
102.0
1.0
3.0
24.0
1.0
2.0
7.0
1.0
7.0
193.0
3.0
1.0
1.0
1.0
56.0
2.0
1.0
1832.0
87.0
2.0
23.0
14.0
3.0
404.0
1.0
1888.0
17.0
668.0
2.0
1.0
1.0
2.0
2.0
200.0
3.0
33.0
1043.0
3.0
1.0
1.0
227.0
10.0
1.0
6.0
11.0
3.0
36.0
3.0
3.0
2.0
1.0
3.0
9.0
2.0
5.0
1.0
11.0
5.0
34.0
320.0
2.0
11.0
282.0
3.0
23.0
3.0
41.0
3.0
3.0
3.0
110.0
46.0
2.0
285.0
3.0
1.0
4.0
1278.0
38.0
2.0
7.0
17.0
8.0
1.0
2.0
1426.0
2.0
3.0
13.0
1.0
2.0
11561.0
1370.0
53.0
1.0
1.0
62.0
17.0
1.0
1.0
3.0
58.0
2.0
1.0
118.0
2360.0
1.0
3510.0
2.0
8.0
1692.0
3.0
18.0
1.0
1.0
2.0
2.0
3.0
6.0
1.0
2.0
5.0
19.0
1.0
1.0
90.0
6.0
1.0
1.0
38.0
1.0
1.0
5.0
21.0
1.0
2.0
9.0
253.0
11.0
1030.0
4.0
31.0
6.0
91.0
3.0
1.0
2.0
3.0
291.0
33.0
3.0
359.0
2.0
1092.0
3.0
871.0
1.0
2.0
1.0
3.0
1.0
41555.0
44.0
1.0
1.0
9.0
697.0
290.0
3.0
1.0
3.0
3.0
3.0
11.0
1.0
2.0
2.0
1.0
6.0
4.0
6.0
1.0
1.0
351.0
4.0
10.0
3.0
48.0
9.0
3.0
3.0
51.0
1.0
72.0
4.0
38.0
2.0
2117.0
3.0
1.0
7.0
1.0
1.0
19.0
1.0
3.0
46.0
5.0
351.0
104.0
24.0
8.0
1.0
3.0
2.0
1.0
3.0
7.0
8.0
1.0
3.0
1.0
46.0
9.0
293.0
73.0
9.0
3.0
186.0
3.0
2.0
1.0
6.0
8.0
1.0
1.0
1.0
471.0
3.0
3.0
2.0
3.0
3.0
12.0
335.0
1.0
4.0
26.0
1.0
1.0
1.0
3.0
5.0
1.0
102.0
1.0
4.0
6.0
1.0
103.0
3.0
1.0
1.0
4.0
1.0
157.0
15.0
5.0
88.0
718.0
1.0
110.0
65.0
1.0
9.0
89.0
1.0
10.0
151.0
738.0
1.0
2.0
2.0
4.0
344.0
23.0
4.0
288.0
272.0
3.0
3.0
8.0
112.0
3.0
1492.0
103.0
8.0
805.0
1.0
2.0
1.0
1.0
112.0
5.0
218.0
1.0
14385.0
5.0
1.0
582.0
2.0
2.0
3.0
3.0
674.0
6.0
22.0
2.0
17.0
1.0
24.0
2.0
1.0
3.0
3.0
1.0
235.0
1.0
1.0
530.0
105.0
1.0
1.0
10.0
3.0
3.0
1.0
16.0
3.0
1.0
1.0
1019.0
1.0
11.0
194.0
13.0
1.0
8.0
1.0
2019.0
2.0
1018.0
1.0
3.0
149.0
3.0
55.0
18.0
206.0
1.0
2.0
2.0
2.0
2.0
35.0
73.0
12.0
1.0
5.0
2.0
3.0
1.0
3.0
33.0
1.0
98.0
10.0
3.0
1.0
61.0
13.0
1.0
1.0
3.0
24.0
3.0
16.0
1.0
2.0
3.0
82.0
2132.0
269.0
800.0
2935.0
4.0
19.0
1.0
457.0
61.0
10.0
105.0
2.0
1.0
406.0
66.0
1.0
3.0
3.0
1.0
401.0
3.0
31.0
1.0
16.0
27.0
9.0
3.0
1280.0
3.0
5.0
1.0
596.0
874.0
350.0
13.0
515.0
642.0
108.0
50.0
1.0
1.0
3.0
1.0
60.0
40.0
573.0
4.0
901.0
7.0
3.0
1.0
21.0
5.0
24.0
10.0
3.0
1.0
30.0
2.0
1.0
256.0
2.0
4.0
31.0
22.0
9.0
1.0
8.0
1.0
9.0
34357.0
20.0
17.0
1.0
3540.0
137.0
5.0
1.0
2.0
1.0
160.0
3.0
3.0
1.0
17.0
1791.0
478.0
43.0
2.0
19.0
7.0
3.0
697.0
6.0
1.0
1.0
105.0
288.0
5.0
1.0
3.0
1.0
25.0
8.0
1.0
3.0
4131.0
62.0
1.0
23.0
3.0
65.0
5.0
79.0
1.0
3.0
1.0
7.0
1.0
1340.0
1.0
3.0
2.0
1.0
4.0
2.0
2.0
697.0
116.0
3.0
6.0
7.0
32.0
11.0
214.0
56.0
814.0
9.0
16.0
3.0
1024.0
18.0
1.0
11.0
24.0
119.0
66.0
843.0
7.0
258.0
9.0
5.0
1.0
148.0
7.0
7.0
101.0
11.0
9.0
9.0
1107.0
316.0
18.0
5.0
3.0
242.0
2.0
1.0
709.0
6.0
3.0
36.0
4.0
3.0
1.0
105.0
2.0
2.0
4.0
1268.0
2890.0
7.0
10.0
10.0
9.0
2.0
2.0
1.0
3.0
877.0
25.0
3.0
3.0
22.0
1.0
50.0
31.0
1.0
2.0
9.0
2.0
13.0
39.0
1.0
8.0
2.0
3.0
1.0
29.0
1.0
10.0
28.0
39.0
92.0
3.0
3.0
3.0
279.0
1989.0
1.0
3.0
3.0
3.0
1940.0
3.0
3.0
4.0
1.0
9.0
2.0
870.0
4.0
4.0
24.0
3.0
1.0
7.0
9.0
492.0
2.0
1.0
1.0
1.0
27.0
331.0
1.0
5.0
5.0
1.0
596.0
1.0
1.0
14.0
1.0
111.0
2.0
74.0
3.0
1018.0
4.0
129.0
3.0
3.0
8.0
2.0
1.0
1.0
595.0
3.0
1042.0
8.0
3.0
3.0
761.0
3.0
1.0
3.0
1.0
57.0
2.0
27.0
1.0
3.0
12.0
1018.0
1385.0
14385.0
1.0
524.0
313.0
4.0
1.0
3.0
13.0
1.0
3.0
164.0
5.0
2.0
10.0
31.0
3.0
697.0
817.0
1.0
3.0
3.0
196.0
1.0
2.0
102.0
3.0
1.0
14.0
1.0
44.0
3.0
9.0
19.0
3.0
1.0
1.0
1.0
4.0
3.0
1.0
2.0
170.0
3.0
1.0
2.0
128.0
507.0
23.0
7.0
1.0
7.0
1.0
2.0
6.0
17.0
1.0
1.0
1.0
8.0
3.0
1.0
425.0
1.0
3.0
3.0
520.0
24.0
5.0
619.0
6.0
1.0
1.0
900.0
348.0
1.0
1.0
3.0
1.0
3.0
1.0
3.0
7.0
8.0
3.0
4.0
2.0
8.0
351.0
3.0
3.0
7.0
11.0
1.0
1.0
1.0
3.0
2.0
2.0
19.0
55.0
114.0
377.0
3334.0
1.0
3.0
4.0
64.0
2.0
2.0
75.0
4.0
15.0
22.0
7.0
34.0
1.0
21.0
8.0
2.0
1.0
1.0
3.0
3.0
119.0
17.0
3.0
28.0
2.0
6.0
1131.0
3.0
33.0
3.0
14.0
2.0
3.0
8.0
9.0
3.0
3.0
1.0
1.0
906.0
1.0
275.0
3.0
86.0
5.0
4.0
45.0
32.0
582.0
1.0
5.0
22.0
4.0
9.0
4.0
4.0
1.0
1.0
124.0
1.0
13.0
96.0
3.0
19.0
5.0
1.0
60.0
3.0
12.0
3.0
7.0
2.0
116.0
24.0
1.0
3.0
11.0
1.0
2.0
15.0
282.0
940.0
4.0
4.0
2966.0
9.0
18.0
1.0
90.0
89.0
2.0
3.0
6.0
15.0
76.0
3.0
6.0
1.0
4736.0
1076.0
200.0
11.0
3.0
24.0
3.0
4.0
5.0
235.0
3.0
75.0
4.0
941.0
60.0
1.0
1624.0
158.0
14.0
1.0
86.0
3.0
79.0
3.0
688.0
94.0
3.0
18.0
10.0
2.0
1.0
150.0
3.0
2.0
9.0
511.0
3.0
83.0
24.0
3.0
2.0
108.0
1.0
2.0
3.0
3.0
24.0
3.0
3.0
9.0
2179.0
4.0
4.0
14.0
24.0
8.0
6.0
4.0
102.0
1.0
24.0
8.0
38.0
1540.0
49.0
1.0
1.0
2.0
2.0
40.0
1.0
9.0
4.0
18.0
1.0
1.0
2.0
11.0
1.0
2.0
1.0
7.0
1.0
4.0
4.0
3.0
11.0
11.0
8.0
1.0
59.0
19.0
3.0
31.0
454.0
2.0
1.0
1.0
2.0
3.0
3.0
2.0
2.0
1.0
607.0
4.0
4461.0
594.0
3.0
1.0
123.0
1.0
30.0
16.0
4.0
1.0
4.0
4673.0
13.0
1.0
10.0
1.0
112.0
3.0
16.0
1.0
2.0
3.0
3.0
576.0
35.0
2.0
30.0
32.0
2.0
2.0
3.0
5.0
3.0
2040.0
1.0
118.0
1.0
3.0
961.0
23.0
20.0
36.0
661.0
1.0
1.0
2.0
4.0
9.0
1.0
4.0
1.0
88.0
24.0
3.0
2.0
1.0
1.0
27.0
1.0
1.0
48.0
3.0
29.0
1.0
3.0
2.0
106.0
2.0
720.0
3.0
93.0
65.0
3.0
1.0
3.0
45.0
18.0
44.0
33.0
1.0
23.0
3.0
46.0
81.0
3.0
100.0
17.0
1.0
1.0
2.0
5.0
175.0
1.0
3.0
833.0
57.0
3.0
33.0
1.0
4.0
29.0
7.0
3.0
2.0
2.0
2.0
3.0
15.0
2.0
3.0
1.0
65.0
8964.0
2.0
3.0
225.0
19.0
1.0
4.0
28.0
4.0
1.0
102.0
1.0
7.0
3.0
991.0
7.0
17.0
1.0
3.0
5.0
19.0
9.0
1.0
1.0
1.0
2.0
3.0
33.0
2.0
16.0
3.0
1.0
1.0
1.0
8.0
3.0
2.0
13.0
1.0
1.0
1.0
19.0
23.0
1170.0
1.0
31.0
3.0
3.0
7.0
37.0
20.0
3.0
1.0
3.0
43.0
1.0
1.0
2.0
61.0
3.0
3.0
3.0
6.0
4.0
2.0
21.0
2.0
12.0
2.0
1.0
3.0
3072.0
2.0
322.0
1.0
31.0
1.0
1.0
3.0
1.0
2.0
19.0
1.0
105.0
934.0
1.0
7.0
542.0
87.0
4209.0
2.0
3.0
1.0
30.0
2.0
1.0
1.0
1.0
1018.0
666.0
3.0
1.0
3.0
1.0
3.0
1.0
381.0
1.0
28.0
3.0
3.0
30.0
19.0
34.0
75.0
69.0
141.0
2.0
1294.0
1.0
1.0
2.0
262.0
8.0
1.0
23.0
1.0
2.0
3.0
2.0
1.0
101.0
20.0
1.0
177.0
1.0
2.0
1.0
2.0
3.0
5.0
3.0
1.0
1.0
599.0
1.0
1.0
1.0
20.0
1.0
166.0
21.0
2432.0
3.0
10.0
17.0
475.0
5.0
2.0
1.0
27.0
33.0
1.0
3.0
1.0
315.0
1.0
32.0
4.0
41.0
113.0
747.0
4.0
1.0
12.0
1.0
1.0
6.0
1.0
94.0
61.0
17.0
1.0
1.0
91.0
19.0
3.0
3.0
595.0
19.0
14.0
1.0
3.0
4.0
5.0
3.0
6.0
14.0
1.0
2.0
1.0
2.0
1.0
14.0
3.0
1.0
16.0
2.0
22.0
9.0
244.0
2.0
3.0
13.0
1.0
1.0
1.0
2.0
86.0
87.0
7.0
2.0
3.0
886.0
2945.0
6.0
47.0
104.0
401.0
3.0
6.0
1.0
8.0
8.0
15.0
7.0
1.0
1.0
24.0
44.0
1.0
5.0
13.0
6.0
878.0
5.0
3.0
2.0
60.0
89.0
8.0
1.0
1322.0
4.0
28.0
30.0
316.0
365.0
69.0
1.0
1.0
1.0
1210.0
2.0
3.0
3.0
197.0
1.0
184.0
12.0
1.0
3.0
161.0
22.0
21.0
3.0
1.0
1.0
110.0
1.0
1.0
1.0
87.0
3.0
3.0
3.0
1.0
1.0
15.0
8.0
2.0
1.0
1530.0
1.0
1.0
4.0
2.0
1.0
731.0
3.0
5.0
1.0
4.0
69.0
3.0
2.0
1.0
28.0
4.0
3.0
9.0
3.0
6.0
5.0
808.0
1.0
1.0
14354.0
436.0
66.0
1.0
2.0
50.0
6.0
9.0
171.0
22.0
4.0
162.0
1.0
1.0
282.0
3.0
86.0
425.0
7.0
19.0
351.0
19.0
369.0
1.0
16.0
445.0
2.0
1.0
1.0
779.0
217.0
3.0
1.0
28.0
55.0
2.0
4.0
2.0
1.0
1.0
351.0
63.0
1.0
3.0
4.0
2.0
38.0
1.0
817.0
4.0
3.0
278.0
7.0
535.0
3.0
2.0
4.0
41.0
1.0
9.0
5.0
8.0
9.0
5.0
760.0
239.0
1.0
319.0
7.0
14.0
1.0
2.0
3.0
2.0
2.0
1.0
1.0
2.0
8.0
3.0
3.0
3.0
4.0
5046.0
1.0
3.0
53.0
961.0
3.0
2.0
12.0
8.0
3.0
282.0
12.0
2.0
1.0
3.0
1.0
1.0
149.0
359.0
78.0
1.0
337.0
49.0
5.0
3.0
127.0
2418.0
40.0
1.0
7.0
2.0
2.0
13.0
3.0
1.0
1.0
5.0
11.0
1.0
1.0
100.0
20.0
485.0
17.0
38.0
3.0
10.0
3.0
2097.0
62.0
908.0
9.0
1500.0
4.0
19.0
1118.0
2.0
23.0
453.0
9.0
183.0
3.0
12.0
2.0
574.0
538.0
1.0
31.0
3.0
36.0
3.0
1.0
1.0
1287.0
176.0
1.0
429.0
3.0
3.0
11.0
2.0
37.0
3.0
4.0
7.0
7868.0
230.0
1027.0
5.0
3.0
416.0
706.0
7.0
64.0
3.0
1.0
3.0
2.0
1.0
340.0
1.0
91.0
1.0
8.0
82.0
8.0
550.0
27.0
24.0
3.0
4.0
6.0
3.0
2.0
4.0
25.0
546.0
6.0
330.0
102.0
1.0
31.0
2790.0
870.0
5.0
105.0
1.0
5.0
15.0
3.0
1.0
9.0
8.0
3.0
1.0
3.0
1.0
1.0
2.0
1.0
3.0
6.0
114.0
3.0
1.0
1.0
391.0
8.0
48.0
36.0
58.0
102.0
1.0
2.0
4.0
10.0
4.0
39.0
1.0
1.0
97.0
19.0
8.0
127.0
53.0
3.0
15.0
12.0
7.0
1.0
5.0
6.0
16.0
36.0
3.0
14.0
2.0
1.0
3.0
13.0
1.0
69.0
2.0
2.0
1905.0
11.0
2.0
1.0
1.0
3.0
1.0
5.0
1.0
10.0
24.0
1.0
3.0
3.0
1.0
1.0
3.0
2.0
7.0
2.0
4846.0
1.0
3.0
1.0
13.0
4.0
1848.0
1.0
2.0
5343.0
56.0
466.0
1.0
1.0
3.0
10.0
641.0
3.0
10.0
2.0
1.0
2.0
1.0
1.0
2.0
23.0
19.0
1.0
1.0
1.0
3.0
725.0
11113.0
3.0
26.0
34.0
3152.0
19.0
1335.0
3.0
943.0
1415.0
2.0
201.0
16.0
10.0
1.0
3.0
1.0
611.0
66.0
42.0
1.0
2.0
1.0
288.0
3.0
2.0
1.0
22.0
8.0
16.0
27.0
1.0
19.0
2.0
3.0
1.0
32.0
3.0
2.0
1.0
4.0
2.0
3.0
46.0
10.0
6.0
1.0
500.0
4.0
1.0
2.0
5.0
3.0
1.0
32.0
152.0
1.0
1589.0
3.0
2.0
1.0
1.0
1.0
64.0
358.0
3.0
6.0
3.0
3.0
3.0
3.0
3.0
10.0
1.0
1.0
697.0
2.0
420.0
5.0
1984.0
2.0
2316.0
1.0
3.0
3.0
135.0
24.0
3.0
278.0
1.0
14.0
4.0
3.0
2.0
690.0
400.0
1.0
1.0
27.0
2.0
2.0
3.0
1.0
3.0
155.0
7.0
13.0
1.0
65.0
1.0
6.0
26.0
29.0
3.0
1.0
1.0
177.0
10.0
134.0
6.0
3.0
55.0
1.0
1.0
1.0
13.0
2.0
1.0
78.0
65.0
1.0
7.0
114.0
1.0
2.0
3.0
1.0
19.0
7.0
3469.0
330.0
123.0
4.0
1.0
351.0
158.0
2.0
1.0
1.0
52.0
2.0
3.0
50.0
1.0
1.0
1.0
1.0
1.0
1.0
19.0
19.0
663.0
1.0
125.0
1.0
895.0
1.0
1.0
1.0
1.0
22.0
58.0
16.0
9.0
1.0
2.0
1.0
2.0
91.0
1.0
7.0
15.0
3.0
3.0
2.0
5.0
14.0
6.0
1.0
3.0
257.0
39.0
397.0
21.0
1.0
1.0
21515.0
4.0
1.0
3.0
9.0
4.0
1.0
1.0
1443.0
1.0
5.0
1.0
3591.0
1.0
57.0
3.0
4.0
60.0
11.0
13.0
1.0
1367.0
3.0
1.0
717.0
7.0
24.0
1.0
17.0
1229.0
282.0
10.0
16.0
351.0
4.0
1233.0
3.0
4.0
1.0
4.0
1.0
3.0
103.0
9.0
134.0
97.0
1.0
1.0
1.0
60.0
3.0
3.0
112.0
9.0
10.0
255.0
3.0
13.0
4.0
1.0
2142.0
5.0
4.0
2.0
32.0
3.0
64.0
13.0
724.0
1.0
1.0
14.0
1.0
3.0
3.0
2.0
11.0
3.0
3.0
1817.0
835.0
9.0
384.0
17.0
3.0
47.0
1.0
76.0
1.0
348.0
5.0
7.0
3.0
19.0
3.0
33.0
963.0
8.0
1.0
5.0
2.0
93.0
1.0
28.0
1003.0
11.0
6.0
3.0
70.0
369.0
1.0
1.0
796.0
3.0
3.0
3.0
447.0
7.0
12.0
8.0
2.0
1429.0
2.0
5.0
3.0
9.0
1.0
1.0
652.0
24.0
12.0
8.0
1.0
3.0
1.0
3.0
17.0
4.0
1.0
1.0
2.0
11.0
2.0
107.0
38.0
30.0
3.0
46.0
3.0
3.0
757.0
154.0
51.0
351.0
1.0
1.0
62.0
1.0
2.0
2.0
1.0
3.0
1.0
38.0
1.0
3.0
692.0
1.0
3.0
3.0
1.0
5.0
80.0
2.0
3.0
2.0
12.0
261.0
282.0
984.0
1.0
21.0
2.0
1085.0
3.0
11.0
1.0
3.0
1039.0
208.0
1.0
53.0
2.0
12.0
445.0
2.0
19.0
1.0
2.0
33.0
8.0
1.0
3.0
4.0
19.0
4.0
15.0
3475.0
1.0
3.0
292.0
3.0
27.0
8.0
1.0
197.0
10.0
3.0
2.0
1.0
1.0
1.0
1.0
94.0
52.0
1.0
3.0
21.0
8.0
9.0
484.0
90.0
3.0
3.0
1.0
1114.0
5.0
620.0
99.0
4.0
2.0
27.0
542.0
5.0
98.0
1.0
3.0
8.0
8.0
9.0
1.0
25.0
3.0
440.0
1.0
3.0
2.0
132.0
1.0
87.0
3.0
1.0
714.0
159.0
319.0
9.0
3.0
1.0
1894.0
32.0
859.0
160.0
3.0
2.0
351.0
4.0
56.0
3.0
1.0
44.0
494.0
2.0
492.0
1.0
5.0
200.0
24.0
3161.0
3.0
3.0
11.0
2.0
16.0
16.0
226.0
67.0
78.0
14.0
166.0
548.0
7.0
20.0
19.0
2.0
1.0
3.0
5.0
3.0
152.0
2111.0
4.0
2.0
2.0
1.0
1.0
3.0
3.0
1.0
2.0
1.0
1.0
89.0
24.0
1.0
12.0
3.0
3.0
351.0
1194.0
2.0
1.0
2.0
156.0
1.0
60.0
25.0
9.0
2.0
1.0
3.0
128.0
3.0
314.0
1.0
2.0
1242.0
886.0
2.0
1.0
4.0
2294.0
97.0
1.0
12.0
1.0
604.0
1.0
2.0
3.0
32.0
12.0
1.0
1.0
18.0
166.0
19.0
3.0
3.0
3.0
14.0
249.0
351.0
70.0
3.0
1.0
19.0
1.0
1.0
138.0
3.0
10.0
1.0
31.0
5.0
2.0
1.0
1.0
3.0
2358.0
5.0
34.0
113.0
210.0
1.0
3.0
265.0
490.0
339.0
9.0
14.0
1.0
6.0
1.0
6.0
7.0
4.0
8.0
1312.0
2.0
6.0
148.0
1.0
916.0
3.0
28.0
1.0
3.0
49.0
1.0
2.0
10.0
249.0
1.0
17.0
1.0
1.0
2.0
141.0
89.0
1.0
56.0
3532.0
1.0
1.0
2.0
5.0
22.0
1.0
3.0
228.0
5.0
1911.0
33.0
3.0
1.0
20.0
23.0
9.0
4.0
25.0
512.0
441.0
172.0
1.0
1282.0
5.0
1.0
65.0
1.0
1.0
1.0
6.0
2.0
1.0
9.0
471.0
9.0
6.0
1.0
1.0
3.0
2.0
52.0
55.0
1.0
5.0
1.0
1.0
3.0
6.0
1.0
1.0
3.0
205.0
1.0
1.0
12712.0
3.0
8.0
19.0
30.0
1465.0
4.0
2.0
19.0
1.0
19.0
28.0
2.0
25.0
1.0
19.0
4.0
2.0
351.0
2.0
10.0
1.0
3.0
351.0
835.0
31.0
2.0
3.0
3.0
1.0
2.0
2.0
24.0
12808.0
2.0
1.0
3.0
7.0
3.0
43.0
1.0
1.0
1.0
1.0
4.0
3.0
23.0
7.0
1.0
22.0
89.0
4303.0
3707.0
5.0
1.0
323.0
3.0
1.0
808.0
1.0
8.0
56.0
1.0
3.0
2.0
107.0
6.0
3.0
4.0
97.0
1.0
3.0
82.0
2.0
1.0
369.0
1.0
2.0
8.0
1.0
2818.0
3.0
3.0
3.0
13.0
43.0
25.0
1.0
2.0
11.0
4.0
1.0
1.0
3.0
3.0
8.0
2.0
4.0
2.0
1.0
3.0
1.0
198.0
1.0
27.0
19.0
5.0
9.0
5.0
1.0
1.0
1228.0
686.0
77.0
24.0
574.0
2.0
342.0
678.0
9.0
2.0
2.0
141.0
3.0
1.0
712.0
16.0
3.0
3.0
103.0
1.0
8.0
1.0
30.0
1.0
555.0
3.0
5.0
1.0
111.0
1.0
1.0
29.0
3.0
2.0
1.0
458.0
6.0
3.0
1.0
164.0
4.0
5.0
1.0
2.0
2.0
24.0
25.0
14.0
3.0
1.0
3.0
2.0
21.0
7.0
4.0
14.0
37.0
150.0
1.0
3.0
7.0
282.0
38.0
1.0
2.0
3369.0
9.0
1.0
10.0
11.0
3.0
1.0
23.0
3.0
1.0
73.0
17.0
1.0
2.0
2.0
1.0
1.0
2.0
2.0
1.0
16.0
1.0
4.0
1.0
9.0
3.0
1.0
1.0
13.0
2.0
1029.0
1.0
4.0
12.0
5.0
75.0
238.0
2.0
3.0
22.0
1.0
1.0
16.0
1.0
1.0
9.0
2.0
1.0
1.0
2.0
3.0
3.0
1.0
366.0
2.0
2.0
152.0
3.0
1.0
6864.0
471.0
3.0
1735.0
1.0
62.0
1.0
1.0
677.0
3.0
6.0
2.0
1.0
4.0
6.0
1.0
215.0
87.0
3.0
21.0
11.0
2.0
4.0
19.0
2.0
3.0
425.0
1.0
3.0
2.0
19.0
12.0
3.0
339.0
9.0
3.0
1333.0
58.0
1.0
1.0
1.0
3.0
11.0
1.0
5.0
5.0
2.0
3.0
3.0
171.0
1.0
1.0
12.0
15.0
22.0
519.0
3.0
23.0
1.0
108.0
1.0
63.0
3.0
3.0
3.0
3.0
3.0
70.0
84.0
17.0
1.0
2.0
112.0
3.0
4.0
10.0
47.0
1.0
2145.0
1.0
1.0
2.0
1.0
26.0
4.0
1.0
3.0
1.0
12.0
75.0
1.0
287.0
1.0
3.0
981.0
71.0
1.0
17.0
2.0
1111.0
1.0
1.0
1.0
1.0
13606.0
583.0
4.0
5.0
7.0
1.0
3.0
2.0
1.0
3.0
3.0
8.0
2.0
3.0
1297.0
2.0
6.0
2.0
539.0
63.0
24.0
1.0
3.0
3.0
7.0
1.0
1.0
1.0
5.0
63.0
15.0
268.0
13.0
18.0
1.0
1.0
4.0
2.0
2.0
25.0
1511.0
1.0
4.0
38.0
6.0
3.0
3.0
9.0
1.0
2.0
2.0
1.0
827.0
4445.0
3.0
3.0
69.0
1.0
42.0
96.0
1.0
19.0
4.0
1.0
2.0
1.0
1.0
5.0
2.0
3.0
1762.0
3.0
2.0
5.0
1225.0
3.0
3.0
14.0
260.0
9.0
886.0
9.0
82.0
1360.0
1567.0
3.0
417.0
15.0
3.0
9.0
6.0
16.0
4.0
20.0
2.0
1.0
114.0
385.0
271.0
161.0
3.0
3.0
12.0
3.0
1.0
3.0
1.0
87.0
27.0
8.0
1.0
3.0
1.0
3.0
84.0
1.0
5.0
40.0
9.0
5.0
69.0
6.0
19.0
1.0
3.0
474.0
35.0
1.0
34.0
7.0
17.0
1.0
46.0
28.0
3.0
2.0
6.0
1.0
1536.0
645.0
326.0
3.0
128.0
5.0
12.0
17.0
1.0
5.0
1.0
251.0
1.0
5.0
46.0
71.0
5.0
132.0
1.0
2.0
6.0
6.0
459.0
3.0
73.0
2.0
3.0
1.0
3.0
1.0
6.0
2.0
1584.0
2.0
2.0
4.0
54.0
3.0
31.0
4.0
3.0
30.0
1.0
658.0
14.0
3.0
3.0
1.0
17.0
1.0
288.0
1.0
1606.0
8.0
1.0
3.0
288.0
2.0
3.0
1.0
1.0
3.0
1536.0
3.0
1.0
3.0
1.0
1.0
122.0
672.0
2.0
1.0
16.0
7.0
195.0
3.0
9.0
13.0
1.0
1.0
30.0
1.0
2.0
13.0
6.0
37.0
3.0
63.0
1.0
2357.0
6.0
2.0
1.0
3.0
644.0
2.0
47.0
1.0
1.0
3.0
14.0
21.0
2.0
6.0
166.0
21.0
3.0
1.0
3.0
2.0
9.0
1.0
4.0
1.0
13.0
5.0
648.0
4.0
200.0
114.0
423.0
374.0
3.0
1.0
10.0
312.0
3.0
675.0
3.0
1.0
1.0
2.0
33.0
7.0
2.0
3.0
1.0
288.0
2.0
2.0
1.0
1.0
1.0
28.0
9.0
1.0
1.0
107.0
1764.0
135.0
10.0
1.0
1500.0
1.0
27.0
1.0
15.0
3.0
261.0
1.0
115.0
351.0
2.0
4.0
4.0
1530.0
14.0
23.0
2.0
288.0
30.0
9.0
1.0
7.0
3.0
9.0
6.0
7.0
2.0
730.0
1.0
3.0
1.0
1.0
3.0
1.0
1.0
1.0
1.0
9.0
3.0
5.0
2.0
160.0
30.0
17.0
3.0
1.0
50.0
86.0
1.0
2.0
1.0
5.0
65.0
1.0
17.0
1.0
4.0
30.0
931.0
102.0
1.0
2.0
379.0
9.0
1.0
20.0
715.0
1.0
2.0
1.0
265.0
1.0
2.0
1.0
1.0
8674.0
3.0
3.0
3.0
3.0
2.0
1312.0
2.0
4.0
69597.0
3.0
1.0
474.0
2.0
33.0
356.0
1.0
42.0
235.0
40.0
30.0
132.0
2.0
8.0
5.0
19.0
50.0
33.0
5.0
1.0
9.0
1.0
2.0
351.0
2.0
6.0
3.0
299.0
1.0
1.0
2.0
6.0
1.0
8.0
265.0
5.0
4.0
4.0
37.0
3.0
1.0
24.0
1.0
199.0
9.0
3.0
763.0
3.0
6.0
19.0
74.0
109.0
19.0
36.0
307.0
2.0
71.0
1.0
37.0
2.0
5.0
1.0
1.0
12.0
108.0
3.0
60.0
8.0
2.0
138.0
3.0
1251.0
131.0
124.0
1.0
1.0
1.0
1.0
3.0
3.0
3.0
3.0
182.0
9.0
3.0
2.0
4.0
65.0
2.0
5.0
16.0
1.0
39.0
11.0
3.0
4.0
10.0
12.0
3.0
1.0
1.0
6.0
1.0
1.0
2.0
2.0
1.0
52.0
4.0
1.0
1707.0
2.0
22.0
1.0
1.0
39.0
3.0
14189.0
16.0
984.0
22.0
55.0
3.0
1.0
12.0
8.0
144.0
1.0
62.0
3.0
1.0
3.0
34.0
15.0
3.0
154.0
58.0
4389.0
1.0
1.0
1.0
3.0
12.0
3.0
3.0
6.0
1180.0
3.0
2.0
100.0
7.0
4.0
1.0
3.0
2.0
959.0
1.0
4.0
3616.0
1.0
198.0
30.0
1.0
1.0
1.0
8.0
3.0
949.0
2.0
1.0
3.0
7.0
1.0
3.0
3.0
1.0
30.0
60.0
17.0
2.0
8.0
3.0
2.0
41.0
2.0
1057.0
3.0
1.0
1.0
2.0
1.0
9.0
23104.0
3.0
8.0
67.0
2079.0
4.0
23.0
5.0
905.0
3.0
3.0
4047.0
4.0
4040.0
12.0
7.0
25.0
4.0
7.0
563.0
66.0
1.0
1.0
1.0
1651.0
5.0
3.0
3.0
1.0
1.0
12.0
17.0
2585.0
1.0
26.0
59.0
4.0
256.0
2.0
1.0
1.0
129.0
1.0
7.0
2149.0
1.0
10.0
4.0
3.0
17.0
3.0
4.0
370.0
1.0
1.0
3.0
1.0
15.0
1.0
14.0
265.0
918.0
171.0
3.0
2.0
1.0
46.0
1528.0
2.0
1.0
5.0
3.0
4.0
519.0
19.0
18.0
7.0
1.0
2.0
5.0
2.0
1.0
1.0
2.0
8.0
1.0
3.0
3.0
488.0
1.0
1.0
400.0
2.0
52.0
8.0
1.0
2.0
4.0
894.0
27.0
1.0
13.0
1.0
4.0
50.0
126.0
2.0
5.0
512.0
1.0
8.0
2.0
1427.0
1098.0
3.0
288.0
396.0
6.0
3.0
4.0
1.0
4.0
1.0
3.0
2.0
3.0
23.0
53.0
1.0
164.0
2.0
3.0
8.0
3.0
1.0
114.0
3.0
1.0
27.0
3.0
938.0
609.0
3.0
116.0
15.0
112.0
1.0
1.0
12.0
13208.0
901.0
1.0
104.0
8.0
1.0
849.0
2.0
3.0
5.0
893.0
1.0
3.0
7.0
1.0
18.0
18.0
226.0
683.0
1.0
2.0
4.0
1.0
323.0
8.0
1.0
13.0
1018.0
4.0
1.0
3.0
1226.0
1027.0
1.0
3.0
2.0
10.0
131.0
579.0
10.0
1.0
3220.0
6.0
9.0
1.0
103.0
3.0
1.0
1.0
4.0
3.0
6.0
1.0
7.0
2.0
16.0
2.0
1.0
1631.0
3.0
23.0
1.0
28.0
31.0
16.0
337.0
1.0
50.0
42.0
12.0
1.0
6.0
1217.0
6.0
1.0
3.0
1.0
4.0
4.0
8.0
3.0
3.0
1.0
1.0
3.0
1.0
299.0
3.0
742.0
9.0
1798.0
13.0
4.0
3.0
1.0
3.0
4.0
3.0
3.0
1.0
3.0
2.0
2.0
10.0
10.0
1.0
3.0
1.0
1.0
1.0
9.0
23.0
45.0
2.0
1.0
100.0
4.0
2.0
3.0
1.0
6.0
779.0
56.0
56.0
3.0
151.0
3.0
3.0
575.0
1.0
1.0
17.0
1.0
2.0
1.0
3.0
1.0
2703.0
1.0
9.0
9.0
3.0
2.0
1.0
5.0
1.0
18.0
7.0
3.0
685.0
1.0
5.0
118.0
13.0
3.0
1.0
2.0
31.0
7.0
2.0
53.0
3.0
3.0
1.0
170.0
79.0
1018.0
9.0
1.0
84.0
4.0
23.0
1.0
122.0
1.0
109.0
2.0
3.0
2.0
3.0
1.0
54.0
27.0
10786.0
166.0
29.0
1.0
1.0
1.0
2.0
8.0
2.0
123.0
1.0
1583.0
1.0
662.0
4.0
1.0
11.0
1.0
3.0
4.0
21.0
2.0
34.0
2.0
4.0
5.0
3.0
1.0
2.0
33.0
22.0
3.0
31.0
131.0
1.0
232.0
139.0
3.0
3.0
1.0
1.0
480.0
74.0
73.0
1.0
2.0
1.0
1.0
1.0
19.0
1.0
1.0
6.0
1.0
33.0
5.0
1.0
16.0
31.0
6.0
9.0
3.0
9.0
138.0
3.0
2.0
31.0
29.0
3.0
1.0
4.0
3.0
34.0
8.0
29.0
3.0
1.0
30.0
3.0
2.0
72.0
1.0
102.0
1.0
1.0
3.0
10.0
1.0
20.0
26.0
104.0
1.0
3.0
2.0
41.0
2.0
242.0
34.0
282.0
69.0
2.0
3.0
3.0
1.0
16.0
1.0
3.0
3.0
4.0
3.0
315.0
8.0
4.0
3.0
3.0
3.0
49.0
19.0
4.0
25.0
2.0
5.0
26.0
1131.0
3.0
8.0
7238.0
203.0
1.0
3.0
9.0
1.0
1.0
11.0
4002.0
1.0
1.0
38.0
1.0
3.0
512.0
2.0
29.0
1.0
67.0
59.0
2.0
3.0
4.0
10.0
1.0
1.0
3.0
1.0
323.0
153.0
3.0
105.0
1.0
1.0
5.0
13.0
1.0
1.0
1.0
18.0
1.0
1.0
19.0
10.0
3.0
15543.0
153.0
10.0
1.0
4.0
1.0
7875.0
1.0
225.0
65.0
22.0
965.0
2.0
1.0
1.0
3.0
2.0
9.0
19.0
3.0
3.0
797.0
104.0
44.0
3.0
4.0
8.0
6.0
1.0
1.0
12.0
1018.0
193.0
3.0
1310.0
3.0
8.0
1.0
3.0
104.0
4.0
73.0
3.0
569.0
66.0
2.0
1.0
1.0
25.0
3.0
2.0
1.0
87.0
217.0
89.0
3.0
457.0
351.0
3.0
2.0
2.0
2.0
2.0
1.0
4.0
153.0
1.0
1.0
3.0
11.0
3.0
4.0
8.0
1.0
3.0
4.0
33100.0
4.0
4.0
546.0
3.0
1.0
1.0
87.0
9.0
103.0
674.0
20.0
1.0
13.0
3.0
469.0
97.0
8.0
2.0
40.0
43.0
1.0
1.0
2.0
2.0
1.0
346.0
1.0
1.0
36.0
3.0
272.0
1.0
61.0
47.0
1354.0
40.0
8.0
10.0
1.0
13.0
1.0
9.0
5.0
137.0
146.0
7.0
1.0
3.0
1.0
2.0
1.0
3.0
1.0
1.0
1593.0
3.0
3.0
129.0
1.0
1865.0
20.0
5.0
1.0
4.0
886.0
250.0
2.0
689.0
18.0
4.0
4.0
2132.0
1.0
2106.0
31.0
73.0
3.0
3.0
23.0
10.0
16.0
1.0
1.0
1.0
2.0
7.0
1.0
74.0
116.0
3.0
2.0
3.0
18.0
5.0
8.0
1.0
2.0
5.0
1.0
3.0
1.0
3.0
454.0
2.0
1.0
1.0
1.0
1.0
1.0
9.0
3.0
3.0
65.0
7.0
9.0
128.0
24.0
2.0
1.0
70.0
8.0
481.0
1.0
3.0
469.0
1.0
29.0
150.0
1869.0
1.0
351.0
3.0
758.0
107.0
3.0
1153.0
2.0
18.0
2.0
2.0
3.0
8.0
1.0
519.0
1314.0
2.0
1.0
3.0
6.0
1602.0
4980.0
3.0
1014.0
371.0
16.0
5.0
1.0
8.0
5.0
1.0
3.0
1.0
102.0
1.0
16.0
11.0
887.0
3.0
16.0
5.0
292.0
6.0
63.0
1.0
7.0
239.0
1.0
1.0
846.0
6.0
1.0
1.0
351.0
105.0
8.0
3.0
3.0
4.0
1.0
54.0
3.0
19.0
282.0
6.0
1.0
2.0
1.0
3.0
2.0
245.0
1.0
22.0
1.0
75.0
1.0
9517.0
4.0
3.0
67.0
61.0
18.0
2.0
2.0
1093.0
34.0
14.0
9.0
2.0
3.0
3.0
7.0
3.0
68.0
2.0
9.0
1.0
2999.0
3.0
840.0
1.0
1.0
55.0
7.0
3.0
1471.0
95.0
433.0
163.0
13.0
1.0
7.0
10.0
1.0
9.0
1.0
10.0
5.0
512.0
2.0
309.0
61.0
3.0
1.0
1.0
33.0
3.0
522.0
1.0
1.0
1.0
3.0
65.0
2.0
31.0
16.0
4.0
2.0
1.0
1.0
1.0
14189.0
632.0
13.0
13.0
3.0
3.0
3.0
25.0
3.0
1.0
4.0
9764.0
2.0
6.0
296.0
86.0
15.0
1.0
288.0
4.0
82.0
62.0
1858.0
1.0
998.0
1.0
12.0
9.0
1.0
1.0
2986.0
102.0
1.0
30.0
1.0
1.0
19.0
796.0
1.0
54.0
1.0
1.0
2.0
1.0
94.0
3.0
1.0
6.0
5.0
1.0
1.0
143.0
13.0
3.0
1.0
3.0
1.0
24.0
1.0
1066.0
995.0
30.0
1790.0
38.0
1.0
1.0
145.0
24.0
941.0
269.0
63.0
2.0
3.0
22.0
1.0
1.0
1.0
2.0
12.0
3.0
1310.0
65.0
15.0
3.0
3.0
569.0
3.0
45.0
3.0
34.0
5.0
401.0
1.0
19.0
3.0
9.0
31.0
1.0
1.0
232.0
5.0
3.0
62.0
2.0
3.0
11.0
1.0
17.0
24.0
8.0
19.0
2.0
25.0
1522.0
1.0
2.0
71.0
2.0
1.0
1.0
4679.0
1.0
50.0
39.0
1.0
1.0
343.0
2.0
174.0
6.0
1.0
3.0
4.0
313.0
5.0
16.0
844.0
22.0
3.0
325.0
4.0
152.0
99.0
953.0
6.0
83.0
56.0
13.0
5.0
4.0
3.0
9556.0
313.0
1.0
8.0
25.0
3.0
1.0
1.0
1.0
3.0
1.0
16.0
3.0
1.0
1.0
9.0
84.0
4211.0
3.0
2.0
6.0
1.0
1.0
86.0
51.0
27.0
28.0
1.0
745.0
3.0
1244.0
3.0
1.0
29.0
189.0
1.0
2.0
329.0
9.0
443.0
2.0
3.0
4762.0
3118.0
1.0
1.0
3.0
19.0
1.0
1.0
1.0
3.0
10001.0
3.0
1.0
1.0
1.0
2.0
2.0
6.0
811.0
1.0
3.0
2.0
13.0
62.0
3.0
1.0
3.0
3.0
1.0
6389.0
37.0
88.0
3.0
1.0
3.0
1.0
76.0
1.0
347.0
18.0
3.0
14.0
5.0
1.0
14.0
1.0
293.0
4.0
5.0
1.0
2.0
679.0
19.0
2.0
3.0
25.0
2.0
11.0
2.0
75.0
352.0
1.0
18.0
3.0
351.0
3.0
1.0
7.0
3.0
961.0
3.0
1.0
1.0
235.0
22.0
1.0
1.0
7.0
3.0
1.0
69.0
18.0
1.0
1.0
341.0
3.0
1.0
3.0
1.0
457.0
9.0
5.0
4.0
2.0
49.0
1.0
26.0
367.0
9.0
1.0
1.0
1310.0
4.0
3.0
3.0
113.0
696.0
4.0
24.0
1.0
1.0
2.0
32.0
4.0
713.0
3.0
7.0
2.0
121.0
3.0
3.0
1.0
20.0
1.0
26.0
1.0
1.0
4.0
2.0
232.0
1.0
3.0
7.0
31.0
1.0
1.0
1.0
1.0
1.0
1.0
12.0
3.0
9.0
10.0
932.0
1037.0
3.0
17.0
24.0
206.0
1.0
2.0
4.0
1.0
1.0
1.0
1.0
2.0
3.0
23.0
2.0
4.0
1.0
6.0
2.0
49.0
2.0
5.0
6.0
424.0
11.0
2.0
11.0
3.0
1.0
2.0
4.0
2.0
4.0
1.0
1.0
770.0
10.0
1.0
2.0
1.0
3.0
93.0
6.0
529.0
1.0
54.0
1.0
3.0
6.0
2.0
45.0
17.0
1.0
66.0
1086.0
99.0
1.0
4.0
2.0
134.0
106.0
3.0
10.0
71.0
1.0
1.0
1.0
3.0
60.0
3.0
1.0
3.0
183.0
1.0
1.0
3.0
3.0
2.0
75.0
1451.0
1.0
3.0
1.0
1.0
778.0
2.0
4.0
38.0
792.0
416.0
12.0
2.0
4.0
3.0
59.0
1.0
3.0
4.0
2.0
2253.0
9.0
1.0
3.0
16.0
91.0
298.0
1.0
31.0
107.0
2.0
75.0
1.0
3.0
871.0
1.0
1.0
4.0
18.0
505.0
3.0
5.0
1.0
2.0
2.0
1.0
1.0
1.0
3.0
119.0
1.0
2.0
1.0
3.0
1.0
48.0
63.0
9.0
9.0
1.0
959.0
15.0
1934.0
14.0
2.0
3.0
1.0
2.0
1.0
6.0
3.0
18.0
42.0
1.0
3.0
4.0
1.0
1.0
19.0
119.0
3.0
91.0
2.0
2.0
3249.0
17.0
8.0
20.0
324.0
1.0
3.0
1.0
2.0
12.0
1.0
35.0
395.0
21.0
2.0
1.0
1.0
1.0
3.0
738.0
6.0
907.0
1.0
1.0
217.0
2.0
2.0
3.0
1.0
1708.0
1.0
1.0
13.0
34.0
58.0
195.0
737.0
3.0
1.0
22.0
1.0
1.0
1.0
1.0
12.0
222.0
1086.0
3.0
3.0
14.0
72.0
2.0
45.0
7.0
14.0
12.0
1.0
4.0
59.0
1.0
3.0
19.0
2.0
1.0
1.0
1.0
3.0
1.0
97.0
3.0
1.0
1.0
2.0
42.0
1.0
1.0
1.0
1405.0
43.0
1.0
424.0
8.0
4.0
322.0
9.0
41.0
2.0
901.0
21.0
201.0
47.0
10.0
5.0
1451.0
17.0
1.0
1.0
1.0
24.0
1.0
60.0
1.0
9.0
7.0
4.0
4.0
4.0
3.0
3.0
42.0
345.0
554.0
1.0
114.0
40.0
351.0
88.0
1.0
3.0
8.0
3.0
13.0
464.0
2.0
13670.0
6.0
1565.0
2.0
3.0
1.0
3.0
2926.0
3.0
1.0
2.0
436.0
237.0
1.0
3.0
1.0
1.0
12.0
9.0
5.0
1152.0
3.0
1.0
3.0
59.0
1626.0
1.0
2217.0
6.0
21.0
1.0
2.0
3.0
3.0
1.0
1.0
1.0
123.0
5.0
19.0
3.0
1.0
2.0
3.0
3.0
298.0
1.0
23.0
2.0
7.0
4.0
1.0
1.0
1.0
3.0
1.0
4.0
172.0
4.0
8.0
1.0
41.0
35.0
9.0
3.0
1.0
6.0
24.0
3.0
1.0
9.0
6.0
1.0
24.0
1.0
1.0
2.0
1.0
1.0
6.0
5.0
136.0
3.0
3.0
2.0
23.0
3263.0
24.0
1.0
3.0
1.0
3.0
1.0
1.0
446.0
288.0
2.0
1.0
3.0
13.0
710.0
12.0
3.0
1.0
1.0
9.0
338.0
2.0
112.0
2.0
5.0
5.0
65.0
1.0
1.0
1.0
9.0
423.0
2.0
374.0
50.0
1.0
2.0
351.0
6.0
172.0
5.0
145.0
1.0
4.0
2.0
5.0
1.0
215.0
177.0
3.0
1.0
84.0
240.0
1.0
23.0
10.0
3.0
1.0
3.0
2.0
226.0
1.0
287.0
1.0
4.0
2.0
1.0
1.0
441.0
1.0
8.0
16.0
1.0
3.0
28.0
4.0
2.0
1.0
133.0
244.0
1.0
1.0
6.0
39.0
2.0
1.0
1.0
9.0
46.0
24.0
4.0
212.0
3.0
5.0
3.0
3.0
3.0
142.0
408.0
19.0
3.0
31.0
2.0
2.0
3.0
1.0
64.0
343.0
1.0
1.0
1012.0
2.0
1.0
72.0
1.0
1.0
6.0
3.0
3.0
1.0
72.0
116.0
1.0
1.0
1.0
6.0
702.0
2.0
1594.0
220.0
18.0
235.0
113.0
1.0
60.0
20.0
2.0
3296.0
1.0
40.0
3.0
1.0
3.0
4.0
5.0
1.0
231.0
1.0
1.0
10.0
4.0
3.0
17.0
7.0
2.0
1.0
1.0
3.0
20.0
1.0
3.0
3.0
32.0
2.0
512.0
1.0
5.0
1.0
2.0
2.0
1.0
17.0
4273.0
3.0
8.0
3.0
4.0
4.0
1.0
1.0
2.0
10.0
3.0
232.0
3.0
6.0
1.0
79.0
4.0
4.0
3.0
16.0
2.0
1.0
1.0
534.0
3.0
1.0
66.0
19.0
2.0
94.0
23.0
1018.0
4.0
1.0
371.0
7.0
1056.0
3.0
1.0
1.0
7.0
22.0
3.0
3.0
4.0
4.0
16.0
743.0
4.0
350.0
340.0
29.0
295.0
2.0
3.0
961.0
3.0
136.0
7.0
22.0
8.0
643.0
3.0
2.0
1.0
19.0
112.0
1.0
61.0
4.0
1.0
9.0
1.0
4.0
3.0
129.0
722.0
10.0
93.0
88.0
6.0
1.0
970.0
2.0
47.0
314.0
56.0
9.0
1612.0
1.0
4612.0
1.0
1.0
286.0
6.0
2.0
2.0
1.0
1.0
1.0
4024.0
3.0
10.0
1455.0
72.0
1.0
3.0
93.0
5.0
1.0
3.0
3.0
286.0
521.0
121.0
1096.0
948.0
1.0
10.0
2.0
186.0
1230.0
1.0
1.0
1.0
5.0
6.0
22.0
3.0
12.0
156.0
1.0
1.0
3.0
2.0
34.0
62.0
1.0
5.0
1.0
9.0
374.0
19.0
10.0
3.0
3.0
63.0
2.0
313.0
27732.0
2.0
43.0
3.0
1101.0
4.0
2.0
2.0
9.0
2.0
2.0
446.0
7849.0
45.0
6584.0
9.0
792.0
1.0
547.0
699.0
1.0
1.0
17.0
1174.0
2.0
2.0
6.0
16.0
1.0
5.0
4.0
25.0
3.0
4.0
24.0
3.0
3.0
102.0
7.0
13.0
10.0
1019.0
3.0
1025.0
9.0
4.0
8.0
1.0
14.0
3.0
83.0
23.0
1.0
8.0
1.0
1.0
44.0
80.0
3.0
1234.0
1655.0
1.0
104.0
461.0
1039.0
6.0
178.0
1.0
1.0
371.0
59.0
10.0
3.0
2022.0
4.0
8.0
4.0
3.0
4.0
6.0
17.0
1.0
58.0
55.0
1.0
2.0
10.0
5.0
1.0
4.0
1204.0
3.0
74.0
346.0
1.0
1.0
2.0
8.0
2.0
106.0
2.0
232.0
75.0
3.0
2.0
467.0
1.0
43.0
1.0
119.0
79.0
30.0
24.0
8.0
18.0
3.0
7.0
3.0
3.0
24.0
3.0
379.0
16.0
11.0
2.0
1.0
89.0
3436.0
1.0
1.0
2.0
1.0
1.0
1.0
3.0
20.0
5.0
1.0
67.0
1.0
232.0
421.0
252.0
95.0
5.0
2.0
3.0
5.0
3.0
65.0
2.0
1.0
2567.0
26.0
3.0
3.0
3.0
1.0
519.0
5.0
1.0
141.0
1.0
7.0
4.0
3.0
1874.0
2.0
1.0
24.0
100.0
2472.0
40.0
2.0
3.0
447.0
44.0
288.0
192.0
1.0
39.0
1.0
2.0
3.0
1.0
1.0
3.0
1.0
16.0
308.0
85.0
10.0
1967.0
1732.0
1.0
3.0
172.0
7.0
1.0
12.0
3.0
1.0
11.0
66.0
1.0
3.0
25.0
1.0
1.0
14385.0
1.0
7.0
1.0
1.0
1.0
668.0
1.0
3.0
2.0
3370.0
1.0
288.0
222.0
61.0
2.0
2.0
2.0
527.0
1.0
2.0
232.0
1.0
9.0
3.0
1.0
232.0
72.0
2.0
29.0
1610.0
2.0
1.0
6.0
4.0
108.0
2.0
21.0
8.0
10.0
1.0
1.0
7.0
7.0
10.0
76.0
100.0
9.0
518.0
205.0
14.0
83.0
1.0
16.0
16.0
2.0
1.0
28.0
9.0
1.0
24.0
29.0
1.0
2117.0
185013.0
3.0
1.0
1.0
4.0
1.0
7.0
34.0
1.0
5.0
22.0
3.0
20.0
2.0
43.0
2.0
1.0
299.0
30.0
2775.0
1.0
4.0
1.0
34.0
4.0
24.0
112.0
3.0
1.0
3.0
135.0
178.0
45.0
3.0
49.0
1.0
2.0
3.0
23.0
1.0
3.0
3.0
67.0
4311.0
658.0
1.0
3.0
11.0
2.0
5.0
7.0
14.0
1.0
6957.0
1.0
6.0
64.0
1.0
4.0
4.0
1.0
1.0
3.0
1.0
4.0
3.0
69.0
1.0
3.0
814.0
3.0
11.0
11.0
1.0
1.0
41.0
2.0
12.0
1.0
371.0
2.0
12.0
1.0
1.0
7.0
1.0
7.0
6.0
2.0
5.0
8.0
2610.0
15.0
132.0
1.0
173.0
1.0
1.0
109.0
124.0
1.0
138.0
3.0
1.0
21.0
445.0
6.0
20.0
28.0
221.0
685.0
1.0
1.0
3.0
1575.0
1.0
1.0
13.0
4.0
19.0
1.0
8.0
1.0
242.0
16.0
1.0
66.0
1.0
1.0
2.0
69.0
1.0
1.0
82.0
2.0
1509.0
3.0
3.0
3.0
6.0
59.0
376.0
1.0
2.0
4.0
1.0
1.0
4.0
743.0
2.0
361.0
155.0
1.0
1.0
829.0
190.0
370.0
111.0
4612.0
1.0
13.0
3.0
8.0
2.0
4.0
3.0
292.0
1.0
3.0
2.0
11.0
5.0
8.0
1.0
6.0
767.0
297.0
24.0
1.0
1.0
1015.0
1983.0
7.0
18.0
10.0
1.0
1.0
3.0
687.0
3.0
1.0
13.0
44716.0
1.0
3.0
2.0
1.0
1.0
2.0
8.0
2.0
5.0
5438.0
163.0
3.0
8.0
89.0
3.0
1.0
1.0
51.0
1.0
714.0
57.0
4.0
3.0
2.0
9.0
685.0
2.0
113.0
8516.0
1.0
2.0
3999.0
4.0
8.0
3.0
1.0
4167.0
10.0
9.0
60.0
94.0
24.0
5.0
3.0
14.0
6.0
7.0
1.0
7.0
1.0
26.0
191.0
4.0
1.0
3.0
1.0
311.0
55.0
1.0
1.0
1.0
463.0
6.0
3.0
3.0
1.0
358.0
27.0
13.0
12.0
4.0
1.0
1.0
3.0
143.0
516.0
1.0
3.0
1.0
184.0
535.0
1.0
2485.0
1.0
3.0
2.0
3.0
14.0
24.0
1.0
18.0
656.0
47.0
36.0
2.0
35.0
3.0
8659.0
107.0
125.0
7882.0
96.0
1.0
430.0
59.0
1147.0
54.0
2.0
1.0
788.0
2.0
10.0
1.0
1.0
48.0
7.0
5.0
5707.0
63.0
3.0
23.0
18.0
3.0
1.0
1.0
1.0
1117.0
1.0
82.0
1.0
1.0
3.0
1018.0
28.0
79.0
10.0
1.0
65.0
21.0
426.0
1.0
3.0
3.0
3.0
2.0
33.0
1.0
9.0
1.0
3.0
1.0
1.0
1.0
1.0
9.0
3.0
1.0
4.0
1.0
3.0
4.0
8.0
2.0
9.0
1.0
1.0
1.0
351.0
301.0
389.0
1.0
22.0
1.0
350.0
5.0
1.0
106.0
1.0
2.0
12.0
336.0
386.0
4.0
18520.0
1.0
254.0
2.0
1.0
1.0
3.0
1.0
4.0
1.0
2.0
2.0
3.0
3.0
323.0
1601.0
3.0
576.0
338.0
10.0
2.0
17.0
2.0
3.0
1.0
1.0
270.0
3.0
3.0
1.0
2.0
4900.0
8.0
338.0
7.0
13.0
386.0
350.0
7.0
1.0
1.0
6.0
538.0
95.0
3.0
977.0
125.0
24.0
1047.0
4.0
39.0
1.0
3.0
501.0
14.0
3.0
13.0
3.0
7.0
12724.0
80.0
1612.0
4.0
6.0
3.0
176.0
1.0
1.0
1.0
1.0
65.0
2.0
65.0
7.0
66.0
2.0
6160.0
1.0
3.0
3.0
9.0
271.0
8.0
57.0
4.0
1.0
45.0
3.0
114.0
4.0
288.0
1.0
4.0
34.0
681.0
4.0
4.0
5.0
11.0
1.0
1.0
2936.0
2.0
227.0
4.0
96.0
172.0
4.0
12.0
3.0
2.0
2.0
3.0
706.0
66.0
4.0
1.0
107.0
1.0
1.0
4.0
1186.0
3.0
24.0
1.0
33.0
697.0
3.0
1.0
1.0
2.0
3.0
6.0
2.0
5.0
6.0
1.0
49.0
37.0
1.0
9.0
9.0
1.0
1.0
1.0
2.0
1.0
1.0
233.0
3.0
3.0
20.0
70.0
1057.0
26186.0
1.0
137.0
1.0
7180.0
3.0
42.0
10.0
7.0
2.0
1.0
460.0
5.0
1.0
3.0
9.0
1.0
9.0
5.0
3.0
2.0
1.0
7.0
855.0
2.0
1.0
5.0
128.0
24.0
1.0
210.0
2.0
24.0
1082.0
2.0
1.0
3.0
3.0
625.0
1548.0
638.0
96.0
9.0
105.0
493.0
4.0
1.0
5.0
4.0
17.0
2.0
7.0
3.0
1.0
3.0
3.0
3.0
3.0
2.0
3.0
4.0
1.0
3.0
3.0
2.0
1.0
30.0
2.0
20.0
1.0
34.0
1.0
18.0
3.0
9.0
11.0
3.0
1533.0
6.0
9.0
2.0
1.0
90.0
4.0
1.0
63.0
31.0
1.0
1.0
699.0
4.0
18.0
1225.0
4.0
5.0
1.0
3.0
16.0
971.0
1145.0
1.0
3.0
401.0
1.0
3.0
4.0
327.0
1.0
843.0
8.0
1.0
3.0
4.0
1.0
3.0
1.0
1.0
24.0
2.0
13.0
12.0
1225.0
65.0
10.0
1.0
2.0
4.0
2.0
8.0
3.0
402.0
1.0
3.0
2.0
72.0
9739.0
2.0
17.0
81.0
1.0
14.0
162.0
40.0
2.0
1.0
37.0
7.0
3.0
7.0
1560.0
178.0
2.0
15.0
1.0
1.0
5.0
2.0
1.0
2.0
2.0
2.0
1.0
4.0
23.0
1.0
1.0
1.0
4.0
3.0
5398.0
1.0
1.0
15.0
1.0
119.0
8.0
8.0
171.0
3.0
51.0
2.0
21.0
207.0
160.0
44.0
1.0
4.0
3.0
10.0
98.0
4.0
1.0
305.0
3469.0
221.0
231.0
27.0
3.0
24.0
1.0
9.0
1.0
3.0
11.0
1.0
1.0
2.0
2.0
102.0
20.0
7.0
6.0
386.0
7.0
1.0
3.0
288.0
1.0
2.0
3.0
3.0
59.0
3.0
4.0
22.0
1.0
3.0
414.0
1.0
576.0
1067.0
1.0
86.0
292.0
1.0
817.0
1.0
1.0
4.0
279.0
1.0
1.0
40.0
3.0
11.0
23.0
1.0
65.0
8.0
6.0
2.0
21.0
65.0
5.0
578.0
333.0
965.0
246.0
2.0
19.0
1.0
26.0
1.0
31.0
17.0
1.0
18.0
1.0
3.0
5.0
86.0
26.0
3.0
183.0
15.0
1.0
1.0
3.0
3.0
2.0
1.0
1075.0
1.0
288.0
2.0
1.0
3.0
3.0
642.0
2.0
2.0
3.0
2785.0
4.0
7.0
6.0
3.0
11.0
9.0
2.0
24.0
11.0
41.0
579.0
86.0
9.0
4.0
2.0
42.0
1.0
3.0
3.0
9.0
1.0
1.0
15.0
102.0
1.0
31.0
2.0
1.0
1.0
9.0
3.0
12.0
4.0
24.0
13.0
9.0
457.0
7.0
3.0
9.0
5.0
7.0
3.0
4.0
56.0
25.0
41.0
2204.0
31.0
4.0
1.0
2.0
1929.0
1.0
1.0
1.0
1.0
6.0
5.0
2.0
1.0
246.0
3.0
1.0
693.0
3.0
3.0
3.0
2.0
1.0
6.0
313.0
3.0
1024.0
58.0
1.0
1.0
3.0
1492.0
3075.0
2.0
1.0
6.0
41.0
1.0
10.0
405.0
7.0
611.0
1.0
23505.0
1.0
57.0
3.0
746.0
718.0
3.0
4.0
1.0
2.0
4.0
1.0
3.0
65.0
3.0
1056.0
2.0
39.0
2.0
168.0
4.0
2.0
20.0
1.0
6.0
25.0
3.0
111.0
21.0
6.0
1.0
3.0
3.0
1.0
27.0
4.0
1.0
942.0
1.0
19.0
1.0
1.0
5.0
27.0
24.0
2.0
1.0
2.0
1.0
3.0
1.0
11.0
1606.0
1.0
4.0
458.0
7.0
1116.0
1.0
1.0
369.0
1.0
55.0
3.0
105.0
15.0
1.0
92.0
1.0
1289.0
10.0
1.0
3.0
3.0
59.0
34.0
3.0
3.0
2.0
85.0
1.0
3.0
3.0
2.0
3.0
3.0
1.0
1.0
1.0
1.0
1.0
1.0
1.0
67.0
24.0
2.0
14.0
2.0
2.0
18.0
23.0
3.0
1.0
7.0
235.0
1.0
53.0
445.0
3.0
1.0
1.0
1.0
5.0
3.0
4.0
4.0
3.0
4.0
1.0
3.0
17.0
209.0
113.0
4.0
1.0
1.0
1585.0
1246.0
2.0
4.0
1897.0
4.0
1.0
1.0
576.0
9.0
4.0
6.0
5.0
65.0
158.0
3.0
106.0
236.0
1373.0
1.0
3.0
10.0
1.0
5.0
107.0
102.0
2.0
37.0
1.0
138.0
236.0
1.0
3.0
2.0
3345.0
3.0
1.0
3.0
1018.0
3.0
143.0
1.0
1.0
3.0
3.0
3.0
1.0
1.0
14.0
1.0
1.0
12.0
1.0
3.0
1.0
2.0
86.0
1705.0
1.0
3.0
3.0
1.0
33.0
185.0
576.0
6.0
3.0
57.0
3.0
668.0
14.0
1.0
1.0
24.0
6.0
1.0
3.0
5.0
2.0
65.0
4.0
1159.0
11.0
1.0
274.0
1.0
2.0
13.0
20.0
4.0
2.0
1.0
3.0
6.0
57.0
3.0
11.0
1.0
55.0
33.0
1.0
3.0
3.0
1.0
2.0
1.0
10.0
959.0
2.0
11.0
3.0
3.0
8.0
3.0
1.0
2.0
1.0
2.0
3.0
37.0
13.0
10.0
6.0
34.0
4.0
3.0
14.0
2.0
2.0
2.0
3.0
36.0
2.0
2.0
1.0
2.0
2.0
1.0
4.0
2.0
6.0
1.0
439.0
787.0
313.0
5.0
25.0
3.0
1307.0
119.0
16.0
7.0
1.0
4.0
2.0
3.0
3.0
385.0
3.0
1.0
1.0
367.0
726.0
1.0
2.0
5.0
2.0
3.0
7.0
117.0
1.0
1.0
8.0
1.0
17.0
2.0
468.0
1.0
1.0
1.0
2.0
3.0
9.0
70.0
4.0
1.0
1.0
2.0
2.0
14.0
11.0
1234.0
2.0
3.0
151.0
4.0
20.0
6.0
74.0
10.0
2.0
17.0
8.0
6.0
1.0
117.0
3.0
1.0
78.0
43.0
1.0
2.0
2.0
3.0
977.0
716.0
23849.0
2929.0
1198.0
3.0
4.0
516.0
12.0
1.0
2.0
1.0
73.0
8.0
1.0
6.0
25.0
454.0
9.0
85.0
3.0
2.0
3.0
369.0
5.0
1.0
1.0
4.0
400.0
610.0
3.0
944.0
10.0
5.0
278.0
9.0
3.0
2.0
1.0
34.0
245.0
1.0
4.0
1.0
1.0
27.0
1205.0
3.0
1.0
4.0
3.0
998.0
4.0
101.0
1.0
3.0
4.0
1.0
1.0
3594.0
983.0
2374.0
12.0
665.0
3.0
834.0
3.0
3.0
24.0
205.0
5.0
466.0
193.0
241.0
4.0
2.0
611.0
21.0
1.0
12.0
3.0
2.0
5.0
9.0
4.0
67.0
4.0
3.0
3.0
3.0
18.0
1.0
17858.0
38.0
43.0
3.0
3.0
3.0
1.0
10.0
1.0
1.0
5121.0
14.0
1.0
1.0
1.0
1.0
8.0
1230.0
1.0
127.0
965.0
3.0
42.0
69.0
6.0
254.0
1.0
7.0
3.0
8.0
1.0
1.0
8.0
1.0
1.0
6.0
41.0
1.0
3.0
64.0
160.0
40.0
2.0
1.0
1792.0
120.0
385.0
875.0
50.0
4.0
122.0
1.0
8.0
10.0
479.0
232.0
8.0
4556.0
75.0
1.0
596.0
322.0
34.0
15.0
3.0
2.0
4.0
9170.0
2.0
3.0
5.0
2016.0
19.0
65.0
29.0
242.0
3.0
1595.0
1.0
10.0
3.0
5.0
1.0
1.0
3.0
1.0
836.0
65.0
1047.0
1.0
2.0
4.0
8.0
2.0
3.0
97.0
19.0
3.0
3.0
1.0
3.0
7.0
3.0
1.0
1.0
1.0
10.0
3.0
802.0
288.0
2.0
5.0
1.0
1.0
2.0
6.0
1.0
87.0
4.0
2.0
102.0
3.0
4.0
1.0
1.0
836.0
3.0
35.0
3.0
3.0
957.0
1.0
2836.0
6.0
668.0
1.0
3.0
18.0
48.0
1.0
3.0
31.0
3.0
1.0
1.0
2.0
1.0
3.0
13840.0
4.0
1.0
3.0
8.0
2.0
1.0
131.0
1.0
9.0
8.0
4.0
2.0
2.0
1236.0
2467.0
249.0
36.0
3.0
5.0
1.0
3.0
16.0
3.0
7356.0
1.0
351.0
1.0
3.0
1.0
1.0
237.0
714.0
15.0
1.0
3.0
24.0
3.0
1.0
1.0
7.0
7.0
800.0
9.0
1.0
137.0
5.0
78.0
89.0
1.0
10.0
4.0
6.0
2.0
5.0
3.0
12.0
10.0
2.0
18.0
1422.0
21.0
114.0
2.0
1045.0
1.0
3.0
10.0
548.0
5.0
69.0
55.0
3.0
1.0
34.0
5.0
2.0
2.0
2.0
2.0
5.0
558.0
9.0
152.0
1.0
1484.0
288.0
37.0
3.0
1.0
1.0
318.0
1.0
1.0
9.0
33.0
4.0
1.0
3.0
1.0
1.0
1.0
5.0
3.0
137.0
73.0
3.0
291.0
4.0
238.0
1.0
8.0
1.0
48.0
1214.0
3.0
8.0
8.0
1.0
6545.0
816.0
14.0
3.0
3.0
5.0
1.0
4.0
73.0
35.0
3.0
4.0
106.0
13.0
438.0
130.0
13.0
1.0
1.0
2.0
4.0
5.0
1.0
4.0
74.0
6.0
1.0
3841.0
1.0
2.0
7.0
17.0
242.0
372.0
3.0
4.0
3.0
16.0
2.0
2.0
6.0
13.0
12.0
45.0
71.0
1.0
1.0
3.0
3.0
109.0
23.0
1.0
32.0
3.0
5.0
2.0
4.0
3.0
1.0
1.0
2.0
5.0
360.0
3.0
404.0
7.0
2.0
3.0
1.0
2237.0
1.0
1.0
1.0
1.0
11.0
1.0
1.0
2.0
50.0
429.0
76.0
2.0
1.0
24.0
1.0
2.0
61.0
18.0
3.0
74.0
1.0
1.0
3.0
1.0
721.0
1.0
1.0
1.0
1230.0
21.0
75.0
1.0
3.0
1297.0
1.0
798.0
12.0
3.0
1.0
1.0
1.0
326.0
1.0
58.0
1.0
644.0
2.0
1.0
3.0
3.0
1430.0
3454.0
9.0
28.0
24.0
3.0
1.0
107.0
1477.0
3.0
1.0
3.0
54.0
2.0
3.0
4.0
6.0
106.0
1.0
1.0
32.0
2.0
3.0
1.0
30.0
5.0
2.0
8.0
16.0
332.0
3.0
1.0
1.0
18.0
4.0
1483.0
189.0
1962.0
9.0
1.0
76.0
3.0
2.0
9.0
703.0
3.0
1.0
3.0
394.0
3.0
1.0
3.0
1.0
2.0
1.0
1.0
2.0
4.0
5.0
1.0
4.0
218.0
3.0
3.0
2.0
3.0
24.0
2.0
3.0
1.0
65.0
89.0
1.0
3.0
50.0
3.0
3.0
1.0
1.0
6.0
1.0
172.0
5.0
2.0
1225.0
18.0
117.0
42.0
11.0
1.0
484.0
4.0
4.0
1.0
105.0
962.0
9.0
120.0
2.0
1.0
2.0
2.0
3.0
1.0
1.0
6.0
456.0
1897.0
72.0
2.0
4.0
3.0
7.0
1.0
70.0
4.0
2.0
5.0
621.0
2.0
6.0
58.0
3.0
6.0
2.0
9.0
1.0
2.0
3.0
2.0
3.0
1.0
1.0
3.0
1.0
533.0
1796.0
1.0
1.0
178.0
42.0
2.0
105.0
1.0
8.0
1.0
2.0
1.0
2.0
9.0
276.0
3.0
1.0
5.0
3.0
4.0
1.0
3.0
8.0
3.0
3.0
4.0
22.0
3119.0
280.0
2640.0
160.0
3.0
1.0
1.0
3.0
1.0
5.0
441.0
2.0
15.0
163.0
115.0
1.0
282.0
177.0
27.0
5.0
232.0
8.0
3.0
9.0
1.0
1.0
8.0
375.0
1.0
1.0
1.0
9.0
3.0
29.0
1.0
101.0
65.0
3.0
525.0
1.0
4.0
3.0
3.0
3.0
4.0
1.0
3.0
1.0
1.0
2.0
14.0
19.0
5.0
24.0
3.0
3.0
3.0
3.0
2.0
14.0
339.0
20.0
2272.0
2391.0
426.0
39.0
295.0
2.0
4.0
8.0
263.0
2.0
3.0
1.0
11.0
13.0
2.0
2.0
1.0
4085.0
1.0
1.0
2.0
23.0
24.0
1.0
9.0
21.0
8.0
1999.0
15.0
3.0
2.0
3769.0
64.0
10.0
576.0
8.0
1.0
4.0
3.0
954.0
4.0
3.0
14.0
3.0
9.0
9.0
7.0
4.0
2.0
2.0
7.0
267.0
1.0
351.0
1.0
1.0
6.0
18.0
6.0
1020.0
40.0
5.0
62.0
1.0
2.0
2025.0
5.0
11.0
12.0
1.0
232.0
1.0
2.0
101.0
2.0
83.0
1.0
4833.0
149.0
1.0
1.0
1.0
25.0
20.0
222.0
1.0
25.0
7.0
2.0
74.0
942.0
1.0
105.0
1.0
13.0
1558.0
715.0
5.0
1863.0
4.0
1.0
2.0
6.0
9.0
10.0
1.0
2.0
779.0
19.0
10.0
109.0
2.0
3.0
1.0
24.0
39.0
74.0
1.0
1533.0
4.0
1.0
3.0
58.0
10.0
3.0
95.0
6.0
6.0
3.0
23.0
1.0
110279.0
14.0
1.0
2.0
11.0
2.0
1474.0
36.0
11.0
12.0
4.0
1.0
1.0
11.0
1444.0
8.0
144.0
2.0
31.0
3.0
105.0
23.0
4.0
1486.0
9.0
1.0
123.0
2.0
2.0
1.0
3.0
5.0
1.0
3.0
3.0
1288.0
17.0
2.0
213.0
1.0
1.0
3.0
4.0
4.0
1.0
1539.0
12.0
3.0
1125.0
369.0
19.0
2.0
3059.0
1.0
19.0
112.0
6.0
4.0
1462.0
1.0
1.0
4.0
4.0
10.0
3.0
1.0
545.0
265.0
4.0
1.0
44.0
1.0
1.0
6.0
278.0
10.0
3142.0
129.0
10.0
1.0
1.0
560.0
3.0
3.0
114.0
401.0
4.0
3.0
3.0
1.0
2.0
1.0
240.0
1734.0
7.0
1.0
8.0
6.0
4.0
3.0
5215.0
2.0
2.0
2.0
9.0
2230.0
6.0
14.0
2.0
2.0
24.0
4.0
258.0
222.0
67.0
47.0
7.0
219.0
2.0
3.0
2.0
1050.0
4.0
1.0
8.0
41.0
3.0
1.0
1.0
6.0
714.0
1.0
22.0
1.0
2.0
9.0
3.0
12062.0
1.0
1.0
25.0
25.0
19.0
15.0
7.0
3.0
48.0
3.0
87.0
3.0
1.0
351.0
1.0
3.0
107.0
14.0
3.0
4615.0
1.0
3.0
87.0
7.0
3.0
1.0
4.0
3.0
1.0
1.0
5.0
1.0
233.0
6.0
7.0
31.0
1.0
1.0
30.0
101.0
3.0
1.0
48.0
99.0
9.0
2.0
1.0
16.0
2739.0
1.0
9.0
14.0
17.0
1.0
431.0
1.0
1.0
3.0
260.0
48.0
94.0
3.0
52.0
1.0
7.0
4.0
1.0
3.0
6.0
378.0
3.0
679.0
3.0
3.0
2.0
520.0
6.0
1.0
2.0
1.0
1.0
1.0
1.0
148.0
4.0
102.0
1.0
1.0
1.0
14.0
1.0
14.0
9.0
148.0
2.0
1.0
74.0
3.0
5.0
5.0
8.0
1.0
1.0
271.0
12.0
19.0
9.0
1.0
3.0
421.0
1.0
13.0
1.0
3.0
6.0
10.0
596.0
24.0
282.0
1.0
15.0
793.0
29.0
23.0
5.0
1113.0
104.0
1.0
3.0
433.0
2.0
7.0
1.0
1.0
74.0
46.0
252.0
1.0
1514.0
7.0
27.0
182.0
4.0
3.0
4.0
1.0
23.0
3.0
1.0
8.0
23.0
1.0
8.0
11.0
2.0
109.0
6433.0
1.0
2.0
24.0
55.0
56.0
3.0
79.0
8.0
1.0
1.0
6.0
576.0
3.0
132.0
3.0
2.0
55.0
4.0
4.0
10.0
1.0
1.0
3.0
388.0
1.0
1.0
1177.0
21.0
3.0
1.0
1.0
721.0
4.0
2.0
1.0
4.0
1.0
2.0
632.0
16.0
1.0
3.0
1.0
2.0
3.0
1.0
4.0
1.0
1287.0
2.0
3.0
2.0
3.0
2.0
1.0
16.0
1.0
433.0
14.0
5.0
1.0
3.0
423.0
4.0
1198.0
3.0
4.0
2.0
3.0
1.0
2.0
2.0
12.0
1.0
1.0
2.0
17.0
18.0
29.0
33.0
1.0
1.0
1.0
1.0
8.0
1.0
3.0
19.0
2.0
1.0
1.0
2.0
1.0
8.0
2.0
6.0
614.0
3.0
38.0
596.0
1311.0
1548.0
4.0
1513.0
1310.0
3.0
1.0
446.0
422.0
3.0
12.0
2.0
1.0
64.0
4.0
5.0
9.0
24.0
2.0
1.0
522.0
3.0
1.0
24.0
65.0
1.0
1.0
826.0
779.0
2577.0
1.0
23.0
7.0
3.0
86.0
16.0
13.0
7.0
771.0
1129.0
3.0
5.0
9.0
41.0
147.0
3.0
2.0
1.0
1.0
4.0
2.0
1.0
21.0
3.0
7.0
3.0
2237.0
69.0
3.0
529.0
66.0
3.0
16.0
17.0
27.0
1.0
354.0
3.0
3.0
1.0
5.0
4.0
1.0
475.0
3.0
1.0
76.0
49.0
1.0
3.0
1.0
1.0
75.0
6.0
10.0
2.0
58.0
29.0
1225.0
1.0
8.0
3.0
1.0
5.0
118.0
3.0
3.0
2.0
6.0
2.0
398.0
45.0
56.0
1.0
66.0
4.0
2398.0
1.0
1.0
82.0
23.0
18.0
181.0
9.0
23.0
8.0
3.0
135.0
2.0
8.0
12.0
3.0
1.0
1.0
1.0
3.0
12.0
3.0
9.0
3.0
942.0
232.0
10.0
1.0
24.0
220.0
7.0
81.0
14.0
25.0
1.0
3.0
3.0
1.0
1.0
52.0
9.0
1117.0
2.0
3.0
3.0
3.0
3.0
66.0
1.0
2.0
1.0
2.0
1.0
12.0
1.0
337.0
1.0
1.0
1.0
11.0
23.0
9.0
8.0
463.0
2.0
73.0
4.0
112.0
3.0
4.0
59.0
3.0
6.0
1.0
1987.0
149.0
54.0
3.0
1.0
175.0
3.0
1.0
241.0
26.0
2.0
15.0
5.0
351.0
10.0
19.0
30.0
22.0
1.0
1.0
3.0
2.0
3.0
1.0
1.0
23.0
7.0
2.0
19.0
3.0
3.0
3.0
9.0
1.0
2.0
1.0
1.0
1.0
3.0
3.0
2.0
121.0
6.0
4.0
1.0
3.0
3.0
3.0
3.0
1.0
7.0
24.0
2.0
1.0
1.0
943.0
1762.0
30.0
1.0
2.0
1.0
4.0
1018.0
33.0
1.0
74.0
1.0
1.0
3.0
1.0
1.0
1.0
12.0
3.0
4.0
66.0
1.0
400.0
1.0
2.0
1.0
1.0
1.0
1.0
124.0
1.0
16.0
2.0
1.0
4902.0
132.0
8094.0
6.0
4.0
4.0
3.0
1.0
50.0
5.0
23.0
1.0
154.0
28.0
1.0
3.0
1.0
2.0
2.0
27.0
1.0
1.0
348.0
2.0
2.0
1.0
240.0
3.0
1.0
1.0
8.0
17.0
4.0
4.0
15.0
149.0
171.0
3.0
33.0
3.0
3.0
1.0
1.0
11.0
1.0
3.0
274.0
2911.0
3.0
21.0
19.0
313.0
941.0
3.0
3.0
1.0
410.0
1669.0
4.0
4.0
1.0
3.0
1.0
18.0
1.0
2.0
9.0
4.0
1.0
23.0
1.0
1.0
4.0
1.0
3.0
2302.0
20.0
6.0
1018.0
15.0
3.0
11.0
1.0
1.0
92.0
1.0
1.0
1.0
891.0
3.0
1974.0
1.0
1.0
3.0
16.0
1.0
591.0
2.0
2.0
1.0
3.0
1.0
367.0
942.0
353.0
79.0
5.0
3.0
1.0
6.0
1.0
2329.0
1.0
1.0
604.0
4.0
1.0
5.0
2.0
1.0
509.0
81.0
1.0
1.0
299.0
34.0
4.0
35.0
2992.0
2.0
7.0
1.0
1.0
13.0
24.0
6.0
15.0
565.0
40.0
1.0
3.0
589.0
1.0
10.0
3.0
1.0
10.0
108.0
1.0
3.0
1442.0
107.0
4.0
3.0
695.0
66.0
102.0
1.0
3.0
1.0
1.0
1.0
1.0
3.0
3.0
340.0
5.0
1.0
1.0
1.0
1.0
375.0
1.0
1.0
1.0
4.0
802.0
2.0
3.0
696.0
1.0
17.0
2521.0
2.0
48.0
12.0
3817.0
1018.0
16.0
24.0
275.0
4.0
8.0
42.0
1.0
2.0
1.0
1.0
82.0
3.0
3.0
32.0
3.0
4.0
9.0
1.0
177.0
110.0
3.0
337.0
704.0
5.0
1.0
3.0
2.0
3.0
3.0
1.0
3.0
1.0
3.0
3.0
1.0
65.0
9.0
12.0
9.0
1520.0
9.0
24.0
35.0
1.0
1.0
8.0
4.0
599.0
4.0
12.0
139.0
4.0
1.0
5.0
8948.0
3.0
4.0
17.0
17.0
3.0
1.0
1.0
10.0
6.0
1.0
1.0
1.0
2.0
140.0
1.0
13840.0
3.0
1.0
8.0
193.0
14.0
1.0
3.0
1.0
6.0
19.0
3.0
63.0
77.0
3.0
2.0
1.0
1.0
8.0
1.0
714.0
4.0
5.0
1479.0
4.0
1.0
6.0
2.0
3.0
71.0
9.0
11.0
1.0
65.0
1.0
1006.0
2.0
5.0
3.0
1.0
4.0
53.0
182.0
1799.0
5.0
132.0
15.0
878.0
3.0
513.0
1.0
1372.0
2.0
4.0
5.0
6.0
1159.0
2.0
8.0
94.0
4.0
3.0
959.0
111.0
1.0
16.0
408.0
1.0
301.0
37.0
52.0
1151.0
4.0
1.0
232.0
2.0
601.0
4616.0
14.0
1.0
12.0
70.0
228.0
351.0
7.0
1201.0
282.0
1.0
3.0
3.0
1.0
36.0
3.0
2.0
15.0
2.0
140.0
7.0
1.0
4.0
12.0
1.0
404.0
2.0
5.0
15.0
1.0
10.0
15.0
5040.0
1.0
924.0
3.0
3.0
3.0
1.0
23.0
20.0
6.0
1.0
33.0
3.0
117.0
864.0
1.0
1.0
2.0
1033.0
552.0
1.0
23.0
24.0
3.0
3.0
1130.0
1.0
1.0
175.0
386.0
4.0
2.0
31.0
14.0
3.0
5.0
1.0
24.0
3.0
10.0
29.0
1.0
82.0
5.0
2067.0
1.0
3.0
1.0
130.0
3.0
2.0
6.0
4.0
17.0
2.0
50.0
33.0
3.0
106.0
20.0
1.0
5.0
11.0
126.0
1.0
3.0
16.0
1.0
1.0
4.0
2391.0
1422.0
8.0
1.0
8.0
3.0
2.0
222.0
1.0
836.0
4.0
668.0
614.0
160.0
1.0
8.0
175.0
15.0
815.0
7.0
1.0
13.0
92.0
1.0
2.0
2.0
2.0
3.0
23.0
334.0
5.0
2.0
35.0
3.0
3.0
2.0
6.0
49.0
75.0
8.0
2.0
1.0
3.0
2701.0
17.0
14.0
1.0
1.0
4.0
1.0
65.0
28.0
1.0
3.0
1352.0
3.0
117.0
351.0
1.0
1.0
351.0
240.0
1.0
3.0
3.0
156.0
2.0
2.0
3.0
2.0
70.0
626.0
7.0
3.0
3.0
29.0
2.0
3.0
34.0
14385.0
9.0
4.0
1.0
1.0
9.0
1.0
2.0
15.0
1.0
2.0
159.0
1.0
7.0
1.0
1.0
1.0
1.0
1240.0
943.0
31.0
1.0
37.0
14.0
1.0
6.0
17.0
22.0
135.0
1.0
69.0
1.0
3.0
12.0
22.0
288.0
23.0
1.0
31.0
2.0
25.0
215.0
74.0
1.0
1.0
4.0
65.0
1.0
1073.0
1.0
3.0
696.0
3.0
3.0
8.0
1.0
37.0
2500.0
3.0
5.0
18.0
4.0
3821.0
3.0
280.0
3.0
9.0
33.0
1.0
4.0
1.0
1.0
2.0
5.0
3.0
6.0
801.0
1.0
267.0
22.0
2.0
11.0
9.0
1617.0
1.0
52.0
1442.0
1.0
3.0
235.0
1.0
1.0
15.0
596.0
3.0
5.0
157.0
11.0
1.0
2.0
186.0
17.0
2.0
11.0
45.0
205.0
14500.0
11.0
1.0
8.0
1.0
8.0
14.0
140.0
1.0
3.0
1.0
1.0
5393.0
677.0
3.0
581.0
1.0
877.0
4.0
13.0
3.0
1.0
2.0
1.0
340.0
1030.0
4.0
21.0
1.0
1.0
77.0
101.0
23.0
1.0
1.0
2.0
3.0
13.0
16.0
1.0
1915.0
4.0
1.0
7.0
1755.0
3.0
3.0
1.0
17.0
4.0
1534.0
1.0
3261.0
1.0
1.0
3.0
338.0
1.0
112.0
2.0
1.0
472.0
52.0
1.0
471.0
3.0
33.0
3.0
6.0
1.0
1.0
1.0
814.0
36.0
4.0
3.0
5.0
6518.0
3.0
23.0
104.0
1.0
1.0
1.0
3.0
4.0
3.0
3.0
16.0
292.0
1538.0
3.0
1.0
1.0
3.0
2.0
100.0
1.0
23.0
1267.0
1.0
7.0
19.0
142.0
9.0
4.0
3.0
1879.0
26.0
1.0
1.0
24.0
3.0
7.0
1.0
10.0
1.0
3.0
38.0
3.0
5.0
25.0
1.0
1.0
3.0
2.0
1.0
142.0
1.0
351.0
104.0
21.0
3.0
1985.0
86.0
1.0
18.0
2.0
1.0
1.0
351.0
3.0
98.0
1.0
1.0
1.0
1.0
106.0
26.0
721.0
1.0
3.0
3.0
266.0
86.0
3.0
2.0
2.0
1139.0
1.0
596.0
3.0
4.0
3.0
886.0
3.0
87.0
638.0
6.0
12.0
1.0
1.0
5346.0
1.0
36.0
9.0
9.0
422.0
4.0
19.0
4.0
1.0
51.0
19.0
7.0
4.0
3.0
66088.0
1.0
1.0
4.0
1.0
2.0
2.0
2.0
1.0
1.0
100.0
10.0
101.0
13.0
1.0
2.0
1.0
313.0
4.0
1.0
9.0
6.0
3.0
1.0
178.0
1.0
2.0
14189.0
2.0
1.0
3.0
206.0
204.0
1.0
1.0
7.0
3.0
1.0
23.0
3.0
1.0
1.0
69.0
23.0
10.0
1.0
1.0
2.0
4832.0
1.0
7.0
3.0
871.0
1.0
31.0
653.0
1.0
1.0
3.0
127.0
55.0
5.0
684.0
74.0
2.0
5.0
3.0
292.0
203.0
1.0
1.0
1.0
2.0
63.0
10.0
1.0
33.0
1.0
1.0
33.0
2.0
1.0
135.0
3.0
10.0
1.0
1.0
13734.0
53.0
42.0
2.0
3.0
1.0
3.0
1.0
2.0
1.0
1.0
18.0
6.0
38.0
1.0
1.0
1.0
28.0
1.0
351.0
427.0
3.0
1.0
304.0
1.0
1.0
102.0
2.0
2.0
4.0
3.0
2.0
282.0
1.0
48.0
4.0
2.0
2.0
1.0
7.0
5.0
12.0
1.0
1018.0
24.0
9.0
1.0
5.0
7.0
46.0
66.0
2.0
21.0
573.0
414.0
4.0
1.0
3.0
4.0
1.0
2.0
1.0
9.0
22.0
3.0
1.0
8.0
1.0
5.0
3.0
1.0
12.0
2.0
8.0
2.0
8.0
4.0
3.0
50.0
3.0
4.0
978.0
2.0
2.0
1.0
3628.0
3.0
2.0
114.0
1513.0
7.0
1.0
2.0
2.0
401.0
457.0
243.0
14.0
3.0
8.0
5.0
7297.0
4.0
16.0
23.0
1.0
259.0
2.0
1.0
58.0
3.0
10.0
19.0
1.0
14.0
5.0
421.0
31.0
2.0
1.0
3.0
73.0
3.0
2.0
87.0
22.0
2.0
3.0
3.0
7.0
1.0
58.0
1.0
28.0
3.0
2.0
9.0
1.0
1.0
2.0
50.0
362.0
3.0
13.0
1513.0
3.0
1.0
21.0
1.0
2.0
44.0
3.0
1.0
20.0
3.0
28.0
1.0
106.0
11.0
9.0
435.0
1.0
2.0
22.0
1.0
11.0
142.0
90.0
2946.0
3.0
1.0
2.0
1.0
1.0
1.0
3.0
1230.0
16.0
352.0
19.0
10.0
2.0
2.0
132.0
9.0
338.0
7.0
3.0
2.0
14.0
6.0
4.0
3.0
1.0
1.0
1.0
3780.0
4.0
3.0
2.0
4.0
1.0
16.0
3.0
51.0
4.0
2.0
3122.0
179.0
33.0
27.0
214.0
3.0
1.0
1.0
7.0
1.0
10.0
29.0
5.0
3.0
1.0
3.0
1974.0
9.0
1.0
1.0
25.0
3.0
2.0
5.0
2.0
125.0
3.0
1.0
3.0
1.0
5648.0
5.0
160.0
1018.0
778.0
12.0
4.0
696.0
1.0
1.0
1.0
48.0
3.0
452.0
4006.0
3.0
3.0
69.0
2.0
3.0
3.0
569.0
3.0
35.0
7.0
3.0
1.0
16.0
1.0
19.0
1.0
446.0
33.0
3.0
1.0
2310.0
142.0
35.0
3.0
3.0
103.0
4.0
107.0
6.0
1.0
181.0
1009.0
3.0
6.0
2.0
2.0
2.0
5.0
33.0
837.0
1.0
1.0
2.0
847.0
2.0
1.0
3.0
55.0
4.0
2.0
51.0
2.0
2579.0
3.0
6.0
77.0
4.0
3.0
6.0
6.0
3.0
223.0
19.0
3.0
4.0
2.0
2.0
1383.0
1.0
1.0
685.0
6.0
5098.0
1.0
37.0
1.0
48.0
361.0
1.0
25.0
3.0
1.0
291.0
2.0
164.0
407.0
1218.0
3.0
1.0
27.0
1.0
2009.0
92.0
21.0
2.0
3.0
2.0
1.0
989.0
2574.0
3.0
10.0
1.0
11.0
1.0
2.0
16.0
3.0
5178.0
8.0
3.0
1086.0
1.0
64.0
1.0
11.0
3.0
150.0
10.0
1.0
14.0
3.0
14.0
2.0
1.0
33.0
694.0
3.0
1.0
3.0
2.0
3.0
4.0
72.0
29.0
1.0
2.0
2.0
3.0
3.0
92.0
148.0
19.0
8.0
1.0
2.0
1.0
36.0
644.0
706.0
1097.0
6.0
1513.0
3.0
2.0
2.0
3.0
1.0
3.0
6.0
1.0
1.0
1.0
91.0
2.0
1.0
1.0
12.0
1.0
1004.0
172.0
2364.0
32.0
1.0
2.0
1.0
1.0
1.0
1.0
26.0
2.0
7.0
38.0
183.0
3.0
1.0
1.0
101.0
4.0
6.0
1.0
283.0
12.0
3.0
4.0
1.0
550.0
321.0
1.0
3.0
65.0
15.0
4.0
1.0
1.0
15.0
5.0
63.0
7.0
18.0
2.0
3.0
6.0
8.0
8.0
2.0
3.0
421.0
2.0
5.0
232.0
1.0
1.0
3.0
3.0
1.0
5.0
14189.0
5.0
7.0
3.0
2.0
9.0
2.0
3.0
332.0
3.0
3.0
3.0
1.0
1.0
2.0
1.0
1.0
1.0
25.0
1.0
4.0
8.0
1.0
10.0
1.0
4.0
285.0
1.0
20.0
274.0
3.0
3.0
228.0
1.0
5.0
3.0
1.0
2098.0
1.0
1.0
1.0
260.0
375.0
1.0
9.0
1.0
6071.0
5.0
2.0
369.0
1.0
78.0
1.0
9.0
1.0
3414.0
3.0
56.0
1.0
63.0
1.0
14.0
177.0
1.0
80.0
1.0
366.0
3.0
3.0
7.0
5.0
6.0
17.0
4.0
1899.0
100.0
24.0
9.0
104.0
16.0
4.0
22.0
1.0
24.0
5.0
5.0
2.0
1.0
565.0
3.0
1.0
3.0
4.0
25.0
1.0
1.0
5.0
1.0
3.0
12.0
7.0
2.0
17.0
3.0
31.0
11.0
60.0
1550.0
9.0
6.0
3.0
800.0
2.0
14.0
781.0
3.0
23.0
1.0
3.0
101.0
2.0
15.0
1.0
5.0
73.0
2.0
3.0
32.0
1.0
1.0
2.0
343.0
111.0
1.0
1.0
1.0
1.0
3.0
1117.0
351.0
13.0
1.0
19.0
6.0
2.0
1.0
5.0
105.0
1.0
9.0
124.0
1.0
1.0
3.0
31.0
94.0
3.0
793.0
2.0
19.0
9.0
8.0
10.0
3.0
3.0
15.0
8.0
22297.0
2.0
5.0
1.0
1.0
1.0
16.0
15.0
2.0
10.0
7.0
2.0
1.0
3.0
1.0
1.0
2.0
3.0
366.0
5396.0
66.0
1292.0
1.0
12.0
1.0
16.0
4.0
60.0
1.0
1.0
197.0
3.0
198.0
6.0
227.0
1.0
3.0
13.0
1.0
30.0
8.0
4.0
50.0
10.0
1.0
16.0
1.0
497.0
1.0
4.0
8.0
407.0
1.0
121.0
15.0
1.0
969.0
1.0
77.0
1.0
11.0
105.0
3.0
190.0
1.0
11.0
1097.0
3.0
24.0
1.0
1.0
38.0
1.0
1.0
7.0
18.0
22.0
36.0
1.0
5.0
1.0
56.0
3.0
161.0
6.0
3.0
1.0
4.0
16.0
2.0
8.0
46.0
1.0
820.0
1.0
4.0
1.0
35.0
2.0
52.0
1.0
30.0
3.0
1.0
121.0
56.0
166.0
1.0
324.0
6.0
21.0
2.0
5.0
24.0
4.0
113.0
5.0
11.0
3347.0
134.0
2.0
2.0
1.0
1.0
5.0
3.0
23.0
33.0
2280.0
1.0
5.0
3.0
2.0
58.0
23.0
2.0
47.0
101.0
323.0
270.0
23.0
24.0
37.0
2508.0
3.0
4.0
3.0
2.0
5.0
2.0
1.0
1.0
2.0
366.0
258.0
308.0
8.0
1.0
6.0
3.0
58.0
1.0
1.0
2869.0
1.0
1.0
5081.0
195.0
3.0
16.0
1.0
516.0
421.0
65.0
71.0
9.0
1.0
102.0
1.0
20.0
1.0
3.0
569.0
1.0
1.0
3.0
1.0
4.0
242.0
50.0
10.0
1.0
2.0
2.0
2.0
2.0
2.0
4.0
56.0
307.0
13.0
26.0
16.0
21.0
1.0
12.0
3.0
2.0
2.0
1.0
3.0
1.0
1.0
3.0
3.0
2.0
1.0
573.0
452.0
1.0
76.0
38.0
1.0
3.0
2.0
19.0
1.0
1.0
3.0
3.0
708.0
1.0
3.0
698.0
1.0
3.0
2.0
2.0
6.0
3.0
8.0
1.0
1.0
3.0
93.0
1.0
80.0
3.0
838.0
8464.0
2.0
389.0
1.0
1.0
80.0
8.0
944.0
242.0
1.0
1.0
65.0
5.0
3.0
1.0
34.0
2.0
23.0
4.0
19.0
2.0
1.0
234.0
602.0
1.0
339.0
1.0
12.0
20.0
1.0
1.0
2.0
1.0
29.0
1.0
9.0
1.0
3.0
3.0
1.0
3.0
3.0
30.0
1.0
5.0
3.0
282.0
9.0
5.0
2.0
1702.0
3.0
4.0
3.0
4.0
48.0
23.0
1.0
2.0
4.0
3.0
24.0
10.0
1.0
1063.0
1.0
15.0
336.0
1083.0
1.0
2.0
457.0
1.0
49.0
45.0
4.0
14.0
36.0
2.0
1.0
50.0
34.0
3.0
3.0
4.0
2.0
2.0
87.0
4.0
6.0
6.0
4.0
64.0
848.0
991.0
157.0
2.0
1.0
3381.0
6.0
35.0
1.0
2621.0
3.0
281.0
13.0
1.0
208.0
13.0
1.0
1102.0
538.0
2.0
15506.0
1.0
11.0
3.0
60.0
58.0
8.0
1.0
2.0
13.0
1.0
3.0
1.0
3.0
812.0
18.0
5.0
1.0
4.0
1.0
2.0
7.0
3.0
2.0
29.0
1.0
14.0
8.0
12.0
21.0
3.0
1.0
60.0
1.0
4.0
3.0
2.0
579.0
72.0
2141.0
3.0
22.0
68.0
19.0
29.0
10.0
5.0
24.0
50.0
2.0
27.0
1.0
34.0
27.0
3201.0
5.0
7.0
18.0
1.0
4192.0
28.0
1.0
62.0
3.0
5.0
3699.0
25.0
1.0
9.0
84.0
51.0
3.0
29.0
3.0
1.0
5.0
3.0
1.0
2.0
211.0
1.0
4.0
65.0
1.0
1.0
24.0
1.0
200.0
2.0
1.0
2.0
1.0
34.0
5.0
1.0
1.0
36.0
1.0
3.0
129.0
3.0
56.0
2.0
1.0
1.0
3.0
5.0
1.0
17.0
9.0
1.0
1.0
1.0
64.0
164.0
6.0
1.0
7.0
145.0
8.0
3.0
2.0
17.0
1.0
2.0
3.0
100.0
1.0
351.0
32.0
1.0
15.0
1036.0
1.0
3.0
728.0
114.0
92.0
30.0
10.0
29.0
421.0
3.0
8.0
9.0
39.0
3.0
24.0
11.0
1.0
8.0
1.0
36.0
5.0
58.0
2.0
3.0
3.0
1.0
16.0
1.0
14.0
2.0
3.0
1.0
3.0
22.0
771.0
1.0
289.0
1704.0
4.0
292.0
1.0
2.0
70.0
2.0
12.0
553.0
3.0
1.0
8.0
2.0
2.0
16.0
1.0
23.0
24.0
11.0
81.0
3.0
11.0
8.0
4.0
84.0
3416.0
1.0
1.0
13.0
1.0
67.0
933.0
4.0
308.0
5.0
8.0
3.0
25.0
1.0
26.0
2.0
1.0
4.0
3.0
7644.0
2.0
10.0
157.0
1.0
16.0
66.0
1.0
1.0
24.0
2.0
2.0
109.0
3.0
3.0
40.0
3.0
3.0
12.0
1.0
3.0
2064.0
1.0
2.0
88.0
1.0
369.0
1.0
4.0
9.0
32.0
2.0
1.0
1.0
1.0
472.0
36.0
1.0
18426.0
23.0
23.0
55.0
11.0
49.0
388.0
58.0
1.0
1.0
9.0
2.0
535.0
5.0
1.0
2.0
5.0
4.0
2.0
3.0
1.0
3.0
3.0
292.0
8.0
313.0
925.0
9.0
3.0
571.0
3.0
5.0
3.0
1.0
5.0
4.0
9.0
4064.0
75.0
6.0
46.0
14.0
36.0
76.0
2.0
1.0
1.0
1.0
2.0
66.0
1.0
1.0
2.0
10.0
1.0
22.0
1.0
2.0
13.0
10.0
1.0
1.0
3.0
3.0
248.0
1.0
1.0
13589.0
3.0
1.0
86926.0
3.0
1.0
55.0
3.0
93.0
1.0
2.0
1.0
4.0
1.0
239.0
3.0
474.0
102.0
102.0
3.0
4.0
1.0
5.0
4.0
195.0
6.0
9.0
17.0
22.0
3.0
1.0
103.0
345.0
1642.0
139.0
5.0
7.0
76.0
181.0
81.0
1.0
481.0
3356.0
1018.0
12.0
212.0
3.0
3.0
2.0
1.0
2850.0
2.0
2.0
1.0
3.0
1741.0
64.0
32.0
4.0
2.0
2.0
3.0
1.0
9.0
54.0
2.0
1.0
2.0
8.0
1.0
5.0
1.0
1.0
9.0
69.0
11.0
19.0
1.0
758.0
1.0
168.0
1.0
1.0
3.0
7.0
655.0
338.0
16.0
4.0
4052.0
57.0
22.0
10.0
165.0
4.0
482.0
5.0
1.0
204.0
553.0
1.0
1.0
6.0
1246.0
5.0
51.0
3.0
3906.0
2.0
1.0
8.0
1.0
16.0
8.0
1.0
1.0
5.0
1.0
24.0
2330.0
65.0
233.0
729.0
177.0
130.0
133.0
1.0
3.0
1.0
3.0
800.0
305.0
26.0
2.0
1.0
6.0
1.0
96.0
422.0
1.0
844.0
5.0
2.0
599.0
3.0
1.0
3.0
1.0
354.0
1.0
441.0
792.0
17.0
8.0
1.0
1.0
3.0
3.0
3.0
11.0
1.0
6.0
188.0
3.0
1.0
2.0
2.0
1.0
3.0
67.0
1.0
4.0
2.0
2.0
1.0
1.0
1694.0
3.0
4.0
1.0
59.0
10.0
3.0
6.0
3.0
2.0
407.0
56.0
1.0
1792.0
130.0
696.0
1.0
4.0
2.0
1.0
33.0
7.0
1.0
1.0
19.0
200.0
576.0
3.0
1658.0
2.0
1.0
52.0
6.0
1129.0
25.0
3.0
521.0
4.0
24.0
3.0
1.0
1.0
1.0
9.0
1690.0
25.0
351.0
1.0
611.0
3.0
6.0
117.0
5.0
87.0
96.0
135.0
35.0
3.0
2.0
1.0
1.0
3.0
1.0
2.0
3.0
16.0
159.0
236.0
6.0
1.0
3.0
7.0
1.0
1.0
418.0
596.0
307.0
1.0
3.0
2.0
285.0
1.0
4.0
3.0
292.0
15.0
282.0
4.0
2.0
10.0
156.0
952.0
2.0
1.0
2.0
1.0
1.0
1.0
3.0
3.0
313.0
1.0
4.0
4.0
1.0
1.0
2.0
2.0
19.0
1752.0
1.0
22.0
59.0
35.0
2953.0
2.0
1.0
1.0
53.0
9.0
25.0
4.0
3.0
5.0
1.0
1.0
942.0
1.0
1.0
1.0
1.0
128.0
1.0
1.0
3.0
4.0
3.0
1222.0
63.0
4.0
1.0
99.0
8.0
3.0
1.0
30.0
3.0
1.0
1.0
7.0
8.0
1.0
23.0
2180.0
288.0
2.0
338.0
42.0
14.0
935.0
6.0
1.0
1.0
1.0
2.0
1.0
3.0
175.0
4.0
1.0
2.0
11.0
7.0
85.0
3.0
290.0
1.0
3.0
13.0
1.0
216.0
238.0
10.0
3.0
67.0
4.0
2.0
4.0
310.0
1.0
416.0
5.0
127.0
490.0
2.0
7.0
1.0
3.0
1.0
1.0
3.0
13.0
1.0
1.0
55.0
3.0
295.0
1.0
19.0
148.0
4.0
1034.0
1.0
24.0
12.0
19.0
3.0
1073.0
171.0
17.0
3.0
3.0
1.0
597.0
9.0
108.0
1734.0
1502.0
1.0
2.0
9.0
3.0
1.0
1.0
65.0
50.0
2.0
1.0
2.0
5.0
1.0
282.0
3.0
5.0
1.0
1.0
1252.0
6.0
19.0
2.0
5.0
528.0
15.0
1.0
46.0
1.0
2.0
1.0
2.0
1312.0
3973.0
2.0
5.0
6.0
6.0
3.0
12.0
3.0
48.0
2.0
1.0
8.0
2.0
9.0
3.0
1.0
722.0
24.0
59.0
29.0
19.0
3.0
4.0
1.0
5.0
2.0
111.0
3.0
1101.0
67.0
2.0
1.0
1.0
7.0
1.0
3.0
2.0
1.0
2.0
116.0
6.0
3.0
2.0
1114.0
666.0
1.0
4.0
1.0
1.0
1.0
4.0
90.0
1.0
74.0
2.0
1.0
3.0
1.0
3.0
4.0
2.0
4.0
1.0
2.0
2.0
9.0
2.0
1.0
20410.0
1.0
3.0
164.0
1.0
2.0
14.0
1.0
1.0
3.0
240.0
17.0
4.0
2.0
1.0
1.0
172.0
19.0
37.0
1.0
3.0
1.0
176.0
5.0
1.0
87.0
5.0
59.0
135.0
1.0
133.0
1.0
1.0
3.0
1.0
3.0
1.0
3.0
9.0
4.0
1.0
1.0
9.0
1.0
1586.0
6.0
4.0
2.0
5.0
3.0
196.0
5.0
1.0
1.0
2.0
1.0
4.0
3.0
4.0
5.0
12.0
7.0
1.0
1.0
7.0
4.0
1340.0
12.0
3.0
34.0
73.0
1.0
555.0
1.0
1.0
2.0
1.0
1.0
6.0
1.0
9.0
8.0
133.0
3.0
16833.0
1.0
309.0
1.0
160.0
102.0
2.0
27.0
1.0
5.0
55.0
18.0
40.0
1.0
836.0
5.0
1.0
6.0
7.0
43.0
1017.0
5.0
4.0
3.0
1.0
1.0
22.0
3.0
13.0
2.0
15.0
26041.0
2.0
5.0
28.0
10.0
400.0
3.0
81.0
33.0
1.0
209.0
3.0
2.0
1.0
3.0
2917.0
1.0
107.0
121.0
4.0
30.0
1.0
3.0
3.0
1767.0
801.0
1.0
3.0
2.0
3.0
1414.0
2.0
15.0
58.0
960.0
6.0
1.0
9.0
3.0
1.0
3.0
16.0
1.0
1.0
1.0
3.0
8.0
1.0
7.0
257.0
2.0
1.0
11.0
3.0
5.0
1.0
3.0
1.0
6.0
1.0
3.0
1.0
46.0
19.0
1.0
2.0
4.0
1.0
1.0
9.0
3.0
1.0
3.0
11.0
57.0
4.0
1.0
4.0
10.0
25.0
3.0
226.0
1.0
4.0
17.0
3.0
1.0
8.0
1.0
1.0
1.0
3.0
3.0
2.0
11.0
1.0
7.0
1.0
1.0
6.0
110.0
3.0
1417.0
488.0
3.0
122.0
18.0
18.0
1.0
157.0
74.0
185.0
1.0
4.0
1.0
5.0
1.0
37.0
1.0
377.0
1274.0
2.0
1.0
4046.0
1.0
3.0
1.0
2.0
371.0
1.0
51.0
1.0
1.0
22.0
1.0
1225.0
403.0
2.0
20.0
2.0
808.0
27.0
4.0
4.0
3.0
1.0
3.0
1.0
3.0
209.0
313.0
3.0
11.0
319.0
1367.0
61.0
1.0
2.0
3.0
1.0
9.0
1.0
2.0
54.0
1.0
1.0
2093.0
1.0
514.0
1.0
24.0
5.0
2.0
2.0
5.0
79.0
3.0
994.0
1.0
3.0
1.0
1.0
46.0
111.0
1.0
1.0
1.0
1701.0
3.0
1.0
1473.0
3.0
2.0
3.0
845.0
3.0
225.0
6.0
4.0
566.0
8.0
2.0
59.0
2.0
273.0
8.0
3.0
1.0
4.0
9.0
672.0
1.0
1.0
3.0
1.0
2.0
35.0
3.0
2.0
1.0
7.0
172.0
6.0
2.0
4.0
5.0
1.0
7.0
38.0
3.0
4.0
24.0
2.0
2.0
1.0
79.0
3.0
3.0
24.0
38.0
582.0
1.0
92.0
208.0
3.0
4.0
85.0
41.0
3.0
1.0
3.0
2.0
367.0
1454.0
131.0
310.0
706.0
19.0
33.0
1.0
2.0
4.0
1.0
74.0
6170.0
1.0
137.0
37.0
410.0
3.0
3.0
5.0
4.0
4.0
14.0
3.0
52.0
6.0
16.0
343.0
22.0
1.0
42.0
2.0
2.0
1.0
294.0
1018.0
3.0
1800.0
1.0
1.0
3.0
35.0
32.0
1.0
16.0
1.0
3.0
3.0
198.0
1.0
2.0
1.0
1.0
1.0
3.0
66.0
13.0
1.0
2.0
1.0
1761.0
22.0
3.0
11.0
6.0
1.0
13.0
1.0
21.0
1.0
9.0
3.0
2.0
2.0
3.0
1.0
8.0
8.0
83.0
267.0
2.0
1.0
1.0
547.0
1.0
148.0
2.0
1.0
338.0
1.0
3.0
1547.0
6.0
4.0
7.0
1.0
91.0
13.0
1.0
1.0
1.0
3.0
14385.0
1.0
157.0
3.0
1.0
1.0
2.0
3.0
251.0
3.0
17.0
29.0
3.0
10.0
2.0
64.0
43.0
4.0
60.0
24.0
79.0
1.0
1145.0
2.0
3.0
1.0
59.0
12.0
1.0
1.0
4.0
1.0
9.0
88.0
5.0
1.0
1.0
9.0
2.0
2.0
6.0
2723.0
225.0
367.0
6.0
1.0
1.0
1157.0
23.0
73.0
3.0
67.0
1.0
1.0
84.0
1.0
2171.0
4.0
3.0
6451.0
5.0
55.0
67.0
254.0
1.0
4.0
394.0
2.0
42.0
8.0
235.0
113.0
1.0
8.0
316.0
4.0
48.0
8.0
3.0
1.0
2.0
9.0
3.0
351.0
2.0
3.0
206.0
1.0
23.0
3.0
256.0
3.0
518.0
2338.0
1.0
1.0
3.0
886.0
51.0
1.0
3.0
2.0
1.0
2.0
1225.0
8.0
65.0
4.0
146.0
105.0
3.0
1.0
3.0
3.0
1.0
1.0
1.0
4.0
2.0
1.0
3.0
1229.0
2.0
7.0
1.0
3.0
2.0
7.0
10.0
3.0
8.0
3.0
3.0
835.0
7.0
412.0
49.0
4.0
211.0
1.0
4.0
1.0
1.0
6.0
1.0
3.0
1.0
16.0
1.0
52398.0
48.0
3.0
3.0
1.0
2.0
1.0
1311.0
1.0
3.0
211.0
1.0
6.0
8.0
3.0
5.0
3.0
91.0
3.0
355.0
19.0
19.0
1.0
59.0
3.0
1422.0
1.0
1289.0
29.0
8.0
3.0
1.0
596.0
586.0
157.0
1.0
3.0
3.0
3.0
3.0
162.0
10.0
1.0
2.0
106.0
17.0
1.0
1.0
3.0
1.0
1.0
1.0
2.0
3.0
1.0
19.0
1.0
6.0
6.0
1.0
2.0
1.0
6.0
36.0
2.0
1.0
482.0
1.0
7.0
2.0
32.0
4.0
8.0
136.0
3.0
18.0
17.0
3.0
2.0
3.0
2.0
7.0
5.0
3.0
1.0
154.0
6.0
3.0
146.0
175.0
14.0
3.0
609.0
1.0
1200.0
2.0
24.0
3.0
7.0
3.0
7.0
2.0
6.0
2.0
1.0
3.0
25.0
3.0
1.0
105.0
1.0
461.0
5.0
3.0
28.0
773.0
5.0
1.0
1.0
1.0
7.0
1.0
4.0
1.0
1.0
3.0
3.0
8.0
1.0
212.0
49.0
4618.0
11.0
38.0
3.0
1.0
36.0
17.0
3.0
4.0
7.0
5.0
2.0
27.0
7.0
3.0
1.0
1.0
26.0
235.0
668.0
1.0
1.0
2643.0
1.0
2.0
60.0
4.0
137.0
4.0
8.0
278.0
3.0
3.0
13.0
4.0
8.0
1.0
76.0
156.0
1.0
2.0
1.0
6.0
1262.0
3.0
5.0
12.0
3.0
4.0
7.0
581.0
1.0
1.0
351.0
9.0
9.0
3.0
2.0
6.0
1.0
2.0
3.0
1.0
1.0
3.0
91.0
3.0
912.0
9.0
67.0
62.0
3.0
9.0
4.0
4.0
6.0
18.0
11.0
9.0
3.0
1.0
1.0
1.0
231.0
16.0
3.0
1.0
1.0
4151.0
1.0
3.0
29.0
2.0
4.0
8.0
451.0
3.0
1.0
347.0
14.0
1224.0
2.0
2.0
2.0
172.0
73.0
1.0
1.0
24.0
11.0
8.0
1.0
3.0
221.0
32.0
50.0
4.0
11.0
1.0
3.0
1.0
65.0
104.0
7.0
1755.0
3.0
896.0
6.0
104.0
15.0
172.0
34.0
3.0
3.0
3.0
1.0
4.0
1.0
1.0
9.0
1657.0
1.0
1.0
4.0
737.0
24.0
19.0
461.0
3.0
74.0
10.0
1.0
798.0
5.0
125.0
539.0
5.0
116.0
128.0
2.0
115.0
351.0
1.0
3.0
65.0
2.0
2.0
1.0
2.0
19.0
1.0
6.0
26.0
1.0
1.0
8.0
23.0
42.0
6.0
3.0
745.0
4.0
21.0
1.0
17.0
2.0
1.0
15.0
21.0
110.0
1390.0
288.0
2.0
1.0
6.0
2.0
109.0
1.0
2.0
10.0
727.0
2.0
5.0
1.0
4.0
717.0
19726.0
5.0
4.0
3.0
3.0
1.0
1.0
1.0
2.0
421.0
361.0
57.0
1.0
4.0
6.0
1.0
5.0
15.0
288.0
2.0
8.0
17.0
35.0
2.0
1.0
1.0
20.0
925.0
1.0
3.0
2.0
61.0
1.0
1.0
1.0
1.0
1930.0
183.0
13.0
1.0
3.0
24.0
2.0
2.0
1.0
19.0
2.0
42.0
14.0
87.0
9.0
1.0
435.0
3.0
53.0
1.0
57.0
1.0
413.0
7.0
28.0
1025.0
3.0
6.0
2.0
3.0
62.0
3.0
1.0
1.0
1.0
40.0
25.0
36.0
2.0
32.0
9.0
98.0
64.0
5.0
9.0
9.0
3.0
1.0
1.0
90.0
4.0
2.0
3.0
180.0
1.0
9.0
3.0
21.0
1.0
43.0
4.0
100.0
3524.0
204.0
3.0
34.0
1.0
5.0
1.0
1.0
12.0
3.0
3.0
44.0
783.0
68.0
2.0
1.0
87.0
6.0
1.0
2.0
1.0
1.0
1.0
1.0
2.0
3.0
3.0
1.0
5.0
1.0
416.0
6630.0
3.0
1.0
2.0
3.0
129.0
5.0
3.0
2.0
3.0
1.0
1.0
30.0
4.0
15.0
2.0
21.0
12.0
3.0
122.0
3.0
404.0
774.0
1.0
13.0
3.0
1.0
1.0
67.0
1.0
1.0
906.0
2.0
94.0
19.0
3.0
2.0
5654.0
3.0
8.0
596.0
853.0
745.0
49.0
1.0
1.0
9.0
31.0
2.0
3.0
4.0
25.0
3.0
1.0
1.0
1.0
1.0
198.0
2.0
1.0
4.0
4.0
9045.0
1.0
1.0
7185.0
1.0
3.0
3.0
3040.0
2.0
1.0
380.0
3.0
46.0
2.0
21.0
1.0
87.0
3625.0
24.0
12.0
6.0
313.0
3.0
1.0
3.0
3.0
3.0
1.0
359.0
1.0
7.0
17.0
3.0
5.0
295.0
15.0
1.0
3.0
9.0
5.0
6.0
2.0
157.0
45.0
6.0
415.0
164.0
48.0
11.0
2.0
1.0
3.0
5.0
3.0
3.0
714.0
4.0
14.0
2.0
1.0
523.0
1.0
1.0
3401.0
2.0
5.0
16556.0
28.0
3.0
1.0
969.0
3.0
1609.0
1.0
1.0
3.0
2.0
1204.0
1.0
3.0
2.0
3.0
607.0
2.0
15.0
29.0
20.0
1.0
13.0
2.0
5.0
1.0
35.0
1.0
3.0
1.0
1.0
3.0
3.0
241.0
1.0
5.0
79.0
52.0
93.0
596.0
5.0
1.0
2.0
1.0
2.0
1.0
3.0
2.0
1.0
3.0
5.0
1.0
116.0
6.0
1.0
1.0
4.0
1.0
5.0
40.0
24.0
7.0
5.0
11200.0
4.0
3.0
1693.0
3.0
11.0
1.0
3.0
1.0
338.0
2.0
282.0
2.0
3.0
2.0
2.0
5.0
1730.0
1.0
3.0
1.0
1.0
1.0
16.0
1.0
3.0
1.0
1.0
256.0
70.0
1.0
261.0
1.0
1.0
1.0
460.0
990.0
1.0
7.0
1.0
5.0
1.0
1207.0
5.0
1.0
678.0
1.0
31.0
2.0
1.0
1.0
2.0
31.0
3.0
8.0
2.0
1.0
1.0
2.0
3.0
24.0
3.0
6.0
4.0
4.0
1.0
7.0
3.0
142.0
3.0
3.0
3.0
24.0
1.0
1.0
3.0
2.0
22.0
2.0
4.0
20.0
42.0
1146.0
5.0
1242.0
298.0
1.0
3.0
3.0
2.0
225.0
3.0
36.0
2.0
3.0
13.0
3.0
6.0
8.0
2.0
3.0
66.0
5.0
1.0
5.0
5.0
87.0
2.0
3.0
3.0
2.0
3.0
288.0
2.0
1.0
22.0
6.0
1.0
319.0
8.0
4.0
1674.0
3.0
2.0
29.0
45.0
3.0
291.0
1216.0
1.0
1.0
5.0
49.0
11.0
65.0
10001.0
1.0
12.0
3429.0
3.0
2.0
4.0
627.0
3.0
3.0
1.0
6.0
7.0
292.0
1.0
687.0
1530.0
3.0
71.0
12.0
58.0
5.0
1.0
1.0
1.0
596.0
4.0
85.0
344.0
3.0
14.0
5.0
272.0
3.0
1.0
1.0
3.0
3.0
2.0
159.0
1.0
15.0
16.0
3.0
3.0
5.0
4.0
8.0
59.0
3.0
158.0
376.0
31.0
1.0
16.0
1.0
8.0
6.0
547.0
135.0
1.0
1.0
9.0
4.0
3.0
1.0
80.0
3.0
714.0
1.0
16.0
14.0
6.0
1.0
1.0
30.0
1.0
5.0
45.0
1.0
2.0
14.0
1.0
1432.0
4.0
2.0
1.0
2.0
2.0
292.0
1.0
3.0
2.0
476.0
3.0
737.0
1.0
1.0
3.0
3.0
3.0
2.0
1.0
122.0
3.0
1.0
451.0
3.0
2.0
18.0
1509.0
3.0
44.0
65.0
33.0
1.0
1.0
1.0
7.0
43.0
2.0
1.0
1.0
3.0
280.0
1.0
1.0
1.0
1.0
1.0
31.0
1.0
3.0
5.0
1.0
74.0
3.0
17.0
3.0
52.0
9.0
3.0
3.0
4.0
3.0
3561.0
36.0
37.0
3.0
23.0
6.0
3.0
1.0
2.0
4.0
312.0
1.0
1.0
1.0
1.0
30.0
1.0
1.0
3.0
1.0
29.0
28.0
3.0
1.0
1.0
1.0
2.0
4.0
71.0
5.0
4.0
1.0
42.0
12.0
2.0
43.0
4.0
4.0
16.0
2.0
1.0
3.0
3.0
6.0
6.0
9.0
1.0
74.0
1353.0
658.0
14.0
19.0
1.0
18.0
3.0
7.0
111.0
154.0
6.0
22.0
3.0
2.0
1.0
1.0
61.0
1.0
1.0
29.0
1.0
4.0
32.0
13.0
1342.0
3.0
138.0
20.0
997.0
3.0
3.0
152.0
15.0
4.0
1015.0
1.0
3.0
3.0
89.0
1.0
16472.0
1040.0
65.0
1390.0
1.0
1.0
103.0
1.0
5.0
101.0
2.0
1.0
1019.0
9.0
4.0
3.0
1.0
110.0
8.0
3.0
3.0
2.0
1.0
54.0
2.0
2.0
1.0
27687.0
3.0
3.0
4.0
3.0
5.0
4.0
11.0
3.0
8.0
1.0
40.0
134.0
1.0
3.0
19.0
252.0
677.0
1.0
1.0
1.0
819.0
4.0
9.0
3.0
3.0
565.0
1.0
3.0
5.0
287.0
113.0
53.0
4.0
1.0
75.0
24.0
3.0
1.0
6.0
1.0
6.0
3.0
8.0
1.0
62.0
273.0
1.0
1.0
15.0
6.0
3.0
2.0
1.0
3.0
1.0
1.0
7.0
2.0
5.0
3.0
2.0
760.0
8.0
2.0
1.0
1.0
3.0
1.0
6.0
1.0
1967.0
1.0
1.0
6065.0
1.0
3.0
1.0
5.0
3.0
3.0
3.0
25.0
1.0
10.0
4.0
24.0
47.0
70.0
6.0
3247.0
104.0
67.0
3.0
8.0
1.0
1.0
1.0
3.0
1.0
25.0
9.0
1.0
2.0
12.0
1185.0
2.0
33.0
60.0
1.0
1.0
262.0
1098.0
2.0
1.0
1215.0
9.0
2258.0
1.0
4.0
1.0
1.0
12.0
9.0
8.0
3.0
3.0
3.0
8.0
1.0
5.0
85.0
5.0
3.0
1519.0
9.0
5.0
134.0
20.0
99.0
4.0
11295.0
1.0
1.0
56.0
3.0
2533.0
45.0
56.0
3.0
1.0
7.0
1.0
1581.0
2.0
23.0
29.0
259.0
8.0
130.0
1.0
11.0
52.0
472.0
24.0
269.0
8.0
2.0
3.0
3.0
26.0
2.0
8.0
4.0
82.0
1.0
2.0
5.0
3.0
3.0
6.0
1.0
8.0
2394.0
3.0
113.0
2.0
3.0
1.0
3.0
8.0
705.0
3.0
1.0
6.0
4.0
33.0
9.0
1.0
9.0
2.0
5.0
1.0
53.0
3.0
2.0
795.0
26.0
8.0
17.0
3.0
11.0
27.0
94.0
1.0
2.0
1.0
2.0
693.0
692.0
206.0
1.0
4.0
1.0
1.0
4.0
1.0
3.0
7.0
2.0
3.0
2.0
2.0
3.0
3.0
3.0
2.0
463.0
254.0
4.0
16.0
37.0
66.0
102.0
1.0
3.0
8.0
1.0
1.0
8.0
84.0
2.0
3.0
1691.0
3.0
30.0
1.0
3.0
1.0
1.0
10.0
17.0
3.0
19.0
39.0
47.0
4.0
40.0
2.0
74.0
2.0
486.0
1.0
9.0
947.0
20.0
2.0
8.0
1.0
11.0
9.0
1.0
1.0
27.0
3.0
541.0
70.0
119.0
43.0
47.0
11976.0
11.0
1.0
1.0
87.0
1.0
9.0
19.0
24.0
366.0
57.0
2.0
2.0
1285.0
764.0
19.0
4.0
97.0
1.0
1.0
1.0
1.0
3.0
132.0
1.0
2.0
1.0
1.0
23.0
3.0
45.0
6.0
94.0
9469.0
9.0
1.0
3.0
3592.0
2.0
11.0
20.0
2.0
10.0
1.0
8.0
5.0
6.0
1.0
3.0
1.0
4.0
4.0
3.0
2.0
2.0
13.0
106.0
1.0
2.0
4.0
546.0
122.0
1.0
1.0
1.0
1.0
1.0
8.0
17.0
1.0
4.0
5.0
578.0
1.0
1.0
1.0
2.0
1.0
1.0
4.0
1080.0
2.0
1.0
1.0
9.0
8.0
3.0
576.0
3.0
808.0
2.0
8.0
1.0
1.0
30.0
3.0
47.0
64.0
1.0
15.0
9.0
2.0
1.0
5.0
3.0
7.0
2.0
1076.0
1.0
7.0
8.0
2.0
2254.0
3.0
800.0
1.0
2.0
1.0
221.0
29.0
2.0
6.0
2.0
20.0
3.0
1.0
19.0
4.0
5.0
3.0
16.0
4.0
450.0
3.0
871.0
2.0
114.0
1.0
1.0
1.0
4.0
12.0
3.0
4.0
6.0
46.0
3.0
2.0
1.0
596.0
16.0
5.0
201.0
1.0
4.0
2.0
1.0
26.0
1.0
1.0
13445.0
93.0
54.0
9364.0
15.0
3.0
1.0
1179.0
1.0
71.0
24.0
584.0
1.0
117.0
119.0
1.0
3118.0
2.0
1.0
60.0
1.0
23.0
23.0
1.0
388.0
2.0
4.0
852.0
8.0
1.0
144.0
5.0
10.0
2.0
34.0
2.0
1.0
12.0
1.0
26193.0
2.0
1.0
8.0
4.0
3.0
17.0
149.0
18.0
1.0
32.0
1.0
3.0
5.0
1.0
11.0
1.0
576.0
1.0
1.0
21.0
1.0
1.0
1.0
3.0
79.0
30.0
1.0
1.0
3.0
25.0
1.0
282.0
149.0
1.0
341.0
1.0
2.0
4.0
38.0
4.0
1.0
2.0
1.0
1.0
9.0
1.0
2.0
16.0
1.0
158.0
3.0
1.0
2.0
3.0
7.0
2.0
3.0
2.0
612.0
29.0
98.0
5.0
20.0
1.0
177.0
1.0
668.0
1.0
1.0
75.0
1.0
4.0
4.0
2.0
282.0
21.0
1.0
2.0
1.0
2.0
1.0
957.0
21.0
1872.0
3.0
1.0
6.0
209.0
17.0
3.0
2.0
3.0
5383.0
2.0
9.0
81.0
7.0
1.0
183.0
1.0
1.0
5.0
3.0
2.0
4.0
63.0
3.0
1.0
1.0
3.0
9.0
24.0
480.0
10.0
1.0
369.0
4.0
1.0
9.0
2.0
7.0
3.0
2.0
1310.0
3.0
3.0
2.0
3.0
16.0
942.0
5.0
22.0
1.0
1.0
33.0
3.0
2.0
3.0
167.0
41.0
12.0
47.0
3.0
1.0
30.0
399.0
2.0
3.0
6.0
3.0
1.0
1.0
4.0
2.0
3.0
3.0
7.0
3.0
3.0
1.0
1224.0
1047.0
1.0
3.0
1.0
3.0
2.0
3.0
3.0
1.0
1.0
3.0
14385.0
3.0
11.0
1.0
2977.0
3.0
71.0
2.0
1.0
3.0
2.0
2.0
258.0
166.0
1.0
339.0
10.0
1.0
2.0
3.0
2.0
1.0
1.0
3.0
1276.0
24.0
38.0
1574.0
1.0
24.0
1.0
1.0
3.0
8.0
1.0
1.0
1.0
2.0
1.0
3760.0
1.0
403.0
401.0
968.0
1.0
1.0
65.0
41.0
3.0
3.0
21.0
5.0
1.0
1.0
42.0
7.0
9.0
695.0
55.0
3.0
3.0
8.0
3.0
1.0
7.0
2.0
16.0
140.0
733.0
1.0
1.0
17.0
11.0
9.0
1.0
338.0
1.0
11.0
6071.0
1.0
3.0
3.0
2.0
1095.0
1.0
28.0
1.0
2.0
2.0
355.0
2.0
2.0
11.0
1.0
1.0
4.0
11.0
1134.0
66.0
2.0
3.0
3.0
87.0
1.0
1.0
1.0
596.0
7.0
351.0
547.0
11896.0
19.0
90.0
46.0
353.0
20.0
2.0
2.0
1.0
1.0
1.0
2319.0
49.0
2.0
1160.0
1723.0
1886.0
1.0
24.0
1498.0
3.0
3.0
1.0
4.0
1.0
20.0
850.0
8.0
7.0
1.0
2.0
3.0
1.0
1.0
21.0
4.0
40.0
8.0
2.0
129.0
1.0
1.0
5.0
3.0
2.0
2.0
1.0
4.0
10.0
421.0
95.0
355.0
536.0
3.0
3.0
7.0
5.0
56.0
3.0
19.0
225.0
183.0
1.0
2.0
1.0
69.0
1.0
1.0
1.0
2714.0
198.0
42.0
2.0
3.0
2813.0
3.0
34.0
3.0
114.0
1.0
24.0
11.0
19.0
17.0
5.0
10.0
15.0
37.0
1.0
9.0
11.0
3.0
1.0
16.0
1.0
1.0
1.0
3.0
2.0
4.0
321.0
1.0
3.0
142.0
3.0
444.0
841.0
15.0
1.0
6.0
4055.0
90.0
54.0
24.0
5.0
7.0
1.0
107.0
1.0
3.0
15.0
67.0
17.0
19.0
138.0
242.0
5.0
36.0
1.0
4.0
2.0
1.0
1.0
924.0
1.0
24.0
186.0
1.0
1.0
3.0
9.0
3.0
1.0
3.0
1.0
2.0
3.0
2.0
2.0
826.0
2.0
2.0
2.0
1015.0
7.0
3.0
1.0
2.0
46.0
3.0
30.0
1.0
5.0
1.0
9.0
3.0
1.0
2.0
340.0
3.0
2.0
1.0
39.0
282.0
1.0
3.0
27.0
2.0
7.0
2.0
3005.0
3.0
516.0
3.0
288.0
15.0
23.0
1.0
6.0
1.0
1.0
3.0
5.0
7.0
159.0
5.0
2990.0
1.0
1.0
728.0
1.0
24.0
54.0
392.0
3.0
5.0
1.0
4.0
674.0
38.0
3.0
263.0
1.0
10.0
454.0
65.0
4.0
3.0
4.0
3.0
3.0
35.0
1.0
2.0
3.0
2.0
2963.0
5.0
3.0
3.0
6.0
9.0
6.0
5.0
2.0
83.0
482.0
2.0
296.0
555.0
55.0
1.0
3.0
73.0
40.0
21.0
2.0
275.0
3.0
1.0
14.0
29.0
1018.0
6.0
1.0
1105.0
137.0
6.0
2.0
1.0
3.0
10.0
1.0
1.0
3.0
9.0
1.0
1.0
3.0
6.0
1.0
1.0
19.0
3.0
3.0
3.0
1.0
1.0
127.0
1.0
3.0
952.0
3.0
8.0
2.0
1.0
3.0
596.0
3.0
3.0
3.0
1.0
3.0
24.0
1.0
123.0
1.0
19.0
13396.0
4.0
2.0
183.0
830.0
1.0
1.0
2.0
1.0
3.0
459.0
1.0
1.0
1.0
1.0
1.0
3172.0
3.0
4.0
2.0
79.0
1.0
1.0
2.0
1.0
9.0
3.0
35.0
5.0
1.0
2.0
3.0
3.0
66.0
4.0
4.0
3.0
7.0
51.0
1.0
2.0
117.0
101.0
12.0
1.0
3.0
6.0
8.0
17.0
2.0
37.0
278.0
421.0
10.0
6.0
1.0
1103.0
3.0
24.0
21.0
1.0
16479.0
751.0
1.0
1.0
2.0
2.0
4.0
3.0
9.0
2.0
5.0
3.0
1.0
1.0
3.0
15.0
522.0
286.0
1.0
722.0
1.0
9.0
3.0
1.0
102.0
1.0
279.0
1.0
1.0
7.0
1.0
60.0
1.0
122.0
2.0
8.0
24.0
15.0
5.0
1.0
3.0
1.0
3.0
312.0
15.0
21.0
3.0
68.0
13706.0
4.0
2.0
25.0
123.0
3.0
8.0
3.0
3.0
8.0
2.0
2.0
622.0
14.0
1.0
1497.0
899.0
2.0
1.0
701.0
1.0
9.0
1027.0
1.0
1.0
1220.0
4.0
3.0
21.0
3.0
2.0
268.0
1.0
20.0
5.0
1.0
56.0
2973.0
3.0
2.0
385.0
3.0
21.0
4.0
515.0
632.0
11.0
3.0
10.0
1.0
1.0
48.0
1509.0
5.0
1.0
2.0
3.0
102.0
521.0
14.0
1.0
1049.0
15.0
1.0
15.0
7.0
3.0
7.0
1.0
52.0
31.0
4.0
2.0
2.0
2.0
14.0
1.0
99.0
17.0
112.0
1.0
3.0
1517.0
4.0
10.0
10.0
16.0
16.0
29.0
51.0
835.0
3.0
3.0
4.0
89.0
55.0
1.0
11.0
3.0
1.0
4.0
1.0
1.0
2.0
1.0
3.0
6.0
1.0
3.0
3.0
1.0
1.0
5.0
1.0
870.0
1.0
213.0
1.0
3.0
3.0
1.0
1.0
64.0
2.0
66.0
1.0
1.0
6.0
67.0
1.0
281.0
5.0
1.0
3.0
257.0
4.0
3.0
3.0
1.0
2.0
1.0
1.0
4.0
213.0
30.0
231.0
70.0
1.0
3200.0
328.0
1.0
3.0
1.0
1.0
1.0
12.0
3.0
8.0
18.0
4.0
10.0
5.0
7.0
1.0
64.0
2.0
3.0
1.0
3.0
7.0
42.0
2.0
1018.0
3.0
1.0
7.0
1.0
1.0
3.0
1.0
24.0
3.0
12.0
57.0
12.0
1.0
2.0
2.0
12.0
14.0
3.0
1.0
181.0
1124.0
20.0
2.0
512.0
870.0
31.0
4.0
2.0
1.0
583.0
6.0
1.0
572.0
1.0
2.0
1.0
2.0
187.0
350.0
4.0
1.0
2.0
1.0
4.0
1.0
3.0
212.0
109.0
5.0
464.0
395.0
20.0
1.0
2.0
344.0
3.0
1.0
5.0
2.0
1.0
1.0
7.0
6.0
9.0
36.0
1.0
42.0
55.0
2.0
78.0
1.0
166.0
1.0
69.0
11.0
1.0
3422.0
1.0
260.0
2.0
1.0
588.0
4.0
126.0
98.0
2.0
79.0
3.0
13.0
201.0
13.0
57.0
2.0
1.0
102.0
29.0
3.0
3.0
5.0
3.0
829.0
143.0
336.0
152.0
4.0
9.0
696.0
7.0
7.0
2.0
1.0
7.0
233.0
4.0
5.0
3.0
1.0
19.0
3.0
9.0
311.0
6.0
1.0
1.0
1.0
2.0
3.0
1.0
1.0
1.0
2.0
19.0
2.0
185.0
1.0
58.0
1277.0
1.0
78.0
1.0
1116.0
5.0
5.0
5.0
21.0
97.0
1.0
1.0
1.0
2.0
739.0
170.0
1.0
15.0
1637.0
7.0
1.0
9.0
9.0
77.0
12.0
2.0
904.0
5.0
1.0
4.0
622.0
1.0
3.0
21.0
123.0
2.0
1940.0
282.0
113.0
16.0
2.0
1.0
92.0
2.0
4.0
3.0
10.0
1.0
1.0
2.0
2.0
2.0
2.0
3.0
2598.0
1.0
1.0
1.0
3.0
11.0
14.0
1.0
7.0
53.0
3.0
1412.0
1408.0
2.0
3.0
1380.0
1.0
8.0
1.0
6.0
9.0
3.0
12.0
43.0
259.0
1.0
5.0
188.0
4225.0
3.0
66.0
8.0
2.0
33.0
3.0
288.0
24.0
14.0
7.0
1.0
1.0
2.0
1.0
1.0
3.0
8.0
3.0
1.0
12.0
3.0
3.0
58.0
13.0
3.0
478.0
2595.0
1.0
2.0
12.0
2.0
1.0
4.0
1.0
3.0
2.0
2.0
4.0
399.0
1.0
1.0
33.0
9.0
4.0
8.0
2.0
3.0
1.0
19.0
3.0
4.0
24.0
59.0
1.0
75.0
2.0
957.0
4.0
4.0
21.0
367.0
3.0
7.0
3.0
1.0
1.0
19.0
1.0
1.0
2.0
3.0
3.0
1.0
7.0
1.0
2.0
7.0
10.0
1.0
2.0
103.0
3.0
2.0
1.0
14385.0
1.0
1064.0
1.0
31.0
21.0
19.0
1.0
2.0
30.0
2.0
6.0
2.0
1.0
3.0
3.0
372.0
33.0
2.0
2.0
2.0
138.0
12.0
11.0
1.0
1.0
1.0
1.0
1.0
1003.0
1.0
3.0
114.0
6.0
19.0
4.0
76.0
370.0
1.0
1.0
8.0
182.0
1.0
1.0
22.0
3.0
3.0
4.0
3.0
4.0
44.0
1671.0
1.0
3.0
7.0
19.0
1.0
2.0
48.0
177.0
4.0
2.0
122.0
2.0
30.0
3.0
1.0
146.0
5.0
160.0
19.0
2.0
10.0
3.0
3.0
3.0
1.0
235.0
2.0
90.0
157.0
514.0
3.0
3.0
3.0
751.0
1.0
1.0
10.0
1.0
32.0
7.0
4.0
2.0
16.0
2.0
2.0
10.0
13.0
351.0
1.0
3.0
8.0
7.0
1.0
12.0
1.0
22.0
1.0
1.0
4.0
2.0
18.0
528.0
12.0
17.0
3.0
19.0
137.0
1703.0
4.0
2.0
1018.0
3.0
431.0
235.0
31.0
59.0
4.0
19.0
159.0
5.0
1.0
2.0
21.0
180.0
1.0
3.0
61.0
17.0
42.0
1.0
6.0
282.0
2.0
4.0
729.0
1.0
3.0
2121.0
1.0
1.0
1.0
4.0
6.0
102.0
3.0
18.0
3.0
2132.0
1.0
136.0
1.0
1.0
424.0
1.0
2.0
2.0
2.0
2.0
18.0
1.0
79.0
1.0
7.0
1.0
3.0
31.0
2.0
1.0
1.0
1.0
5.0
7.0
1.0
143.0
4.0
3.0
1.0
10.0
2.0
2.0
1.0
3.0
2.0
16.0
3.0
22.0
29.0
3.0
1.0
5.0
3.0
324.0
362.0
993.0
3.0
1631.0
1.0
3.0
29.0
2.0
1.0
46.0
3.0
30.0
21.0
3.0
74.0
33.0
4.0
1843.0
67.0
1.0
5.0
37.0
3.0
13.0
9.0
1.0
82.0
2.0
1.0
293.0
10.0
19.0
1.0
1.0
1.0
1.0
1.0
3.0
1.0
26.0
24.0
41.0
1.0
1.0
103.0
2.0
8.0
1.0
103.0
1.0
17.0
3.0
295.0
666.0
1.0
3.0
12.0
3.0
2.0
2.0
1.0
1.0
70.0
1.0
10.0
3.0
1.0
3.0
1.0
8.0
2.0
1.0
1.0
3.0
12.0
3.0
1.0
4.0
38.0
13.0
1.0
4.0
3.0
2.0
1.0
3.0
2.0
3.0
747.0
2.0
3.0
1.0
13.0
351.0
5465.0
1436.0
1.0
93.0
1276.0
1.0
66686.0
1.0
3.0
2.0
238.0
1.0
2.0
16.0
3.0
6.0
3.0
1.0
19.0
332.0
4.0
3.0
1.0
26.0
3.0
4.0
3.0
92.0
27.0
2.0
3.0
3.0
1.0
1.0
2232.0
438.0
2.0
3.0
24.0
14.0
42.0
1.0
1.0
1.0
3.0
102.0
66.0
2.0
1.0
7.0
1606.0
2.0
4727.0
9.0
714.0
3.0
40.0
2.0
4.0
1.0
977.0
3.0
377.0
9.0
1.0
4.0
5.0
492.0
1.0
1.0
3.0
22.0
1.0
3.0
786.0
57.0
90.0
2.0
1.0
7.0
1.0
443.0
5.0
121.0
23.0
201.0
474.0
3.0
7.0
5.0
3.0
712.0
1.0
113.0
1.0
6.0
2.0
3.0
9.0
127.0
4.0
9.0
4.0
3.0
4.0
3.0
3.0
3.0
1.0
4.0
19.0
351.0
3.0
1.0
1.0
1.0
1.0
3.0
4.0
12.0
4.0
9.0
1.0
1.0
403.0
2.0
17.0
28.0
1.0
2.0
10001.0
17.0
3.0
1.0
3.0
45.0
3.0
3.0
2.0
282.0
1.0
1.0
5.0
695.0
1.0
1.0
8.0
3.0
193.0
3.0
1.0
9.0
4.0
3.0
36.0
1769.0
2.0
800.0
1.0
129.0
3.0
108.0
8.0
1.0
235.0
1.0
152.0
128.0
3.0
97.0
3.0
1.0
282.0
4.0
4.0
3.0
8.0
19.0
3.0
14.0
3.0
39.0
4.0
1.0
1.0
3.0
1058.0
3.0
1.0
1.0
2.0
2.0
6.0
3.0
21.0
294.0
69.0
3.0
1.0
2.0
800.0
1.0
4.0
2.0
2.0
4.0
1947.0
3.0
7.0
59.0
2.0
3336.0
43.0
425.0
8.0
3.0
282.0
14.0
1.0
1.0
23.0
51.0
3.0
1.0
1.0
1.0
1.0
2.0
4215.0
1.0
2.0
3.0
8.0
186.0
3.0
3.0
1.0
149.0
717.0
1.0
2.0
1.0
609.0
2.0
10.0
3.0
1.0
1.0
8.0
2.0
519.0
3.0
3.0
13.0
18.0
862.0
75.0
1.0
19.0
5.0
1.0
3.0
1.0
28.0
1.0
7.0
1.0
1403.0
22.0
379.0
5.0
1.0
1.0
1.0
1.0
5.0
5.0
3.0
1.0
653.0
1.0
1.0
3.0
3.0
2.0
2.0
23.0
9.0
8.0
10.0
9.0
24.0
3.0
13.0
3.0
1.0
4.0
3.0
3.0
618.0
1.0
1.0
1.0
3.0
10.0
871.0
6.0
2.0
3.0
1.0
3.0
5.0
1.0
3.0
299.0
9.0
1000.0
3.0
36.0
2891.0
1.0
22.0
22.0
34.0
10.0
7.0
1.0
3.0
11.0
480.0
3.0
3.0
74.0
15.0
4.0
2.0
1.0
1.0
9.0
2.0
249.0
3.0
3.0
162.0
3.0
2.0
2.0
5.0
30.0
1.0
3.0
1.0
79.0
8.0
28.0
2.0
3.0
55.0
5.0
20.0
2.0
9.0
73.0
1080.0
3.0
3.0
23.0
2.0
1.0
887.0
122.0
3.0
22.0
1.0
3.0
17.0
1.0
103.0
17.0
3.0
21.0
546.0
3.0
760.0
17.0
3.0
2.0
1.0
6.0
2.0
1.0
22.0
9.0
1.0
43.0
801.0
33.0
3.0
3.0
4.0
3.0
3.0
1.0
12.0
1.0
2.0
17.0
1.0
5.0
2.0
4.0
2.0
11.0
24.0
3.0
1.0
4.0
685.0
3.0
1.0
1.0
426.0
3.0
4.0
1414.0
7.0
2.0
24.0
22.0
1.0
3.0
1.0
5.0
3.0
157.0
20.0
60.0
4.0
2.0
678.0
3.0
9.0
717.0
25.0
41.0
421.0
926.0
1.0
23.0
266.0
33.0
102.0
105.0
1.0
4.0
4.0
4.0
87.0
2.0
994.0
23.0
10.0
4.0
3.0
252.0
977.0
1.0
16.0
2.0
1.0
3.0
73.0
3.0
12.0
371.0
1.0
1.0
1144.0
1.0
107.0
2.0
576.0
1.0
1026.0
3073.0
16.0
5.0
3.0
230.0
1.0
1.0
3.0
1.0
517.0
241.0
4.0
311.0
1.0
10.0
59.0
2.0
7.0
10.0
1.0
10.0
1.0
9.0
6.0
3.0
185.0
28.0
1.0
3.0
1.0
1.0
1.0
3.0
487.0
5.0
408.0
3.0
2.0
3.0
1.0
7.0
13.0
32.0
1.0
1.0
15.0
6.0
1.0
1.0
1180.0
3.0
3.0
3.0
1787.0
8.0
34.0
1.0
282.0
4.0
4.0
344.0
290.0
3.0
3.0
216.0
1.0
1.0
20.0
241.0
1.0
2.0
1.0
1.0
3.0
1.0
1.0
1.0
2.0
13.0
2.0
2.0
5.0
1.0
1146.0
19.0
17.0
3.0
871.0
3.0
3.0
8.0
1303.0
5.0
1.0
1.0
748.0
2.0
3.0
1.0
1.0
23.0
3.0
6.0
779.0
1.0
1.0
1.0
2.0
1.0
137.0
1.0
1.0
3.0
20.0
398.0
1.0
51.0
18.0
2.0
1403.0
31.0
1.0
1.0
111.0
1.0
59.0
1.0
3081.0
19.0
250.0
2.0
8.0
1426.0
1473.0
34.0
5.0
7.0
1.0
119.0
1675.0
17.0
3.0
10.0
12.0
3.0
3.0
2616.0
16.0
5.0
467.0
13.0
3.0
3.0
13.0
42.0
6.0
3.0
7.0
1.0
11.0
1.0
3.0
125.0
85.0
3.0
113.0
1.0
6.0
2.0
96.0
16.0
1.0
8.0
3.0
2396.0
2.0
43.0
177.0
8.0
18.0
9.0
90.0
1.0
1.0
2.0
5.0
580.0
115.0
1.0
1.0
1.0
3.0
2.0
1.0
51.0
889.0
1.0
2.0
1.0
21.0
103.0
9.0
92.0
2.0
3.0
102.0
1.0
13.0
223.0
1.0
1.0
1.0
3.0
14.0
3.0
1.0
3.0
2.0
1.0
2.0
22.0
2.0
9.0
4.0
1.0
45.0
685.0
25.0
4.0
152.0
1.0
3.0
1.0
3.0
2.0
1466.0
1314.0
112.0
4235.0
2.0
3.0
2.0
8.0
3.0
1.0
282.0
3.0
3.0
7.0
860.0
3.0
1.0
69.0
2.0
90.0
2.0
1.0
3.0
65.0
11.0
81.0
612.0
1.0
1.0
1424.0
2.0
1.0
3.0
6.0
5.0
275.0
1.0
25.0
10.0
293.0
1.0
4.0
1.0
24.0
3.0
3.0
2.0
6.0
41.0
1.0
3.0
1.0
6.0
97.0
367.0
10.0
1.0
406.0
1.0
385.0
19.0
32.0
3.0
4.0
1.0
8.0
29.0
1.0
1.0
1.0
1.0
444.0
1.0
11.0
1.0
7.0
249.0
677.0
1.0
3.0
1.0
2.0
1.0
1.0
1.0
351.0
1.0
3.0
35.0
1.0
3.0
3.0
3.0
4.0
98.0
3.0
3.0
2.0
3.0
1.0
317.0
3541.0
78.0
6.0
3.0
5.0
919.0
164.0
2.0
20.0
47.0
3.0
13.0
9.0
157.0
12.0
1934.0
4.0
9.0
2.0
1303.0
46.0
8.0
157.0
3.0
9.0
1.0
288.0
1762.0
3.0
375.0
78.0
15.0
5.0
2.0
2.0
78.0
1.0
3.0
2.0
8.0
1.0
4.0
1.0
2.0
78.0
1.0
8.0
2.0
2.0
3.0
6.0
1.0
1.0
205.0
2.0
4.0
10626.0
1096.0
1.0
2.0
1.0
3.0
3.0
2.0
3.0
4.0
4.0
66.0
1.0
4.0
7.0
2.0
1.0
1.0
7.0
1.0
1.0
232.0
1.0
3.0
6.0
20.0
1.0
2.0
1.0
1.0
869.0
2.0
1.0
12.0
116.0
24.0
3.0
2.0
289.0
1.0
177.0
3.0
7.0
3.0
1.0
3.0
765.0
2.0
261.0
1.0
1.0
8.0
7.0
1.0
1.0
9.0
1.0
20.0
8.0
90.0
12.0
5.0
8.0
10.0
3.0
23.0
1.0
1.0
4.0
2.0
1.0
961.0
1.0
9.0
1.0
3.0
9.0
3.0
3.0
10.0
2.0
3.0
1.0
3.0
152.0
2.0
1.0
94.0
358.0
1.0
9.0
3.0
42.0
3.0
1.0
2.0
1.0
6.0
108.0
2.0
3.0
2.0
191.0
3.0
1.0
331.0
1.0
1.0
9.0
1.0
3.0
1.0
3.0
2.0
940.0
1.0
2.0
2.0
1.0
1.0
2.0
4.0
68.0
1.0
1.0
116.0
4.0
112.0
10.0
457.0
212.0
26.0
200.0
55.0
1.0
76.0
28.0
22.0
15.0
3.0
2.0
1.0
46.0
292.0
13.0
2.0
1.0
88.0
1.0
2.0
4.0
2.0
10001.0
20.0
131.0
1.0
2506.0
3.0
5.0
7.0
540.0
4.0
1.0
2.0
79.0
36.0
3.0
3.0
5.0
1.0
12.0
23.0
2.0
4.0
1.0
3.0
1.0
6.0
1.0
44.0
1.0
441.0
24.0
1.0
8.0
38.0
9.0
1.0
4.0
3.0
167.0
3.0
1.0
1.0
5.0
1.0
3.0
2.0
1.0
2.0
3.0
3.0
1.0
108.0
1.0
1.0
3.0
3.0
1.0
1.0
33.0
3.0
1.0
3.0
1575.0
596.0
157.0
5.0
47.0
5.0
10.0
1.0
1.0
437.0
3.0
1.0
2.0
64.0
3.0
1.0
14.0
3.0
13.0
3.0
10.0
3.0
91.0
39.0
4339.0
1.0
5.0
94.0
4.0
64.0
1.0
6.0
1.0
10001.0
171.0
1.0
1.0
29.0
64.0
4.0
1.0
102.0
50.0
8.0
2.0
45.0
156.0
34.0
3.0
1.0
3.0
3.0
1.0
218.0
1078.0
3.0
44.0
3.0
4.0
127.0
1.0
3.0
17.0
296.0
1.0
111.0
1.0
145.0
2.0
19.0
27.0
1.0
4.0
3.0
1.0
1.0
1.0
5.0
5.0
8.0
1.0
743.0
2.0
38.0
3.0
2048.0
1.0
3.0
1020.0
5.0
65.0
13.0
1.0
2.0
1.0
2.0
311.0
16.0
3.0
1.0
147.0
3.0
17.0
1.0
1.0
3.0
1.0
2.0
5.0
1321.0
1.0
1.0
4.0
27.0
292.0
1.0
3.0
34.0
2.0
1.0
3.0
1.0
3.0
106.0
3.0
1.0
24.0
3.0
4.0
1132.0
8.0
3.0
1972.0
1198.0
1.0
288.0
253.0
1.0
1107.0
3.0
1.0
1.0
6.0
1.0
9.0
3.0
3.0
6.0
1.0
356.0
10.0
1.0
658.0
91.0
1.0
4.0
4.0
3.0
2.0
1.0
35.0
10.0
3.0
13.0
1.0
33108.0
569.0
8.0
42.0
15.0
1.0
71.0
4.0
488.0
1.0
23.0
488.0
3.0
8.0
1.0
38.0
1.0
1187.0
1385.0
22.0
4.0
2.0
9.0
460.0
147.0
82.0
20.0
457.0
12.0
1.0
1308.0
3.0
1.0
3917.0
6.0
3.0
1.0
4.0
596.0
32.0
1606.0
2560.0
3.0
94.0
22.0
5.0
2.0
3.0
1.0
108.0
65.0
2.0
25.0
4.0
1.0
39.0
938.0
1.0
1.0
1.0
1.0
1.0
3.0
1.0
23.0
216.0
1.0
18.0
827.0
1.0
1.0
27.0
1.0
3.0
26.0
2.0
145.0
1.0
1.0
9.0
37.0
1.0
16.0
2.0
3.0
3.0
3366.0
38.0
3.0
1.0
2148.0
1.0
102.0
7.0
4.0
3.0
4.0
1.0
1.0
2.0
3.0
58.0
1.0
3.0
3.0
1500.0
5.0
280.0
2.0
1.0
4.0
21.0
2062.0
19.0
1.0
1.0
3.0
2.0
105.0
2.0
179.0
3.0
1374.0
19.0
9.0
49.0
1.0
4.0
44.0
3.0
177.0
3.0
5.0
1.0
11.0
3.0
24.0
1.0
8.0
165.0
1.0
1.0
519.0
9.0
1.0
3.0
576.0
7.0
16.0
1296.0
108.0
51.0
3.0
342.0
3.0
3.0
1.0
44.0
1.0
33.0
3.0
51.0
134.0
1.0
119.0
3.0
3.0
2.0
3.0
459.0
1.0
7.0
1.0
3.0
3.0
4.0
4.0
35.0
591.0
43.0
9.0
68.0
11.0
3.0
1.0
1.0
1.0
2.0
6.0
2.0
3.0
1.0
7.0
32.0
1392.0
4.0
1.0
2.0
932.0
180.0
1339.0
2.0
118.0
4.0
26.0
3.0
1.0
4.0
363.0
1.0
1.0
88.0
3.0
1.0
1.0
3.0
2.0
998.0
503.0
1.0
6.0
3.0
2.0
2.0
1018.0
1.0
3.0
8.0
1.0
43.0
1.0
1.0
1.0
17.0
2.0
1.0
24.0
1.0
1.0
3.0
29.0
98.0
233.0
7.0
2.0
1.0
114.0
3.0
100.0
3.0
1.0
1.0
1.0
1.0
1.0
113.0
8.0
3.0
9.0
9.0
2.0
159.0
3.0
1.0
23.0
69.0
11.0
9.0
2.0
3.0
16.0
1.0
15.0
1.0
3.0
1.0
1.0
16.0
27.0
4.0
214.0
1594.0
21.0
3374.0
3.0
1.0
22.0
13.0
64.0
1.0
1.0
3.0
6.0
22.0
5.0
1.0
3.0
1.0
24.0
1.0
1.0
8.0
2.0
6.0
1.0
5.0
2.0
2.0
1.0
2.0
9.0
1.0
772.0
3.0
3.0
41.0
5.0
1.0
2220.0
14.0
19.0
18.0
143.0
27.0
3.0
6.0
9.0
275.0
2.0
1.0
3.0
5.0
1.0
10.0
30.0
10.0
30.0
3.0
8.0
7.0
1.0
251.0
4.0
146.0
47.0
4.0
3.0
1.0
37.0
3.0
499.0
2.0
3151.0
1405.0
3.0
1302.0
4.0
21.0
1.0
3.0
65.0
1.0
3.0
9.0
3.0
14.0
1.0
155.0
1.0
1638.0
82.0
3.0
1.0
3.0
6.0
10.0
2.0
32.0
83.0
1908.0
1.0
2.0
6.0
3.0
255.0
1.0
1411.0
5.0
2.0
1.0
80.0
2.0
40.0
45.0
3.0
3.0
1.0
3.0
57.0
27.0
81.0
1.0
23.0
40.0
4.0
100.0
85.0
4.0
55.0
3.0
85.0
1.0
2.0
2.0
383.0
5.0
1.0
6.0
3.0
3.0
18.0
517.0
3.0
1443.0
1.0
1.0
2.0
1.0
41.0
3.0
2.0
4.0
3.0
4.0
1.0
1.0
1.0
234.0
2.0
136.0
1.0
19.0
3.0
596.0
28.0
47.0
8.0
4.0
4.0
2.0
2.0
1.0
46.0
15.0
3.0
3.0
4.0
3370.0
1.0
199.0
1.0
6.0
1.0
4.0
1.0
916.0
3.0
1.0
3.0
55.0
1.0
12.0
1201.0
3.0
3.0
1.0
4.0
2.0
1.0
3.0
1.0
1813.0
46.0
3.0
3.0
1.0
1.0
5.0
3.0
9.0
9.0
40.0
1388.0
2.0
642.0
1.0
1.0
313.0
19.0
3.0
346.0
647.0
1.0
2.0
2.0
2.0
2.0
1.0
1.0
297.0
1.0
24.0
64.0
8.0
8.0
1.0
1.0
2.0
1.0
2476.0
1.0
15.0
784.0
240.0
8.0
1.0
4.0
6.0
2.0
1.0
1.0
1.0
3.0
36.0
44.0
1.0
1.0
3.0
3.0
2.0
466.0
61.0
406.0
13.0
4.0
3.0
1.0
3.0
406.0
1.0
3.0
2.0
1.0
22.0
79.0
1.0
11115.0
6.0
75.0
131.0
2.0
14.0
1.0
1.0
4.0
2.0
4.0
1.0
3.0
3.0
1.0
15.0
2.0
60.0
273.0
2.0
2.0
20.0
3.0
1.0
2.0
1.0
3.0
1.0
439.0
3.0
4.0
9.0
3.0
4.0
1570.0
1.0
8.0
1.0
2.0
1.0
4.0
1.0
24.0
7.0
11.0
5.0
1.0
7.0
74.0
5.0
134.0
6.0
2.0
1.0
16.0
1.0
1.0
11.0
8.0
3.0
3.0
4.0
1.0
1.0
2.0
1.0
40.0
1433.0
140.0
2.0
8.0
1.0
3.0
2.0
9.0
13.0
12.0
10.0
9.0
4.0
1.0
72.0
1577.0
3.0
1.0
784.0
1.0
3.0
3.0
351.0
2.0
5193.0
1.0
1.0
127.0
2316.0
10.0
7.0
1.0
9.0
4287.0
1.0
1.0
1.0
638.0
56.0
60.0
121.0
1.0
26.0
103.0
1.0
596.0
3.0
63.0
16.0
3.0
3.0
418.0
136.0
2.0
1.0
4.0
6.0
268.0
11.0
3.0
14.0
2.0
3.0
291.0
9.0
1.0
3.0
4.0
1.0
329.0
4.0
1.0
13.0
1554.0
48.0
1.0
7.0
1.0
1.0
17.0
1.0
1.0
1.0
3.0
38.0
3.0
2.0
3.0
2.0
28.0
2.0
1.0
6889.0
141.0
12.0
96.0
1.0
658.0
3.0
42.0
1.0
2.0
1.0
1.0
37.0
1.0
1.0
3.0
6.0
97.0
2.0
2.0
12.0
31.0
736.0
1217.0
1.0
3.0
58.0
1.0
62.0
761.0
12.0
2654.0
2.0
1.0
3.0
13.0
1.0
3.0
2.0
3.0
7.0
7.0
149.0
27.0
10.0
1.0
3.0
4.0
24.0
7.0
1.0
3.0
14429.0
2.0
6.0
2.0
3.0
1.0
12.0
3.0
69.0
1.0
2.0
111.0
1.0
6.0
2.0
11.0
113.0
67.0
7.0
8.0
685.0
4.0
27.0
1.0
1.0
24.0
664.0
55.0
69.0
1.0
9.0
3.0
3.0
1.0
1.0
338.0
1.0
1.0
5.0
12.0
8.0
1.0
1.0
64.0
88.0
59.0
3.0
6.0
1.0
1.0
1.0
1.0
1.0
3.0
1.0
6.0
77.0
292.0
16.0
351.0
3.0
1.0
244.0
1.0
1.0
1042.0
1.0
1.0
2.0
961.0
1.0
2.0
64.0
3.0
707.0
5.0
213.0
1.0
2.0
150.0
1.0
45.0
3.0
3.0
386.0
1.0
2.0
2566.0
5.0
620.0
3.0
105.0
1.0
3.0
2.0
3.0
1198.0
10.0
56.0
7.0
1.0
254.0
17.0
3.0
3.0
5.0
1.0
1.0
3.0
3.0
1.0
39.0
148.0
45.0
1.0
28.0
1.0
2.0
3.0
361.0
2.0
102.0
3.0
1115.0
3.0
11.0
15.0
22.0
1.0
1537.0
1.0
1.0
2.0
296.0
1018.0
1.0
19.0
1.0
2.0
1.0
3.0
375.0
1.0
1.0
1.0
52.0
1.0
2.0
6.0
17.0
3.0
5.0
347.0
3.0
1.0
3.0
1.0
4.0
1.0
1.0
3.0
3.0
1.0
1.0
2.0
1.0
1.0
3.0
1.0
4.0
39.0
3.0
1.0
150.0
83.0
3.0
8.0
2.0
1.0
596.0
1.0
3762.0
19.0
1247.0
756.0
2.0
9.0
2.0
3.0
182.0
2.0
297.0
1.0
1810.0
351.0
1.0
1.0
3.0
22.0
1.0
8.0
3732.0
1.0
2.0
9.0
1028.0
3.0
1.0
1.0
8.0
25.0
44.0
607.0
3.0
143.0
2.0
1.0
3.0
25.0
139.0
1.0
3.0
3.0
48.0
26.0
12.0
4.0
5.0
3.0
5.0
1.0
3.0
5.0
3.0
1.0
2.0
3.0
13.0
1.0
19.0
4.0
8.0
48.0
1.0
1.0
43.0
55.0
4.0
1632.0
1.0
3.0
3.0
3.0
3.0
1.0
2.0
160.0
26.0
6.0
55.0
3.0
7.0
112.0
64.0
3.0
2.0
15.0
116.0
1.0
2.0
32.0
3.0
835.0
616.0
6.0
737.0
24.0
51.0
114.0
410.0
124.0
3.0
1.0
1.0
2.0
1.0
112.0
23.0
3.0
3.0
10.0
510.0
366.0
10.0
1.0
9.0
3.0
8.0
250.0
1.0
5.0
1.0
3.0
2396.0
1.0
15.0
3.0
1334.0
525.0
4.0
744.0
132.0
1.0
351.0
1.0
3.0
112.0
214.0
3.0
638.0
2.0
7.0
126.0
232.0
2.0
3.0
115.0
3.0
2.0
2.0
1.0
183.0
7.0
5.0
5.0
213.0
1.0
341.0
46.0
8.0
1357.0
1.0
3.0
288.0
351.0
3.0
7.0
1090.0
1.0
3.0
1.0
1.0
886.0
22137.0
1.0
3.0
15.0
3.0
3.0
103.0
82.0
943.0
34.0
3.0
476.0
961.0
2.0
103.0
1.0
4.0
1.0
433.0
9.0
3.0
1.0
175.0
1.0
3.0
1.0
1.0
3.0
863.0
1.0
1.0
658.0
6.0
1.0
3.0
2.0
1.0
18.0
2.0
3.0
1.0
2.0
2.0
3.0
2.0
360.0
1464.0
3.0
6.0
27.0
1.0
7.0
1.0
3.0
66.0
1.0
1.0
1.0
1.0
1.0
23.0
254.0
2.0
3.0
2.0
11.0
1.0
3.0
4.0
3.0
1.0
3.0
720.0
15.0
4.0
597.0
1.0
5.0
1.0
1.0
3.0
4466.0
3.0
3.0
5.0
1.0
1.0
1.0
9.0
42.0
108.0
5.0
1.0
8.0
34.0
172.0
2.0
1496.0
463.0
3.0
55.0
53.0
33108.0
1.0
1.0
3.0
125.0
4.0
7.0
59.0
24.0
5.0
1.0
2.0
1.0
515.0
1.0
195.0
36.0
11.0
1.0
471.0
718.0
52.0
30.0
4.0
1179.0
132.0
5.0
3.0
3.0
3.0
1212.0
23.0
1.0
1.0
84938.0
1.0
3.0
6.0
2.0
2.0
8.0
1007.0
784.0
328.0
4612.0
1.0
1.0
10.0
408.0
1.0
602.0
3.0
20.0
9.0
15.0
64.0
3.0
5.0
3.0
8.0
3.0
55.0
3.0
4.0
9.0
10.0
27.0
4.0
2.0
915.0
160.0
45.0
2.0
3.0
1115.0
4.0
14.0
3.0
4.0
638.0
2.0
293.0
2.0
2.0
3.0
1.0
38.0
3.0
3.0
1.0
3.0
1.0
7.0
68.0
274.0
9.0
1.0
2.0
338.0
35.0
13.0
1.0
199.0
398.0
1.0
10.0
1.0
1.0
18.0
16.0
5.0
936.0
109.0
3.0
282.0
2.0
4.0
24.0
2.0
14189.0
15.0
48410.0
1.0
291.0
6.0
1.0
10.0
3.0
2.0
2.0
24.0
756.0
3.0
5.0
188.0
9.0
1.0
16.0
7.0
1.0
88.0
4.0
2.0
4.0
4.0
14.0
3.0
611.0
1.0
1.0
611.0
1.0
1.0
282.0
104.0
1.0
1.0
7.0
1.0
1.0
55.0
14.0
158.0
189.0
3.0
4.0
1.0
1.0
573.0
3697.0
6.0
241.0
779.0
46.0
22.0
30.0
1.0
3.0
1.0
1.0
1.0
4.0
1467.0
5.0
1.0
100.0
136.0
124.0
1.0
1.0
1.0
1.0
62.0
3.0
1.0
107.0
1.0
22.0
1.0
1.0
1.0
331.0
15.0
2.0
3.0
4.0
55.0
4.0
3.0
1.0
106.0
351.0
277.0
9.0
3.0
1.0
118.0
3.0
18.0
2144.0
1.0
3.0
1.0
1.0
62.0
1668.0
5.0
24.0
3.0
2302.0
153.0
2.0
16.0
3.0
1.0
4.0
3.0
3.0
2.0
3.0
8.0
1.0
1.0
245.0
1.0
1.0
1.0
1.0
47.0
9.0
1.0
21.0
1.0
17.0
5.0
1.0
142.0
9.0
5.0
1.0
14.0
17.0
1.0
5.0
21.0
3.0
91.0
145.0
2.0
235.0
1.0
1.0
1.0
3.0
236.0
6.0
1.0
28.0
3.0
3.0
211.0
2.0
1.0
6.0
605.0
371.0
1.0
1.0
702.0
1.0
7.0
1.0
3.0
8.0
3.0
11.0
32.0
191.0
3.0
2.0
3.0
3.0
1.0
36.0
1.0
3.0
31.0
13.0
1.0
14.0
1.0
4.0
1.0
1.0
1.0
1.0
250.0
4.0
322.0
421.0
3.0
1.0
177.0
3.0
253.0
4.0
1.0
1.0
1.0
4.0
2.0
150.0
810.0
2.0
948.0
1.0
85.0
3.0
233.0
79.0
18.0
1.0
18.0
1.0
3.0
1.0
1.0
1.0
83.0
15.0
3.0
972.0
2.0
2.0
40.0
1.0
13.0
1634.0
10004.0
3.0
14189.0
2.0
3.0
2.0
3.0
1.0
1.0
16.0
2.0
1.0
83.0
3.0
123.0
5.0
3.0
3.0
1.0
1.0
2.0
1.0
1.0
28.0
716.0
3.0
3.0
1.0
40.0
3.0
1063.0
1.0
213.0
2.0
1.0
4.0
74.0
5.0
3.0
1.0
171.0
2.0
1.0
1.0
7.0
33.0
3.0
1.0
2.0
27.0
6.0
6.0
1.0
6.0
9.0
3.0
1.0
26.0
5.0
49.0
1.0
105.0
17.0
81.0
3.0
1.0
1642.0
9.0
3.0
1.0
110.0
1.0
95.0
3.0
2.0
2.0
3.0
20.0
1.0
332.0
1.0
147.0
41.0
3.0
12.0
8.0
2.0
659.0
685.0
24.0
21.0
1207.0
76.0
292.0
1.0
24.0
220.0
3.0
3.0
3.0
288.0
1.0
1398.0
576.0
10.0
8.0
1.0
310.0
1028.0
5.0
4.0
1.0
2.0
696.0
64.0
1.0
5.0
104.0
1.0
3.0
27.0
3.0
1.0
415.0
3.0
870.0
1.0
87.0
864.0
18.0
99.0
399.0
232.0
1.0
2.0
3.0
14.0
1.0
3.0
8.0
843.0
779.0
514.0
1.0
2.0
10.0
1.0
37.0
1.0
17.0
1.0
1.0
3.0
28.0
30.0
1.0
1018.0
145.0
352.0
2.0
232.0
2.0
1.0
1117.0
278.0
1.0
3.0
1819.0
3.0
3.0
9.0
288.0
526.0
2.0
7.0
1.0
32.0
3.0
3.0
3.0
7.0
3.0
1.0
2.0
26.0
1361.0
4.0
3.0
1.0
30.0
1.0
3.0
1.0
3.0
2.0
2.0
2.0
17.0
1.0
3.0
19.0
1.0
3.0
284.0
4.0
1111.0
2.0
9.0
1.0
1.0
1.0
1.0
1.0
3.0
13.0
19.0
178.0
49.0
180.0
65.0
3.0
1.0
3.0
1.0
3.0
3.0
2.0
4.0
1.0
7.0
26.0
1.0
631.0
3.0
4.0
2.0
3.0
1.0
6.0
1.0
2.0
4.0
1.0
1.0
3.0
3.0
2.0
30.0
207.0
12.0
3.0
2.0
8.0
17.0
8.0
3.0
86.0
3.0
1.0
1.0
37.0
2.0
226.0
1.0
10.0
3.0
1.0
96.0
1.0
1.0
48.0
1.0
1.0
1.0
3.0
9.0
1.0
5.0
17.0
4.0
1.0
2.0
7943.0
3.0
16.0
1.0
1.0
3.0
3.0
1.0
1.0
5.0
1.0
2.0
1.0
596.0
34.0
686.0
19.0
3.0
4.0
1.0
1.0
30.0
1.0
4.0
2.0
1257.0
26.0
2.0
1.0
45.0
2.0
1.0
34.0
1.0
3.0
1.0
1.0
1.0
2.0
3.0
696.0
591.0
83.0
107.0
17.0
2.0
9.0
4.0
3.0
9.0
8.0
1.0
720.0
310.0
23.0
4.0
1.0
3.0
1.0
58.0
24.0
6.0
1.0
1027.0
1.0
2.0
5.0
240.0
1.0
3.0
6.0
1.0
1.0
5.0
8.0
2.0
1.0
85.0
1.0
39.0
3.0
1.0
7.0
1.0
3.0
9.0
4.0
1.0
3.0
6.0
1.0
292.0
30.0
3.0
1.0
79.0
8.0
1394.0
284.0
2.0
1.0
81.0
3.0
3.0
24.0
41.0
12.0
96.0
1763.0
35.0
19.0
88.0
105.0
1.0
308.0
4.0
16.0
3.0
4.0
2.0
3.0
1.0
31.0
3.0
195.0
1.0
8.0
1.0
1.0
2.0
1.0
1.0
3.0
1.0
42.0
4.0
4.0
102.0
1005.0
72.0
1.0
55.0
23.0
3.0
3.0
603.0
5.0
3.0
12.0
1.0
10.0
5.0
380.0
3.0
25.0
1.0
226.0
80.0
4.0
445.0
18.0
35.0
8.0
1.0
2.0
5.0
154.0
2.0
2.0
3.0
10.0
1.0
1.0
3.0
33.0
12.0
1.0
375.0
1.0
3.0
28.0
2.0
8.0
3.0
1.0
102.0
5.0
3.0
1.0
1.0
7.0
1.0
3.0
2.0
1.0
15.0
41.0
8.0
1.0
4.0
494.0
2843.0
1.0
2.0
1.0
1.0
2.0
58.0
3.0
9.0
15.0
19.0
180.0
2.0
2.0
13.0
531.0
3.0
16.0
53.0
5.0
1.0
293.0
731.0
4.0
29.0
2.0
267.0
3.0
2.0
3.0
458.0
2.0
61.0
24.0
1.0
20.0
3.0
102.0
1.0
9.0
697.0
45.0
9.0
3.0
1303.0
157.0
5.0
5.0
9.0
4.0
3.0
1828.0
8.0
42.0
81.0
8.0
434.0
2.0
3.0
67.0
351.0
3.0
14.0
4039.0
3.0
4.0
2.0
5.0
5.0
17.0
1.0
4.0
15200.0
127.0
14.0
194.0
1.0
254.0
1843.0
6.0
1515.0
1978.0
2.0
4.0
2.0
1.0
46.0
3.0
1.0
2.0
2.0
3.0
1.0
4.0
147.0
232.0
1.0
1.0
1.0
10.0
1.0
2.0
2.0
2.0
1.0
1.0
1.0
48.0
3.0
1.0
1.0
20.0
705.0
1.0
1.0
2.0
6.0
15.0
78.0
24.0
3.0
3.0
1.0
1.0
2.0
1.0
19.0
1.0
1.0
5460.0
1.0
3.0
1.0
55.0
16.0
112.0
2.0
2.0
1.0
1.0
2260.0
3.0
133.0
10.0
2040.0
2.0
1.0
72.0
2.0
45.0
1.0
1.0
1.0
4.0
2.0
3.0
2331.0
504.0
1.0
78.0
15.0
1.0
3.0
1670.0
13.0
16.0
1599.0
15.0
3.0
1.0
561.0
10.0
2.0
10.0
1.0
3290.0
4.0
1.0
3.0
3.0
33.0
9.0
4.0
6.0
3.0
1.0
1.0
1.0
28.0
2.0
6.0
55.0
1.0
2.0
2.0
7.0
1.0
1.0
3.0
1.0
1824.0
740.0
3.0
17.0
3.0
1.0
9.0
9.0
3.0
3.0
3.0
3.0
862.0
568.0
1.0
2.0
6.0
143.0
24.0
1.0
596.0
2.0
61013.0
1.0
60.0
1.0
1.0
4.0
9.0
17.0
7.0
74.0
4.0
242.0
4.0
766.0
2.0
1.0
5.0
1.0
4.0
1.0
4.0
22.0
13.0
3.0
2.0
2.0
3.0
34.0
989.0
45.0
1.0
12.0
1172.0
946.0
2819.0
1.0
1.0
2.0
3.0
2.0
15.0
1.0
3.0
3.0
3.0
2.0
23.0
499.0
9.0
369.0
1.0
553.0
6.0
1.0
432.0
2.0
4.0
24.0
1722.0
21.0
54.0
2.0
2.0
72.0
457.0
2.0
6.0
22.0
2.0
3.0
1.0
3.0
2.0
1.0
1.0
1207.0
165.0
3.0
1.0
170.0
1.0
506.0
1.0
9.0
3.0
6.0
5.0
55.0
113.0
4.0
10.0
1.0
5.0
1.0
5.0
1.0
3.0
36.0
17.0
109.0
24.0
31.0
3.0
1019.0
3.0
3.0
2.0
1.0
3.0
2.0
5.0
2734.0
1.0
1.0
1.0
1.0
8.0
63.0
1.0
10.0
4.0
3.0
502.0
3.0
1.0
1.0
468.0
79.0
2.0
4.0
35.0
1.0
3.0
325.0
1.0
1.0
816.0
3.0
2.0
19.0
2.0
232.0
1.0
2.0
4.0
411.0
2.0
13.0
2.0
1.0
67.0
1.0
1.0
1.0
3.0
2.0
5.0
338.0
452.0
1.0
2.0
3.0
1.0
3.0
42.0
166.0
288.0
3.0
2.0
1.0
3.0
3.0
61.0
28.0
38.0
3.0
5.0
696.0
1.0
2.0
23.0
3.0
3.0
3.0
1.0
2.0
2.0
8.0
32.0
1266.0
30.0
1.0
2.0
85.0
1.0
1.0
1294.0
1.0
2.0
14.0
1.0
3.0
1685.0
3.0
1.0
2.0
3.0
20.0
171.0
8.0
1881.0
2.0
4.0
1.0
6.0
3.0
121.0
1.0
1.0
5.0
2.0
3.0
1.0
5.0
69.0
15.0
3.0
14.0
1018.0
4526.0
3.0
13.0
23.0
1.0
1.0
21.0
1.0
1.0
2.0
3.0
23.0
1754.0
19.0
2.0
2.0
2.0
132.0
2.0
1.0
3.0
1.0
123.0
775.0
3.0
1.0
1.0
46.0
1.0
1.0
3.0
3.0
4.0
40.0
9.0
2.0
1.0
5.0
3.0
1.0
1.0
1.0
158.0
3.0
3.0
23.0
119.0
65.0
8.0
1.0
4.0
1.0
55.0
8.0
866.0
1.0
2.0
1.0
3.0
4.0
4.0
77.0
2.0
3.0
68.0
2.0
3.0
9.0
7.0
1.0
1.0
40.0
1.0
8.0
1.0
3.0
948.0
1.0
14.0
2.0
1994.0
1.0
5.0
2.0
33.0
3.0
9.0
250.0
8.0
190.0
3.0
219.0
1.0
9.0
2.0
1225.0
3.0
1.0
2.0
1.0
34.0
10.0
32.0
315.0
1.0
1.0
1.0
1.0
4.0
8.0
37.0
7.0
1362.0
1604.0
1.0
31.0
1.0
1.0
34.0
5.0
1.0
408.0
9.0
4.0
3.0
1.0
7.0
11.0
1.0
4.0
1.0
19.0
594.0
3.0
312.0
57.0
8.0
7.0
9.0
3.0
4.0
4.0
11.0
120.0
8.0
1.0
163.0
596.0
1.0
288.0
1.0
1.0
1.0
2.0
6.0
1944.0
3.0
1.0
4.0
36.0
1.0
6.0
456.0
1.0
2.0
2.0
5.0
1.0
1.0
72.0
1.0
5.0
1.0
1.0
2.0
3.0
2.0
1018.0
17.0
10.0
4.0
37.0
1706.0
19.0
3.0
3.0
5.0
6.0
3.0
3244.0
4.0
1.0
3.0
2.0
1.0
1.0
1.0
1.0
33.0
5.0
7.0
1.0
4.0
3.0
12.0
3.0
1.0
3.0
10.0
1.0
3.0
1.0
3.0
2.0
1.0
1.0
25.0
14.0
1.0
3.0
157.0
54.0
1.0
3.0
2.0
936.0
1.0
668.0
3.0
2.0
3.0
243.0
10.0
3.0
403.0
9.0
354.0
1.0
43.0
25.0
5.0
11.0
9.0
1.0
1.0
1.0
1.0
1.0
5.0
1.0
65.0
19.0
1.0
666.0
3.0
1.0
1.0
3.0
243.0
7.0
3.0
3.0
1.0
1.0
46.0
3.0
4.0
36.0
32.0
18.0
19.0
1.0
2.0
1.0
284.0
470.0
3.0
1.0
4.0
1.0
201.0
137.0
1.0
1.0
1.0
2.0
1.0
1.0
103.0
3.0
2.0
490.0
1.0
2.0
1219.0
1.0
3.0
3.0
9.0
20.0
344.0
288.0
150.0
3.0
2.0
5.0
3.0
1.0
44.0
3.0
33.0
4.0
3.0
3.0
1.0
71.0
1.0
1.0
1.0
42.0
1.0
6.0
288.0
1.0
35.0
8.0
1.0
1560.0
7.0
961.0
3.0
1.0
1.0
1.0
4.0
196.0
1.0
3.0
3.0
2.0
242.0
69.0
8.0
292.0
1.0
685.0
1.0
5.0
1.0
492.0
3.0
1.0
4.0
3.0
7.0
3.0
667.0
6.0
1.0
1.0
1.0
1.0
1.0
3.0
2015.0
3.0
1.0
7.0
4.0
1.0
1.0
3.0
44.0
2.0
11.0
6.0
7.0
122.0
1.0
1.0
3.0
24.0
19.0
1.0
1.0
535.0
5.0
1.0
24.0
19.0
467.0
4.0
4.0
4.0
15.0
4.0
1.0
1899.0
9.0
2.0
7.0
3.0
19.0
1.0
657.0
1.0
29.0
1.0
5.0
18.0
3.0
1.0
25.0
3.0
3.0
4778.0
74.0
235.0
3.0
2.0
4.0
3.0
1.0
3.0
1.0
3.0
3.0
835.0
4.0
5.0
623.0
3.0
3.0
1.0
9.0
1.0
1.0
1.0
58.0
99.0
4.0
14.0
9.0
13.0
2.0
13.0
14.0
2.0
20.0
55.0
12.0
101.0
1.0
1.0
1.0
1.0
2.0
1.0
474.0
8.0
3.0
1.0
22.0
14.0
7.0
5.0
1908.0
7.0
1.0
36.0
3.0
1.0
7.0
8.0
1429.0
275.0
2.0
1.0
1.0
1.0
98.0
279.0
1.0
1.0
4.0
4.0
51.0
1.0
3.0
1.0
1.0
1.0
1.0
2001.0
336.0
1.0
1.0
422.0
231.0
601.0
1.0
3.0
1.0
351.0
72.0
5.0
1.0
1.0
473.0
1.0
4.0
6.0
1.0
7.0
3.0
3.0
1.0
1.0
1.0
8.0
8.0
39.0
121.0
1.0
196.0
35.0
1.0
1.0
28.0
1.0
1.0
3.0
1199.0
169.0
3.0
1.0
4.0
34312.0
200.0
2.0
8.0
405.0
4.0
3.0
2.0
1.0
3.0
5.0
3.0
1.0
1.0
871.0
1.0
2.0
25.0
8.0
24.0
2.0
2.0
1.0
12.0
12.0
54.0
3.0
2.0
16.0
1.0
133.0
2.0
609.0
1.0
789.0
5.0
16.0
65.0
2.0
1.0
6.0
1092.0
1.0
773.0
2.0
2.0
154.0
52.0
1.0
16.0
3.0
58.0
263.0
1.0
5.0
1.0
1.0
1.0
3.0
1.0
3.0
2.0
10.0
57.0
3.0
69.0
7.0
3.0
28.0
2.0
576.0
2.0
3.0
3.0
3.0
1.0
1.0
4.0
2.0
779.0
42.0
3.0
1.0
31.0
1.0
227.0
8.0
1.0
1455.0
8.0
1.0
1.0
1.0
1.0
108.0
1.0
91.0
2.0
5.0
2.0
1.0
3.0
3.0
6.0
2.0
1.0
1.0
4.0
1.0
1.0
1.0
6532.0
15.0
1.0
674.0
33.0
56.0
1.0
118.0
42.0
4.0
1.0
1.0
3.0
598.0
13.0
2.0
1.0
1.0
24.0
1.0
1.0
9.0
3.0
4.0
678.0
3.0
8.0
351.0
2.0
8.0
11867.0
15.0
5.0
2.0
2.0
9.0
3.0
346.0
2.0
1.0
62.0
3.0
1.0
3228.0
1018.0
1.0
12.0
1.0
3.0
157.0
4.0
1.0
1.0
3.0
779.0
5.0
167.0
1.0
3.0
14.0
5.0
110.0
9.0
1.0
11.0
784.0
18.0
282.0
21.0
2.0
425.0
6.0
1.0
17.0
4.0
3.0
112.0
156.0
48.0
1.0
1.0
3.0
7213.0
3.0
2.0
11.0
141.0
9.0
1.0
1.0
12.0
1.0
1.0
39.0
1.0
1.0
3.0
8.0
170.0
3.0
1.0
1.0
3.0
103.0
1.0
1.0
2.0
1.0
7.0
4.0
1.0
197.0
1.0
1.0
1.0
3.0
3.0
764.0
14.0
3.0
1.0
44.0
3.0
20.0
8.0
92.0
1.0
3.0
9.0
9.0
158.0
193.0
67.0
1.0
1.0
1.0
36.0
2.0
1.0
14385.0
2.0
3.0
3.0
3.0
1.0
1.0
598.0
5.0
129.0
29.0
1.0
1919.0
8.0
5692.0
2.0
6.0
1.0
97.0
3.0
1.0
132.0
826.0
4.0
31.0
1.0
1.0
5.0
1.0
4108.0
4.0
1.0
1.0
255.0
16.0
7.0
51.0
958.0
1.0
3.0
37.0
7.0
46.0
1.0
14.0
5.0
3.0
14.0
22.0
461.0
1.0
1.0
330.0
6.0
341.0
1.0
1.0
88474.0
1.0
4.0
990.0
8.0
8.0
56.0
1.0
28.0
102.0
4.0
2.0
3.0
3.0
3.0
674.0
2.0
8.0
8.0
4.0
19.0
3.0
12.0
1.0
1.0
17.0
1.0
1.0
1214.0
223.0
1386.0
9.0
6.0
1.0
43.0
156.0
58.0
14.0
1.0
1.0
2.0
291.0
2.0
346.0
7.0
2.0
57.0
959.0
1.0
2.0
40119.0
101.0
49.0
60.0
172.0
1.0
2.0
3.0
1.0
1.0
8.0
3.0
1.0
33.0
3.0
3.0
5023.0
2.0
1.0
2.0
4.0
3.0
611.0
106.0
1.0
45.0
2.0
3.0
12.0
2.0
3.0
9.0
3.0
1.0
66.0
30.0
89.0
22.0
24.0
1.0
1.0
3.0
2386.0
1.0
20.0
1.0
3.0
1.0
681.0
30.0
4.0
1.0
3.0
4.0
550.0
27.0
3.0
2.0
512.0
8.0
2.0
3.0
3.0
527.0
10.0
1.0
3.0
1.0
1.0
1.0
1.0
5768.0
34.0
3.0
3.0
131.0
2087.0
1.0
694.0
1.0
1.0
1.0
1.0
13.0
697.0
920.0
1.0
2.0
10.0
3.0
43.0
3.0
1.0
2.0
3.0
1.0
1.0
513.0
1517.0
1.0
52.0
1.0
19.0
5.0
11061.0
122.0
3.0
2.0
110.0
1.0
4.0
4.0
4.0
1.0
1206.0
3.0
2.0
2.0
962.0
60.0
1.0
19.0
842.0
16.0
49.0
956.0
3.0
5.0
5.0
2.0
1.0
74.0
2.0
9.0
3.0
11.0
1.0
3.0
1.0
3.0
1514.0
7.0
409.0
2.0
1.0
1.0
66.0
4.0
1.0
61.0
3.0
91.0
3.0
424.0
39.0
3.0
1.0
1.0
3.0
376.0
3.0
8.0
1.0
1.0
1.0
3.0
5.0
15.0
1.0
685.0
24.0
41.0
76.0
12.0
3.0
3.0
3.0
596.0
3.0
93.0
3.0
17.0
113.0
1.0
1.0
3.0
10.0
6.0
1.0
302.0
160.0
1.0
2.0
1.0
5.0
5.0
217.0
5.0
72.0
19.0
3.0
1.0
3.0
117.0
3888.0
3.0
18.0
6.0
1.0
20.0
10.0
16.0
1.0
3.0
3.0
1.0
20.0
3.0
3.0
31.0
3.0
374.0
3.0
3255.0
2.0
2.0
2.0
730.0
1.0
977.0
13.0
2.0
75.0
20.0
3.0
8.0
1.0
13.0
3.0
116.0
841.0
2.0
2694.0
2.0
11.0
2066.0
3.0
27.0
881.0
3.0
1.0
1.0
1.0
3.0
3.0
1.0
6.0
1.0
1.0
4.0
2162.0
21.0
1.0
1.0
4.0
3.0
134.0
8.0
1.0
1.0
1.0
5.0
80.0
1.0
1.0
2.0
1.0
37.0
2.0
261.0
9.0
1.0
320.0
120.0
1.0
4.0
3.0
1.0
2.0
1.0
4.0
1.0
948.0
3.0
3.0
1.0
5.0
1.0
23.0
3.0
3.0
1.0
538.0
177.0
3.0
110.0
3.0
3.0
1.0
2.0
28.0
3.0
1.0
4.0
20.0
3.0
1.0
1.0
1.0
1.0
4.0
4.0
43.0
232.0
3.0
4546.0
651.0
24.0
936.0
10.0
1.0
68.0
8.0
2.0
18.0
43.0
5.0
1.0
219.0
1.0
36.0
2.0
20.0
3.0
1.0
75.0
110.0
2.0
9.0
2.0
4.0
3.0
237.0
1.0
327.0
1.0
495.0
3.0
1.0
20.0
6.0
1.0
1.0
24.0
3.0
24.0
3.0
3.0
3.0
327.0
1.0
6.0
4.0
15.0
4.0
1.0
1.0
2.0
96.0
83.0
5.0
1.0
9.0
4.0
343.0
11.0
3.0
3.0
3.0
38.0
18.0
91.0
1.0
13.0
68.0
34.0
9.0
3.0
1.0
7.0
1.0
1536.0
2.0
3.0
2.0
1345.0
8.0
1.0
5.0
5.0
14.0
296.0
69.0
8.0
1.0
8.0
1.0
3.0
3.0
1.0
5.0
3.0
12.0
1.0
4.0
2.0
4.0
453.0
1.0
1.0
8.0
1.0
6.0
7.0
1.0
8.0
4.0
67.0
11.0
3.0
1786.0
1.0
1.0
3.0
882.0
29.0
5.0
11.0
4.0
1.0
1.0
4.0
19.0
107.0
29.0
318.0
1.0
1790.0
18.0
25.0
4.0
3.0
3.0
9.0
1.0
1174.0
1.0
3.0
1473.0
2.0
2.0
5.0
9.0
2.0
1.0
3.0
1.0
3.0
2.0
6.0
22.0
4.0
1.0
18.0
3.0
7.0
1.0
12.0
3.0
837.0
3.0
1.0
1.0
467.0
6.0
4.0
125.0
2.0
1.0
3.0
6.0
1.0
2.0
1.0
4.0
11.0
44.0
1.0
2539.0
7.0
12.0
3.0
2405.0
8.0
1.0
4334.0
292.0
2.0
2.0
6.0
19.0
23.0
17.0
3.0
28.0
1.0
5.0
46.0
341.0
213.0
9.0
3.0
10.0
23.0
3.0
69.0
9.0
3.0
20.0
1.0
3.0
28.0
18.0
1.0
3.0
961.0
1.0
5.0
35.0
3.0
1.0
1.0
2.0
3.0
7.0
2.0
2.0
3.0
634.0
35.0
7.0
39.0
1.0
299.0
11.0
611.0
3.0
3.0
1.0
2.0
1.0
1.0
3.0
1.0
2.0
3.0
8.0
20.0
1.0
2452.0
231.0
1.0
1.0
26.0
3.0
14.0
158.0
313.0
5.0
2.0
70.0
2.0
3.0
3.0
1.0
3.0
2.0
1.0
6.0
4.0
24.0
65.0
3.0
3.0
3.0
1.0
4.0
87.0
65.0
3.0
3.0
19.0
3.0
1.0
3.0
2.0
1.0
3.0
3.0
3.0
4.0
317.0
313.0
12.0
75.0
3.0
75.0
202.0
3.0
3.0
51.0
12.0
1.0
1.0
1.0
3.0
2.0
13.0
26.0
3.0
1.0
1.0
14385.0
3.0
1.0
3.0
7.0
111.0
1.0
1.0
8.0
3.0
36.0
3.0
3.0
120.0
24.0
6.0
1.0
1.0
1.0
1.0
1.0
1.0
3.0
729.0
867.0
3.0
4.0
86.0
15.0
2.0
1.0
1.0
959.0
3.0
6.0
3.0
2.0
47.0
4.0
18.0
1.0
2.0
19.0
48.0
17.0
3.0
33.0
48.0
1.0
1.0
11.0
2.0
2.0
1.0
1.0
1.0
3580.0
510.0
1.0
207.0
2.0
1.0
457.0
6.0
401.0
2.0
658.0
4.0
596.0
1108.0
1.0
1.0
4.0
1.0
1.0
5.0
1.0
1.0
127.0
3.0
1.0
46.0
93.0
16.0
2.0
8.0
16.0
42.0
3.0
2.0
9.0
551.0
2.0
3.0
3.0
2.0
2.0
3.0
8.0
3.0
12.0
1.0
5.0
4.0
179.0
3.0
3.0
75.0
2.0
3.0
3.0
16.0
1.0
4.0
1.0
351.0
1.0
197.0
3.0
1.0
1.0
3.0
1.0
375.0
1.0
21.0
7.0
1.0
3.0
1.0
280.0
21.0
1.0
3.0
7.0
1.0
1.0
2.0
8.0
1.0
543.0
1.0
1.0
1.0
3.0
5.0
3.0
28.0
7.0
4.0
3.0
1.0
1.0
2.0
5.0
12.0
10.0
809.0
2.0
421.0
16.0
24.0
1841.0
3.0
8.0
1231.0
39.0
1.0
2.0
7.0
2.0
6.0
1.0
24.0
3.0
2.0
3.0
6.0
1.0
1475.0
1054.0
1.0
519.0
32.0
15.0
92.0
20.0
3.0
108.0
35.0
1.0
1.0
1.0
4.0
2.0
977.0
376.0
2.0
1.0
1.0
4.0
12.0
2.0
42.0
3.0
1.0
3.0
1.0
7.0
1881.0
15.0
1.0
1590.0
3.0
2.0
6.0
3.0
1.0
1.0
331.0
1.0
7.0
1.0
1.0
3.0
10.0
2.0
3.0
4.0
21.0
10.0
4.0
3.0
3.0
2285.0
3.0
19.0
208.0
961.0
5.0
2.0
10.0
1.0
421.0
1.0
4.0
3.0
1.0
5.0
6.0
6.0
3010.0
36.0
14.0
5.0
6.0
2.0
4148.0
3.0
1874.0
1.0
65.0
3.0
44.0
34.0
207.0
1.0
1.0
25.0
1.0
46.0
1.0
3.0
1.0
19.0
8.0
2080.0
1.0
1.0
1.0
1117.0
1.0
16.0
90.0
23.0
5.0
7.0
3.0
2.0
3.0
1.0
1.0
3.0
1.0
1.0
1.0
4.0
26.0
4.0
15.0
1.0
3.0
2.0
1.0
9.0
3.0
2435.0
3.0
43.0
1.0
3.0
24.0
6.0
1.0
3.0
2.0
3.0
145.0
4.0
3.0
6.0
3.0
5.0
1.0
24.0
1.0
1204.0
8.0
1.0
19.0
2.0
4.0
45.0
9.0
2.0
13.0
4.0
312.0
1.0
1.0
1.0
138.0
1.0
1.0
60.0
1.0
24.0
1.0
66.0
1.0
17.0
5.0
4.0
3.0
5.0
122.0
3.0
2.0
3.0
94.0
2.0
2.0
1.0
549.0
3.0
9.0
1.0
2.0
2.0
3.0
52.0
282.0
2.0
1.0
1.0
1950.0
5.0
3.0
1.0
2.0
1.0
11.0
1.0
1.0
5.0
5.0
4.0
1337.0
5.0
3.0
9.0
19.0
2.0
1.0
972.0
8.0
16.0
338.0
16.0
1.0
3.0
81.0
1.0
1.0
1.0
5.0
4.0
3.0
2.0
202.0
1.0
307.0
1.0
3.0
3.0
27.0
11.0
8.0
105.0
30040.0
460.0
5.0
3180.0
2.0
22.0
1.0
149.0
30.0
1.0
5.0
4.0
1.0
3.0
13.0
1.0
3.0
1.0
1.0
3578.0
1.0
3.0
1.0
1760.0
9.0
4.0
2.0
313.0
634.0
3.0
80.0
3.0
126.0
4.0
666.0
4445.0
398.0
20.0
7.0
2.0
33.0
2.0
65.0
1.0
9.0
3.0
2.0
2.0
14242.0
22.0
28.0
3.0
3.0
5.0
2.0
685.0
2635.0
4.0
1.0
3.0
1.0
2.0
3.0
2.0
5.0
3.0
11.0
1.0
6.0
14.0
1.0
1.0
1.0
1.0
18.0
22.0
1.0
6.0
3.0
1.0
1.0
1.0
2.0
857.0
5.0
1.0
1.0
1.0
3.0
172.0
3.0
28.0
2.0
3.0
1.0
131.0
3.0
8.0
1130.0
1.0
9.0
132.0
3.0
3.0
189.0
4.0
97.0
65.0
1.0
3.0
1018.0
3.0
444.0
3.0
129.0
27.0
3.0
10.0
7.0
1.0
2.0
3.0
2.0
1.0
216.0
869.0
352.0
1.0
49.0
3.0
6.0
48.0
74.0
16.0
5284.0
13.0
3.0
1.0
1.0
2.0
2.0
19.0
327.0
20.0
2.0
1.0
1.0
290.0
3.0
2.0
445.0
3.0
1.0
2.0
24.0
1.0
2.0
19.0
217.0
1.0
1.0
2.0
3.0
1.0
12.0
232.0
4.0
2.0
1.0
3.0
1.0
2.0
4.0
1018.0
13.0
3.0
9.0
1.0
313.0
128.0
123.0
1.0
1.0
8.0
16.0
1.0
1.0
985.0
25.0
1.0
3.0
374.0
1.0
546.0
1087.0
14175.0
3.0
1514.0
10.0
1.0
1.0
10.0
4.0
552.0
4281.0
3.0
7.0
1.0
67.0
28.0
5.0
4.0
4.0
1047.0
1.0
3.0
36.0
453.0
87.0
1.0
8.0
5.0
1.0
1.0
99.0
24.0
1.0
1.0
5045.0
1.0
3.0
43.0
1.0
4.0
2.0
138.0
21.0
1.0
22.0
177.0
75.0
1.0
1.0
11234.0
37.0
22.0
4.0
1.0
2.0
5862.0
230.0
9.0
1.0
26.0
8.0
3.0
1.0
42.0
15.0
27.0
1828.0
36.0
1.0
1.0
31.0
3.0
2.0
1.0
1.0
4.0
43.0
9.0
3.0
3.0
9.0
123.0
644.0
2.0
2.0
1.0
565.0
2.0
4.0
21.0
2148.0
1.0
28.0
1.0
9.0
1.0
1020.0
1.0
1.0
3.0
3.0
425.0
8.0
24.0
2.0
3.0
4.0
59.0
1.0
301.0
4.0
1.0
35.0
191.0
4.0
2.0
2.0
208.0
2.0
3.0
1.0
1.0
1.0
4.0
2.0
2.0
6.0
4.0
3.0
4.0
3.0
568.0
24.0
5.0
26.0
14.0
3.0
1.0
2382.0
6.0
93.0
2.0
1.0
5.0
43.0
25.0
3.0
1.0
11.0
3.0
1.0
1.0
1.0
3.0
3.0
11.0
4.0
21.0
1.0
37.0
5.0
2.0
22.0
1.0
1.0
1.0
3.0
1.0
42.0
34.0
44.0
1.0
1.0
1.0
1.0
1.0
2.0
7.0
1.0
2.0
1.0
4.0
43.0
1.0
13.0
116.0
3.0
35.0
3.0
3.0
4.0
1024.0
2.0
5.0
6.0
4.0
2.0
5.0
404.0
55.0
1.0
10.0
1.0
7.0
23.0
3.0
636.0
135.0
2.0
3.0
2.0
1.0
959.0
1.0
1.0
1.0
1.0
87.0
253.0
4.0
11.0
147.0
19.0
11.0
3.0
1.0
19.0
1.0
27.0
351.0
10001.0
2.0
1.0
4.0
1.0
14354.0
3.0
24.0
3.0
2.0
2.0
7.0
6.0
9.0
948.0
3.0
8.0
17.0
58.0
1018.0
4.0
408.0
105.0
3.0
2.0
1.0
3.0
1.0
3.0
3.0
12.0
1.0
3.0
2.0
1.0
36.0
1.0
9.0
3.0
61.0
3.0
6646.0
33.0
55.0
1.0
13.0
7.0
596.0
24.0
4.0
2.0
1.0
1.0
2.0
678.0
1.0
17.0
2.0
2.0
62.0
839.0
4.0
4.0
1.0
759.0
612.0
1.0
11.0
7.0
4.0
5.0
17.0
5.0
16.0
2.0
1.0
14.0
33.0
14.0
1.0
5.0
2.0
63.0
1.0
58.0
4.0
25.0
3.0
10.0
3.0
20.0
16.0
1.0
3.0
8.0
36.0
1.0
2.0
455.0
36.0
9.0
1.0
3.0
1.0
2.0
29.0
3943.0
13.0
3.0
1.0
1.0
4.0
1.0
16.0
4.0
3.0
26.0
3.0
1018.0
3.0
17.0
11.0
13.0
55.0
1.0
8.0
4.0
4.0
104.0
3.0
429.0
1.0
3.0
685.0
3.0
15.0
2.0
11.0
142.0
1.0
1.0
1500.0
546.0
4.0
3.0
164.0
191.0
10.0
446.0
4.0
3.0
11.0
5.0
19.0
3.0
3.0
11.0
17.0
39.0
1.0
157.0
2.0
241.0
19.0
1.0
2.0
1.0
3.0
4.0
2.0
1.0
12.0
3.0
3.0
1.0
614.0
5.0
3.0
1.0
1208.0
5.0
3.0
3.0
12.0
3.0
85.0
794.0
29.0
305.0
351.0
2.0
2.0
52.0
2.0
876.0
1.0
87.0
332.0
18.0
55.0
2.0
7.0
1.0
1.0
6.0
7.0
15.0
7997.0
2.0
1.0
19.0
16.0
1.0
1.0
154.0
2.0
1.0
2.0
3.0
1.0
1.0
152.0
6.0
2.0
4.0
1.0
144.0
3.0
14.0
1.0
3.0
123.0
132.0
7.0
1.0
3.0
351.0
3.0
10.0
16.0
2.0
4.0
2.0
1.0
13.0
39385.0
1.0
8.0
57.0
1225.0
54.0
2.0
2310.0
8.0
188.0
1083.0
2.0
45.0
3.0
21.0
3.0
1.0
23.0
514.0
7.0
18.0
1.0
1.0
1.0
3.0
152.0
10.0
1.0
11.0
1.0
1.0
1.0
1.0
8.0
1.0
1.0
17.0
44.0
1.0
1.0
2.0
12.0
4.0
47.0
11.0
7.0
3.0
8.0
10.0
2.0
252.0
23.0
8.0
3.0
3.0
22.0
2.0
1530.0
3.0
5.0
70.0
163.0
351.0
57.0
18.0
8.0
64.0
3.0
2.0
1.0
1002.0
796.0
2.0
4.0
5.0
54.0
1531.0
8.0
2.0
1.0
79.0
110.0
2.0
1225.0
3.0
2.0
2.0
1.0
248.0
3.0
351.0
9.0
2.0
1.0
29.0
1.0
1.0
638.0
24.0
9.0
1050.0
3.0
2.0
48.0
2.0
3698.0
11.0
3.0
3.0
667.0
72.0
3.0
1.0
15.0
8.0
1.0
269.0
4.0
1.0
7.0
3.0
1.0
245.0
3.0
1.0
4.0
2.0
6.0
51.0
8.0
121.0
6.0
6.0
1.0
175.0
1.0
4.0
980.0
9.0
1.0
9.0
1.0
5.0
42.0
2.0
24.0
2.0
4.0
7.0
80.0
342.0
1578.0
5.0
870.0
232.0
2.0
1078.0
4.0
346.0
11.0
1.0
3.0
2.0
596.0
1.0
2.0
7222.0
14.0
614.0
4.0
3.0
180.0
3.0
1.0
149.0
1.0
11.0
3.0
3.0
2.0
172.0
90.0
1.0
3.0
3.0
8.0
3.0
2.0
4.0
1.0
14.0
3.0
1.0
23.0
23.0
2.0
2.0
16.0
2.0
18.0
1.0
3.0
7.0
1.0
2.0
12.0
1.0
8.0
1930.0
2.0
32.0
10.0
10.0
65.0
5.0
1358.0
28.0
3.0
2.0
1.0
1.0
1034.0
278.0
2.0
8.0
1.0
3.0
3.0
1.0
2.0
2.0
538.0
3.0
1.0
24.0
77.0
2.0
1.0
2.0
3.0
118.0
2.0
3.0
3.0
18.0
4.0
55.0
3.0
1.0
1.0
3.0
1.0
3.0
16.0
104.0
1.0
24.0
18.0
1.0
10.0
2.0
1.0
3.0
1.0
1067.0
1.0
622.0
21.0
3.0
3.0
3.0
2.0
3.0
6.0
3.0
1.0
21.0
7.0
3.0
12.0
159.0
1.0
23.0
1.0
5.0
3.0
1.0
3.0
2.0
2.0
5.0
9.0
1.0
1.0
874.0
51.0
3.0
1.0
388.0
1.0
685.0
4949.0
7.0
2.0
1.0
1.0
277.0
35.0
1.0
5.0
6.0
13.0
3.0
3.0
893.0
1.0
779.0
776.0
271.0
4.0
3.0
1.0
55.0
66.0
34.0
2.0
2.0
1.0
333.0
17.0
3.0
2.0
1.0
23.0
23.0
46.0
3.0
30.0
4.0
458.0
46.0
67.0
2.0
3.0
1.0
1.0
7.0
2.0
3.0
17.0
3.0
47.0
1.0
2.0
1.0
200.0
1.0
5.0
9.0
2.0
3649.0
433.0
25.0
1911.0
3.0
1.0
5.0
11.0
1.0
24.0
31.0
4.0
45.0
1.0
4.0
872.0
3.0
17.0
1.0
33.0
85.0
38.0
3.0
2.0
1.0
1.0
3823.0
1.0
26.0
3239.0
8.0
1.0
3.0
9.0
2.0
45.0
3.0
3.0
12.0
55.0
1.0
1.0
3.0
126.0
10.0
1014.0
6.0
1.0
11.0
3.0
2.0
85.0
2.0
7.0
421.0
3.0
19.0
4.0
1.0
2082.0
232.0
3.0
2.0
1.0
74.0
1.0
31.0
3.0
1.0
36.0
1.0
1.0
4.0
13.0
571.0
55.0
6.0
44.0
1.0
1.0
87.0
19.0
17.0
4.0
15.0
13.0
69.0
2.0
3.0
1734.0
5.0
1.0
58.0
5.0
1.0
2.0
1.0
1.0
3.0
36.0
371.0
591.0
3.0
51.0
24.0
3.0
3.0
79.0
10.0
3.0
3.0
11.0
25.0
10.0
123.0
10.0
2.0
107.0
3.0
9.0
1018.0
80.0
15.0
1.0
347.0
1.0
3.0
1657.0
3.0
80.0
61.0
3.0
2.0
1.0
1.0
1.0
9.0
23.0
3.0
2.0
2.0
584.0
8.0
1888.0
1.0
10.0
696.0
2.0
1.0
3.0
61.0
562.0
3.0
1.0
3.0
17.0
126.0
37.0
1.0
53.0
1.0
2.0
1.0
2.0
24.0
2.0
2.0
1.0
2.0
12.0
7.0
6589.0
1.0
5.0
65.0
9.0
1078.0
3.0
4.0
8.0
3.0
11.0
121.0
3.0
1.0
26.0
130.0
8.0
3.0
1.0
5.0
13.0
3.0
3.0
3.0
12.0
1.0
1.0
3.0
3.0
2.0
2.0
2.0
4.0
2.0
7.0
3.0
2.0
1.0
29.0
170.0
1.0
1.0
22.0
3.0
2.0
30.0
113.0
3.0
1.0
3.0
3.0
1.0
55.0
3.0
2.0
16.0
18.0
3.0
2.0
2.0
583.0
2.0
9.0
45.0
17.0
2.0
1.0
1.0
3.0
1.0
1.0
1.0
10.0
3589.0
1.0
1.0
3.0
1782.0
5.0
3000.0
1.0
3.0
42.0
1.0
2.0
15.0
125.0
37.0
11.0
1.0
7.0
169.0
2.0
4.0
4.0
986.0
1.0
11.0
24.0
17.0
40.0
6.0
124.0
19.0
3.0
6.0
2.0
3.0
1.0
1656.0
1196.0
95.0
31.0
2.0
3.0
50.0
15.0
2.0
20.0
179.0
24.0
1.0
2.0
1.0
282.0
1.0
14.0
194.0
3.0
2.0
5.0
3.0
8.0
3.0
124.0
10.0
50.0
6670.0
1.0
20.0
10.0
95.0
2.0
553.0
3.0
2.0
3441.0
30.0
1.0
1.0
6.0
10.0
61.0
13.0
3.0
521.0
1238.0
2.0
1.0
23.0
912.0
3.0
4.0
1.0
1.0
18.0
157.0
2.0
10.0
1142.0
52.0
20.0
1663.0
279.0
948.0
3.0
19.0
1.0
2.0
103.0
1.0
1.0
3.0
2.0
2.0
7.0
58.0
86.0
1.0
2.0
2.0
1366.0
65.0
3.0
2.0
61.0
2.0
2.0
1.0
2.0
1.0
5.0
3.0
8.0
1.0
102.0
1.0
1870.0
1.0
1.0
1.0
7.0
3.0
1.0
2.0
1.0
1.0
4.0
1.0
66.0
28.0
2.0
1.0
4.0
289.0
11.0
3.0
1.0
4.0
8.0
50.0
3.0
101.0
2.0
3.0
366.0
87.0
33.0
15.0
5.0
1.0
2.0
242.0
43.0
1.0
1.0
172.0
1.0
1.0
19.0
4.0
313.0
3.0
3.0
45.0
6.0
52.0
136.0
342.0
86.0
7.0
1.0
191.0
1.0
7.0
1.0
2678.0
4.0
1.0
1.0
28.0
4.0
26.0
1.0
1527.0
7.0
1.0
3.0
1.0
9.0
1.0
3.0
7.0
8.0
1097.0
24.0
102.0
1.0
9.0
3.0
1693.0
2.0
2.0
9.0
1.0
1.0
1.0
1.0
65.0
9.0
3.0
1.0
5.0
7.0
1918.0
512.0
1.0
1314.0
28.0
22.0
6.0
1.0
4.0
31.0
7.0
6.0
2.0
3.0
3.0
1575.0
366.0
3.0
3.0
1560.0
8.0
12.0
55.0
2.0
11.0
3.0
24.0
1.0
2.0
3.0
1.0
3.0
2.0
37.0
9.0
1.0
53.0
2.0
3.0
3.0
276.0
1.0
9.0
1668.0
302.0
3.0
3.0
2.0
201.0
1.0
9.0
9.0
5.0
274.0
1.0
4.0
433.0
1.0
1.0
3.0
3.0
3.0
32.0
3.0
9.0
7.0
15.0
10.0
4.0
3.0
30.0
1.0
55.0
41.0
1.0
79.0
7.0
5.0
2434.0
65.0
3.0
19.0
8.0
1.0
1.0
4.0
1.0
11.0
1.0
1.0
3.0
70.0
5.0
1.0
40.0
5.0
1.0
106.0
2.0
155.0
1.0
2.0
1.0
350.0
58.0
1.0
834.0
48.0
1.0
27.0
95.0
4.0
1183.0
369.0
290.0
4.0
275.0
1.0
1.0
2.0
10.0
25.0
26.0
2.0
2.0
13.0
550.0
5.0
3.0
5.0
104.0
1.0
8.0
4.0
547.0
2.0
2.0
2.0
34.0
76.0
2.0
106.0
1.0
1.0
9.0
9.0
1.0
1.0
1.0
3.0
43.0
55.0
3.0
291.0
2.0
39.0
879.0
143.0
1.0
37.0
50.0
1784.0
1.0
942.0
20.0
26.0
5.0
3.0
4.0
1.0
1.0
344.0
351.0
3.0
75.0
1.0
7.0
63.0
7.0
3.0
237.0
22.0
3.0
5.0
452.0
4.0
2105.0
1.0
38.0
2.0
2.0
3.0
3.0
2.0
1.0
1.0
3.0
9.0
3.0
1.0
8046.0
220.0
1.0
17.0
4.0
255.0
14.0
14.0
67.0
24.0
9.0
1.0
92.0
3.0
3.0
282.0
1.0
5.0
239.0
8.0
3.0
19.0
2.0
1.0
2.0
3.0
1.0
1.0
1.0
1.0
1.0
65.0
27.0
237.0
388.0
59.0
17.0
42.0
1.0
10.0
7.0
1.0
1.0
1.0
1.0
3.0
1.0
1.0
6.0
1.0
613.0
22.0
2.0
2.0
289.0
106.0
266.0
4391.0
489.0
1.0
3.0
1.0
1.0
1.0
3.0
16.0
2.0
9.0
3.0
1.0
3.0
2.0
5.0
9.0
3.0
9.0
1.0
2008.0
69.0
4.0
6.0
6.0
31.0
8.0
212.0
1.0
1.0
119.0
2.0
3.0
1.0
1.0
81.0
19.0
1.0
13.0
712.0
327.0
195.0
8.0
666.0
1.0
1.0
69.0
1.0
1.0
3.0
6.0
1.0
1.0
5.0
1.0
9.0
1.0
8.0
1753.0
186.0
1.0
1.0
3.0
3.0
34.0
71.0
11.0
3.0
3.0
3.0
210.0
3.0
5.0
7.0
3.0
1018.0
1.0
12.0
3.0
1.0
9.0
7.0
2.0
19.0
2.0
1.0
7.0
1.0
4.0
3.0
7.0
1.0
3.0
2.0
11.0
6.0
1.0
3.0
1.0
7.0
1.0
1.0
1.0
3.0
1.0
1.0
1.0
2.0
3.0
1.0
128.0
1.0
22247.0
1.0
84.0
3.0
2.0
1.0
3.0
15.0
402.0
53.0
2.0
2308.0
1.0
4785.0
2.0
85.0
1.0
3.0
3.0
15.0
1.0
48.0
961.0
1.0
68.0
12.0
9.0
1.0
1.0
1.0
13.0
3.0
1.0
1332.0
2.0
166.0
100.0
3.0
3.0
2.0
8.0
19.0
3.0
2.0
133.0
1.0
3.0
1.0
8.0
1.0
2.0
35.0
2.0
3.0
1.0
12.0
1.0
1296.0
14.0
351.0
1.0
1.0
2.0
4.0
3.0
98.0
5.0
6.0
1.0
3.0
1.0
152.0
1.0
1.0
413.0
2.0
622.0
3.0
1.0
1.0
1.0
5.0
15.0
42.0
886.0
16.0
16.0
3.0
1.0
1.0
1.0
1.0
65.0
1899.0
1.0
864.0
39.0
9.0
1.0
3.0
3.0
1.0
18.0
6.0
117.0
7.0
8.0
3.0
3.0
4.0
94.0
1.0
23.0
3.0
47.0
3.0
3.0
156.0
31.0
1.0
2.0
18.0
1.0
1.0
3.0
1022.0
1.0
19.0
1.0
3.0
3.0
24.0
2.0
3.0
369.0
1.0
1.0
8.0
17.0
2.0
2.0
2.0
25.0
2.0
65.0
38.0
9.0
1.0
1.0
3.0
3377.0
4.0
1.0
3.0
1.0
3.0
17.0
1.0
1.0
2.0
32.0
871.0
10.0
5.0
5194.0
66.0
1.0
1.0
8.0
2.0
3.0
6.0
48.0
52.0
2.0
16.0
17.0
2.0
5.0
3203.0
2.0
2.0
2.0
871.0
2.0
66.0
3.0
3.0
1.0
28.0
1734.0
17165.0
41.0
1.0
491.0
5.0
3.0
5.0
7.0
83.0
2.0
7.0
3.0
1.0
3.0
36.0
2.0
1.0
523.0
3.0
1.0
69.0
40.0
195.0
3.0
1956.0
19.0
1.0
110.0
265.0
2.0
122.0
4.0
101.0
1.0
5.0
1.0
3.0
3.0
1985.0
2.0
7.0
4.0
9.0
1.0
1246.0
53.0
4.0
161.0
104.0
142.0
145.0
696.0
863.0
74.0
1.0
43.0
19.0
1.0
1.0
3.0
85.0
2.0
3.0
2.0
1.0
24.0
1.0
1439.0
17.0
4.0
84.0
4.0
1.0
2.0
2.0
1.0
351.0
11.0
3.0
243.0
5.0
1.0
3.0
2.0
622.0
795.0
596.0
12.0
2.0
1.0
3.0
1.0
5.0
3.0
3.0
1018.0
53.0
773.0
17.0
24.0
1.0
1.0
1.0
21.0
1.0
5.0
33.0
16.0
4.0
4.0
17.0
7.0
5.0
14.0
1.0
32.0
109.0
1.0
1.0
217.0
3.0
101.0
1.0
315.0
7.0
28.0
635.0
3.0
1.0
3.0
3.0
3.0
2.0
1.0
434.0
287.0
1.0
129.0
3.0
3.0
165.0
1.0
3.0
9.0
70.0
157.0
1.0
1.0
1.0
21.0
686.0
3.0
3000.0
112.0
1.0
296.0
4.0
2.0
5.0
2.0
10.0
94.0
1.0
1.0
5.0
1.0
2.0
974.0
4.0
3.0
635.0
140.0
5.0
5.0
4.0
51.0
13.0
2.0
3.0
3.0
154206.0
648.0
1.0
1.0
1.0
3.0
1.0
32.0
2.0
3.0
3.0
4.0
6.0
2123.0
2.0
1.0
1.0
1.0
17.0
1.0
3.0
4.0
225.0
3.0
50.0
2.0
4.0
4.0
1.0
1339.0
1.0
1.0
5670.0
1.0
22.0
11.0
1.0
18.0
4.0
23.0
2.0
1.0
443.0
103.0
1.0
1700.0
1.0
13.0
1.0
1.0
17.0
1.0
8.0
1.0
115.0
6025.0
1.0
3.0
80.0
11996.0
948.0
1.0
1.0
9.0
4.0
10.0
128.0
6.0
3.0
19.0
10.0
1194.0
92.0
850.0
1.0
1.0
2683.0
3.0
369.0
1.0
42.0
5443.0
14.0
17.0
15.0
19.0
1.0
275.0
7.0
3.0
1610.0
17.0
3.0
6.0
10.0
852.0
58.0
15.0
123.0
1.0
3.0
457.0
292.0
25.0
27.0
3.0
9.0
454.0
51.0
15.0
5.0
493.0
6.0
1.0
2.0
282.0
251.0
3.0
4.0
5.0
50.0
19917.0
2.0
1.0
1.0
25.0
3.0
8.0
1.0
4.0
1.0
2.0
3.0
3.0
2.0
165.0
6.0
1.0
1.0
1.0
535.0
1.0
2.0
7714.0
2.0
3.0
12.0
10.0
1.0
288.0
1.0
22.0
2.0
1.0
1.0
1.0
393.0
6.0
6.0
3.0
4.0
4.0
50.0
1.0
2.0
4.0
15.0
136.0
709.0
14.0
3.0
5.0
6.0
2.0
4.0
6.0
2.0
5.0
2.0
1.0
613.0
331.0
17.0
13.0
15.0
3.0
117.0
5.0
3.0
3.0
2.0
1.0
40.0
4.0
3.0
3.0
1.0
3.0
1.0
5.0
60.0
1.0
3.0
2.0
1.0
4.0
1.0
49.0
1.0
333.0
1.0
549.0
1.0
11.0
954.0
1.0
4.0
2.0
3.0
37.0
3.0
3.0
1.0
8.0
2.0
108.0
5.0
2.0
1.0
8.0
1.0
102.0
667.0
2.0
4.0
457.0
21.0
1.0
5.0
83362.0
395.0
457.0
5.0
8.0
1.0
2.0
6.0
1.0
29.0
3.0
273.0
7.0
1.0
3.0
7940.0
3.0
2.0
115.0
7941.0
1.0
1.0
28.0
55.0
4.0
2.0
420.0
1.0
1.0
10.0
4.0
3.0
1.0
6.0
3.0
5.0
64.0
3.0
4.0
3.0
1.0
5.0
3.0
3.0
18.0
3.0
4.0
36.0
179.0
55.0
1.0
10.0
1.0
1.0
1.0
69.0
6.0
1.0
69.0
1.0
16.0
6.0
58.0
2185.0
3.0
3.0
2.0
3.0
1.0
49.0
2.0
1.0
3.0
26.0
1.0
52.0
253.0
1.0
1.0
3.0
1.0
24.0
28.0
2.0
15.0
8.0
10.0
1.0
116.0
69.0
105.0
2.0
71.0
27.0
5.0
474.0
33.0
74.0
1.0
95.0
9.0
1.0
172.0
1.0
1398.0
1294.0
117.0
1.0
1.0
1.0
3.0
379.0
1.0
11.0
536.0
3.0
1.0
3.0
292.0
1.0
2.0
317.0
591.0
12.0
1.0
1522.0
14.0
46.0
3.0
7.0
2.0
1.0
2.0
1.0
12.0
58.0
1.0
4.0
41.0
9.0
5.0
58.0
4.0
37.0
3.0
282.0
1.0
95.0
3.0
1.0
15.0
5.0
69.0
6.0
4.0
1386.0
4.0
870.0
342.0
1308.0
2.0
614.0
1.0
4.0
1.0
1.0
3.0
1.0
2.0
7.0
3.0
3.0
1.0
62.0
16.0
3.0
24.0
2.0
8.0
2.0
1.0
1.0
2.0
3.0
1.0
3.0
1.0
19.0
1.0
2.0
1.0
3.0
67.0
1.0
2.0
2.0
5.0
9.0
3.0
8.0
71.0
8.0
6.0
565.0
1.0
98.0
70.0
3.0
59.0
56.0
2121.0
1.0
1.0
49.0
961.0
557.0
9.0
4.0
8.0
1.0
1.0
3.0
3.0
3.0
17.0
4.0
3.0
9.0
1.0
114.0
1117.0
2.0
2593.0
12.0
55.0
117.0
46.0
2.0
1.0
2.0
64.0
1577.0
3.0
12.0
2.0
17.0
1.0
2474.0
1.0
1429.0
3.0
73.0
2.0
1.0
3.0
8.0
1.0
7.0
32.0
144.0
182.0
11.0
29.0
8.0
11074.0
1.0
6.0
3.0
1.0
1.0
9.0
288.0
74.0
2.0
1201.0
1.0
375.0
4.0
2.0
3.0
64.0
2.0
19.0
441.0
186.0
52.0
1.0
1.0
2.0
3.0
70.0
1.0
169.0
9.0
2774.0
1.0
558.0
1.0
463.0
6.0
8.0
37.0
2.0
2.0
3.0
3.0
1.0
1.0
3.0
5562.0
1494.0
1.0
5.0
4.0
55.0
29.0
97.0
3.0
19.0
2346.0
5.0
879.0
126.0
35.0
731.0
1.0
9.0
3.0
2.0
73.0
169.0
596.0
7.0
10.0
1.0
9.0
4118.0
3.0
14.0
1.0
51.0
1.0
7780.0
38.0
5.0
3.0
14.0
1.0
13.0
1.0
218.0
13.0
4.0
33.0
2.0
2.0
5.0
1.0
10.0
1.0
88.0
3.0
66.0
6.0
55.0
1.0
3.0
269.0
28.0
7.0
349.0
272.0
45.0
1.0
42.0
3.0
1.0
3.0
23.0
9.0
600.0
2.0
4.0
208.0
4.0
1.0
2010.0
1.0
46.0
98.0
24.0
2.0
35.0
3.0
772.0
2.0
5.0
2.0
1.0
5.0
15.0
3.0
10.0
3.0
2440.0
6.0
4.0
1190.0
3.0
3.0
12.0
5.0
5.0
5.0
109.0
3.0
2.0
18.0
3.0
5.0
16.0
1.0
30.0
34.0
25.0
243.0
1.0
1.0
12.0
5.0
10.0
21.0
24.0
1.0
1.0
4.0
234.0
386.0
3.0
37.0
10.0
1.0
336.0
1.0
2.0
3015.0
407.0
1.0
5.0
342.0
3044.0
49.0
5.0
117.0
4.0
6.0
426.0
1.0
1.0
3.0
1.0
890.0
1.0
24.0
9.0
6.0
412.0
3.0
148.0
1.0
1.0
1.0
457.0
4.0
1.0
4.0
1.0
2.0
13.0
23.0
75.0
1.0
2.0
1.0
2.0
1.0
152.0
1.0
3.0
12.0
181.0
3.0
8.0
1003.0
2.0
1.0
4.0
1.0
2.0
1.0
11.0
22.0
1.0
2.0
2.0
3.0
3.0
1.0
3.0
65.0
1399.0
4.0
1.0
3.0
1.0
1.0
4.0
4348.0
1.0
1.0
3.0
9.0
5.0
14385.0
4.0
1.0
1.0
1075.0
3.0
43.0
4.0
1.0
3.0
1.0
1.0
3.0
1.0
23.0
25.0
1312.0
1.0
2.0
1.0
1.0
3.0
1.0
4.0
3.0
42.0
1.0
1.0
3.0
1.0
10.0
2.0
1.0
55.0
1670.0
43.0
3.0
1.0
1.0
7.0
17.0
1.0
152.0
1.0
3.0
1.0
1.0
1.0
3.0
24.0
2753.0
3.0
4.0
59.0
1.0
2.0
1.0
1.0
1415.0
3.0
177.0
17.0
3.0
189.0
14.0
1.0
24.0
2.0
9.0
3.0
3.0
1.0
1.0
6.0
1401.0
1.0
11066.0
2.0
1.0
282.0
3.0
1.0
167.0
90.0
3.0
7.0
199.0
1.0
416.0
1.0
2815.0
686.0
2.0
4.0
1.0
4.0
3.0
1.0
246.0
2.0
157.0
2.0
1.0
4.0
1.0
220.0
1.0
2.0
7.0
1206.0
9.0
5.0
1.0
2.0
3.0
178.0
127.0
4.0
1.0
1.0
39.0
1.0
24.0
76.0
1.0
4.0
1026.0
4.0
1.0
24.0
3.0
3.0
5.0
8.0
130.0
22.0
1.0
242.0
282.0
10.0
2.0
2.0
1027.0
1.0
437.0
101.0
1.0
99.0
1.0
3.0
5.0
3.0
100.0
16.0
47.0
3.0
1111.0
3.0
11.0
4.0
3.0
10.0
2.0
3.0
342.0
77.0
3.0
3.0
4.0
7.0
1.0
1.0
2.0
1.0
16.0
2.0
3.0
797.0
694.0
1.0
1.0
1.0
82.0
164.0
2.0
3.0
3.0
16.0
432.0
2.0
281.0
123.0
2.0
3.0
1.0
1.0
102.0
1.0
45.0
351.0
3.0
2.0
60.0
1.0
3.0
2.0
6.0
3.0
79.0
1.0
282.0
3.0
1.0
5.0
1.0
8.0
1.0
31.0
133.0
2.0
4144.0
17.0
1.0
1.0
1.0
1.0
69.0
1.0
4.0
3.0
34.0
1.0
3.0
1.0
3.0
608.0
1.0
1148.0
3.0
10.0
3.0
10.0
4.0
24.0
1.0
4.0
8.0
4.0
1.0
19.0
8.0
3.0
43.0
4.0
3.0
3.0
7.0
220.0
1.0
434.0
1.0
13818.0
19.0
27302.0
3.0
1.0
29.0
1.0
50.0
1.0
3.0
4.0
1.0
2.0
1.0
12298.0
43.0
2.0
3.0
3.0
655.0
1.0
172.0
38.0
370.0
34.0
2.0
3.0
3.0
68.0
1.0
351.0
1.0
31.0
104.0
1.0
1.0
1.0
3.0
1.0
1042.0
2.0
15.0
6.0
12.0
19.0
1.0
1.0
3.0
3.0
282.0
1.0
26.0
5127.0
23.0
1.0
3.0
292.0
1026.0
1.0
3.0
1.0
1.0
172.0
2.0
1.0
351.0
1.0
3.0
1.0
26.0
4.0
11.0
8.0
3.0
1.0
282.0
1.0
3.0
34.0
5.0
2.0
1.0
61.0
111.0
1.0
3.0
1.0
566.0
10.0
1.0
13.0
65.0
2.0
2.0
4.0
1.0
3.0
1.0
1.0
2.0
343.0
1446.0
1385.0
11.0
13.0
3.0
6746.0
180.0
1.0
21.0
3.0
1.0
1.0
4.0
1.0
61.0
1.0
8.0
3.0
2.0
14.0
16.0
68.0
3.0
1.0
8.0
2.0
34.0
5.0
1.0
1.0
5.0
1.0
1.0
4.0
2.0
5.0
3.0
9.0
16.0
1.0
29.0
6.0
6.0
2.0
176.0
1.0
492.0
3.0
3.0
8.0
1.0
1500.0
1.0
30.0
1.0
1.0
3000.0
1.0
13.0
42229.0
39.0
104.0
3.0
1.0
1.0
3.0
5.0
3.0
40.0
3.0
1.0
2.0
7.0
11.0
20.0
2.0
52.0
7.0
3.0
615.0
3.0
3.0
2.0
24.0
3.0
1.0
11.0
3.0
3.0
1.0
2.0
6.0
1.0
18.0
1.0
1.0
1.0
1.0
9.0
1.0
31.0
7192.0
1.0
4.0
644.0
7.0
7.0
1.0
5.0
12.0
1.0
2.0
457.0
3.0
478.0
1.0
9987.0
27.0
3.0
1.0
60.0
1317.0
1.0
1.0
3.0
3.0
2.0
2.0
25.0
5.0
8.0
27.0
3.0
418.0
2.0
389.0
22.0
3.0
14.0
4.0
102.0
21.0
195.0
4.0
1.0
2.0
4.0
1.0
3.0
32.0
1.0
562.0
24.0
277.0
27.0
1.0
1.0
1.0
1.0
3.0
50.0
138.0
56.0
1.0
66.0
1.0
2.0
4.0
1.0
6.0
3.0
9.0
10.0
3.0
3.0
3.0
3.0
1.0
3.0
118.0
3.0
449.0
1.0
1.0
3305.0
1.0
1231.0
3.0
1.0
59.0
26.0
1.0
125.0
2.0
7.0
3.0
1.0
2.0
1.0
3.0
6.0
24.0
871.0
1.0
2.0
117.0
1.0
380.0
85.0
1.0
52.0
29.0
5.0
1.0
767.0
30.0
64.0
10.0
1.0
140.0
2.0
29.0
3.0
1.0
7.0
1.0
2.0
1.0
1.0
1.0
3.0
3.0
1.0
7.0
5.0
67.0
1.0
3.0
1.0
1.0
6.0
1.0
1.0
6.0
1.0
1.0
3022.0
20.0
1.0
2578.0
5.0
280.0
1.0
1.0
296.0
1.0
1.0
3.0
4.0
160.0
19.0
71.0
1.0
1.0
3.0
6.0
66.0
1.0
8.0
9.0
1.0
1.0
95.0
1.0
3.0
3.0
367.0
75.0
1.0
5.0
3.0
299.0
1.0
5.0
7.0
2.0
506.0
4.0
1.0
1.0
1.0
10.0
350.0
90.0
31.0
1.0
992.0
1.0
1.0
2.0
19.0
116.0
10.0
1.0
507.0
1.0
25.0
1.0
1.0
1.0
1.0
4.0
2.0
1.0
2.0
2.0
3.0
5.0
2.0
12.0
1.0
2.0
3.0
1.0
3.0
55.0
8.0
1.0
3.0
20.0
34.0
96.0
3.0
91.0
1.0
1.0
8.0
1.0
808.0
3.0
3.0
452.0
3.0
3.0
325.0
6.0
25.0
3.0
3.0
2.0
2.0
2.0
1.0
2.0
2.0
1.0
1.0
1.0
12.0
1.0
1526.0
9.0
1.0
65.0
14.0
104.0
22.0
23.0
77.0
3.0
3.0
1616.0
6.0
1.0
13.0
1.0
80.0
60.0
1018.0
2.0
1.0
132.0
119.0
7.0
36.0
3.0
1.0
9.0
987.0
1.0
1.0
72.0
15.0
3.0
1.0
283.0
2.0
1.0
3.0
3.0
9.0
4.0
1.0
3.0
1018.0
3.0
1.0
5.0
1.0
1.0
121.0
17.0
1663.0
1.0
3.0
1179.0
179.0
1.0
2.0
292.0
10.0
6.0
367.0
2.0
4.0
1.0
232.0
491.0
2.0
2.0
23.0
4.0
25.0
3.0
282.0
31.0
2.0
19.0
1.0
5.0
3.0
31.0
3.0
1.0
1.0
886.0
2.0
282.0
1.0
15.0
252.0
3.0
5.0
5.0
1.0
129.0
40.0
1.0
1.0
16.0
43.0
1.0
2.0
7.0
293.0
1.0
3.0
2.0
224.0
1.0
3.0
2.0
3.0
23.0
1.0
729.0
1.0
133.0
2.0
114.0
2.0
3.0
3.0
3.0
1.0
13.0
34.0
48.0
11.0
3.0
9.0
279.0
1.0
1.0
3.0
3.0
20.0
21.0
565.0
2.0
7.0
421.0
1.0
3620.0
46.0
7.0
6.0
10.0
549.0
1.0
1.0
1.0
338.0
1.0
5.0
8.0
113.0
1424.0
1.0
1.0
5.0
75.0
2.0
1.0
1.0
1.0
1212.0
3.0
1.0
3.0
1.0
6.0
1.0
1.0
1.0
3.0
16.0
1.0
3.0
3.0
2.0
3.0
2.0
292.0
19590.0
1.0
4.0
7.0
3.0
1354.0
3.0
3.0
2.0
204.0
16.0
233.0
298.0
3.0
425.0
1.0
2.0
1.0
575.0
180.0
19.0
1.0
1.0
12.0
3.0
1.0
1.0
878.0
102.0
24.0
13000.0
9.0
292.0
1.0
1.0
7893.0
685.0
45.0
13603.0
53.0
7.0
90.0
1.0
8.0
7.0
3.0
24.0
140.0
25.0
1.0
1.0
3.0
3.0
64.0
371.0
1.0
90.0
1.0
4.0
24.0
24.0
5.0
7.0
1.0
14.0
1.0
1.0
2.0
998.0
1.0
16.0
814.0
478.0
18.0
657.0
60.0
2.0
40.0
1.0
1.0
1.0
4.0
282.0
75.0
1.0
59.0
41.0
1.0
4.0
1.0
211.0
1.0
80.0
27.0
6.0
1.0
1.0
8.0
22.0
1121.0
1.0
62.0
3.0
88.0
4.0
3.0
1.0
20.0
8.0
49.0
1.0
4.0
75.0
18.0
3.0
70.0
24.0
104.0
1.0
379.0
998.0
5.0
32.0
69.0
3.0
3.0
2.0
1.0
18.0
1.0
3.0
1.0
4.0
3.0
3.0
35.0
17.0
1.0
1.0
29.0
14913.0
17.0
1155.0
1.0
580.0
1.0
1.0
15.0
3.0
10.0
3.0
66.0
79.0
2.0
786.0
3.0
3.0
1.0
1.0
1.0
18.0
10.0
4.0
5.0
3.0
2.0
1.0
34.0
34.0
83.0
1.0
14.0
1.0
824.0
5.0
3.0
2.0
21.0
1.0
58.0
112.0
17.0
120.0
4.0
1.0
1746.0
1668.0
14.0
549.0
3.0
1218.0
2.0
1.0
3.0
4.0
2.0
2.0
4.0
1.0
16.0
5.0
24.0
1.0
39.0
4.0
1.0
24.0
400.0
3.0
1421.0
5.0
42.0
2.0
1816.0
45.0
1.0
3.0
3.0
101.0
89.0
3.0
15.0
3.0
3.0
1767.0
1.0
5.0
3.0
2.0
9.0
2.0
3.0
2.0
3.0
17.0
3.0
2.0
11.0
3.0
2.0
1.0
3.0
9.0
287.0
3.0
16.0
3.0
11.0
112.0
458.0
8.0
254.0
4.0
8.0
44.0
1.0
2.0
1036.0
1.0
282.0
1.0
2.0
3.0
126.0
2.0
36.0
34.0
2.0
1.0
3.0
98.0
1159.0
283.0
73.0
94.0
1.0
310.0
52.0
102.0
10.0
3.0
24.0
7.0
2.0
33.0
5508.0
1.0
4.0
3.0
3.0
19.0
629.0
3.0
128.0
25.0
5725.0
2.0
3.0
1.0
2.0
112.0
614.0
712.0
49.0
6.0
3.0
1.0
2.0
4.0
943.0
2.0
10.0
2.0
3864.0
59.0
107.0
8.0
3.0
124.0
3.0
3.0
3.0
1.0
1.0
1.0
3.0
3.0
1.0
1.0
3.0
1631.0
7.0
7.0
1.0
226.0
3.0
10.0
4.0
78.0
2.0
24.0
3.0
14.0
6.0
1.0
9.0
4.0
13.0
1.0
3.0
160.0
3.0
4.0
6.0
1.0
2.0
26.0
1314.0
24.0
7.0
1018.0
3.0
3.0
2.0
1.0
2.0
3.0
17.0
440.0
282.0
1.0
3.0
1.0
1.0
3.0
1.0
11.0
43.0
2.0
4.0
2.0
3.0
257.0
3.0
2.0
696.0
1.0
40.0
2.0
4.0
1.0
4.0
3.0
9.0
1.0
3.0
75.0
1.0
1.0
3119.0
1.0
2.0
1.0
489.0
1.0
22.0
1.0
40.0
245.0
4.0
1.0
3.0
1.0
12.0
15.0
63.0
156.0
296.0
1.0
252.0
1.0
2.0
118.0
4.0
384.0
18.0
763.0
2.0
29.0
1.0
30.0
406.0
8.0
1.0
2.0
1.0
1.0
86.0
5457.0
3.0
3.0
436.0
1.0
11.0
1018.0
1.0
1.0
8.0
33.0
378.0
1.0
25.0
1.0
1.0
1.0
3.0
9.0
3.0
5.0
12.0
19.0
1425.0
288.0
24.0
2.0
28.0
3.0
3.0
1.0
1.0
1.0
2.0
682.0
8.0
3.0
3.0
32.0
14.0
3.0
668.0
1.0
1.0
622.0
961.0
3.0
2.0
22.0
619.0
1.0
2.0
1.0
8.0
6.0
17.0
1.0
1.0
8.0
3.0
3.0
4.0
987.0
2.0
2.0
33.0
27.0
2.0
1.0
1.0
84.0
25.0
911.0
1.0
3.0
1.0
1.0
13.0
2.0
9.0
143.0
1.0
569.0
3.0
663.0
3.0
1.0
9.0
1.0
3.0
1401.0
444.0
3.0
61.0
3.0
9.0
2.0
2.0
27.0
3.0
167.0
697.0
1.0
60.0
1.0
19.0
2.0
9.0
4.0
1.0
2.0
406.0
8.0
1.0
476.0
110.0
8.0
8.0
1.0
8.0
11.0
8.0
6.0
4.0
3.0
7.0
3.0
9.0
9.0
28.0
3.0
8.0
1.0
27.0
20.0
7.0
1.0
17.0
5.0
4.0
608.0
1.0
351.0
3.0
1801.0
24.0
4.0
1.0
1230.0
3.0
1.0
4.0
10.0
9.0
1.0
3.0
423.0
16.0
1.0
1.0
3.0
1.0
31.0
3.0
2.0
284.0
1.0
2.0
14.0
3.0
6.0
6.0
5.0
3.0
174.0
1.0
11.0
6.0
2168.0
351.0
56.0
2.0
93.0
1.0
1.0
1.0
1.0
3.0
17.0
3.0
1.0
3.0
1.0
19.0
3.0
17.0
1.0
11.0
3.0
338.0
3.0
1.0
370.0
2.0
6.0
25.0
3.0
2.0
1.0
2.0
3.0
1.0
6.0
1.0
1.0
3.0
3.0
2206.0
23.0
1.0
35.0
1.0
1.0
3.0
23.0
9.0
8.0
1.0
207.0
1.0
1.0
2.0
44.0
417.0
114.0
1.0
7.0
1.0
64.0
2.0
64.0
126.0
37.0
4.0
66.0
3.0
1.0
2.0
2.0
713.0
6.0
8.0
9.0
800.0
3.0
19.0
1530.0
1.0
9.0
2.0
555.0
1.0
47.0
24.0
1.0
3.0
9.0
4.0
1.0
3.0
1.0
1.0
13.0
1.0
5.0
1.0
372.0
421.0
154.0
519.0
2.0
5.0
148.0
1.0
3.0
1.0
1.0
358.0
1.0
14.0
34.0
3.0
905.0
3.0
3.0
4867.0
2.0
3.0
21.0
3.0
3.0
4.0
7.0
1.0
743.0
212.0
1.0
3.0
24.0
110.0
84.0
2.0
1.0
6.0
1034.0
4.0
1229.0
3.0
1.0
42.0
1.0
46.0
3.0
1.0
1.0
12.0
3.0
269.0
1.0
10450.0
39.0
1.0
1.0
4.0
1.0
3.0
6.0
4.0
421.0
3.0
4.0
1.0
48.0
3.0
1.0
4.0
23.0
2.0
20.0
4.0
1.0
1.0
2.0
80.0
246.0
111.0
42.0
270.0
1.0
36.0
19.0
2.0
331.0
4.0
2.0
9.0
3.0
3.0
3.0
18.0
13.0
55.0
14.0
1003.0
7.0
2.0
1.0
610.0
4.0
7952.0
1.0
3.0
119.0
23.0
140.0
1.0
1.0
11.0
1.0
1.0
1.0
8.0
17.0
2.0
59.0
3.0
2.0
1.0
6.0
2.0
27.0
4.0
1.0
2.0
10.0
6.0
14.0
3.0
1.0
435.0
3.0
55.0
1.0
21.0
318.0
255.0
263.0
7.0
2.0
34.0
915.0
41.0
3.0
1.0
3.0
16.0
3.0
4.0
1.0
3.0
596.0
7.0
19.0
3.0
721.0
2.0
81.0
41.0
3.0
1.0
2.0
3.0
1.0
9.0
1.0
14385.0
2.0
2.0
3.0
8.0
3.0
1.0
6.0
939.0
1.0
5.0
10.0
1.0
2.0
3.0
6.0
1.0
62.0
3.0
1.0
1396.0
25.0
2.0
468.0
1.0
927.0
36.0
8.0
46.0
1.0
2.0
4.0
1.0
9725.0
195.0
1.0
8.0
102.0
302.0
1.0
100.0
3.0
1.0
1416.0
1.0
1.0
83.0
3.0
24.0
3.0
2.0
15.0
3.0
1.0
1051.0
3.0
1166.0
51.0
1.0
67.0
1.0
1.0
8.0
3.0
1.0
3.0
1.0
1.0
1.0
1.0
3.0
38.0
16.0
47.0
1.0
1.0
5.0
8.0
69.0
4.0
1.0
27.0
1.0
9.0
1.0
97.0
1.0
69.0
28.0
1.0
1.0
3.0
1.0
45.0
1046.0
1.0
3.0
2.0
4.0
3.0
55.0
3.0
73.0
2310.0
1029.0
3.0
1.0
46.0
4.0
22.0
1.0
11.0
4.0
2.0
26.0
779.0
689.0
3.0
623.0
1.0
1.0
2.0
108.0
2.0
129.0
102.0
66.0
772.0
130.0
1.0
270.0
1.0
8.0
64.0
4.0
9.0
10.0
1.0
1.0
2.0
65.0
14.0
1.0
30.0
11874.0
64.0
3.0
1.0
11.0
24.0
157.0
3.0
1.0
316.0
94.0
4.0
40.0
1479.0
1.0
18.0
16.0
1.0
2566.0
1.0
1.0
2.0
1.0
3.0
1.0
2.0
1.0
2815.0
1.0
149.0
188.0
1.0
31.0
1.0
4520.0
1.0
102.0
5.0
24.0
801.0
24.0
34.0
11.0
678.0
6.0
654.0
2.0
3.0
1.0
1382.0
10.0
1.0
16.0
368.0
31.0
94.0
5.0
88.0
10202.0
2.0
1.0
3.0
1281.0
12.0
31.0
32.0
1.0
1.0
1.0
1.0
1.0
16.0
1.0
950.0
1.0
3.0
1.0
20.0
10.0
2841.0
3.0
2.0
2.0
8.0
1.0
1.0
4.0
18.0
1.0
1.0
4.0
15.0
18.0
1.0
172.0
1183.0
46.0
3.0
637.0
16.0
624.0
14.0
220.0
614.0
1.0
3.0
1.0
5.0
1.0
20.0
1009.0
7.0
9.0
1.0
23.0
295.0
1.0
3.0
1.0
4.0
1.0
1.0
1.0
1.0
3.0
906.0
3.0
1.0
11.0
3.0
7.0
3.0
1.0
255.0
3.0
1.0
13.0
3.0
1256.0
2.0
17.0
1.0
9.0
3.0
10.0
79.0
22.0
1.0
1.0
1.0
77.0
7.0
1.0
58.0
1.0
218.0
10.0
32.0
5.0
6.0
1.0
478.0
1.0
1.0
1.0
2.0
3.0
1.0
1.0
1.0
3.0
109.0
1.0
3.0
1.0
1.0
1.0
7.0
6.0
1.0
3.0
14.0
1.0
3551.0
3.0
3.0
1.0
1.0
43.0
9.0
13.0
645.0
68.0
3.0
1.0
3.0
1.0
14.0
12.0
3.0
3.0
1.0
2.0
38.0
4.0
257.0
1.0
10.0
9.0
16.0
3.0
1.0
8.0
201.0
6.0
44.0
288.0
15.0
4.0
1.0
74.0
1.0
944.0
3.0
27.0
8.0
1.0
7.0
73.0
1.0
51.0
2.0
167.0
1.0
1.0
3.0
3.0
1.0
338.0
3.0
10.0
2.0
3.0
1.0
3.0
4.0
1.0
3.0
2.0
1069.0
3.0
15.0
1351.0
1.0
8.0
246.0
4.0
8.0
3.0
3.0
1.0
1.0
37.0
3.0
6.0
3.0
3.0
1.0
177.0
210.0
23.0
14.0
7.0
1.0
282.0
882.0
241.0
1.0
715.0
1269.0
30.0
424.0
5.0
1.0
1.0
4951.0
2440.0
24.0
9.0
3.0
4.0
8.0
598.0
1.0
596.0
2.0
3.0
7.0
9.0
1.0
1.0
78.0
1.0
86.0
1.0
5.0
1.0
217.0
2110.0
586.0
2.0
816.0
14.0
1.0
15.0
24.0
52.0
8.0
126.0
1.0
1.0
1.0
3.0
19.0
2.0
1.0
1.0
1.0
2.0
3.0
61.0
1.0
427.0
1297.0
2.0
2.0
17.0
10.0
12.0
1707.0
3.0
2.0
2.0
9.0
4.0
15.0
1.0
3.0
2.0
9.0
35.0
3.0
781.0
1.0
8.0
4.0
314.0
111.0
296.0
22.0
3.0
3.0
2819.0
1.0
3.0
3.0
3.0
19.0
31.0
1.0
1877.0
4.0
21.0
6.0
97.0
1.0
1.0
2.0
121.0
216.0
3.0
705.0
44.0
1.0
1.0
1.0
5.0
23.0
1.0
5.0
7.0
5.0
11.0
269.0
4.0
3.0
1.0
90.0
1.0
1.0
21.0
17.0
1.0
1.0
1.0
3.0
1.0
1.0
889.0
1.0
2.0
3.0
2.0
1.0
1506.0
1.0
3.0
837.0
51.0
1.0
1.0
17.0
7.0
1.0
3.0
4.0
655.0
40.0
3.0
1.0
22.0
25.0
29.0
2.0
356.0
3.0
1.0
3.0
47.0
3.0
1.0
3.0
185.0
6.0
6.0
1.0
2.0
21.0
17.0
8.0
1.0
3.0
1.0
12.0
2.0
1.0
336.0
1301.0
418.0
6.0
1.0
2257.0
166.0
69.0
562.0
3.0
3.0
1.0
7.0
304.0
3.0
302.0
483.0
46.0
1.0
601.0
1.0
121.0
8.0
1.0
567.0
15.0
1130.0
6.0
1.0
10.0
3.0
7.0
2.0
2.0
5.0
736.0
3.0
1.0
4.0
1.0
1372.0
8.0
10.0
1310.0
1.0
3.0
1.0
1.0
116.0
1.0
10.0
33.0
1.0
6.0
7.0
2.0
1.0
9.0
4854.0
69.0
200.0
32.0
2.0
1.0
6.0
7.0
3.0
6.0
5.0
11.0
1.0
1.0
9.0
19.0
2.0
1018.0
3.0
1.0
22.0
5.0
1.0
3319.0
1.0
1537.0
2.0
3.0
162.0
6.0
1.0
3.0
1.0
3.0
3.0
1.0
704.0
1.0
1.0
2.0
4.0
166.0
2.0
1928.0
1.0
1.0
14.0
11.0
1.0
3.0
3.0
15.0
1.0
535.0
1.0
3.0
3.0
6.0
1.0
45.0
84938.0
6.0
9.0
1.0
2.0
24.0
1.0
3.0
2.0
3.0
2.0
1.0
3.0
3.0
1.0
20.0
7.0
4.0
218.0
1245.0
137.0
1.0
1.0
6.0
19.0
1183.0
8.0
3.0
1.0
3.0
40.0
19.0
1.0
2.0
2.0
3.0
5.0
690.0
4.0
2.0
189.0
1.0
5.0
1030.0
3.0
5.0
3.0
4.0
1.0
649.0
1.0
441.0
1.0
248.0
14385.0
1453.0
20.0
1.0
7.0
799.0
3.0
535.0
9.0
2.0
245.0
1.0
1.0
30.0
3.0
4.0
3.0
889.0
6.0
3.0
1.0
1.0
524.0
19.0
4.0
164.0
8.0
723.0
1866.0
3.0
2.0
5.0
1.0
16.0
3.0
1.0
9.0
12.0
705.0
2.0
1.0
1.0
2.0
82.0
2.0
50.0
5.0
6.0
3.0
24.0
3.0
1.0
53.0
1.0
3.0
1.0
1.0
6.0
3.0
4.0
124.0
69.0
57.0
1.0
37.0
102.0
1.0
4.0
3.0
167.0
3.0
2.0
737.0
15.0
10.0
9.0
94.0
151.0
1.0
8.0
1.0
57.0
313.0
2.0
1.0
1.0
10.0
41.0
1.0
2448.0
1.0
63.0
2.0
4.0
3.0
29.0
1.0
311.0
1.0
42.0
15.0
2.0
25.0
323.0
10.0
17.0
1.0
3.0
8.0
23.0
4.0
1.0
3.0
216.0
54.0
1.0
1.0
3.0
967.0
7.0
3.0
5008.0
97.0
193.0
23.0
3.0
1.0
3.0
1.0
9.0
541.0
4.0
7.0
2.0
34.0
2.0
2.0
1.0
21.0
10.0
47.0
1.0
1.0
127.0
2.0
1.0
674.0
10.0
1018.0
1.0
170.0
19.0
7.0
5.0
12.0
3.0
1.0
7.0
3.0
3.0
2.0
1.0
2.0
737.0
3.0
24.0
1.0
1237.0
1.0
3.0
3.0
1.0
1.0
3.0
346.0
2.0
1.0
1.0
55.0
1.0
4.0
2.0
3.0
152.0
1.0
5.0
178.0
141.0
3.0
1.0
10.0
1.0
1.0
3.0
74.0
1.0
2.0
2093.0
565.0
3.0
7.0
198.0
3.0
6.0
5.0
74.0
3.0
308.0
3.0
102.0
2.0
1.0
52.0
1.0
105.0
1.0
3.0
1.0
7.0
157.0
6.0
3.0
1.0
87.0
596.0
47.0
348.0
1.0
3.0
3240.0
1.0
2.0
9.0
8.0
132.0
1.0
48.0
60.0
3.0
2.0
1.0
1.0
1.0
101.0
3.0
596.0
1.0
26.0
166.0
1.0
123.0
351.0
3.0
5797.0
3369.0
13.0
3.0
9.0
134.0
338.0
25.0
9.0
991.0
1.0
3739.0
1.0
178.0
287.0
8.0
1622.0
3.0
2.0
2667.0
7826.0
4.0
65.0
5.0
1.0
3.0
1.0
130.0
1.0
1.0
21.0
25.0
2.0
526.0
13.0
3823.0
1.0
86.0
9.0
2.0
3.0
4.0
737.0
1.0
3.0
1.0
4.0
1.0
36.0
3.0
3238.0
4.0
248.0
3.0
3.0
1310.0
9.0
3.0
3.0
3.0
3.0
7.0
7.0
2.0
1.0
1.0
1992.0
1.0
721.0
24.0
1.0
14.0
1.0
1.0
599.0
4.0
2.0
2.0
1.0
19.0
918.0
3.0
1.0
89.0
5.0
2.0
1.0
7.0
8.0
1.0
908.0
477.0
1.0
672.0
3.0
3.0
3.0
2228.0
3.0
596.0
2.0
3.0
10214.0
3.0
195.0
98.0
2.0
1.0
37.0
3.0
1.0
372.0
7.0
15.0
2.0
41.0
2.0
137.0
36.0
6.0
11.0
3.0
34.0
278.0
3.0
4.0
218.0
1.0
1.0
71.0
1.0
20.0
1.0
36.0
977.0
19.0
3.0
9.0
1.0
3.0
2.0
3.0
2.0
22.0
1.0
351.0
3.0
33.0
4.0
1.0
18.0
366.0
4.0
10.0
57.0
385.0
107.0
36.0
4.0
701.0
1.0
3.0
20.0
4.0
1.0
1.0
3.0
2.0
1.0
1.0
2.0
306.0
747.0
3.0
18.0
733.0
1.0
1.0
11.0
1.0
7.0
3.0
2.0
3.0
260.0
3.0
1.0
5.0
39.0
1.0
108.0
164.0
15.0
20.0
2.0
2.0
3.0
1.0
4.0
1.0
10.0
3.0
2.0
1225.0
50.0
371.0
144.0
36.0
2.0
3.0
1.0
2.0
29.0
8.0
3.0
13.0
1047.0
17.0
2.0
15.0
4.0
197.0
37.0
1.0
3.0
4.0
3.0
1.0
6168.0
108.0
431.0
6.0
175.0
3.0
2.0
9.0
75.0
26.0
1.0
16.0
3.0
3.0
90.0
3.0
19.0
1.0
12.0
1201.0
5.0
2.0
1.0
3.0
2.0
3.0
3.0
1.0
63.0
1.0
1.0
5.0
1.0
1.0
1.0
1.0
1.0
2.0
7.0
6.0
1.0
3.0
3.0
966.0
2.0
3.0
30.0
73.0
288.0
30.0
12.0
3.0
107.0
3.0
1.0
25.0
1793.0
1.0
3.0
2.0
5.0
16.0
3.0
41.0
1.0
1.0
13.0
1.0
1.0
51.0
35.0
1.0
3.0
1.0
1.0
1.0
2.0
8.0
13.0
3.0
5.0
3.0
398.0
17.0
2.0
6600.0
1.0
3.0
17.0
1.0
1.0
1.0
1.0
56.0
2.0
41.0
1.0
2.0
24.0
74.0
2.0
1.0
3.0
3.0
108.0
2.0
4.0
2.0
23.0
9.0
3.0
3.0
159.0
2.0
3.0
1.0
1.0
1.0
1.0
5.0
1.0
163.0
53.0
3.0
2.0
1.0
60.0
714.0
6.0
11.0
5.0
1.0
241.0
13.0
4.0
568.0
3.0
82.0
34.0
1.0
1.0
4.0
42.0
130.0
1.0
1.0
13.0
3.0
1.0
58.0
3.0
837.0
4.0
6.0
2.0
19.0
3.0
2.0
1.0
1.0
990.0
1.0
1.0
70.0
3.0
25.0
1.0
73.0
3.0
59.0
292.0
5.0
3.0
46.0
2491.0
67.0
11083.0
1.0
11.0
34.0
5.0
2.0
3.0
168.0
4.0
3.0
3.0
2.0
2.0
4.0
17.0
4.0
2.0
7.0
18.0
1.0
1.0
3.0
3.0
1.0
5.0
4.0
1.0
3.0
1.0
1.0
2.0
20.0
22.0
6.0
3.0
3.0
27.0
3.0
1.0
4.0
9.0
76.0
75.0
839.0
1655.0
55.0
2.0
9.0
5.0
1.0
2.0
3.0
317.0
3.0
200.0
3.0
9.0
1.0
19.0
4.0
1.0
1.0
3.0
1.0
8.0
1.0
11.0
1.0
5.0
1.0
2.0
71.0
2.0
1.0
1.0
60.0
11.0
238.0
1.0
84.0
2.0
3.0
2612.0
11.0
82.0
1.0
3.0
2.0
3.0
9.0
905.0
1.0
3.0
4.0
1.0
1.0
5.0
1.0
4.0
9.0
32.0
60.0
2.0
48.0
1.0
1.0
97.0
2.0
1.0
14.0
1.0
70.0
7.0
1.0
3.0
5.0
2.0
1.0
3.0
1.0
3.0
3.0
23.0
2072.0
39.0
1.0
14385.0
896.0
172.0
3.0
9.0
138.0
110.0
400.0
129.0
31.0
4.0
9.0
6.0
1.0
4.0
274.0
3.0
14.0
1500.0
48.0
2.0
461.0
214.0
1.0
3.0
1.0
1.0
313.0
402.0
2.0
1.0
5.0
3.0
3.0
3.0
12.0
3.0
3.0
8.0
321.0
404.0
2.0
3.0
24.0
1.0
9.0
3.0
3.0
3.0
1.0
17.0
4.0
1.0
1.0
34.0
1.0
1.0
3.0
5.0
9.0
68.0
17.0
18.0
2.0
1.0
1.0
3.0
3167.0
3.0
2.0
3.0
3.0
3.0
72.0
1.0
3.0
47.0
16.0
8.0
1.0
3.0
5943.0
2.0
5.0
1.0
59.0
3.0
4.0
3.0
2.0
100.0
1.0
1.0
2.0
6159.0
5.0
14.0
1.0
3.0
2.0
102.0
3.0
5.0
1.0
1.0
1.0
3.0
14.0
3.0
1.0
5.0
1341.0
14.0
3.0
19.0
867.0
4890.0
132.0
351.0
1.0
35.0
8.0
4.0
2.0
584.0
1.0
3.0
2.0
11.0
3.0
2.0
6.0
5.0
28.0
4.0
19.0
152.0
2.0
2.0
2.0
1.0
63.0
2404.0
244.0
172.0
664.0
64.0
1.0
22.0
556.0
1.0
8.0
1.0
3.0
1.0
46.0
457.0
1619.0
753.0
162.0
9.0
386.0
64.0
552.0
4.0
2.0
1.0
1544.0
1.0
42.0
3.0
9.0
29.0
84.0
2.0
1.0
2.0
1.0
7.0
898.0
3.0
64.0
3.0
24.0
515.0
3.0
15.0
351.0
282.0
730.0
1.0
3.0
1.0
2.0
4.0
1.0
7.0
47.0
8.0
1.0
1.0
101.0
737.0
2.0
5.0
8.0
103.0
18.0
2.0
1.0
2.0
3.0
1.0
34.0
154.0
1.0
1.0
3.0
394.0
102.0
23.0
51.0
2.0
2.0
3.0
37.0
15.0
1.0
3.0
202.0
1.0
268.0
1944.0
1.0
1.0
13.0
1.0
273.0
9.0
1.0
1339.0
80.0
100.0
1.0
98.0
3.0
2.0
29.0
1.0
103.0
887.0
2.0
3.0
1.0
5.0
24.0
1.0
8.0
1.0
35.0
89.0
8.0
3.0
3.0
3.0
212.0
1.0
16.0
2.0
55.0
1.0
1.0
1.0
9.0
2.0
406.0
1.0
260.0
8.0
1.0
8.0
7.0
22.0
33.0
39.0
3.0
3.0
1.0
1.0
1.0
1.0
3.0
34.0
5.0
3.0
73.0
15.0
1.0
951.0
1.0
69.0
6.0
29.0
388.0
8.0
116.0
104.0
3.0
33.0
5.0
176.0
13.0
3.0
1.0
3768.0
290.0
240.0
1272.0
1.0
7.0
3.0
1.0
5.0
14.0
44.0
1.0
157.0
24.0
2.0
3.0
4.0
5.0
2.0
1.0
40.0
4.0
16.0
1.0
1.0
534.0
12.0
6541.0
11.0
1.0
2.0
2.0
3.0
1.0
19.0
3.0
1.0
14.0
9.0
3.0
1.0
2.0
24.0
5.0
1.0
806.0
3.0
1.0
1.0
1.0
6.0
3.0
1.0
2.0
2.0
1.0
212.0
1.0
1.0
377.0
23.0
15.0
1.0
521.0
2.0
2.0
70.0
3.0
7.0
14.0
19.0
8.0
3271.0
114.0
30.0
1.0
4.0
3.0
241.0
4.0
1.0
5.0
9.0
3.0
5.0
111.0
32.0
1.0
94.0
1.0
1.0
192.0
2.0
2.0
6.0
1.0
6.0
1.0
3.0
110.0
2.0
1.0
3.0
1.0
114.0
22.0
24.0
5.0
132.0
48.0
2.0
1.0
1.0
24.0
18.0
3.0
7.0
1.0
3.0
3.0
1.0
1.0
942.0
3.0
2.0
14.0
154.0
3.0
3.0
3.0
2.0
21.0
55.0
2.0
10.0
260.0
15.0
2.0
9.0
4.0
1.0
4.0
3.0
25.0
13.0
5.0
9.0
10.0
7.0
4.0
106.0
1.0
42.0
7.0
31.0
3.0
1.0
798.0
8.0
2.0
3.0
5.0
1.0
329.0
1.0
4.0
351.0
3.0
1.0
1.0
1.0
9.0
4.0
89.0
6646.0
2.0
3.0
1.0
2.0
605.0
98.0
53.0
1.0
4.0
73.0
38.0
1.0
66.0
13.0
2.0
1.0
5242.0
1.0
3.0
19.0
6.0
4.0
1.0
1.0
4.0
1.0
1.0
1.0
13999.0
1.0
3.0
3.0
75.0
1.0
1.0
1.0
1.0
260.0
2.0
1.0
1735.0
591.0
4.0
3.0
2.0
41.0
89.0
5.0
168.0
5.0
5.0
2.0
1.0
4.0
54.0
8.0
33.0
3.0
3.0
288.0
1932.0
3.0
4.0
1.0
90.0
3.0
3.0
1.0
1183.0
102.0
1.0
15.0
3.0
3.0
2.0
24.0
43.0
10.0
116.0
13.0
1.0
1.0
1.0
9.0
3.0
3.0
6.0
2.0
90.0
75.0
3.0
3.0
143.0
1.0
3.0
3059.0
1.0
1.0
19.0
14.0
52.0
500.0
1148.0
30.0
3.0
3.0
5.0
2.0
5.0
1.0
4.0
111.0
1.0
4.0
2.0
1.0
1.0
8.0
1.0
18.0
3.0
63.0
4.0
1674.0
8.0
1027.0
1.0
2.0
1.0
1.0
270.0
3.0
8.0
2.0
17.0
28.0
1.0
2.0
1.0
138.0
2.0
25.0
1.0
3.0
3168.0
3.0
46.0
27.0
1.0
1.0
406.0
2.0
2.0
3.0
3.0
3.0
16.0
1.0
29.0
34.0
101.0
4.0
1.0
3.0
6.0
2.0
2.0
745.0
3.0
78.0
571.0
34.0
1.0
677.0
9.0
3.0
3.0
3.0
2.0
9.0
1.0
3.0
63.0
12.0
358.0
4.0
74.0
1.0
1.0
3.0
5.0
1.0
1.0
177.0
2.0
10.0
17.0
24.0
470.0
1.0
1.0
24.0
2.0
95.0
311.0
1.0
4.0
12.0
2.0
10.0
3.0
200.0
84.0
1.0
1.0
3.0
3.0
1.0
420.0
100.0
97.0
3.0
4.0
4.0
1.0
23.0
9.0
1.0
8.0
3.0
4.0
76.0
2.0
3.0
3.0
3.0
2.0
6.0
1.0
9.0
7.0
2.0
5.0
5.0
122.0
2.0
1.0
180.0
8.0
1.0
24.0
20.0
3.0
230.0
19.0
25.0
1.0
3.0
16.0
61.0
50.0
963.0
15.0
1.0
3.0
5.0
11.0
3.0
1.0
1.0
24.0
36.0
4.0
1.0
3.0
1.0
3.0
4803.0
13.0
4.0
25.0
637.0
69.0
1.0
20.0
6.0
3.0
32.0
9.0
163.0
3.0
1.0
3.0
6.0
3.0
24.0
765.0
9.0
6.0
3.0
9.0
1.0
779.0
1.0
360.0
2.0
16.0
11.0
4.0
3.0
3.0
5.0
1.0
240.0
1158.0
10.0
31.0
3.0
12.0
12.0
50.0
15.0
1.0
1.0
3.0
2.0
8.0
2.0
1.0
99.0
1.0
114.0
3.0
3.0
3198.0
9.0
2.0
14.0
1.0
2.0
457.0
2.0
54.0
8.0
11.0
1.0
24.0
23.0
4.0
2.0
1.0
1.0
1.0
43.0
1.0
10.0
6.0
3.0
2.0
1.0
76.0
371.0
2.0
11.0
293.0
1.0
69.0
1.0
1.0
3.0
3.0
109.0
1.0
164.0
5.0
1512.0
31.0
1.0
11.0
1764.0
1.0
1.0
16.0
1.0
2.0
116.0
1.0
844.0
1.0
8.0
1.0
1.0
2.0
32.0
5.0
9.0
3.0
3.0
102.0
3.0
9.0
1.0
2.0
2.0
1.0
51.0
3.0
1.0
5.0
3.0
2.0
2.0
1435.0
79.0
52.0
3.0
3.0
1.0
1.0
41.0
14.0
1.0
548.0
5.0
3.0
1.0
3.0
1.0
2.0
1.0
1.0
6.0
1.0
35.0
2.0
3.0
87.0
4.0
1.0
1.0
3.0
1486.0
11.0
932.0
49.0
399.0
1.0
6.0
6.0
3.0
2.0
20.0
1.0
2.0
214.0
1.0
328.0
1.0
3.0
3.0
6.0
2.0
2.0
3.0
1.0
8503.0
3.0
11.0
1.0
115.0
1.0
1.0
5.0
30.0
14.0
51.0
19.0
342.0
1.0
2.0
10778.0
6.0
221.0
10.0
4.0
6.0
66.0
3.0
1.0
3.0
1.0
3.0
3.0
1.0
2.0
4.0
1179.0
5.0
1.0
238.0
9.0
8.0
1.0
3.0
1.0
566.0
2.0
24.0
64.0
13609.0
1.0
16.0
53.0
4557.0
309.0
2.0
7.0
3.0
4.0
1.0
8.0
337.0
3.0
1.0
18.0
1.0
6.0
1.0
1505.0
81.0
2.0
60.0
3943.0
384.0
15.0
3.0
2.0
157.0
17.0
1.0
3.0
72.0
151.0
3.0
2.0
4.0
2.0
17.0
6.0
335.0
6.0
16.0
3.0
4.0
1.0
3.0
97.0
19.0
20.0
18.0
3.0
1.0
1.0
288.0
3.0
13.0
11.0
1.0
912.0
72.0
670.0
12.0
3.0
407.0
3.0
1.0
11.0
2.0
14.0
8.0
1.0
1.0
162.0
57.0
105.0
4.0
33.0
428.0
1.0
4.0
5.0
1293.0
4.0
1.0
1.0
2.0
23.0
2.0
10.0
3.0
1.0
3.0
1.0
1.0
2.0
1.0
69.0
135.0
1.0
150.0
2.0
939.0
72.0
3.0
227.0
1.0
3.0
2.0
9.0
1473.0
11.0
3.0
5.0
2.0
7.0
3.0
3.0
1.0
1.0
1.0
30.0
3.0
14.0
10.0
13.0
3.0
1.0
13.0
1.0
2.0
31.0
45.0
3.0
535.0
3.0
2.0
2.0
2259.0
1.0
1.0
2.0
3.0
778.0
9.0
3.0
814.0
3.0
8.0
769.0
3.0
2.0
4.0
79.0
8.0
1.0
3.0
2.0
1782.0
1.0
11.0
3.0
178.0
11.0
809.0
3.0
8667.0
3.0
28.0
1.0
11.0
9.0
19.0
5.0
1.0
18.0
1.0
2.0
1.0
28.0
7.0
14.0
1.0
2.0
4.0
2.0
25.0
1.0
7844.0
75.0
3.0
29.0
4.0
1.0
35.0
17.0
2.0
2.0
556.0
2.0
22.0
3.0
7.0
2.0
1.0
1.0
1.0
3.0
2.0
7.0
4.0
1041.0
1.0
1.0
3.0
4.0
1.0
3.0
4.0
1.0
24.0
3.0
955.0
11.0
1.0
1.0
9.0
3.0
1555.0
3.0
1.0
12778.0
1.0
75.0
1.0
1.0
382.0
1.0
80.0
1.0
1.0
24.0
32.0
2.0
10.0
2.0
3.0
7.0
3480.0
1.0
24.0
2.0
1.0
7.0
10.0
130.0
3.0
18.0
3.0
1.0
2.0
96.0
1.0
1379.0
81.0
15.0
4.0
1.0
2.0
1942.0
7.0
1.0
901.0
296.0
3.0
9.0
1.0
3.0
1.0
3.0
3.0
1.0
3.0
65.0
105.0
1147.0
3.0
9.0
3.0
2.0
5.0
1.0
1.0
1.0
6.0
2.0
1.0
911.0
9.0
2.0
1.0
1.0
3.0
3.0
8.0
24.0
8.0
8.0
4.0
69.0
1338.0
203.0
427.0
3.0
17.0
1.0
9.0
382.0
1.0
10.0
4.0
219.0
1.0
7.0
1.0
117.0
1.0
1.0
2.0
5.0
8.0
1.0
375.0
1018.0
9.0
8.0
504.0
75.0
12.0
1.0
175.0
4.0
52.0
1.0
205.0
80.0
1.0
133.0
3.0
1707.0
28.0
1.0
4.0
593.0
2.0
535.0
351.0
1.0
3.0
4.0
2.0
1.0
27.0
141.0
3.0
4324.0
303.0
113.0
10.0
1.0
2.0
279.0
24.0
2.0
1.0
3.0
8.0
31.0
3.0
10.0
166.0
9.0
2754.0
3.0
20.0
8.0
3275.0
56.0
2.0
1.0
3.0
1.0
719.0
27.0
1.0
2.0
2.0
1.0
3.0
1.0
5.0
940.0
21.0
25.0
3.0
4.0
2.0
3.0
288.0
3.0
1.0
2.0
3.0
2.0
1.0
3.0
1.0
2.0
4.0
4.0
1.0
4.0
3.0
17.0
1166.0
1.0
1.0
30.0
3.0
3.0
1.0
4.0
4.0
3.0
3.0
3.0
1.0
89.0
103.0
3.0
282.0
4.0
1.0
1.0
1.0
3.0
565.0
1.0
1.0
2616.0
9.0
5673.0
14.0
1.0
1.0
8.0
75.0
9.0
2132.0
33.0
42.0
1.0
230.0
2.0
4.0
5.0
313.0
2.0
8.0
3.0
5.0
8.0
1.0
17.0
2354.0
3.0
3.0
1.0
2.0
1.0
3.0
4279.0
8.0
1.0
2.0
1.0
421.0
3.0
1.0
4.0
8.0
8.0
2.0
6.0
4.0
3.0
1.0
283.0
3.0
3.0
14.0
3.0
4.0
8.0
5.0
1.0
2.0
1.0
1.0
2.0
1.0
1.0
19.0
1.0
1.0
4.0
66.0
2.0
38.0
696.0
1111.0
9.0
1.0
728.0
7.0
1.0
1.0
59.0
1.0
107.0
2.0
613.0
1.0
4.0
19.0
8.0
481.0
3.0
3.0
94.0
24.0
1.0
3.0
50.0
1.0
3.0
5.0
1390.0
1.0
3.0
10.0
1038.0
3.0
1.0
1.0
3.0
3.0
1.0
51.0
2.0
167.0
4.0
1.0
7.0
476.0
80.0
1.0
1.0
395.0
1.0
8.0
470.0
1.0
5.0
23.0
3.0
915.0
1.0
19.0
3.0
47.0
6.0
1.0
16.0
17.0
2.0
4.0
350.0
1.0
38.0
588.0
717.0
3.0
2.0
1.0
1.0
86.0
5.0
546.0
2.0
757.0
19.0
49.0
4.0
1.0
1.0
1.0
2.0
1.0
1.0
2.0
3.0
1595.0
145.0
3.0
5.0
5.0
2.0
1.0
1.0
86.0
1.0
1.0
3.0
1417.0
25.0
1.0
1.0
2.0
20.0
566.0
595.0
3.0
3.0
305.0
449.0
3.0
19.0
370.0
431.0
1.0
21.0
70.0
3.0
338.0
1.0
13.0
59.0
1.0
961.0
7.0
1.0
1.0
1.0
2.0
452.0
5.0
3.0
4.0
3.0
21.0
1.0
414.0
11.0
2632.0
1.0
1.0
149.0
1.0
7.0
2.0
1.0
1246.0
1.0
8.0
19.0
1294.0
232.0
261.0
1.0
19.0
3.0
9.0
6.0
23.0
1.0
1.0
2.0
3.0
12.0
3.0
4.0
1.0
2406.0
8.0
12.0
1.0
6.0
3.0
1.0
5.0
6.0
55.0
172.0
7.0
2.0
14385.0
2.0
3.0
1329.0
24341.0
3.0
4.0
12.0
1183.0
24.0
3.0
3.0
89.0
3.0
169.0
134.0
42.0
25.0
24.0
1.0
1.0
12.0
4.0
728.0
1.0
4.0
3.0
3.0
76.0
1.0
1.0
2.0
6.0
389.0
5.0
4.0
95.0
3.0
10.0
2678.0
2.0
91.0
8.0
12.0
1.0
1.0
404.0
5.0
1.0
1.0
1.0
11.0
6.0
32.0
268.0
59.0
1.0
1.0
18.0
1.0
3.0
2.0
102.0
313.0
1.0
2.0
1.0
3.0
275.0
33.0
1.0
63.0
1.0
161.0
1.0
18.0
23.0
1.0
1.0
3.0
1.0
4.0
2.0
1.0
63.0
1.0
1.0
2.0
5.0
1022.0
2.0
1.0
1.0
2.0
12.0
65.0
4.0
2.0
1.0
308.0
2.0
27.0
3.0
14.0
1.0
1.0
16.0
3040.0
31.0
1524.0
1.0
3.0
718.0
2622.0
236.0
1.0
4.0
58.0
50.0
3.0
1326.0
18.0
3.0
5.0
1.0
52.0
1.0
7.0
3.0
6.0
76.0
3.0
73.0
5.0
9.0
1.0
1.0
2.0
32.0
1.0
2.0
1.0
1.0
10.0
1.0
3.0
1.0
4.0
141.0
15.0
5.0
24.0
1.0
134.0
1.0
1.0
3.0
1.0
3.0
1.0
3.0
3.0
7.0
51.0
2.0
3.0
27.0
1.0
68.0
1225.0
530.0
3.0
6965.0
40.0
282.0
1266.0
8.0
1.0
1.0
33.0
16.0
1.0
23.0
55.0
697.0
1.0
9.0
1087.0
107.0
7.0
4.0
4.0
3.0
1.0
2.0
767.0
103.0
1.0
58.0
4.0
51.0
1.0
574.0
1.0
1.0
2.0
3.0
35.0
1.0
3.0
5959.0
3.0
3.0
72.0
2188.0
44.0
11.0
1.0
3.0
5.0
2.0
16.0
20.0
1.0
1.0
56.0
6.0
3.0
90.0
4.0
3.0
2.0
554.0
3.0
3.0
1.0
1.0
27.0
54.0
23.0
572.0
9.0
5.0
1.0
1388.0
1.0
9.0
130.0
65.0
2.0
1.0
43.0
3.0
2.0
20.0
7.0
472.0
596.0
26.0
3.0
5.0
14.0
1.0
2.0
5.0
1521.0
1796.0
1.0
1.0
2.0
23.0
8.0
3453.0
1.0
1.0
1.0
1.0
1.0
3.0
2.0
33.0
187.0
8.0
1.0
58.0
960.0
1.0
4.0
1.0
17.0
1018.0
1.0
3.0
1.0
3.0
3.0
6.0
1.0
20.0
8.0
2.0
1.0
3.0
3.0
654.0
1.0
82.0
1.0
1.0
5.0
3.0
3.0
1.0
1.0
7.0
10.0
1.0
576.0
3.0
6.0
7.0
1.0
2.0
29.0
2.0
4.0
1.0
27.0
3.0
1.0
7.0
3.0
19.0
4.0
87.0
3.0
21.0
30.0
27.0
18.0
3.0
4.0
1.0
8.0
1.0
1.0
130.0
1.0
3.0
13.0
1.0
2.0
1.0
292.0
1.0
4.0
282.0
10.0
4.0
22.0
24.0
3.0
91.0
1.0
1.0
103.0
2.0
8.0
3.0
2.0
4.0
1.0
2.0
11.0
6.0
1.0
2.0
1.0
2.0
5.0
1.0
19.0
30.0
1.0
1.0
2.0
1.0
1.0
26.0
87.0
5.0
1.0
3.0
1.0
1.0
352.0
1.0
4.0
2.0
1.0
5.0
149.0
1.0
2.0
7.0
8.0
13.0
3.0
11.0
137.0
5.0
1.0
33.0
1.0
13872.0
1.0
3.0
1.0
1.0
3.0
1.0
320.0
1.0
19.0
370.0
5.0
2.0
3.0
1062.0
115.0
3.0
3.0
4.0
6695.0
231.0
1.0
4.0
42.0
11.0
4.0
1.0
1001.0
9.0
1.0
203.0
1.0
3.0
9.0
9.0
33.0
14385.0
1.0
41.0
351.0
1.0
314.0
31.0
4.0
3.0
1.0
2778.0
1.0
149.0
1.0
1412.0
1.0
55.0
55.0
4.0
4.0
8.0
3.0
6.0
95.0
6.0
25.0
5.0
7893.0
404.0
1.0
1.0
276.0
1.0
1.0
1.0
94.0
1.0
2.0
1.0
19.0
1.0
2564.0
4.0
596.0
1.0
47.0
17.0
27.0
2.0
2.0
3.0
4.0
1.0
1.0
3.0
3.0
39.0
1108.0
21.0
1.0
9.0
3.0
7.0
1068.0
1.0
1.0
2.0
256.0
2.0
73.0
3.0
15.0
6.0
29.0
2.0
4.0
1.0
3.0
1018.0
6.0
5.0
3.0
2.0
3.0
10.0
19.0
1.0
8.0
260.0
1.0
9.0
38.0
152.0
1.0
1.0
1.0
3.0
401.0
11.0
12.0
8.0
983.0
41.0
23.0
2.0
12.0
192.0
19.0
1.0
26.0
2.0
6.0
1.0
2.0
64.0
4.0
2.0
39.0
254.0
21.0
3.0
1.0
360.0
7.0
1.0
8.0
1.0
3.0
2.0
45.0
13.0
1.0
2.0
1.0
3.0
1.0
47.0
1.0
1.0
2625.0
8.0
49.0
3.0
1.0
17.0
3.0
3.0
3.0
32.0
33.0
1.0
12.0
37.0
2.0
8.0
12154.0
9.0
696.0
2.0
6.0
90.0
19.0
5.0
4.0
5.0
60.0
1.0
222.0
3.0
1.0
20.0
1.0
66.0
2.0
4.0
2.0
772.0
3.0
3.0
2.0
1510.0
2.0
1.0
1.0
3.0
3.0
457.0
65.0
17.0
3.0
469.0
473.0
11.0
17.0
1.0
21.0
3.0
2.0
1.0
3.0
1.0
24.0
3587.0
7.0
7.0
1.0
1.0
4.0
5.0
111.0
3.0
305.0
2.0
689.0
7.0
1.0
1.0
2.0
1.0
1.0
1.0
3.0
3.0
2.0
7.0
3.0
3.0
1.0
29.0
33.0
2.0
2.0
1.0
3.0
30.0
3385.0
2.0
1.0
3.0
2.0
194.0
9.0
3.0
23.0
2.0
1.0
1.0
1.0
1.0
1.0
10.0
6.0
2.0
8.0
19.0
57.0
16.0
1.0
3.0
555.0
1.0
18.0
2.0
4.0
1.0
2132.0
281.0
9.0
1.0
321.0
809.0
1.0
483.0
1.0
8.0
79.0
596.0
1.0
9.0
1.0
8.0
1.0
1.0
2.0
1.0
15.0
75.0
14.0
1.0
3.0
3.0
3.0
3.0
1.0
94.0
1.0
37.0
1.0
4.0
1.0
296.0
2.0
41.0
2.0
1.0
5.0
9.0
4.0
71.0
8.0
1.0
235.0
617.0
778.0
3.0
11.0
65.0
9.0
1.0
1.0
1.0
1.0
3.0
229.0
4.0
30.0
3138.0
1.0
1.0
24.0
1.0
4.0
5.0
243.0
1.0
3.0
2.0
1.0
2.0
288.0
4.0
6098.0
3.0
2.0
2.0
591.0
39.0
1714.0
30.0
1.0
1.0
11.0
5.0
1.0
3.0
19.0
8.0
15.0
4.0
3.0
3.0
1.0
3.0
1.0
2.0
22.0
264.0
1.0
58.0
839.0
3.0
4.0
159.0
1.0
3.0
8.0
2146.0
2.0
3.0
3.0
45.0
4.0
2.0
8.0
57.0
2.0
7.0
105.0
1774.0
77.0
921.0
3.0
2.0
9.0
19.0
3.0
1.0
1.0
4.0
319.0
24.0
4.0
4.0
1.0
4.0
12.0
2.0
1.0
62.0
3.0
85.0
4.0
3.0
1.0
1.0
9.0
4.0
2.0
1.0
1.0
856.0
2.0
1.0
1906.0
622.0
1.0
1195.0
5.0
1527.0
4.0
1.0
1038.0
3.0
83.0
1.0
2.0
123.0
12.0
2.0
1.0
1.0
2.0
2.0
20.0
1.0
3.0
779.0
9.0
3.0
1.0
1.0
1.0
1.0
7.0
3.0
1.0
33.0
3.0
249.0
3.0
11.0
2.0
152.0
77.0
3.0
1.0
3.0
1.0
46.0
71.0
1430.0
3.0
6.0
1128.0
5830.0
182.0
1.0
12.0
3.0
6.0
148.0
5.0
672.0
7.0
1.0
6.0
55.0
1.0
4.0
6.0
238.0
1.0
1.0
65.0
130.0
434.0
1.0
59.0
3.0
1.0
101.0
1.0
1.0
3.0
2.0
3.0
1.0
3.0
1.0
3.0
1.0
14385.0
765.0
3.0
1619.0
1.0
3.0
5.0
5.0
1.0
3.0
6.0
2.0
2.0
33.0
1.0
2.0
1.0
1.0
1229.0
5.0
3.0
107.0
22.0
3.0
16.0
69.0
1.0
37.0
4.0
1.0
2.0
14.0
1.0
19.0
1211.0
3.0
101.0
14.0
3.0
1.0
267.0
34.0
3.0
15.0
1.0
3.0
3.0
5.0
1.0
1.0
5.0
3.0
1.0
2.0
4.0
1.0
1799.0
249.0
6.0
5.0
3.0
4.0
3.0
1.0
1.0
1.0
1.0
1.0
8.0
2.0
4.0
12.0
15.0
4.0
616.0
8.0
1.0
3.0
2.0
2.0
3.0
2.0
34.0
1959.0
3.0
1.0
7.0
3.0
386.0
779.0
1.0
1.0
86.0
1.0
9.0
98.0
32.0
1.0
1.0
4.0
1.0
3.0
4.0
1.0
229.0
2.0
2.0
9.0
1.0
1.0
6012.0
20.0
3.0
2.0
109.0
1.0
4.0
608.0
6.0
3.0
2.0
2.0
4.0
1.0
24.0
2.0
1.0
1.0
1.0
9.0
12.0
1.0
4.0
2060.0
2.0
14.0
9.0
339.0
39.0
1.0
7.0
1.0
323.0
7.0
3.0
3.0
2.0
1.0
5.0
2.0
3.0
289.0
3.0
24.0
4.0
3.0
1.0
2.0
41.0
2.0
1365.0
3.0
7067.0
4.0
1.0
2.0
3.0
64.0
1.0
3.0
1.0
58.0
3.0
25.0
4.0
6.0
10.0
1.0
1.0
1.0
2.0
12.0
1.0
3.0
1.0
1.0
40.0
23.0
102.0
1.0
3.0
3.0
8.0
2.0
1.0
2.0
24.0
56.0
5.0
85.0
3.0
108.0
1.0
1.0
1.0
24.0
395.0
1.0
9360.0
1.0
10.0
1.0
5269.0
2.0
1.0
4.0
4.0
1.0
6166.0
1.0
391.0
2.0
12.0
82.0
3.0
7.0
25449.0
1.0
1628.0
4.0
19.0
5.0
274.0
1.0
8.0
3.0
1.0
2542.0
114.0
406.0
2.0
5.0
262.0
98.0
2865.0
3.0
2.0
1138.0
617.0
10.0
19.0
33.0
9.0
1.0
209.0
37.0
1.0
516.0
16.0
13.0
99.0
1.0
1.0
2.0
11.0
5.0
2.0
5.0
2.0
277.0
9.0
9.0
3.0
24.0
3.0
1.0
11.0
785.0
5704.0
2.0
96.0
2.0
1.0
3.0
1.0
3.0
2.0
3.0
54.0
2677.0
5.0
20.0
2.0
7.0
319.0
2375.0
344.0
3.0
1105.0
1.0
2.0
26.0
7.0
2.0
2.0
2726.0
906.0
76.0
35.0
5.0
1.0
69.0
9.0
29.0
12.0
1.0
1901.0
364.0
6.0
2.0
1.0
70.0
34.0
1.0
5.0
1.0
1.0
9.0
1.0
1.0
43.0
33.0
2.0
4.0
307.0
19.0
979.0
2.0
3.0
2094.0
101.0
5.0
6.0
59.0
3.0
3.0
4.0
1.0
8.0
3.0
4.0
2596.0
3.0
9.0
1421.0
9.0
1.0
1.0
1.0
8.0
1.0
9.0
2.0
4.0
9.0
5.0
3.0
976.0
7.0
11.0
5.0
1.0
1.0
24.0
3.0
19.0
16398.0
2.0
120.0
8.0
3.0
4.0
2.0
2155.0
1.0
2.0
1.0
3.0
4.0
19.0
3.0
432.0
2.0
7.0
1.0
1.0
5.0
3.0
282.0
1.0
783.0
152.0
1.0
1.0
2.0
1.0
1.0
2.0
212.0
1.0
1.0
1.0
28.0
2.0
51.0
17.0
1.0
616.0
1.0
1713.0
1.0
3.0
1.0
282.0
3.0
3.0
13.0
1.0
1.0
56.0
793.0
2.0
2.0
83.0
64.0
14.0
8.0
2.0
1.0
13.0
9.0
1.0
14.0
4.0
2.0
38.0
2.0
9.0
6.0
3.0
6.0
226.0
21.0
2495.0
4.0
339.0
541.0
1.0
1.0
4.0
1.0
22.0
230.0
3.0
279.0
6.0
68.0
1.0
3.0
12.0
3.0
37.0
1.0
1.0
1.0
12.0
1.0
3.0
126.0
3.0
932.0
288.0
1.0
3.0
1.0
65.0
60.0
3.0
7878.0
8.0
6.0
299.0
11.0
1.0
42.0
1.0
36.0
10341.0
9.0
10.0
16.0
338.0
7.0
8.0
1.0
3.0
3.0
1.0
3.0
2.0
1.0
41.0
3.0
4.0
38.0
12.0
11.0
1.0
13.0
1.0
3.0
94.0
54.0
1.0
1.0
2.0
1.0
1.0
50.0
1.0
1.0
11.0
3.0
17.0
236.0
3.0
3.0
1.0
4.0
1.0
1.0
33.0
3.0
1.0
3.0
36039.0
3.0
56.0
1.0
3.0
29.0
66.0
17090.0
558.0
15.0
1.0
33.0
5.0
1.0
127.0
1.0
2.0
10.0
30.0
3.0
25.0
2.0
5.0
1.0
2.0
117.0
23.0
55.0
4.0
2.0
1.0
9.0
3.0
1.0
8.0
30.0
3.0
282.0
3.0
7.0
1.0
3.0
6.0
1.0
1.0
3.0
9.0
19.0
41.0
1.0
129.0
3.0
3.0
24.0
929.0
1.0
1.0
1.0
3.0
11.0
6.0
245.0
1.0
2.0
445.0
3.0
2.0
18.0
262.0
3.0
2.0
3.0
37.0
3.0
3.0
3.0
37.0
109.0
1109.0
1.0
1.0
1.0
444.0
3.0
282.0
5.0
1.0
7.0
33.0
1.0
3.0
4.0
3.0
19.0
2.0
3.0
85.0
438.0
3.0
4.0
32.0
1.0
1.0
6.0
15.0
1.0
1.0
1.0
2.0
9.0
1.0
3.0
308.0
8.0
242.0
5.0
52.0
457.0
3.0
1.0
1.0
103.0
19.0
12.0
1.0
1018.0
839.0
88.0
5.0
3.0
3524.0
98.0
2.0
1.0
1.0
576.0
3.0
7.0
6.0
45.0
25.0
3.0
48.0
2.0
3.0
4.0
3.0
23.0
5.0
1.0
48.0
1.0
27.0
5.0
8.0
1.0
9.0
2.0
12.0
39.0
1176.0
1.0
1.0
3.0
8.0
1.0
1.0
1.0
3876.0
1.0
9.0
1.0
6.0
2.0
1.0
3.0
32.0
3.0
25401.0
3.0
12.0
3.0
1.0
3.0
5.0
3.0
1.0
8.0
13.0
13.0
566.0
2.0
1.0
13.0
23.0
65.0
33.0
460.0
5.0
1.0
8.0
139.0
62.0
23.0
5.0
5.0
2.0
3.0
1.0
1.0
6.0
23.0
2.0
1.0
18.0
1.0
7.0
1.0
177.0
280.0
1.0
23.0
1.0
351.0
1240.0
3.0
2.0
4.0
1.0
3.0
3.0
4.0
509.0
40.0
3.0
12.0
3.0
3.0
8.0
6080.0
23.0
46.0
10.0
3.0
22.0
2047.0
1.0
114.0
3.0
24.0
2.0
1032.0
5.0
31.0
1.0
5.0
1.0
66.0
3.0
7.0
10.0
31.0
12.0
3.0
1.0
205.0
7.0
2824.0
3.0
839.0
2.0
1.0
1.0
65.0
3.0
2.0
8.0
519.0
11.0
5.0
3.0
13.0
1.0
1.0
1.0
1002.0
6.0
1.0
13.0
68.0
1.0
6.0
3.0
8.0
1.0
1.0
2.0
17.0
27.0
3.0
1.0
413.0
13.0
1.0
1.0
1.0
9.0
5.0
8.0
7.0
34.0
1.0
3.0
3390.0
7.0
2.0
697.0
1.0
803.0
4.0
1.0
1.0
1.0
2521.0
23.0
1.0
2.0
12.0
6259.0
25.0
3.0
1.0
16.0
1.0
391.0
50.0
2.0
1.0
46.0
13.0
14189.0
1.0
5.0
2.0
1.0
3.0
5.0
5665.0
1415.0
33.0
1.0
1.0
4.0
52.0
358.0
1.0
1.0
88.0
100.0
68.0
3.0
553.0
18.0
434.0
1.0
1.0
3.0
1.0
15.0
1.0
2.0
290.0
1.0
1.0
1.0
1.0
4.0
199.0
9.0
1.0
83.0
9.0
4.0
40.0
317.0
8.0
13.0
2.0
1.0
3.0
3.0
88.0
483.0
79.0
30.0
4.0
3.0
9.0
1.0
4.0
1.0
4.0
3.0
15.0
7.0
7.0
3.0
571.0
4.0
2.0
12.0
1.0
51.0
3.0
1.0
1151.0
5.0
24.0
1.0
1.0
4.0
5.0
62.0
2.0
2.0
2.0
1.0
2.0
2.0
7.0
267.0
1.0
19.0
1.0
1.0
2.0
3.0
1316.0
273.0
3.0
9.0
21.0
2.0
2.0
3.0
950.0
16.0
18.0
2.0
3.0
8.0
5.0
12.0
1.0
165.0
1.0
260.0
5.0
9.0
1.0
3.0
1078.0
3.0
984.0
2.0
130.0
3644.0
1.0
9.0
12.0
7.0
3.0
2.0
5.0
2.0
16.0
17.0
4.0
22.0
3.0
1.0
1.0
1.0
31.0
4.0
3.0
230.0
3.0
9.0
1.0
8.0
13.0
2.0
184.0
104.0
42.0
6673.0
3.0
3200.0
961.0
27.0
1.0
3.0
3.0
3.0
24.0
1.0
1.0
1.0
1516.0
4.0
3.0
1.0
420.0
35.0
1.0
22.0
69.0
1.0
88747.0
1.0
1.0
2.0
1.0
1.0
6.0
3.0
13.0
20.0
4.0
3.0
270.0
22.0
3915.0
4.0
3.0
700.0
17.0
123.0
8.0
128.0
2.0
1.0
11.0
2.0
8.0
9.0
5.0
2550.0
3.0
1.0
282.0
1.0
46.0
3.0
2.0
4.0
227.0
2.0
2.0
5.0
696.0
4.0
494.0
1.0
1.0
4.0
1.0
2767.0
3.0
4.0
1.0
36.0
1703.0
14.0
335.0
1.0
2.0
1.0
1.0
82.0
4.0
33.0
11.0
1.0
7.0
2.0
115.0
10.0
1.0
3.0
268.0
9.0
2.0
9.0
3.0
3.0
19.0
8.0
972.0
3.0
19.0
1.0
4.0
2.0
3.0
8.0
10.0
1.0
1.0
44.0
3.0
2.0
977.0
1.0
4.0
48.0
87.0
8.0
1.0
22.0
3.0
7.0
6.0
2.0
2.0
21.0
2.0
1.0
368.0
9.0
393.0
1.0
2.0
3.0
3.0
74.0
12.0
31.0
3.0
10.0
1.0
575.0
4.0
3.0
611.0
1310.0
30.0
1.0
3.0
978.0
1.0
1.0
1.0
1.0
3.0
3.0
52.0
3.0
39.0
102.0
29.0
1.0
16.0
344.0
7.0
1.0
1.0
3.0
2.0
5.0
1.0
4923.0
2.0
3.0
1.0
4.0
907.0
53.0
1.0
3.0
2.0
7.0
359.0
48.0
3.0
2.0
95.0
485.0
1.0
90.0
1.0
1.0
4.0
8.0
407.0
10.0
51.0
2.0
4.0
245.0
64.0
1.0
3.0
1.0
5.0
64.0
1033.0
8.0
1.0
2.0
4.0
11.0
839.0
1.0
2.0
576.0
5.0
8686.0
1.0
590.0
1.0
1.0
26.0
1.0
1413.0
11.0
2.0
1.0
1.0
25.0
24.0
3.0
779.0
1.0
4.0
1.0
3.0
23.0
3.0
1.0
1.0
2.0
11.0
2.0
1.0
24.0
14.0
1049.0
1.0
5.0
8.0
4.0
692.0
2.0
1.0
3.0
11.0
5.0
7.0
1.0
19824.0
9.0
1.0
29.0
3.0
54.0
4.0
338.0
19.0
8.0
1018.0
1.0
1.0
8.0
331.0
65.0
7.0
12.0
4.0
18.0
2.0
4.0
2.0
30.0
6.0
50.0
1.0
2.0
19.0
3.0
783.0
3546.0
30.0
1.0
1.0
1.0
6.0
3.0
1.0
1.0
1233.0
54639.0
10.0
2.0
3.0
2.0
3.0
3.0
795.0
2.0
1.0
1.0
1.0
1.0
1.0
3463.0
5.0
2575.0
467.0
1.0
670.0
588.0
1.0
1.0
3.0
2.0
1.0
2.0
961.0
1.0
1.0
12.0
1.0
1.0
14.0
9.0
1.0
92.0
1.0
54.0
1.0
43.0
1.0
386.0
1.0
1.0
15.0
5.0
3.0
1.0
3.0
1544.0
71.0
129.0
2.0
2.0
3.0
1.0
22.0
3.0
21.0
728.0
2.0
1.0
3.0
757.0
8.0
7.0
39.0
6.0
66177.0
1.0
8.0
313.0
3.0
8.0
2.0
1.0
340.0
2.0
26.0
769.0
2.0
76.0
1.0
1.0
1.0
4.0
24.0
4.0
9.0
39.0
1.0
74.0
1.0
2.0
288.0
3.0
3.0
149.0
16.0
14.0
2.0
1.0
6.0
1.0
3.0
4.0
1.0
4.0
114.0
1.0
14.0
12.0
1.0
1.0
4.0
461.0
7.0
1.0
16.0
1.0
7.0
1.0
17.0
5.0
2.0
10.0
1.0
338.0
272.0
2.0
1.0
17.0
10.0
3.0
3.0
236.0
23.0
3.0
3.0
1.0
3.0
16.0
5.0
19.0
149.0
1.0
25.0
24.0
1.0
132.0
1.0
11.0
110.0
1.0
691.0
11.0
3.0
3.0
3.0
51.0
46.0
1762.0
6.0
10.0
17.0
2.0
1018.0
1.0
421.0
11.0
77.0
1.0
164.0
46.0
1.0
78.0
4.0
1.0
1.0
10.0
1.0
2.0
3.0
1.0
1.0
3.0
56.0
1.0
239.0
1.0
283.0
76.0
6.0
1.0
22.0
23.0
1.0
17.0
10.0
1.0
799.0
2.0
156.0
1.0
3.0
11.0
58.0
30.0
3.0
3.0
9.0
254.0
22.0
3.0
1.0
40.0
136.0
2.0
1.0
19.0
17425.0
5.0
3.0
21.0
3.0
2.0
415.0
2.0
2.0
1.0
1.0
1.0
201.0
1.0
19.0
288.0
3.0
395.0
32.0
17.0
5.0
1.0
11.0
42.0
19.0
12.0
11.0
1.0
1.0
8.0
2.0
3.0
3.0
3340.0
52.0
228.0
137.0
6.0
1.0
1.0
21.0
1.0
9.0
1.0
9.0
5.0
5.0
3.0
685.0
3.0
1.0
1.0
4.0
3.0
2.0
1.0
7.0
230.0
700.0
9.0
375.0
1.0
5067.0
3.0
1.0
5.0
14.0
1.0
8.0
2.0
4.0
3.0
6.0
6.0
1.0
5.0
292.0
7.0
5.0
3.0
3.0
5.0
75.0
50.0
22.0
154.0
3.0
14.0
3.0
74.0
6.0
5.0
3.0
1.0
8.0
3.0
3.0
45.0
19.0
1.0
205.0
2.0
1.0
1.0
1.0
369.0
1.0
3.0
3.0
3.0
129.0
6559.0
126.0
2.0
1.0
5.0
1.0
1.0
399.0
426.0
33.0
17.0
3.0
1.0
1.0
10.0
2.0
1.0
1.0
79.0
1.0
7.0
1.0
910.0
4.0
1.0
3.0
1.0
7.0
3.0
15.0
1.0
31.0
1.0
4.0
2.0
8.0
3326.0
3.0
1.0
48.0
2.0
2.0
11.0
1.0
3.0
1.0
3.0
37.0
2.0
3.0
113.0
509.0
3.0
22.0
3.0
1.0
2.0
3.0
1.0
420.0
2.0
1.0
80.0
170.0
3.0
6.0
12.0
5.0
2.0
3.0
7.0
2049.0
1.0
13.0
271.0
3.0
13.0
48.0
1.0
311.0
3.0
3.0
292.0
1.0
6.0
24.0
54.0
20.0
233.0
313.0
122.0
26.0
3.0
1.0
5.0
1.0
673.0
10.0
3.0
4.0
3.0
2.0
961.0
1.0
1782.0
339.0
4.0
104.0
3.0
203.0
3.0
1.0
27.0
6.0
1.0
1.0
2.0
2.0
11.0
3.0
3.0
4.0
1.0
5.0
118.0
1.0
1.0
2.0
1.0
3799.0
141.0
754.0
1.0
637.0
375.0
12.0
11.0
1.0
21.0
7.0
38.0
1401.0
1.0
839.0
3.0
1.0
2.0
42.0
2.0
1.0
23.0
3.0
4.0
3.0
1.0
1.0
3.0
2.0
1.0
952.0
1.0
3.0
2.0
10.0
3.0
1019.0
5.0
80.0
3.0
33.0
11.0
2.0
68.0
31.0
1.0
1.0
1.0
3.0
845.0
105.0
1.0
8.0
1.0
3.0
13.0
2.0
1.0
11.0
17.0
1.0
1.0
1004.0
2.0
2.0
34.0
3.0
1.0
10.0
3.0
9.0
892.0
5.0
1137.0
2.0
1.0
32.0
38.0
117.0
355.0
67.0
596.0
2281.0
3.0
1.0
1057.0
3.0
15.0
1982.0
1.0
14385.0
1.0
3.0
1.0
2.0
7.0
4.0
85.0
409.0
30.0
4.0
19.0
7.0
12.0
3.0
2.0
1.0
24.0
1.0
10.0
4.0
187.0
119.0
1.0
11.0
2.0
3.0
20.0
3.0
4.0
24.0
314.0
2.0
3.0
1.0
452.0
1.0
1.0
82.0
1.0
1.0
1.0
1441.0
4902.0
1.0
180.0
3.0
3.0
2.0
1.0
20.0
1496.0
66.0
63.0
3.0
22.0
10.0
2.0
50.0
1.0
3.0
102.0
1.0
3.0
3.0
515.0
8.0
4.0
9.0
3.0
3.0
1715.0
1008.0
4285.0
30.0
23.0
13.0
17.0
5510.0
1.0
3.0
1.0
13.0
1.0
49.0
1.0
1.0
4.0
1.0
3.0
1593.0
3.0
1.0
1018.0
7.0
1.0
1.0
2.0
1.0
1.0
1.0
22.0
4.0
3.0
1.0
3.0
1121.0
1.0
78.0
5.0
1.0
178.0
1.0
3.0
381.0
1.0
2854.0
1.0
4.0
3.0
264.0
1279.0
3.0
20.0
2.0
5.0
24.0
2.0
3.0
60.0
3.0
1.0
3.0
3.0
17.0
1.0
1.0
3.0
1864.0
61.0
3.0
2.0
5.0
4.0
64.0
4.0
5.0
2.0
143.0
1.0
1.0
19.0
883.0
2.0
4.0
5.0
1.0
31.0
77.0
1.0
16.0
160.0
3.0
61.0
2.0
2.0
3.0
10.0
530.0
9.0
1.0
2.0
298.0
1.0
115.0
4.0
8.0
1.0
2.0
3.0
3.0
78.0
4.0
628.0
11.0
484.0
1.0
180.0
161.0
3.0
659.0
1.0
134.0
38.0
1.0
33.0
470.0
153.0
1.0
1.0
6.0
259.0
2.0
3.0
9.0
3.0
27.0
1.0
74.0
17.0
17.0
1.0
114.0
11.0
2.0
1.0
32.0
1221.0
9.0
2.0
330.0
5.0
2.0
1.0
20.0
1.0
1.0
3.0
19.0
85.0
389.0
6.0
3.0
3.0
2326.0
11.0
820.0
4.0
1.0
14385.0
5.0
2.0
3.0
3.0
6583.0
2.0
8.0
346.0
85.0
3.0
8.0
2.0
65.0
1.0
4.0
9.0
696.0
1.0
4.0
1078.0
3.0
1.0
1.0
1157.0
183.0
2.0
37.0
166.0
3.0
4.0
1.0
3.0
1.0
105.0
1.0
16.0
1.0
1.0
17.0
2.0
10.0
9023.0
1.0
2.0
27.0
1.0
9.0
3.0
1.0
3.0
144.0
1702.0
179.0
1.0
746.0
1.0
210.0
1.0
11.0
10.0
288.0
4.0
13.0
1.0
10.0
3.0
329.0
124.0
2.0
1.0
4.0
492.0
582.0
1.0
3.0
9.0
4.0
102.0
1.0
1.0
6.0
1.0
1.0
734.0
1.0
84.0
161.0
1.0
338.0
3.0
2.0
1018.0
3.0
1.0
6.0
6.0
9.0
10.0
1917.0
144.0
12.0
99.0
35.0
4.0
8.0
2.0
1.0
142.0
26.0
1.0
6.0
1.0
24.0
107.0
1.0
5.0
34.0
45.0
3.0
622.0
3.0
2331.0
2.0
1.0
25.0
3.0
33.0
6.0
5.0
3.0
93.0
11.0
1.0
1.0
79.0
1.0
2733.0
1.0
1.0
527.0
1.0
1.0
3.0
1.0
349.0
1.0
5.0
1.0
3.0
1.0
4.0
1.0
44.0
5.0
63.0
194.0
1.0
1.0
69.0
185.0
1.0
167.0
164.0
2.0
3.0
3.0
5.0
1384.0
2.0
3.0
48.0
2.0
420.0
4.0
3.0
2.0
2.0
3.0
1.0
6795.0
1.0
3.0
465.0
1.0
3.0
3.0
3.0
28.0
7.0
1.0
7.0
1.0
1299.0
3.0
3630.0
2.0
313.0
45.0
3.0
3.0
36.0
3.0
96.0
1.0
2.0
1.0
5.0
8.0
1.0
4.0
2.0
4.0
1.0
1.0
3.0
292.0
2.0
5.0
234.0
334.0
18.0
1.0
116.0
1.0
103.0
1.0
1.0
7.0
1.0
6.0
2.0
44.0
60.0
18.0
149.0
1.0
1.0
2.0
775.0
25.0
14.0
2.0
2.0
23.0
4.0
596.0
143.0
1.0
3.0
148.0
1.0
1.0
1.0
87.0
244.0
3.0
1.0
1.0
1.0
121.0
4.0
290.0
8.0
1310.0
44.0
143.0
17.0
6.0
26.0
1.0
1629.0
3.0
3.0
2.0
3.0
1.0
1.0
1.0
544.0
36.0
1.0
1.0
3184.0
1.0
19.0
3.0
11.0
338.0
1.0
10.0
4.0
1.0
1.0
3736.0
1.0
1.0
3.0
3.0
1.0
33.0
1.0
1.0
73.0
39.0
1.0
3.0
7.0
383.0
1.0
84.0
67.0
2.0
9.0
140.0
326.0
2.0
5.0
5.0
108.0
243.0
9.0
56.0
1.0
29.0
42.0
1.0
2.0
4.0
1.0
3.0
565.0
1.0
29.0
93.0
75.0
201.0
2176.0
17.0
236.0
1.0
80.0
27.0
3.0
12.0
27.0
3.0
1.0
146.0
24.0
24.0
53.0
3.0
8.0
131.0
932.0
1.0
4.0
55.0
1.0
3.0
92.0
17.0
167.0
274.0
1.0
2.0
483.0
6.0
1.0
1.0
4.0
3.0
2.0
3.0
3.0
10.0
1.0
11.0
4.0
86.0
171.0
968.0
2.0
1.0
40.0
1.0
2.0
1.0
16.0
3.0
1.0
64.0
2.0
3.0
38.0
8.0
55.0
1.0
798.0
3.0
3.0
3.0
3.0
9.0
790.0
1335.0
3.0
1858.0
4.0
2.0
25.0
399.0
11.0
22.0
3.0
1392.0
1.0
2.0
1.0
1.0
24.0
3.0
5.0
981.0
9.0
2.0
1.0
6.0
2.0
565.0
1.0
39.0
8.0
293.0
2.0
375.0
5.0
3.0
596.0
1.0
6.0
1.0
2.0
1.0
166.0
68.0
3.0
84.0
1.0
1.0
17.0
63.0
2.0
2842.0
1.0
3.0
3.0
1.0
4.0
16.0
6.0
3.0
11.0
28.0
3.0
1.0
5.0
452.0
3704.0
2.0
3.0
55.0
3.0
3.0
2.0
1.0
4.0
2.0
1.0
2.0
419.0
301.0
1.0
76.0
2.0
13.0
2.0
28.0
48.0
31.0
21.0
8.0
21.0
4.0
6.0
4.0
4.0
1.0
3.0
2.0
17.0
60.0
14385.0
70.0
8.0
571.0
2.0
1.0
3.0
23.0
24.0
1.0
230.0
39.0
2907.0
3.0
3.0
889.0
3.0
1.0
1.0
152.0
5.0
3678.0
4.0
38.0
86.0
1.0
3.0
1.0
1.0
12.0
138.0
2.0
19.0
9.0
3.0
3.0
1.0
10.0
206.0
1228.0
3.0
5759.0
3.0
4.0
2.0
8.0
1.0
19.0
1.0
489.0
54.0
3.0
102.0
1.0
1406.0
1.0
1.0
1.0
11.0
4.0
3.0
1641.0
2.0
9.0
2.0
3.0
3.0
1.0
1.0
2.0
6.0
24.0
1.0
371.0
1.0
2.0
1.0
3.0
1388.0
12.0
19.0
1.0
7.0
7.0
1.0
1.0
2.0
5.0
421.0
6.0
1.0
32.0
3.0
2.0
8.0
3.0
633.0
100.0
44.0
1.0
1.0
3.0
5.0
3.0
3.0
4.0
18.0
4.0
1215.0
2.0
21.0
2.0
9.0
14.0
23.0
2.0
5.0
2.0
3.0
4.0
790.0
1.0
1.0
4.0
10.0
989.0
351.0
1.0
2.0
2.0
2.0
144.0
1.0
1.0
2.0
2.0
3.0
952.0
1.0
1.0
1.0
6.0
158.0
18.0
1.0
2121.0
2.0
2.0
4.0
16.0
1.0
18.0
1.0
3.0
2.0
1.0
2.0
1.0
3.0
10.0
1.0
1.0
151.0
658.0
4.0
1059.0
441.0
1.0
1.0
1.0
3.0
1.0
38.0
1928.0
1.0
3.0
8.0
2.0
2.0
1.0
1.0
949.0
2.0
2.0
11.0
2.0
3.0
1.0
1.0
1.0
3.0
3.0
3.0
10.0
3.0
8.0
8.0
351.0
2.0
510.0
1.0
29.0
1.0
1.0
149.0
1.0
88.0
1.0
26.0
3.0
111.0
2.0
1.0
1.0
1.0
19.0
1307.0
28.0
7.0
1.0
2.0
3.0
1.0
3.0
1.0
5.0
3.0
3.0
331.0
1.0
1.0
1.0
654.0
282.0
1869.0
2440.0
2.0
6.0
1631.0
4.0
4.0
12.0
18.0
1.0
5.0
16.0
4.0
666.0
1.0
3.0
282.0
30.0
1.0
9.0
16.0
3.0
8.0
870.0
3.0
1.0
1.0
11.0
41.0
73.0
1.0
8.0
22.0
2.0
7.0
31.0
3.0
949.0
199.0
72.0
23.0
2.0
1.0
101.0
1.0
7.0
5.0
2.0
492.0
10.0
2.0
1007.0
9.0
1.0
124.0
16.0
1.0
62.0
4.0
3.0
9.0
1.0
351.0
19.0
401.0
1.0
3712.0
9.0
9.0
3275.0
58.0
369.0
112.0
236.0
157.0
9.0
47.0
31.0
1.0
1.0
1.0
1.0
1.0
1.0
3.0
1.0
758.0
191.0
4.0
224.0
6.0
1.0
3.0
2.0
27.0
16.0
1.0
2.0
3.0
3.0
10.0
1.0
4.0
70.0
2.0
2.0
3.0
1659.0
1.0
1.0
7.0
1.0
1.0
3.0
17.0
1.0
107.0
3.0
3.0
40.0
12.0
8.0
932.0
351.0
8.0
1.0
57.0
1.0
47.0
351.0
1.0
1.0
72.0
668.0
3.0
1.0
475.0
1961.0
1.0
40.0
1.0
1.0
1.0
3.0
22.0
3.0
15.0
2.0
6.0
35.0
1.0
350.0
412.0
3.0
1.0
3.0
63.0
2.0
3.0
2.0
288.0
977.0
2.0
23.0
1361.0
4.0
68.0
4.0
1.0
5.0
63.0
4.0
98.0
12.0
1562.0
2.0
1.0
4.0
5.0
66.0
363.0
4.0
1.0
1.0
3.0
2539.0
24.0
3.0
2.0
55.0
3.0
1654.0
1.0
31.0
1.0
5.0
3.0
1.0
9.0
1.0
52.0
3.0
1.0
21.0
2.0
4.0
1.0
961.0
2726.0
19.0
12.0
92.0
696.0
1.0
1.0
1.0
40.0
1179.0
3.0
85.0
19.0
119.0
1.0
5.0
2.0
3.0
2.0
9.0
1.0
1.0
33.0
5.0
596.0
1.0
2.0
3.0
18.0
4.0
13.0
3.0
70.0
3.0
421.0
60.0
8.0
275.0
1.0
495.0
52.0
7.0
2.0
1.0
9.0
1.0
1.0
3.0
3.0
8.0
903.0
1623.0
1.0
313.0
538.0
3.0
1.0
46.0
1799.0
1.0
246.0
338.0
331.0
1.0
1.0
6.0
24.0
240.0
19.0
1.0
3.0
3.0
434.0
50.0
31.0
3.0
3.0
2.0
28.0
2.0
2.0
3.0
23.0
1.0
10.0
588.0
568.0
4.0
3.0
10.0
1.0
5.0
3.0
5.0
9.0
1.0
10.0
10.0
1.0
2.0
2.0
1.0
3.0
10.0
4.0
171.0
5.0
8.0
7.0
1.0
3.0
11.0
1.0
4.0
1427.0
2.0
13.0
8.0
2.0
126.0
3.0
3.0
3.0
83.0
3.0
18.0
2.0
24.0
29.0
2.0
39.0
171.0
1.0
1.0
14.0
3.0
4.0
3.0
1.0
1.0
82.0
129.0
1.0
16.0
3.0
47.0
3.0
279.0
15.0
6.0
10001.0
7.0
1.0
129.0
8.0
3.0
268.0
22.0
3.0
300.0
2.0
19.0
87.0
1.0
1.0
9.0
4.0
2.0
249.0
4.0
1.0
3.0
127.0
1.0
2.0
312.0
1.0
6.0
3.0
2.0
3.0
1.0
1.0
1.0
1.0
11.0
46.0
1.0
10.0
2.0
3.0
4.0
9.0
99.0
1497.0
213.0
1.0
3.0
351.0
399.0
1.0
14.0
8.0
20.0
5.0
3.0
3.0
1.0
32.0
3.0
322.0
1.0
8.0
28.0
5.0
5.0
1.0
1.0
4.0
19.0
3.0
1.0
19.0
542.0
423.0
961.0
18.0
32.0
7.0
4.0
9.0
3.0
1.0
11.0
3.0
1.0
1.0
112.0
3.0
21.0
3.0
5.0
5.0
3.0
1.0
1.0
351.0
5.0
2.0
2.0
461.0
1.0
1.0
3.0
13.0
6.0
2.0
1.0
3.0
17.0
4.0
1.0
3.0
10.0
1198.0
7.0
1825.0
2.0
118.0
3.0
3.0
4.0
6.0
1.0
28.0
1.0
2.0
1.0
2.0
122.0
1.0
2.0
292.0
3.0
7.0
1.0
1.0
3.0
1.0
17.0
9.0
2.0
141.0
3.0
1.0
1.0
855.0
1.0
536.0
1.0
20.0
31.0
1.0
17.0
72.0
1.0
32.0
2.0
1.0
1.0
10.0
24.0
1.0
804.0
52.0
2.0
8.0
3.0
3.0
102.0
17.0
4.0
17.0
4.0
2.0
1.0
24.0
3.0
4.0
1374.0
1.0
11.0
1.0
13.0
17.0
3.0
2.0
3.0
3.0
74.0
2.0
1.0
2.0
1.0
8472.0
3.0
2.0
26.0
19.0
197.0
28.0
14.0
8.0
3.0
8.0
3191.0
662.0
1.0
5.0
1.0
2.0
59.0
1644.0
1.0
3.0
3.0
3.0
135.0
9.0
2.0
3.0
4.0
1.0
63.0
1.0
2.0
3.0
948.0
2.0
7.0
376.0
5.0
3.0
1.0
7.0
14189.0
3107.0
447.0
82.0
1.0
24.0
19.0
5.0
50.0
4.0
35.0
64.0
1.0
3.0
1.0
16.0
233.0
1.0
2.0
2.0
104.0
1.0
1.0
1779.0
770.0
2.0
21.0
2037.0
1.0
5.0
83.0
1.0
348.0
1.0
3.0
3.0
1.0
5.0
1.0
1.0
1.0
19.0
1.0
1194.0
3.0
643.0
7.0
12.0
3.0
5.0
3.0
5.0
121.0
1.0
408.0
4.0
316.0
1.0
213.0
18.0
42.0
1.0
5734.0
351.0
10.0
6.0
19.0
1.0
34.0
2.0
3.0
2.0
1.0
1568.0
3.0
56.0
2.0
159.0
825.0
2.0
3.0
1225.0
3.0
1.0
1.0
24.0
606.0
2.0
611.0
1.0
2.0
1195.0
1.0
1.0
591.0
615.0
3.0
1.0
3.0
3.0
4.0
1.0
3.0
4.0
1.0
208.0
1.0
2666.0
24.0
3.0
1.0
5.0
6.0
3.0
2.0
1.0
2.0
2.0
4.0
3.0
678.0
6.0
8.0
1.0
7.0
3.0
1.0
1.0
596.0
17.0
1.0
2.0
1.0
24.0
8.0
3.0
1388.0
1.0
1.0
5.0
5.0
1487.0
1.0
24.0
8.0
16.0
31.0
1.0
2601.0
10.0
8.0
2.0
1.0
111.0
2.0
1.0
685.0
3.0
6.0
8.0
266.0
11.0
3.0
5.0
13.0
272.0
1.0
1.0
2.0
1.0
25.0
1.0
1.0
51.0
1.0
4.0
1.0
7935.0
1.0
3.0
1.0
1071.0
3.0
9.0
19.0
1.0
264.0
7.0
7.0
24.0
3.0
3.0
1.0
13.0
281.0
2.0
4.0
11557.0
3.0
5.0
8.0
1.0
3.0
4.0
758.0
3.0
1.0
11.0
4.0
22.0
4.0
1.0
12.0
1.0
102.0
6.0
10.0
69.0
57.0
1.0
29.0
1.0
1.0
99.0
2.0
1059.0
30.0
102.0
14.0
1.0
3.0
3.0
1.0
1.0
3.0
1117.0
9.0
46.0
3.0
262.0
3.0
3.0
3.0
31.0
7.0
2.0
63.0
3.0
5.0
9.0
164.0
65.0
3.0
62.0
1.0
1.0
1.0
4.0
21.0
2.0
63.0
2581.0
1.0
1.0
3.0
13610.0
11.0
3.0
1.0
1.0
1.0
112.0
341.0
1.0
8.0
26.0
3.0
1.0
2262.0
748.0
3098.0
9.0
31.0
3.0
3.0
1.0
4.0
14.0
1.0
3.0
1.0
4.0
17.0
3620.0
1.0
3.0
5.0
35.0
2.0
1.0
112.0
465.0
10.0
1.0
1456.0
596.0
10.0
1.0
1.0
1.0
1.0
1530.0
696.0
9693.0
1.0
62.0
35.0
17.0
1.0
17.0
23.0
22.0
596.0
1.0
65.0
1.0
2.0
11.0
23.0
4.0
1.0
23.0
17.0
3.0
2.0
1.0
8.0
22.0
4094.0
3.0
2.0
3.0
6.0
6.0
67.0
1.0
1.0
1.0
3.0
3.0
3.0
1.0
1555.0
46.0
1.0
4.0
2.0
991.0
668.0
7.0
12.0
1.0
7.0
5.0
1.0
1.0
3.0
7.0
2.0
3.0
4.0
1631.0
31.0
376.0
1.0
18.0
1.0
69.0
3.0
1.0
19.0
4.0
1.0
2.0
2.0
3.0
1.0
1.0
1.0
637.0
2.0
1.0
4.0
3.0
833.0
9.0
5.0
6.0
49.0
1.0
11.0
27.0
1308.0
1.0
139.0
9.0
4.0
1.0
4.0
1.0
30.0
33.0
2.0
1.0
3.0
109.0
871.0
1.0
36.0
1.0
16.0
2.0
3.0
20496.0
1.0
8.0
1.0
19.0
1.0
48.0
3.0
24.0
1.0
4549.0
5.0
3.0
664.0
13706.0
3.0
2.0
9.0
29.0
53.0
1.0
5.0
11.0
1514.0
4675.0
2.0
2.0
1.0
1.0
9.0
1355.0
18.0
109.0
69.0
5.0
6.0
1.0
1.0
3.0
1.0
5.0
72.0
2.0
3.0
5.0
1800.0
3.0
3.0
15.0
3.0
1.0
3.0
4.0
1.0
34.0
10.0
1.0
5.0
8.0
4.0
53.0
2.0
18.0
2.0
1.0
1.0
48.0
9.0
16.0
1.0
1.0
1.0
3.0
7.0
3.0
18.0
63.0
1.0
2.0
1.0
2999.0
51.0
148.0
2.0
1276.0
5.0
1.0
24.0
1.0
3.0
1166.0
1.0
2.0
12.0
1.0
1.0
3.0
103.0
1.0
1.0
221.0
3.0
366.0
19.0
1.0
7.0
1.0
1.0
31.0
9.0
3.0
295.0
3.0
3.0
34.0
5.0
1.0
6.0
881.0
5.0
2.0
136.0
1137.0
1.0
1.0
3.0
7.0
5.0
3.0
6.0
1.0
12.0
4.0
3.0
1.0
1.0
658.0
2.0
3.0
3.0
10.0
1.0
609.0
1.0
300.0
2.0
1.0
75.0
292.0
3.0
11.0
3.0
1.0
596.0
3.0
2.0
2.0
3.0
15.0
7.0
1.0
3.0
22.0
4.0
17.0
3.0
5.0
136.0
2.0
17.0
15.0
3.0
1.0
1.0
4428.0
4.0
1.0
39.0
2.0
3.0
3.0
1.0
1.0
7.0
42.0
3374.0
3.0
18.0
17.0
1.0
35.0
1.0
3.0
1027.0
4.0
1.0
9.0
23.0
3.0
2.0
86.0
402.0
10.0
1.0
23.0
1.0
28.0
22.0
2.0
29.0
2.0
1.0
4.0
14.0
2.0
3.0
1.0
135.0
3.0
80.0
1.0
65.0
1.0
596.0
8.0
15.0
1.0
3.0
2.0
6.0
10.0
7.0
3.0
1.0
3.0
100.0
10.0
34.0
1.0
1.0
6366.0
56.0
1517.0
5.0
1.0
2.0
1.0
1.0
3.0
9.0
33000.0
2.0
1047.0
4.0
9.0
4.0
1.0
19.0
387.0
2.0
1.0
959.0
1.0
3.0
7.0
1.0
4.0
1.0
10.0
31.0
383.0
1.0
1.0
1.0
27.0
3.0
33.0
24.0
1.0
1368.0
3.0
34.0
3.0
2.0
3.0
4.0
11.0
11927.0
6.0
4.0
3.0
2.0
1.0
115.0
1.0
70.0
207.0
1.0
25.0
6.0
104.0
447.0
1.0
1.0
16.0
17.0
1.0
23.0
101.0
5.0
456.0
3.0
3.0
1.0
12.0
1.0
1.0
10.0
30.0
5.0
3.0
2.0
3.0
242.0
1.0
1.0
3.0
697.0
1.0
3.0
159.0
1.0
70.0
2.0
15.0
119.0
4.0
3.0
580.0
2.0
1.0
43.0
2.0
8.0
1530.0
301.0
1.0
8.0
1.0
107.0
4.0
2.0
3.0
1.0
11.0
20.0
5.0
3.0
15.0
240.0
2.0
128.0
1.0
1.0
3.0
1.0
11.0
293.0
11.0
282.0
4.0
3.0
19.0
8.0
1.0
2.0
3.0
2.0
1.0
65.0
1.0
1.0
2.0
1.0
192.0
3.0
5756.0
7.0
3.0
24.0
3.0
1.0
1.0
7.0
1.0
64.0
6.0
1.0
148.0
37.0
4.0
1.0
1.0
1.0
2.0
17.0
2.0
2.0
3.0
6.0
364.0
126.0
2.0
94.0
4.0
4.0
1.0
1.0
1.0
17.0
2107.0
18.0
1.0
1.0
3.0
1.0
34.0
298.0
1.0
4.0
7.0
7.0
3.0
9.0
36.0
1.0
928.0
421.0
132.0
1.0
13.0
1.0
1.0
1.0
1.0
1.0
34.0
1.0
1.0
108.0
3.0
110.0
2.0
67.0
1.0
2.0
322.0
1.0
8.0
8.0
482.0
4.0
2.0
3.0
16.0
4.0
2.0
1.0
17.0
3.0
1.0
12.0
55.0
691.0
1.0
16.0
3.0
44.0
7.0
1.0
10.0
6.0
1.0
28.0
4.0
4.0
1030.0
3.0
21.0
1.0
3.0
123.0
24.0
3.0
1.0
1.0
3.0
423.0
1.0
3.0
3.0
61.0
1.0
3.0
2.0
2.0
1.0
24.0
1123.0
1.0
1.0
111.0
4.0
2.0
9.0
1.0
3.0
1.0
232.0
3.0
3.0
6.0
61.0
2.0
17.0
1.0
2.0
131.0
8.0
3.0
5.0
1.0
39.0
3.0
292.0
17.0
1.0
2.0
1.0
4.0
699.0
6.0
1.0
2.0
6.0
1072.0
1.0
1920.0
4.0
672.0
1.0
1.0
7.0
483.0
768.0
1.0
337.0
10.0
48.0
5.0
2.0
39.0
228.0
3.0
1.0
1077.0
2.0
5.0
1.0
1.0
1.0
2.0
14.0
2.0
240.0
3.0
8.0
9.0
8.0
353.0
19.0
3032.0
2.0
4.0
51.0
3.0
3.0
50.0
3.0
1.0
2.0
1.0
3.0
3.0
2.0
15.0
3.0
1.0
8.0
1.0
576.0
77.0
2.0
3.0
1.0
167.0
14.0
2120.0
17.0
300.0
12.0
1.0
4.0
3.0
3.0
101.0
1.0
3.0
3.0
19.0
2040.0
3.0
19.0
7.0
1.0
1.0
1.0
2.0
14.0
2.0
1.0
4.0
269.0
1200.0
11.0
2.0
1.0
21.0
5.0
611.0
3604.0
10.0
64.0
4.0
2.0
3.0
2.0
2.0
1.0
1077.0
43.0
1.0
2.0
2473.0
1.0
55.0
99.0
3.0
3.0
461.0
711.0
2.0
1.0
370.0
1.0
1.0
10.0
1.0
3.0
375.0
24.0
1.0
92.0
1.0
282.0
6.0
3.0
312.0
2907.0
28.0
5.0
3.0
1.0
138.0
2.0
1.0
1.0
1.0
1.0
2.0
1669.0
3.0
3.0
33.0
3.0
1.0
2417.0
1.0
24.0
16.0
51.0
1.0
3.0
2.0
1.0
1.0
1.0
1.0
88.0
93.0
3.0
1060.0
1361.0
21.0
1.0
1018.0
2.0
4.0
101.0
228.0
10.0
116.0
7.0
2.0
332.0
4.0
3.0
3.0
2.0
18.0
29.0
5.0
3.0
1.0
101.0
2.0
112.0
1.0
886.0
4.0
65.0
27.0
4.0
25.0
2.0
4.0
1.0
39.0
2.0
2310.0
3.0
1.0
120.0
58.0
14.0
2.0
3.0
1.0
23.0
134.0
1.0
4.0
12.0
38.0
2.0
132.0
2661.0
3.0
8.0
3.0
4515.0
2.0
3.0
1.0
1.0
1.0
475.0
333.0
288.0
54.0
1102.0
1.0
13.0
1.0
4.0
57.0
81.0
31.0
27.0
19.0
4289.0
176.0
696.0
3.0
67.0
1.0
4.0
1.0
1.0
17.0
8076.0
12.0
1.0
47.0
1.0
3.0
2.0
1.0
1.0
595.0
5.0
306.0
1.0
2.0
1.0
3.0
1.0
8.0
1.0
3.0
61.0
8046.0
1.0
42.0
345.0
76.0
1.0
4.0
1.0
10.0
6.0
23.0
102.0
1.0
5.0
1018.0
13.0
97.0
3.0
959.0
351.0
3.0
88.0
33.0
4.0
129.0
272.0
1075.0
2.0
1.0
2.0
2.0
314.0
4.0
1.0
2.0
23.0
9.0
1.0
6.0
4.0
1.0
348.0
103.0
1.0
1.0
7.0
1.0
2.0
50.0
1.0
1.0
18.0
3.0
1.0
66.0
111.0
59.0
2.0
3.0
80.0
3.0
1.0
1.0
1.0
117.0
259.0
34.0
20.0
25.0
1.0
1.0
1.0
2.0
2.0
24.0
3.0
16.0
75.0
4.0
1.0
374.0
3.0
3.0
8.0
2.0
1.0
3.0
3.0
1.0
1.0
2.0
2.0
3.0
1.0
5.0
9.0
2.0
33.0
1.0
1.0
1.0
40.0
20.0
58.0
1225.0
102.0
1.0
282.0
13100.0
3.0
2.0
68.0
24.0
3.0
3.0
87.0
2.0
1.0
317.0
1.0
3.0
3.0
3.0
2.0
186.0
4.0
1.0
17.0
2.0
1.0
199.0
3.0
162.0
13.0
5.0
4.0
66.0
81.0
289.0
1.0
2.0
3.0
10.0
3.0
5.0
2.0
1.0
401.0
59.0
1.0
4549.0
13.0
1.0
28.0
7.0
1009.0
3.0
8.0
1.0
3.0
37.0
10855.0
8.0
1.0
20.0
1.0
3.0
3.0
3.0
399.0
1.0
1.0
3.0
1462.0
7.0
77.0
4.0
1.0
1.0
436.0
8.0
8.0
1.0
16087.0
50.0
1.0
1.0
8.0
3.0
460.0
50.0
1.0
3.0
4.0
672.0
82.0
2.0
1.0
1.0
272.0
1.0
4.0
3.0
2.0
31.0
1.0
2.0
170.0
3.0
9.0
7.0
3.0
1.0
9.0
73.0
1.0
522.0
3.0
44.0
25381.0
1.0
13.0
8.0
36.0
760.0
1.0
2.0
1.0
1.0
1.0
6.0
3.0
1.0
1.0
3.0
3.0
43.0
60.0
2.0
65.0
14.0
2.0
20.0
3.0
818.0
3.0
6.0
2.0
3.0
1.0
1.0
3.0
1786.0
2.0
382.0
8.0
2.0
2.0
1.0
3467.0
61.0
864.0
1.0
1.0
1.0
27.0
78.0
3.0
3.0
82.0
3.0
52.0
2.0
19.0
4.0
25.0
1.0
616.0
1.0
1.0
2.0
10.0
1.0
576.0
9.0
59.0
237.0
17.0
3.0
1834.0
1205.0
1.0
1.0
167.0
1.0
1.0
5.0
8.0
4.0
1.0
1185.0
3.0
61.0
227.0
3.0
27.0
3.0
1.0
18.0
7.0
1.0
168.0
3.0
1.0
19.0
56.0
2.0
158.0
16.0
3.0
6.0
6.0
1.0
4.0
7.0
334.0
1.0
3.0
41.0
31.0
1.0
11.0
1778.0
23.0
531.0
1.0
17.0
2.0
71.0
3.0
4.0
3.0
4.0
4.0
627.0
1.0
1130.0
103.0
1.0
89.0
3.0
1.0
3.0
4.0
351.0
48.0
3.0
1.0
1.0
3.0
353.0
6.0
189.0
1.0
3.0
10.0
13.0
1.0
20.0
5.0
1.0
2675.0
14385.0
6.0
1.0
311.0
39.0
1.0
1.0
3.0
8.0
2.0
1798.0
21.0
3.0
17.0
4.0
1.0
3.0
3.0
1.0
16.0
474.0
58.0
107.0
1.0
326.0
109.0
26.0
13.0
5.0
4.0
6.0
2.0
5752.0
3.0
180.0
55.0
1.0
23.0
1.0
871.0
1.0
3.0
5.0
2.0
12.0
1087.0
2.0
21.0
1.0
3.0
97.0
3.0
6.0
2.0
1.0
2.0
4.0
1.0
6.0
1.0
2.0
795.0
4.0
4.0
3.0
353.0
17.0
2.0
140.0
4.0
2.0
3.0
1.0
338.0
1.0
16.0
145.0
1.0
2578.0
2874.0
108.0
22.0
1.0
4.0
74.0
3.0
485.0
1.0
2.0
3.0
31.0
1.0
380.0
3.0
685.0
3.0
1.0
3.0
3.0
1.0
98.0
22.0
1.0
7.0
1.0
78.0
1.0
1.0
1.0
1.0
112.0
9.0
1.0
2.0
25.0
13.0
1.0
1.0
9.0
9.0
1.0
703.0
4.0
1042.0
17.0
57.0
1.0
7.0
1.0
24.0
1.0
5.0
1.0
18097.0
1.0
60.0
2.0
1139.0
1.0
1.0
1.0
3.0
2.0
108.0
51.0
89.0
11.0
1.0
1.0
650.0
46.0
1.0
3.0
57.0
9.0
2.0
101.0
1.0
28.0
1922.0
1.0
365.0
1.0
21.0
4.0
1.0
3.0
1.0
6.0
2.0
6.0
52.0
1.0
1.0
3.0
1.0
1.0
3.0
6.0
10892.0
48.0
3.0
3.0
3.0
188.0
1.0
1.0
1.0
1.0
1.0
3.0
1.0
1025.0
3.0
19.0
9.0
8.0
515.0
77.0
7.0
1.0
2.0
3.0
4.0
666.0
353.0
70.0
3.0
858.0
8.0
1.0
124.0
7.0
9.0
2.0
10.0
33.0
5.0
107.0
1.0
961.0
113.0
3.0
8.0
3.0
2.0
1.0
1.0
2.0
3366.0
884.0
3.0
6.0
1.0
899.0
3519.0
4.0
2.0
279.0
1.0
1.0
8.0
36.0
1.0
5.0
343.0
1.0
3.0
1.0
3.0
3.0
25.0
1.0
67330.0
3.0
2.0
5.0
3.0
4.0
348.0
94.0
2.0
207.0
62.0
1.0
5.0
1.0
1.0
1.0
3.0
2.0
1.0
1.0
2.0
35.0
2.0
2.0
533.0
56.0
1.0
7.0
1.0
3.0
1432.0
961.0
3.0
1.0
2.0
3.0
6.0
44.0
2.0
725.0
30.0
2.0
2.0
377.0
1.0
83.0
1.0
50.0
1.0
2.0
14.0
70.0
4594.0
4603.0
3.0
2.0
2.0
41.0
3.0
3.0
313.0
7.0
1316.0
1.0
5.0
9.0
1.0
3.0
3.0
3.0
3.0
4.0
2.0
1.0
4.0
3.0
2.0
3.0
114.0
5.0
8.0
1.0
3.0
1.0
594.0
1.0
20.0
1.0
239.0
1761.0
46.0
17.0
764.0
9.0
3.0
108.0
9.0
13.0
59.0
2.0
254.0
1.0
1.0
3.0
1.0
7.0
1.0
1.0
2.0
337.0
3.0
8.0
3.0
1.0
11.0
1.0
4.0
1.0
4.0
114.0
1.0
4.0
1.0
8.0
2.0
8.0
1.0
1.0
11.0
5.0
1.0
12.0
34.0
1.0
987.0
1.0
5.0
790.0
1.0
2201.0
2.0
2.0
3.0
19.0
4.0
3.0
47.0
1.0
1.0
3.0
134.0
64.0
10.0
1.0
5.0
2.0
119.0
1.0
5.0
228.0
3.0
4.0
1.0
1.0
670.0
1.0
13.0
1.0
25.0
11.0
1.0
1.0
463.0
3.0
3.0
74.0
11.0
444.0
1.0
3.0
1.0
3.0
59.0
1.0
3.0
1.0
1465.0
1714.0
1.0
2.0
2.0
66.0
3.0
11.0
47.0
1.0
1.0
3851.0
4.0
1.0
9.0
5001.0
2.0
1.0
20.0
1.0
1.0
200.0
57.0
3.0
1.0
3.0
65.0
1.0
1.0
31.0
3.0
8.0
3.0
501.0
508.0
32.0
115.0
7.0
600.0
1.0
19.0
3.0
2.0
62.0
5.0
2.0
2.0
1.0
3.0
30.0
13.0
933.0
3.0
1.0
6.0
7.0
16.0
5.0
2.0
3.0
1.0
4.0
2.0
1.0
1.0
3.0
1.0
1206.0
889.0
3.0
1.0
1.0
1.0
1.0
3.0
627.0
3.0
1266.0
12.0
6.0
1.0
1.0
297.0
40.0
3.0
19.0
4.0
76.0
136.0
11.0
3.0
4.0
9.0
3.0
1.0
2.0
3.0
3.0
3.0
7.0
1.0
1.0
70.0
138.0
14.0
6.0
2.0
3.0
3.0
49.0
24.0
1832.0
34.0
4.0
5.0
1903.0
1.0
1.0
4.0
2.0
17.0
1.0
1.0
2.0
4.0
1.0
1507.0
76.0
1.0
2352.0
1.0
3.0
5.0
11.0
2.0
1.0
644.0
79.0
5.0
17.0
2.0
3.0
3383.0
1.0
1.0
3.0
19.0
3.0
8.0
8.0
1.0
1.0
75.0
2.0
131.0
1.0
3.0
288.0
229.0
697.0
59.0
5.0
1955.0
49.0
2.0
1.0
217.0
9.0
4.0
3.0
8.0
1.0
878.0
1.0
13.0
1.0
5.0
102.0
19.0
4.0
5.0
11.0
2.0
119.0
814.0
7.0
1.0
160.0
3.0
24.0
67.0
19.0
3.0
351.0
9.0
3.0
24.0
1.0
1.0
1.0
1.0
1.0
4.0
1031.0
1.0
24.0
1.0
272.0
1.0
1.0
1.0
292.0
3.0
2.0
49.0
1.0
3.0
38.0
1.0
66.0
144.0
2.0
23.0
11.0
41.0
1.0
674.0
13.0
47.0
39.0
3.0
17.0
18.0
1.0
2.0
869.0
2.0
2.0
3.0
3.0
1.0
17.0
6.0
3.0
273.0
1.0
4.0
3.0
3.0
1.0
543.0
3.0
1.0
35.0
19.0
2.0
2706.0
47.0
3.0
36.0
3.0
171.0
419.0
3.0
3.0
52.0
3.0
3.0
569.0
10.0
2.0
556.0
271.0
1235.0
4.0
12.0
36.0
4.0
632.0
3.0
1.0
1.0
65.0
4.0
6.0
5.0
1.0
2.0
3.0
2.0
1.0
19.0
10.0
1.0
3.0
1.0
2.0
5.0
3.0
7.0
89.0
8.0
3.0
5.0
8.0
1.0
6.0
1.0
902.0
407.0
3.0
8.0
59.0
3.0
2.0
1.0
117.0
4.0
7.0
69.0
98.0
2.0
3.0
2.0
63.0
3.0
2.0
6.0
3.0
8.0
16.0
23.0
3.0
3.0
1.0
36.0
9.0
1.0
19.0
15502.0
697.0
1.0
1.0
282.0
1.0
1228.0
10.0
13.0
4.0
425.0
3.0
6415.0
35.0
3.0
5.0
3.0
1.0
2.0
46.0
8.0
3.0
1.0
11.0
15219.0
12.0
5.0
13.0
1.0
6.0
1.0
8.0
1.0
1.0
1.0
39.0
596.0
687.0
174.0
3.0
417.0
3.0
4.0
32.0
4.0
96.0
2.0
76.0
1.0
1107.0
4.0
7.0
4.0
35.0
1.0
50.0
143.0
2.0
15.0
7.0
1.0
1.0
2.0
2.0
9.0
2.0
1.0
17.0
8.0
3.0
21.0
3.0
256.0
58.0
1.0
1.0
92.0
1.0
1.0
3.0
1.0
12.0
14.0
1.0
3.0
1.0
2.0
3.0
1.0
22.0
1.0
9.0
3.0
2.0
1.0
1.0
9.0
3.0
8.0
1.0
99.0
3.0
1.0
1.0
1.0
3.0
1.0
2.0
4.0
3.0
2.0
1.0
1.0
3.0
3.0
3.0
2.0
3.0
1.0
1.0
24.0
4.0
1.0
3.0
3.0
1029.0
33.0
1.0
3.0
1.0
2.0
2.0
7.0
1018.0
4.0
18.0
1.0
1.0
1.0
3.0
3.0
27.0
3.0
3.0
99.0
2751.0
11.0
193.0
3.0
1.0
3.0
3.0
4044.0
5.0
1.0
1.0
7881.0
135.0
1.0
6.0
8.0
1.0
288.0
1.0
1.0
4.0
2.0
1.0
1.0
3.0
24.0
1.0
134.0
15.0
14385.0
2.0
4.0
1.0
1004.0
288.0
1.0
1159.0
7.0
3.0
7.0
196.0
737.0
1.0
27.0
15.0
7.0
7.0
239.0
1986.0
1.0
3.0
1.0
236.0
7.0
3.0
1.0
32.0
22.0
44.0
19.0
3.0
33.0
8.0
112.0
3.0
3.0
14.0
3.0
311.0
1.0
1.0
51.0
959.0
39.0
1.0
2.0
1.0
8.0
4.0
3.0
2.0
3.0
3.0
1.0
57.0
88.0
21.0
3591.0
24.0
7.0
93.0
3.0
3.0
1.0
1832.0
18.0
24.0
18.0
45.0
46.0
4.0
1.0
3.0
121.0
1.0
69.0
185.0
367.0
178.0
1102.0
3473.0
288.0
665.0
3.0
4597.0
1.0
3.0
1065.0
17.0
8.0
4.0
25.0
2.0
1.0
1.0
2.0
2.0
48.0
1.0
1.0
45.0
2.0
525.0
390.0
108.0
17.0
17.0
19.0
166.0
2.0
8.0
3.0
1.0
6.0
1.0
1.0
10.0
1229.0
3.0
649.0
7.0
1.0
20.0
2.0
2.0
8.0
78.0
29.0
1.0
2.0
3.0
52.0
4.0
1.0
3.0
3.0
19.0
1.0
1.0
1.0
2.0
1.0
88474.0
3.0
80.0
1.0
3.0
3.0
516.0
20.0
7.0
228.0
1.0
14.0
13.0
3.0
1.0
3.0
38.0
3.0
355.0
1.0
1.0
348.0
634.0
4.0
14189.0
288.0
1.0
1.0
13.0
64.0
1.0
17.0
3.0
1.0
2.0
5.0
5.0
2.0
5.0
4.0
3.0
17.0
20.0
2.0
1.0
324.0
110.0
4.0
701.0
8.0
3.0
28.0
3.0
2.0
51.0
4.0
19.0
13.0
55.0
2.0
3.0
15.0
3.0
9.0
1.0
1.0
3.0
1.0
17.0
659.0
102.0
77.0
924.0
3.0
16036.0
14.0
1.0
9.0
6.0
8.0
1.0
52.0
142.0
919.0
1.0
3.0
3367.0
1.0
19.0
2.0
68.0
1.0
5.0
16.0
59.0
2.0
1.0
2392.0
8.0
3.0
1.0
266.0
1.0
666.0
1.0
15.0
17.0
1.0
1.0
1.0
1689.0
1.0
24.0
591.0
124.0
1535.0
1.0
55.0
1.0
2.0
1.0
1.0
918.0
172.0
18.0
1.0
118.0
7.0
3.0
1.0
1.0
10.0
10.0
2765.0
21.0
3.0
1.0
2.0
2.0
107.0
7.0
1.0
4.0
101.0
1.0
18.0
2606.0
3.0
3.0
8.0
29.0
25.0
4.0
3.0
24.0
2.0
409.0
5.0
1181.0
3.0
472.0
3.0
202.0
5.0
542.0
1.0
302.0
7818.0
3.0
3.0
2.0
560.0
948.0
3.0
1.0
1.0
2.0
9.0
2.0
10.0
213.0
863.0
3.0
3.0
573.0
1.0
1.0
17.0
2.0
6.0
1.0
1483.0
207.0
870.0
159.0
4.0
14.0
2.0
2.0
19.0
3.0
7.0
1.0
20.0
2.0
7.0
34.0
1.0
3.0
19.0
3.0
8.0
3.0
12.0
3.0
7.0
5.0
2.0
3.0
334.0
10.0
116.0
3.0
307.0
839.0
2.0
7.0
3.0
3.0
1.0
1.0
18.0
1.0
3.0
3.0
2.0
212.0
2.0
3.0
282.0
1.0
2.0
648.0
1.0
2.0
1.0
5.0
108.0
707.0
408.0
24.0
88.0
1.0
4.0
1.0
3.0
23.0
6.0
3.0
1.0
74.0
4.0
249.0
221.0
2.0
3075.0
3.0
1.0
10302.0
120.0
2.0
6.0
225.0
39.0
33.0
60.0
12.0
596.0
26.0
1.0
5.0
1.0
3.0
501.0
7.0
15.0
6.0
790.0
362.0
226.0
1.0
3.0
2.0
92.0
1.0
2.0
3.0
2.0
1908.0
4.0
3.0
3.0
8.0
1.0
79.0
1.0
88.0
3.0
3.0
1.0
1.0
7.0
1.0
45.0
95.0
4.0
1.0
1.0
16.0
1.0
23.0
1.0
5.0
467.0
87.0
47.0
30.0
1020.0
4.0
304.0
1.0
1.0
2.0
117.0
4.0
4.0
1.0
5.0
264.0
1.0
1.0
3.0
3.0
19.0
1.0
4.0
81.0
3.0
28.0
1.0
1.0
3122.0
75.0
7.0
1.0
14781.0
1.0
243.0
3.0
2.0
9.0
211.0
1.0
8.0
1.0
1.0
3.0
1.0
12.0
1.0
1.0
1.0
24.0
1.0
3.0
2.0
1.0
255.0
9.0
1.0
198.0
107.0
119.0
6.0
5.0
34.0
27.0
1.0
4.0
4.0
3.0
52.0
6.0
1.0
1.0
1.0
1.0
1.0
1.0
75.0
1.0
4.0
22.0
3.0
27.0
1.0
4.0
4.0
374.0
50.0
1.0
5.0
370.0
1.0
63.0
1.0
3.0
377.0
1.0
70.0
27.0
1.0
2.0
84.0
7.0
106.0
10.0
2.0
2835.0
3.0
3.0
132.0
15.0
1.0
34.0
11895.0
3.0
1.0
1.0
2513.0
1.0
14.0
11.0
16.0
7909.0
4.0
1.0
6.0
4.0
11.0
3.0
1.0
22.0
1.0
5201.0
6.0
23.0
20.0
1127.0
2.0
1.0
94.0
26.0
14.0
1.0
7.0
32.0
3.0
1.0
2.0
30.0
23.0
26.0
3.0
3.0
8.0
5.0
3.0
1.0
1.0
1.0
3.0
1.0
5045.0
26.0
34.0
4.0
5.0
3.0
2.0
1.0
102.0
360.0
40.0
3.0
86925.0
40.0
6.0
1.0
3.0
20.0
1.0
1.0
2.0
3.0
1.0
5.0
1.0
519.0
1185.0
2.0
114.0
1.0
2.0
1.0
3.0
342.0
10.0
3.0
674.0
7.0
7.0
289.0
18.0
20.0
62.0
15.0
5.0
3.0
1069.0
58.0
14.0
155.0
233.0
1471.0
144.0
3598.0
13.0
1.0
1.0
3.0
3.0
10.0
1617.0
1.0
4.0
1.0
351.0
208.0
1.0
1.0
116.0
3.0
974.0
4.0
2.0
9.0
3.0
1.0
79.0
1.0
1.0
1.0
468.0
59.0
55.0
3.0
5.0
3.0
4.0
126.0
2.0
2.0
1.0
24.0
76.0
3.0
2.0
9.0
561.0
1256.0
3.0
159.0
81.0
164.0
1.0
92.0
4.0
237.0
1.0
5698.0
3.0
1.0
13840.0
25.0
1.0
71.0
16.0
826.0
1.0
5.0
253.0
1.0
2.0
2.0
3183.0
1.0
1.0
1.0
184.0
1018.0
1.0
292.0
8.0
55.0
1.0
4.0
14.0
580.0
3.0
1.0
5.0
13.0
2.0
1.0
9.0
1.0
27.0
1.0
77.0
112.0
3.0
3.0
265.0
1.0
1.0
1018.0
1.0
1.0
3.0
206.0
14.0
1.0
929.0
1.0
2.0
3.0
7.0
2.0
430.0
17.0
1.0
5.0
2.0
3.0
1.0
5.0
37.0
932.0
3.0
273.0
106.0
7.0
2.0
469.0
15.0
3783.0
8.0
1.0
6.0
3.0
1.0
1482.0
1.0
2.0
3.0
17.0
4.0
77.0
341.0
5.0
3.0
3.0
318.0
45.0
5.0
3.0
1.0
9.0
1.0
1.0
4.0
3.0
25.0
1.0
282.0
950.0
1111.0
355.0
6.0
618.0
12.0
8.0
1.0
3.0
705.0
434.0
8.0
6.0
1.0
3.0
1.0
457.0
1170.0
2.0
2.0
22.0
3.0
3.0
74.0
3.0
28.0
2.0
35.0
43.0
3.0
1.0
3.0
4.0
2.0
3.0
5.0
1.0
3.0
2.0
961.0
2.0
18.0
3.0
46.0
1.0
1.0
12.0
3.0
3.0
87.0
3.0
73.0
155.0
73.0
246.0
655.0
297.0
14.0
1129.0
8.0
55.0
78.0
4.0
2.0
959.0
1.0
8.0
8.0
1.0
1.0
26.0
331.0
3.0
1.0
3.0
2.0
3.0
3.0
514.0
1.0
1.0
3.0
3.0
72.0
1.0
3.0
1.0
9.0
5.0
5.0
9.0
77.0
1.0
2.0
12.0
1.0
1.0
3.0
1.0
959.0
2.0
4.0
1.0
1.0
9.0
225.0
1.0
5.0
1.0
2.0
1.0
45.0
2.0
18.0
65.0
892.0
9.0
2.0
576.0
1018.0
7.0
1.0
1.0
48.0
2.0
1.0
1.0
10.0
73.0
3.0
1.0
1.0
4.0
50.0
1.0
20.0
3.0
3.0
135.0
11.0
672.0
34.0
238.0
1.0
3.0
27.0
19.0
4.0
2.0
8.0
1.0
3.0
9.0
1.0
3.0
1.0
3.0
9.0
286.0
1.0
1.0
96.0
9.0
1.0
1.0
5.0
1.0
1.0
1.0
1.0
1.0
10.0
68.0
3.0
16.0
1.0
121.0
110.0
6.0
1.0
1.0
1.0
728.0
2.0
2.0
6.0
3.0
73.0
12.0
1.0
15.0
11.0
1001.0
1.0
1.0
3.0
4.0
1.0
2.0
1.0
30.0
24.0
11765.0
18.0
1.0
3.0
20.0
656.0
1.0
1.0
633.0
3.0
12.0
4.0
1.0
6.0
4.0
3.0
1.0
6.0
1.0
903.0
1.0
3.0
236.0
2.0
14.0
1.0
678.0
29.0
2.0
2.0
11.0
2.0
807.0
69.0
3.0
9.0
2.0
370.0
1.0
1.0
7.0
4.0
7.0
1.0
3.0
4.0
1.0
1.0
981.0
288.0
2.0
1.0
157.0
2265.0
1231.0
3.0
14.0
1.0
18.0
709.0
1.0
1.0
2.0
6.0
45.0
1.0
1.0
5.0
2.0
1.0
13256.0
20.0
349.0
1.0
1.0
1.0
1.0
2.0
1.0
1.0
1.0
3154.0
649.0
1.0
1.0
2.0
10335.0
97.0
2.0
6.0
2.0
1.0
235.0
2.0
178.0
1.0
472.0
4.0
1.0
74.0
282.0
3.0
84.0
1.0
23.0
1.0
2.0
1.0
531.0
2.0
1.0
12.0
4.0
3.0
1.0
157.0
3.0
9.0
591.0
3.0
1.0
1.0
20.0
3.0
1.0
1.0
1.0
5.0
2.0
1.0
3.0
41.0
786.0
1.0
12.0
989.0
1.0
37.0
1.0
24.0
9.0
1663.0
282.0
837.0
16.0
1.0
45.0
82.0
38.0
1.0
68.0
6.0
4.0
6.0
7.0
201.0
7.0
3.0
18.0
1.0
8.0
30.0
1.0
9.0
2.0
3.0
10.0
72.0
4.0
103.0
5.0
3.0
14.0
1.0
8.0
3.0
46.0
1.0
5.0
10.0
44.0
1.0
1.0
9.0
2.0
3.0
9.0
1.0
1.0
2.0
20.0
1.0
3.0
1.0
78.0
3.0
1016.0
5.0
75.0
3.0
12.0
8.0
7.0
3.0
11.0
92.0
4.0
50.0
177.0
404.0
1.0
12.0
1.0
5.0
1.0
1.0
30.0
1.0
12.0
227.0
3.0
6444.0
13.0
2.0
48.0
635.0
2253.0
930.0
1246.0
3.0
9.0
670.0
676.0
122.0
3.0
2.0
14.0
6.0
23.0
1.0
1.0
36.0
3.0
3.0
7.0
645.0
1.0
1.0
659.0
1.0
1.0
2.0
11.0
99.0
50.0
3.0
31.0
1956.0
1.0
4.0
2.0
742.0
23.0
164.0
648.0
721.0
3186.0
184.0
1.0
16.0
49.0
3.0
3.0
3.0
2.0
33.0
571.0
2.0
3.0
63.0
194.0
2.0
8.0
2.0
15.0
191.0
45.0
113.0
80.0
2.0
1.0
1.0
1.0
2.0
39.0
18.0
1.0
11.0
1.0
9.0
3.0
2.0
2.0
4.0
1.0
2.0
6.0
27.0
3634.0
10.0
6.0
1.0
1.0
12.0
1.0
1.0
3.0
1807.0
1.0
3.0
3.0
12.0
1.0
611.0
98.0
1.0
143.0
227.0
10.0
9.0
3.0
20.0
164.0
74.0
7.0
22.0
4.0
47.0
1.0
1.0
8.0
815.0
4.0
555.0
17.0
1.0
39.0
135.0
3.0
1.0
9.0
3.0
38.0
979.0
2.0
814.0
889.0
3.0
256.0
1.0
108.0
37.0
1.0
3.0
34.0
17.0
2.0
65.0
364.0
2.0
60.0
3.0
3.0
483.0
52.0
1.0
1.0
1.0
1.0
1179.0
14.0
5.0
282.0
1.0
3.0
3.0
1.0
1631.0
9.0
14.0
3.0
3.0
231.0
1.0
57.0
1.0
1.0
3.0
4.0
3.0
3.0
1.0
15.0
12.0
2.0
1.0
21.0
1.0
74.0
70.0
1.0
10.0
1.0
33.0
132.0
3.0
1.0
2.0
1.0
829.0
110.0
1.0
2.0
1.0
5.0
699.0
1.0
3.0
4.0
5.0
179.0
9.0
8.0
3.0
25.0
4.0
15.0
2.0
596.0
2.0
338.0
1.0
256.0
2.0
9.0
73.0
3.0
3.0
189.0
2.0
1195.0
16.0
149.0
53.0
1.0
705.0
1.0
83.0
2.0
1.0
1225.0
3.0
1.0
9.0
324.0
1.0
4.0
3.0
1.0
1.0
44.0
1.0
1.0
53.0
1.0
70.0
33.0
12.0
1.0
1.0
4.0
6.0
4.0
23.0
351.0
3.0
1363.0
252.0
1.0
1.0
6.0
3.0
2.0
5.0
7.0
1.0
1.0
13.0
184.0
2.0
8.0
33.0
591.0
1.0
129.0
2.0
13.0
39.0
1.0
1642.0
1010.0
1.0
1.0
1.0
24.0
3.0
2.0
696.0
1.0
457.0
10.0
125.0
2.0
92.0
10.0
3.0
3.0
1.0
16.0
3.0
1.0
368.0
2.0
12.0
1.0
654.0
151.0
3840.0
1.0
29.0
18.0
3.0
2.0
1.0
4.0
839.0
5.0
1.0
1.0
40.0
9.0
8.0
7.0
2.0
24.0
1.0
320.0
18.0
281.0
2.0
74.0
423.0
1.0
10.0
228.0
1.0
2.0
1200.0
6.0
4.0
28.0
19.0
2.0
3.0
1.0
1.0
18.0
96.0
25.0
6.0
10.0
69.0
10.0
56.0
1.0
7.0
1.0
4.0
1256.0
6.0
65.0
2.0
1.0
235.0
24.0
117.0
2.0
2.0
1.0
1.0
5037.0
1.0
12.0
4.0
2.0
3.0
596.0
623.0
4.0
344.0
2.0
17.0
7.0
1.0
2.0
3.0
25.0
4.0
3.0
1.0
2.0
34.0
6.0
1.0
1.0
2.0
8.0
3.0
17.0
10.0
43.0
65.0
5780.0
66.0
4.0
10.0
2.0
65.0
689.0
17.0
13.0
102.0
1.0
3.0
1851.0
5.0
1.0
17.0
1.0
31.0
3.0
2.0
1.0
1.0
379.0
49.0
3.0
11.0
1.0
2.0
64.0
5788.0
10.0
1.0
2.0
8.0
2.0
1.0
1.0
7.0
1.0
3.0
3.0
2.0
3.0
4.0
61.0
1.0
1.0
4.0
1.0
717.0
1.0
2.0
4.0
1.0
355.0
4.0
1.0
282.0
3.0
1.0
1.0
437.0
23.0
1.0
3.0
6.0
13.0
2.0
288.0
3.0
1.0
3.0
2.0
2.0
11.0
1.0
45.0
3.0
1.0
59.0
1.0
2.0
5.0
771.0
2798.0
2.0
1.0
2.0
7.0
9.0
2.0
8.0
2.0
40.0
1.0
73.0
351.0
1.0
3.0
2.0
3.0
1.0
3.0
216.0
3.0
3.0
3.0
1.0
8.0
2.0
1.0
3.0
1.0
737.0
1.0
397.0
312.0
10.0
7.0
21.0
1.0
1.0
3.0
2.0
1.0
31.0
1.0
3.0
2.0
1.0
2.0
3.0
1.0
7.0
41.0
2.0
2.0
1650.0
2.0
2.0
1.0
8.0
1.0
434.0
1.0
27.0
379.0
18.0
2.0
5.0
278.0
1.0
35.0
2.0
1.0
432.0
2.0
4.0
85.0
3.0
1.0
74.0
11.0
2.0
3.0
65.0
4.0
2.0
4.0
50.0
11.0
62.0
1.0
3.0
17.0
10.0
7.0
3.0
1.0
280.0
3.0
13.0
54.0
2.0
8.0
4.0
2.0
6.0
9.0
1.0
129.0
6.0
3.0
6.0
230.0
43.0
1.0
27.0
106.0
3.0
42.0
3.0
254.0
2.0
23.0
5.0
1.0
2.0
13.0
1.0
3.0
264.0
1.0
22.0
79.0
3.0
338.0
2.0
9.0
6.0
53.0
8.0
299.0
1.0
1.0
2.0
2.0
3.0
3.0
1.0
252.0
2.0
2.0
8.0
2.0
13.0
1.0
2.0
677.0
114.0
259.0
2919.0
1663.0
424.0
25.0
24.0
1.0
2.0
5.0
3.0
1.0
1.0
15.0
5314.0
12.0
1.0
1.0
1.0
3.0
3.0
7.0
1653.0
143.0
2.0
3.0
1.0
9.0
1.0
1.0
2.0
1.0
1.0
1.0
19.0
3.0
19.0
1.0
17.0
1.0
1.0
569.0
3.0
3.0
21.0
1173.0
3.0
1.0
2.0
3.0
903.0
3471.0
5.0
88.0
3.0
29.0
2.0
1.0
4.0
1700.0
3.0
1.0
2.0
11.0
2.0
1.0
1.0
3.0
157.0
68345.0
7.0
2.0
366.0
1.0
43.0
1.0
2.0
3.0
3.0
1613.0
307.0
1.0
8.0
19.0
9.0
1761.0
105.0
3.0
3.0
9.0
132.0
14.0
65.0
1.0
1.0
3.0
1.0
6.0
152.0
1.0
1.0
1.0
23.0
1.0
13.0
20.0
933.0
20.0
1.0
1.0
355.0
596.0
7.0
1.0
2.0
6.0
2.0
9.0
1.0
3.0
2.0
1.0
814.0
5.0
11.0
3.0
2.0
1.0
9.0
10.0
977.0
1.0
9.0
3.0
1.0
1.0
9.0
2.0
3.0
3.0
1.0
950.0
1.0
48.0
3.0
2.0
1.0
3.0
3.0
4352.0
8.0
1.0
157.0
37.0
20.0
346.0
3.0
16.0
15.0
4.0
10.0
3.0
3.0
24.0
1.0
1.0
95.0
1.0
3.0
58.0
4612.0
1.0
68.0
8.0
1.0
347.0
40.0
1.0
288.0
5.0
3.0
3.0
351.0
1207.0
2.0
4.0
3.0
571.0
3.0
24.0
4.0
1.0
1.0
163.0
1.0
2.0
17.0
260.0
1.0
675.0
1.0
20.0
1.0
1.0
751.0
8.0
12.0
4.0
55.0
19.0
1.0
2.0
3.0
2.0
1272.0
2.0
2.0
3.0
351.0
29.0
3.0
5.0
1.0
1646.0
3.0
1.0
1.0
1.0
3.0
242.0
1.0
1.0
1.0
1.0
1228.0
19.0
2.0
2.0
1.0
1.0
6.0
2.0
3.0
18.0
2.0
2.0
1.0
2.0
125.0
3.0
9.0
1.0
17.0
532.0
4.0
3.0
2.0
398.0
28.0
1.0
25.0
153.0
1.0
31.0
8.0
1.0
2.0
107.0
2.0
4.0
17.0
3.0
3.0
103.0
4.0
1458.0
2.0
1.0
1.0
9.0
2.0
7.0
27.0
4.0
1.0
32.0
34.0
3.0
13.0
19.0
4137.0
41.0
943.0
33.0
57.0
3.0
3.0
1.0
2.0
2.0
3.0
3.0
1080.0
1.0
9.0
270.0
1.0
157.0
3.0
2.0
1.0
31.0
1.0
3.0
3.0
923.0
3.0
5.0
13.0
3.0
2.0
1.0
24.0
3.0
3.0
4.0
7.0
28.0
3.0
3.0
9.0
3.0
8.0
59.0
2846.0
2.0
3.0
1231.0
1.0
293.0
531.0
3.0
20.0
2.0
3.0
1.0
249.0
6.0
1.0
8.0
1.0
3.0
3.0
2.0
3.0
4.0
1.0
3.0
3.0
73.0
16.0
51.0
2.0
3.0
596.0
1.0
1.0
1.0
2.0
2.0
17.0
3.0
2.0
3.0
1.0
1.0
3.0
66.0
56.0
10.0
14.0
6.0
7.0
8.0
140.0
2.0
8.0
3.0
2.0
3.0
1.0
1.0
435.0
3.0
19.0
3.0
5.0
72.0
785.0
1.0
9.0
1.0
2.0
4.0
75.0
1.0
3.0
1.0
959.0
6.0
16.0
47.0
314.0
3.0
3.0
68.0
24.0
895.0
2.0
250.0
73.0
1.0
9.0
1.0
6.0
1.0
14.0
1.0
199.0
1.0
1.0
29.0
2.0
2.0
325.0
1.0
42.0
1.0
3.0
1.0
1.0
445.0
2.0
2.0
1.0
1.0
3.0
50.0
930.0
1.0
2.0
4.0
15.0
2.0
1.0
2.0
2.0
10.0
3200.0
38.0
2.0
47.0
3.0
2.0
1.0
1.0
389.0
3.0
14175.0
1960.0
3.0
1.0
1018.0
2.0
108.0
49.0
2.0
1.0
3.0
2.0
3.0
297.0
5.0
5.0
31.0
1.0
1.0
56.0
3.0
2.0
2.0
29.0
1.0
1314.0
42.0
1.0
3.0
8.0
5.0
4.0
2.0
1.0
3.0
3.0
20.0
13.0
8.0
2.0
1.0
1.0
1.0
1.0
16.0
34.0
1.0
7.0
1.0
19.0
65.0
339.0
2.0
1.0
1.0
423.0
1.0
2.0
3.0
648.0
2.0
1.0
215.0
3.0
1.0
1.0
8.0
796.0
9.0
2.0
1.0
10.0
663.0
1.0
16.0
1.0
1.0
1.0
18.0
4.0
3690.0
19.0
1.0
69.0
1.0
3.0
26.0
3.0
6083.0
64.0
2.0
8.0
1.0
7.0
772.0
2.0
1.0
1.0
2.0
459.0
250.0
3.0
18.0
19.0
3.0
192.0
288.0
1469.0
2.0
372.0
103.0
126.0
16528.0
12.0
95.0
1.0
46.0
4.0
4.0
1.0
1171.0
10.0
685.0
2.0
1.0
1.0
313.0
2.0
900.0
259.0
3.0
4.0
3.0
503.0
4.0
3.0
23.0
323.0
1.0
527.0
14.0
1003.0
3.0
1.0
15.0
169.0
3.0
3.0
217.0
3.0
6.0
221.0
3.0
3.0
3.0
2.0
2.0
8.0
1.0
2.0
3.0
3.0
4.0
3.0
3.0
1593.0
12.0
12.0
2.0
1.0
3.0
1.0
2.0
937.0
1.0
351.0
2.0
2.0
3.0
2.0
3.0
160.0
185.0
4.0
4.0
358.0
3.0
3.0
1.0
2152.0
1.0
2.0
2.0
145.0
22.0
21.0
1.0
1.0
12.0
1.0
1.0
1.0
5.0
457.0
102.0
25.0
1.0
465.0
1.0
2.0
1.0
1.0
6.0
1.0
3.0
1.0
56.0
60.0
39.0
19.0
4.0
7.0
3.0
96.0
1.0
2.0
13.0
2.0
1.0
1.0
1.0
65.0
31.0
1.0
45.0
1.0
833.0
4701.0
1.0
7844.0
7.0
1.0
1.0
4299.0
769.0
3.0
2.0
8.0
1817.0
1.0
1.0
1.0
1.0
1.0
1.0
3.0
76.0
232.0
3.0
1.0
2.0
19.0
1.0
36.0
8.0
1.0
19.0
1.0
1.0
15.0
26.0
1.0
2.0
3.0
1.0
3.0
1.0
1.0
1.0
75.0
1.0
4445.0
12.0
6.0
3.0
3.0
1.0
1.0
2870.0
3.0
207.0
351.0
824.0
72.0
1.0
1.0
2.0
4.0
3.0
1.0
2.0
1229.0
3.0
1.0
4.0
1.0
37.0
8.0
2.0
4.0
46.0
1.0
2.0
2.0
4.0
3.0
133.0
289.0
10.0
282.0
1.0
169.0
8.0
6.0
1.0
9.0
1.0
3.0
2.0
105.0
1.0
31.0
78.0
69.0
3.0
1.0
3.0
3.0
3.0
20.0
174.0
1.0
8.0
2.0
1.0
18.0
1.0
8.0
1501.0
6.0
64.0
3.0
97.0
1.0
149.0
1.0
9.0
1.0
1.0
1.0
1.0
8.0
3.0
1078.0
1.0
6.0
1.0
17.0
5.0
39.0
2.0
10.0
2.0
11.0
6284.0
3.0
1.0
3.0
989.0
7.0
1.0
47.0
1023.0
3.0
1.0
3.0
3.0
8.0
555.0
298.0
112.0
38.0
1.0
37.0
1.0
1.0
1.0
3.0
4.0
1.0
5.0
39.0
3.0
107.0
1028.0
2.0
8.0
1.0
1.0
1.0
1.0
961.0
3.0
98.0
21.0
1.0
8.0
96.0
1136.0
3.0
1222.0
3.0
3.0
2.0
282.0
756.0
3578.0
116.0
10.0
1225.0
8.0
6.0
152.0
4.0
611.0
889.0
65.0
175.0
413.0
10.0
1.0
10.0
1.0
12.0
192.0
1397.0
24.0
28.0
3.0
18.0
3.0
1.0
182.0
3.0
19.0
3.0
1.0
116.0
4.0
31.0
2064.0
38.0
4.0
62.0
1.0
11.0
12.0
3.0
4.0
2.0
640.0
1.0
1.0
1.0
4.0
3.0
467.0
2428.0
48.0
848.0
11.0
2.0
4.0
32.0
278.0
39.0
4323.0
3.0
3.0
140.0
2.0
2.0
55.0
3.0
3.0
3.0
3.0
4.0
5.0
8.0
255.0
2.0
3.0
28.0
4.0
4.0
30.0
1.0
84.0
5.0
1.0
1.0
2.0
2.0
1.0
1.0
542.0
2.0
39.0
986.0
328.0
164.0
5.0
6.0
34.0
253.0
1.0
351.0
103.0
21.0
602.0
1960.0
6.0
5.0
3.0
1186.0
41.0
3.0
16.0
3.0
3.0
1080.0
1.0
1.0
4.0
978.0
1.0
1.0
1.0
1.0
1.0
1.0
1.0
8.0
1.0
1.0
31.0
342.0
2.0
7.0
341.0
3.0
17.0
1.0
3.0
1.0
3.0
2.0
1.0
5.0
3.0
7.0
2.0
108.0
8.0
1.0
1.0
1.0
2.0
6.0
2.0
1.0
53.0
1.0
139.0
3.0
22.0
4.0
1.0
8002.0
3.0
2.0
3.0
5.0
3.0
1.0
1.0
1.0
980.0
1.0
67.0
1.0
2.0
117.0
8.0
6.0
1.0
3.0
2.0
2.0
3200.0
5.0
1.0
2.0
2.0
8.0
1601.0
1.0
1.0
1.0
3.0
2.0
3.0
1.0
2.0
1466.0
65.0
8.0
331.0
2.0
24.0
1.0
1064.0
68.0
4.0
17.0
451.0
1628.0
1443.0
3.0
1.0
3.0
1.0
2.0
1117.0
1241.0
6.0
1.0
221.0
1.0
405.0
9.0
181.0
43.0
1.0
938.0
2.0
1.0
2.0
1.0
5.0
3.0
2.0
2.0
1.0
447.0
8.0
45.0
142.0
2.0
4.0
4.0
194.0
870.0
3.0
1.0
40.0
1.0
1.0
2.0
2.0
1.0
62.0
1.0
3.0
9.0
2.0
1.0
3.0
11.0
1.0
91.0
1.0
152.0
3.0
4.0
3.0
1.0
3.0
1.0
16.0
3.0
4.0
1.0
17.0
435.0
1.0
3.0
108.0
972.0
181.0
1.0
5.0
496.0
1.0
143.0
56.0
1.0
351.0
1.0
2.0
4.0
122.0
7.0
1.0
1.0
66.0
389.0
1.0
1.0
2.0
67.0
3.0
517.0
17.0
83.0
288.0
1748.0
3.0
1.0
1712.0
40.0
292.0
612.0
1.0
16.0
872.0
1.0
16.0
4.0
2.0
383.0
2.0
2.0
1.0
14.0
3.0
1.0
6.0
24.0
40.0
31.0
9.0
3.0
344.0
2.0
1.0
3.0
2.0
2.0
4.0
17.0
26.0
1.0
3.0
13.0
12.0
145.0
3.0
1.0
2.0
1.0
1361.0
63.0
1.0
1.0
5.0
2.0
42.0
29.0
2.0
3.0
1.0
2463.0
4094.0
1.0
3.0
1.0
3.0
66.0
3.0
89.0
6.0
16.0
2.0
1.0
3.0
6.0
351.0
4.0
1.0
2334.0
19.0
1.0
3.0
2.0
8.0
576.0
1.0
12.0
1.0
230.0
3.0
1.0
6.0
1.0
1.0
12.0
10.0
11.0
1.0
5.0
9.0
3.0
49.0
82.0
11.0
457.0
19.0
10.0
3.0
1.0
3.0
3.0
1.0
130.0
11.0
12.0
71.0
4.0
1.0
1.0
1.0
1.0
1.0
1.0
10.0
100.0
3.0
56.0
3.0
2.0
1.0
8.0
3.0
781.0
4.0
12.0
3.0
14.0
1.0
4.0
2.0
307.0
1.0
1.0
2.0
474.0
1.0
9.0
1.0
275.0
1.0
3.0
1780.0
1.0
259.0
3.0
408.0
3.0
1.0
3.0
1.0
3.0
1.0
34.0
3.0
1.0
9.0
49.0
11.0
1.0
244.0
1.0
1.0
9.0
6.0
37.0
1.0
11.0
45.0
1.0
102.0
3.0
1.0
103.0
1806.0
105.0
3.0
1.0
2.0
3.0
3.0
4.0
382.0
1.0
615.0
2.0
7.0
8.0
3.0
39.0
57.0
7.0
55.0
2.0
39.0
1.0
198.0
3.0
892.0
3.0
9.0
292.0
1.0
1.0
37.0
30.0
485.0
6.0
1.0
3.0
421.0
12.0
5.0
4.0
4.0
19.0
2.0
1.0
4.0
2.0
15.0
10.0
2.0
3.0
1.0
1.0
1.0
704.0
1.0
284.0
3.0
4.0
7.0
177.0
3.0
3.0
351.0
4.0
1432.0
54.0
42.0
3.0
12.0
55.0
2.0
2.0
313.0
12.0
1.0
274.0
284.0
1.0
175.0
3.0
70.0
2.0
239.0
3.0
4.0
3.0
1.0
14.0
1669.0
117.0
2000.0
7.0
2.0
2.0
1.0
18.0
5.0
1.0
685.0
524.0
1.0
1633.0
151.0
59.0
4.0
1.0
2.0
2.0
1.0
34.0
10.0
254.0
3.0
2.0
1.0
422.0
1.0
2.0
5.0
5521.0
3.0
3.0
1.0
422.0
3.0
4.0
3.0
16.0
1899.0
6.0
2.0
1.0
1.0
3.0
2.0
1.0
6.0
65.0
2.0
554.0
2.0
1.0
2.0
19.0
1.0
9.0
3.0
773.0
797.0
1.0
31.0
1018.0
779.0
5.0
24.0
5.0
8.0
4.0
3.0
2.0
94.0
19.0
24.0
497.0
1.0
5.0
478.0
1.0
4.0
2.0
6.0
32.0
3.0
8.0
5.0
773.0
1.0
1.0
16.0
1411.0
4.0
1.0
4.0
39.0
1.0
3.0
3.0
3.0
4.0
1.0
13.0
8.0
7656.0
1.0
2.0
1.0
2.0
278.0
60.0
1.0
1.0
12.0
3.0
34.0
2.0
2.0
24.0
3156.0
3.0
2.0
1.0
1.0
2.0
3.0
14.0
3.0
3401.0
32.0
1.0
20.0
3.0
24.0
1.0
3.0
1.0
1.0
1.0
49.0
7.0
3.0
1.0
11688.0
396.0
1.0
3.0
326.0
219.0
12.0
3.0
11.0
4.0
5.0
3226.0
2.0
240.0
4.0
9.0
1.0
1.0
2348.0
1.0
39.0
6.0
78.0
190.0
36.0
1.0
4.0
1.0
9.0
3.0
4.0
3.0
601.0
1.0
8.0
1.0
6.0
91.0
3440.0
18.0
1.0
2.0
2.0
1.0
8.0
102.0
1.0
1018.0
1.0
4.0
548.0
3.0
1.0
3.0
955.0
3.0
56.0
1185.0
1.0
3.0
1.0
11.0
16.0
3.0
278.0
24.0
2.0
1.0
121.0
1941.0
1.0
42.0
17.0
1.0
7.0
70.0
3.0
786.0
1.0
239.0
227.0
5.0
1.0
1.0
1.0
426.0
8.0
3.0
6.0
3807.0
16.0
11.0
185.0
9.0
11.0
5.0
3.0
4.0
1.0
3.0
8.0
1.0
6.0
3.0
2.0
1.0
1694.0
743.0
5.0
2.0
2.0
2.0
3.0
154.0
6556.0
407.0
1.0
3.0
9.0
10.0
2.0
1.0
483.0
2.0
613.0
2.0
1.0
2.0
1.0
3.0
841.0
3.0
906.0
779.0
1.0
153.0
441.0
8919.0
1556.0
46.0
1.0
1.0
1.0
2.0
1.0
1.0
8.0
87.0
4.0
621.0
347.0
8.0
2.0
513.0
2.0
105.0
1.0
80.0
763.0
1.0
6.0
1.0
4.0
1.0
2.0
19.0
351.0
3.0
1018.0
9.0
40.0
47.0
1.0
1.0
2.0
1.0
268.0
44.0
722.0
15.0
1708.0
1.0
994.0
63.0
2.0
1929.0
3.0
871.0
1.0
1.0
5689.0
1.0
1.0
377.0
335.0
4.0
3.0
34.0
3.0
3.0
467.0
1.0
1.0
1.0
1.0
334.0
3413.0
1.0
1.0
3.0
1.0
3.0
2.0
1.0
616.0
1246.0
1152.0
1513.0
24.0
1.0
6.0
4.0
10.0
81.0
17.0
3.0
1.0
1.0
3.0
3.0
3.0
46.0
3.0
4.0
3.0
1.0
3270.0
590.0
843.0
3.0
11.0
2.0
30.0
1.0
2.0
284.0
3.0
1.0
19.0
117.0
19.0
1.0
3.0
2.0
4.0
2.0
2.0
1.0
5.0
1.0
16.0
3.0
4.0
1.0
1.0
3.0
3.0
5.0
3.0
50.0
1.0
1.0
301.0
1.0
101.0
5.0
24.0
2.0
418.0
3.0
72.0
1.0
24.0
107.0
1.0
1.0
1.0
24.0
6.0
55.0
1.0
3.0
3.0
29.0
1.0
105.0
5.0
3.0
1424.0
3.0
1.0
1.0
3.0
1109.0
1569.0
1.0
887.0
3.0
19.0
1.0
3.0
2.0
1695.0
5.0
3.0
286.0
5.0
1.0
2.0
24.0
1.0
3.0
31.0
3.0
1.0
1.0
1.0
24.0
9.0
6.0
214.0
3.0
104.0
338.0
9.0
697.0
6.0
8.0
57.0
23.0
75.0
176.0
167.0
74.0
45.0
1.0
3.0
28.0
1.0
1.0
1.0
96.0
3.0
3.0
2.0
1.0
112.0
1.0
3.0
33.0
80.0
351.0
3.0
2.0
1.0
3.0
1.0
3.0
16.0
1.0
1.0
4.0
3.0
2.0
3.0
4.0
1.0
1.0
4.0
1.0
2.0
68.0
3.0
10.0
3.0
1.0
111.0
19.0
3.0
4.0
2251.0
2.0
9.0
3.0
18.0
11.0
167.0
5.0
2.0
3.0
2.0
1713.0
132.0
9.0
247.0
16.0
1.0
128.0
2.0
8.0
19.0
1.0
1.0
69.0
9.0
1.0
3.0
75.0
4.0
1.0
3.0
7.0
8.0
3.0
1.0
3.0
32.0
1478.0
52.0
11.0
2.0
1.0
4.0
977.0
1.0
2.0
1.0
1.0
22.0
645.0
1.0
3.0
23.0
2.0
1182.0
11.0
9.0
1.0
12.0
1.0
6.0
197.0
3.0
7.0
14.0
1.0
1.0
909.0
685.0
1.0
290.0
453.0
14.0
28.0
1.0
1.0
1.0
1.0
104.0
1.0
6.0
1.0
1.0
8.0
3.0
453.0
8.0
3390.0
3.0
6.0
1.0
26.0
1.0
1.0
9.0
7.0
53.0
1526.0
2.0
3.0
1.0
2.0
19.0
1.0
2.0
3.0
243.0
24.0
3.0
136.0
1.0
17.0
104.0
1.0
1.0
19.0
74.0
6.0
574.0
4.0
8.0
3.0
31.0
3757.0
2.0
6.0
47.0
24.0
5.0
10.0
3.0
8.0
1.0
2.0
3.0
3.0
1.0
3.0
156.0
1.0
294.0
19.0
1.0
3.0
3.0
1.0
1.0
2.0
2.0
1.0
102.0
8.0
26.0
143.0
3.0
160.0
3.0
1.0
13000.0
1.0
31.0
1.0
289.0
1.0
3.0
1.0
282.0
1.0
390.0
2.0
3.0
31.0
8.0
1.0
3.0
39.0
182.0
3.0
48.0
7.0
8.0
1.0
1.0
3.0
4.0
1.0
218.0
2.0
1.0
2.0
1.0
2.0
544.0
1.0
16.0
1.0
1.0
4597.0
874.0
2.0
1.0
24.0
25.0
20.0
1.0
24.0
1.0
2.0
1.0
1.0
674.0
2278.0
24.0
15.0
3.0
930.0
2423.0
34.0
1.0
1.0
1.0
1.0
64.0
37.0
11.0
3.0
46.0
301.0
3.0
2.0
3.0
1.0
1.0
1.0
12.0
10.0
1.0
1.0
7.0
1.0
32.0
4.0
1.0
3.0
1.0
28.0
3.0
467.0
245.0
1.0
129.0
59.0
1.0
1.0
4.0
292.0
3.0
159.0
729.0
29.0
398.0
36.0
24.0
1.0
58.0
10.0
51.0
1.0
3.0
4.0
1.0
11.0
2.0
17.0
20.0
3.0
3.0
3.0
1064.0
14.0
2.0
134.0
2395.0
1.0
5.0
1.0
1.0
8.0
327.0
24.0
1.0
2.0
2.0
3.0
15.0
3.0
5.0
3.0
9.0
3.0
9.0
862.0
52.0
1.0
2.0
1.0
4.0
59575.0
3.0
36.0
161.0
23.0
5.0
2.0
97.0
959.0
1.0
1439.0
13.0
291.0
4.0
596.0
8.0
4.0
2.0
1.0
1.0
14.0
138.0
3.0
3.0
357.0
1.0
2.0
129.0
1.0
3.0
1.0
37.0
2.0
1.0
3.0
1.0
33.0
3.0
1.0
2.0
2.0
65.0
164.0
1.0
1.0
10.0
4.0
2.0
7.0
1.0
3.0
3.0
5.0
113.0
1.0
5.0
1949.0
1089.0
2.0
65.0
7.0
51.0
1.0
72.0
14.0
1.0
339.0
6.0
5.0
2.0
3.0
2799.0
17.0
3.0
2.0
20.0
3.0
1.0
4.0
239.0
3.0
1.0
38.0
29.0
1.0
64.0
2.0
4.0
351.0
87.0
1.0
4.0
3.0
10.0
3.0
19.0
13.0
373.0
3.0
112.0
3.0
5.0
3.0
1.0
2.0
24.0
3.0
1.0
3.0
3.0
6.0
194.0
3.0
4.0
176.0
18.0
13.0
2.0
3.0
2.0
175.0
1.0
1.0
2.0
1.0
431.0
3.0
1111.0
51.0
1.0
3.0
1.0
114.0
7.0
41.0
3.0
3.0
2.0
5.0
2.0
3.0
9.0
17.0
198.0
833.0
179.0
8.0
9.0
301.0
75.0
319.0
1.0
3.0
3.0
2.0
1.0
1.0
31.0
2697.0
3.0
1.0
1027.0
2.0
28.0
5.0
5.0
12.0
674.0
24.0
2.0
1.0
36.0
1.0
3313.0
2.0
13.0
2.0
8.0
45.0
1.0
6.0
9.0
48.0
5.0
8.0
6.0
3.0
344.0
16.0
108.0
2.0
351.0
1.0
16.0
58.0
12.0
53.0
12.0
3.0
69.0
4.0
4.0
1.0
1244.0
6.0
117.0
22.0
1.0
1.0
2676.0
3.0
2.0
1308.0
4.0
1.0
248.0
1.0
5.0
202.0
484.0
5.0
2.0
1.0
6.0
611.0
3.0
3.0
3.0
14.0
138.0
27.0
3.0
2.0
1267.0
1.0
3.0
4.0
2.0
28.0
3.0
1706.0
70.0
3.0
9.0
5.0
1.0
1.0
282.0
1.0
4.0
749.0
1.0
1.0
1.0
68.0
3.0
23.0
15.0
5.0
2.0
1.0
34.0
1.0
5.0
1041.0
2.0
87.0
6.0
2.0
3.0
1.0
5.0
3.0
75.0
45.0
3.0
21.0
1.0
19.0
3.0
282.0
2.0
63.0
5.0
7.0
23.0
3.0
1081.0
24.0
2.0
2.0
4.0
1.0
2.0
23.0
3.0
1.0
1.0
33.0
457.0
14.0
1.0
30.0
1.0
3499.0
1.0
159.0
11.0
1.0
53.0
479.0
10.0
87.0
746.0
1.0
1.0
1.0
101.0
1.0
1.0
3.0
4.0
963.0
17.0
1.0
3.0
611.0
1.0
2.0
1.0
24.0
1.0
1.0
7.0
3.0
2.0
1.0
10.0
1.0
229.0
23.0
1.0
1.0
1.0
152.0
2.0
1.0
29.0
1.0
8.0
3.0
3.0
9.0
6.0
1.0
1.0
9.0
50.0
1.0
2.0
21.0
25.0
943.0
3.0
116.0
1.0
4.0
2.0
3.0
45.0
1.0
3.0
7.0
12.0
3660.0
5.0
3.0
1.0
258.0
2102.0
1.0
1.0
3.0
1.0
1.0
2.0
1.0
9.0
1.0
13.0
1.0
1.0
87.0
3.0
31.0
55.0
9512.0
4.0
1.0
3.0
1.0
1.0
1807.0
105.0
19.0
3.0
313.0
4.0
15.0
1.0
1.0
1.0
272.0
434.0
14.0
1.0
1.0
1.0
2.0
1.0
1130.0
11.0
1.0
66.0
3.0
1.0
1.0
3.0
1.0
62.0
2.0
1.0
17.0
5.0
1.0
1.0
121.0
23.0
3.0
5.0
5.0
152.0
3.0
148.0
1.0
5008.0
43.0
1.0
2.0
13.0
1.0
86.0
5465.0
1.0
5.0
584.0
504.0
386.0
1.0
1048.0
4.0
3.0
3.0
2.0
3.0
3.0
1.0
1.0
1029.0
1.0
103.0
42.0
2.0
3.0
1.0
1.0
1.0
1.0
2.0
2.0
2.0
9.0
13.0
24.0
1.0
55.0
1528.0
3.0
3.0
428.0
12.0
4.0
46.0
90.0
6.0
137.0
3.0
1.0
5.0
121.0
11.0
3.0
2.0
3.0
16.0
8.0
1.0
6.0
12.0
296.0
1.0
2759.0
19.0
3.0
15.0
19.0
1.0
1.0
17.0
464.0
10903.0
102.0
1.0
5.0
9.0
2.0
1.0
348.0
1.0
96.0
1.0
468.0
1.0
3.0
3.0
69.0
351.0
2.0
3.0
3.0
1.0
3.0
1.0
30.0
1.0
3.0
6.0
5.0
3.0
16.0
2.0
2.0
2.0
1.0
103.0
10.0
1.0
10.0
6.0
16.0
1308.0
1.0
1.0
1.0
5.0
3.0
57.0
1.0
746.0
3.0
1.0
351.0
1.0
2.0
20.0
1.0
3.0
4.0
2.0
107.0
3.0
5.0
2.0
1214.0
2.0
3.0
1.0
6553.0
5.0
3.0
5.0
2.0
1.0
28.0
448.0
2.0
1.0
1.0
6.0
1.0
1006.0
2.0
2.0
3.0
16.0
56.0
586.0
22.0
4.0
10.0
3.0
194.0
51.0
8.0
4.0
14385.0
3892.0
9.0
84.0
237.0
1219.0
291.0
26.0
4.0
113.0
1.0
4.0
7.0
19.0
2040.0
1.0
8.0
159.0
1.0
1.0
3821.0
391.0
1.0
18.0
3.0
1.0
9.0
3.0
2.0
5.0
1.0
5.0
1.0
1.0
18.0
1.0
19.0
414.0
2.0
3.0
2.0
3.0
1.0
519.0
3.0
9.0
2.0
259.0
3.0
1111.0
22.0
1.0
1.0
343.0
41.0
2.0
1.0
1214.0
24.0
3.0
3.0
1.0
377.0
1.0
346.0
3.0
3.0
3.0
91.0
1.0
3.0
113.0
3.0
4.0
17.0
1.0
21.0
1285.0
10.0
378.0
3.0
3.0
282.0
2.0
23.0
3.0
1.0
30.0
4.0
7232.0
1.0
2.0
1.0
3.0
16.0
1.0
2.0
1.0
2.0
99.0
8.0
121.0
18.0
3.0
11.0
70.0
56.0
3.0
1.0
5.0
199.0
1.0
29.0
1.0
9.0
3.0
105.0
3.0
1.0
1.0
1.0
3.0
9.0
5.0
27.0
1.0
3.0
1.0
3.0
50.0
1.0
2.0
19.0
4.0
1.0
1.0
1.0
1.0
1.0
3.0
2.0
886.0
7.0
9.0
1.0
368.0
281.0
3.0
2.0
8.0
8.0
1.0
3.0
6.0
10.0
2.0
55.0
50.0
1.0
7.0
1.0
1018.0
605.0
870.0
1.0
1.0
2.0
5.0
8.0
4.0
6.0
1.0
2.0
1846.0
1.0
97.0
16.0
1.0
620.0
3.0
1.0
2.0
1.0
4.0
7.0
2.0
3.0
2.0
3.0
2.0
42.0
608.0
3.0
18.0
172.0
639.0
2.0
46.0
1668.0
1.0
16.0
1.0
3.0
28.0
1.0
87.0
1.0
19.0
1.0
94.0
46.0
1.0
2.0
115.0
3.0
1.0
32.0
2.0
66.0
7.0
5.0
13.0
3.0
4.0
3.0
2.0
2.0
2.0
10.0
4.0
1.0
1.0
21.0
1.0
57.0
5.0
30.0
1.0
1605.0
3.0
1.0
339.0
2.0
6.0
1.0
33.0
3.0
24.0
2.0
1.0
1.0
569.0
3.0
2.0
6.0
10.0
8.0
4.0
206.0
8.0
70.0
1.0
3.0
16.0
2.0
3.0
3.0
219.0
1.0
63.0
1.0
1.0
1.0
997.0
3.0
44.0
139.0
602.0
3.0
1.0
5.0
1.0
2.0
1.0
5.0
1.0
1619.0
19.0
182.0
1.0
1.0
11.0
102.0
42.0
4.0
172.0
3.0
232.0
3.0
100.0
408.0
4.0
818.0
5.0
306.0
196.0
335.0
237.0
4.0
592.0
1.0
29.0
3.0
1.0
1.0
6.0
6.0
3.0
23.0
3.0
2.0
11.0
1.0
3.0
1.0
3003.0
1.0
3.0
335.0
1.0
111.0
2.0
15.0
1.0
6.0
7.0
1.0
3.0
57.0
6.0
31.0
38.0
1.0
1.0
7.0
12.0
2.0
1.0
1.0
2.0
69.0
8.0
3.0
1.0
1.0
1.0
2643.0
2.0
9.0
3.0
1.0
1.0
1.0
4.0
3.0
30.0
9.0
1.0
1825.0
1.0
67.0
3.0
2.0
1.0
1.0
3.0
56.0
1.0
1.0
1.0
1.0
44.0
4.0
3.0
259.0
2.0
1.0
1.0
205.0
3.0
462.0
21.0
9.0
7.0
3.0
3.0
19.0
21.0
3.0
2.0
57.0
152.0
3.0
1.0
30.0
1.0
38.0
8.0
1.0
16.0
161.0
32.0
10.0
351.0
103.0
3.0
4.0
7.0
1.0
1.0
1.0
3.0
24.0
1.0
1.0
7.0
1611.0
2.0
1.0
340.0
1.0
2.0
14.0
55.0
1.0
11.0
2.0
4.0
3.0
691.0
1.0
1.0
12.0
1.0
1.0
3.0
4.0
1110.0
643.0
4.0
15.0
1.0
3.0
18.0
1.0
757.0
6.0
1.0
1.0
1.0
1.0
1659.0
1.0
1.0
24.0
1.0
67.0
15.0
152.0
67.0
6.0
3.0
248.0
2.0
1.0
1.0
1.0
1.0
3.0
30.0
40.0
3.0
1169.0
2.0
1.0
1.0
10.0
8.0
466.0
3.0
351.0
3.0
509.0
2.0
27.0
3.0
3.0
2.0
2.0
1.0
3.0
3.0
3.0
42.0
14.0
11.0
2.0
4.0
8.0
1.0
118.0
3.0
2.0
1.0
1.0
3.0
91.0
2.0
4.0
646.0
75.0
1.0
23.0
3.0
3.0
7.0
4.0
1.0
15.0
19.0
29.0
2.0
1.0
1.0
2.0
9.0
1.0
2.0
1.0
890.0
2.0
3.0
13.0
1.0
2.0
2579.0
35.0
4386.0
1.0
1.0
1.0
301.0
1.0
3.0
21.0
62.0
854.0
2.0
1.0
3.0
3.0
3.0
1.0
3.0
46.0
1.0
72.0
3.0
8.0
199.0
1.0
24.0
34.0
408.0
3.0
5165.0
1.0
5.0
1.0
3.0
1.0
319.0
9.0
510.0
3.0
2776.0
1.0
2.0
34.0
79.0
521.0
9.0
1.0
3.0
26.0
47.0
1.0
5.0
158.0
3.0
1730.0
2.0
3.0
2.0
2.0
8.0
2.0
194.0
358.0
7.0
3.0
5.0
172.0
778.0
5.0
1.0
2.0
1.0
2.0
3.0
23.0
102.0
6.0
3.0
696.0
5.0
60.0
1.0
1.0
3.0
25.0
1733.0
4.0
25.0
39.0
6.0
1038.0
5.0
1.0
5.0
2.0
23.0
6.0
1.0
2222.0
2.0
2.0
320.0
1.0
3.0
1.0
79.0
1.0
1.0
2.0
7.0
1.0
1.0
1.0
2.0
27.0
21.0
3.0
1.0
16.0
1.0
1.0
18.0
9.0
3.0
10.0
1.0
10.0
3.0
157.0
7.0
18.0
4.0
6.0
107.0
3.0
1.0
6.0
3.0
255.0
18.0
1.0
3.0
1.0
3.0
1.0
2.0
6.0
932.0
467.0
5.0
3.0
2.0
1.0
102.0
7.0
4.0
2.0
1036.0
3.0
9.0
6.0
24.0
239.0
1.0
1.0
1579.0
2.0
4.0
1.0
8.0
1.0
86.0
117.0
7.0
1.0
4.0
5.0
80.0
98.0
3.0
1226.0
3.0
1.0
596.0
2.0
110.0
9.0
1.0
6.0
2.0
2.0
2.0
1.0
248.0
3.0
1211.0
33.0
1.0
1.0
41.0
4.0
1.0
66101.0
596.0
2.0
8.0
2.0
1.0
1.0
3.0
1.0
1.0
7.0
1.0
3.0
1.0
2.0
3.0
1002.0
631.0
1.0
1.0
54.0
1.0
24.0
2.0
2.0
1.0
1.0
7.0
2.0
1.0
14.0
3.0
135.0
3.0
1.0
7.0
43.0
2.0
1.0
1.0
7.0
24.0
2.0
1.0
2.0
3.0
2724.0
260.0
4.0
2.0
3.0
1.0
1.0
2.0
4.0
961.0
10.0
83343.0
1832.0
3.0
1299.0
1.0
373.0
26.0
1.0
1.0
543.0
65.0
96.0
2.0
2.0
3.0
2.0
2.0
5.0
29.0
873.0
159.0
12.0
749.0
5.0
100.0
4.0
9.0
4.0
6.0
69.0
2.0
1.0
1.0
1.0
1.0
17.0
1.0
3.0
259.0
3.0
3.0
1.0
159.0
7.0
4.0
1.0
4.0
2.0
4.0
1.0
3.0
37.0
2.0
5.0
3.0
30.0
85.0
13.0
4.0
1.0
1124.0
4.0
1.0
21.0
10.0
1.0
1.0
3.0
6.0
17.0
3.0
28.0
5.0
1.0
144.0
3.0
4.0
335.0
1.0
2.0
1.0
8.0
38.0
3.0
2.0
2.0
1.0
15.0
1.0
3.0
13.0
18.0
2.0
1.0
1.0
574.0
19.0
499.0
757.0
3.0
4.0
92.0
2846.0
1.0
3.0
4.0
1566.0
1486.0
6.0
1.0
2.0
457.0
11.0
10963.0
3.0
1.0
1.0
5.0
3.0
97.0
635.0
3.0
16.0
1.0
10.0
1.0
16.0
39.0
1.0
292.0
3.0
2.0
1.0
206.0
1.0
1.0
11.0
3.0
274.0
151.0
2.0
1.0
314.0
17.0
1.0
4.0
1.0
1.0
3.0
2.0
2.0
1067.0
1.0
3.0
9.0
12.0
2.0
4452.0
326.0
13.0
1.0
1.0
1.0
4.0
2.0
1.0
5.0
9.0
3.0
8.0
1.0
2.0
3.0
18.0
158.0
1303.0
3.0
1.0
1.0
3.0
596.0
19.0
14.0
3.0
2.0
3.0
2.0
3.0
2099.0
1.0
1318.0
2.0
3.0
3.0
8.0
3.0
9.0
1.0
59.0
3.0
2.0
288.0
12.0
961.0
13.0
1.0
1.0
63.0
3.0
60.0
313.0
133.0
1.0
3.0
1.0
1.0
991.0
3.0
8.0
1.0
1.0
1.0
172.0
1.0
33.0
43.0
5.0
2.0
65.0
1068.0
2.0
252.0
19.0
7.0
11.0
4.0
1.0
3.0
3.0
11.0
3.0
6.0
2.0
5.0
4190.0
7.0
9.0
212.0
33.0
1.0
545.0
1506.0
1.0
83.0
1.0
1.0
288.0
9.0
3.0
1.0
5.0
2.0
3.0
1.0
2.0
1.0
1.0
37.0
3.0
54.0
1.0
383.0
498.0
4.0
39.0
8.0
6.0
2.0
1183.0
1650.0
1393.0
1.0
1.0
1.0
1688.0
5.0
4.0
2.0
1.0
4.0
24.0
118.0
35.0
6.0
2.0
4.0
1.0
1.0
3.0
3.0
5.0
2.0
482.0
288.0
6.0
8676.0
4.0
117.0
7.0
406.0
1.0
69.0
2.0
11.0
172.0
1.0
3.0
1.0
2.0
1.0
1.0
9.0
1.0
11.0
82.0
1.0
9.0
9.0
3.0
278.0
3.0
1.0
5.0
127.0
6.0
1.0
2.0
3.0
1.0
4.0
5.0
18.0
1.0
2.0
2.0
37.0
10.0
1.0
17.0
1.0
69.0
57.0
213.0
25.0
13.0
14.0
3.0
1.0
6.0
1.0
2.0
31.0
29.0
1.0
4.0
1.0
4.0
1.0
1.0
4.0
58.0
2.0
3.0
3.0
8.0
8.0
4.0
3.0
19.0
3.0
5.0
2.0
8.0
3.0
79.0
3.0
3.0
32.0
593.0
1.0
2.0
5.0
16.0
4.0
32.0
2.0
1570.0
24.0
3.0
1.0
65.0
7.0
17.0
745.0
1.0
1.0
1.0
5.0
1.0
1.0
7.0
1.0
54.0
38.0
140.0
4.0
1.0
1.0
138.0
5.0
821.0
1.0
236.0
42.0
5.0
3.0
106.0
9.0
4.0
8.0
1.0
242.0
23.0
5.0
1802.0
1.0
18.0
4.0
2.0
24.0
2.0
1.0
1.0
2.0
247.0
1.0
15.0
3.0
6.0
1887.0
1.0
1.0
1.0
1198.0
5.0
1.0
2.0
2.0
18.0
1.0
74.0
50.0
3.0
4.0
543.0
241.0
1.0
3.0
3.0
74.0
1.0
3.0
1.0
1.0
8.0
10.0
58.0
292.0
40.0
976.0
3.0
1.0
41.0
1.0
3.0
8.0
855.0
2.0
1246.0
1.0
1.0
39.0
9.0
1.0
1.0
9.0
3.0
1.0
5.0
3.0
2.0
5.0
483.0
1.0
7.0
3.0
24.0
3.0
5.0
1.0
1.0
1.0
1.0
3.0
2.0
1.0
3.0
1.0
2.0
3.0
1.0
18.0
18.0
6.0
7.0
3.0
6.0
1.0
49.0
3.0
24.0
1.0
2.0
1.0
1191.0
3.0
116.0
10.0
1367.0
3.0
1.0
1.0
35.0
1.0
7.0
36.0
3.0
5.0
3.0
1.0
1.0
55.0
4.0
1.0
12.0
169.0
13.0
94.0
18.0
7.0
14.0
10.0
9.0
4.0
3.0
1.0
2.0
280.0
1183.0
7.0
3.0
79.0
5.0
305.0
6.0
2.0
1.0
3.0
2.0
401.0
596.0
14.0
2.0
1.0
1183.0
2.0
38.0
3.0
2.0
3.0
1.0
9.0
3.0
292.0
1422.0
2.0
3.0
3.0
4.0
508.0
1.0
3.0
701.0
2.0
1.0
1.0
14.0
1.0
6.0
7.0
1.0
1.0
1.0
1.0
1.0
1.0
12.0
15.0
1.0
313.0
19.0
62.0
264.0
3.0
3.0
1.0
34.0
13.0
1.0
1.0
6.0
1.0
3.0
7.0
5.0
39.0
1.0
5.0
1.0
3.0
1.0
276.0
1.0
3.0
3.0
4.0
4.0
1.0
3.0
2.0
3.0
17.0
25.0
17.0
1.0
19.0
15.0
3.0
8.0
5.0
13.0
13.0
1.0
3.0
105.0
7.0
285.0
24.0
3.0
435.0
392.0
1.0
7.0
4.0
1.0
4.0
1.0
3.0
428.0
447.0
1103.0
493.0
120.0
24.0
1.0
86.0
1.0
1.0
1.0
2.0
75.0
4.0
1210.0
5193.0
2.0
38.0
3.0
1.0
8.0
3.0
1.0
835.0
1.0
567.0
10.0
4.0
4.0
1.0
4.0
1.0
65.0
3.0
4.0
2181.0
1.0
9981.0
2.0
722.0
8.0
2.0
2.0
95.0
1.0
19.0
3.0
25.0
6.0
1066.0
2.0
1.0
65.0
107.0
14853.0
2.0
1.0
112.0
1.0
154.0
1.0
1.0
19.0
143.0
1.0
1111.0
1.0
117.0
2.0
5.0
1.0
19.0
7.0
294.0
3.0
3.0
2.0
8.0
1.0
2.0
28.0
3.0
3.0
5.0
2.0
493.0
2.0
5.0
1423.0
2.0
2.0
1.0
8.0
3.0
30.0
4.0
1.0
5.0
1.0
102.0
2.0
20.0
1.0
3.0
7.0
544.0
24.0
1258.0
466.0
4.0
1.0
2.0
779.0
3.0
3.0
727.0
4.0
70.0
121.0
1.0
50.0
1.0
3.0
1.0
1.0
6.0
8.0
1.0
964.0
1.0
3.0
26.0
5.0
1.0
1018.0
472.0
1.0
4.0
9.0
150.0
3.0
404.0
97.0
3.0
7.0
25.0
8.0
711.0
1.0
3.0
4.0
4936.0
9.0
2.0
1.0
16.0
23.0
1.0
2.0
6.0
39.0
1.0
11.0
3.0
1.0
1.0
261.0
20.0
110.0
62.0
91.0
2.0
1.0
2.0
1.0
3.0
916.0
3.0
480.0
3.0
3.0
8.0
1.0
2.0
10.0
3.0
1.0
3.0
11.0
3.0
7.0
2.0
4.0
20.0
3.0
681.0
34.0
11.0
1.0
1.0
1.0
6.0
535.0
4.0
7.0
1.0
16.0
2.0
9531.0
1.0
3.0
1.0
1.0
10.0
3.0
171.0
4.0
1.0
1.0
4.0
141.0
6.0
1.0
6.0
61.0
3.0
15.0
12.0
1.0
15.0
1.0
1.0
135.0
2.0
4.0
19.0
5.0
1.0
1.0
3.0
3.0
1.0
13.0
100.0
1.0
1.0
1.0
3.0
10.0
3.0
2.0
1.0
9.0
22.0
2.0
972.0
3.0
3328.0
462.0
36.0
22.0
3.0
30.0
33.0
14.0
1.0
2301.0
338.0
540.0
800.0
3.0
3.0
3.0
7.0
3.0
1.0
943.0
70.0
6.0
8.0
3.0
3.0
9.0
41.0
2.0
100.0
2932.0
3.0
97.0
16.0
546.0
3.0
2.0
3.0
18.0
10.0
42.0
3.0
9.0
3164.0
1.0
12.0
28.0
361.0
3.0
9.0
3.0
117.0
1.0
1.0
1.0
9.0
415.0
31.0
1034.0
2.0
1.0
15.0
3.0
22.0
1.0
8.0
28.0
280.0
3.0
538.0
36.0
1.0
2.0
19.0
1.0
5.0
98.0
1.0
3.0
3.0
2.0
1.0
1.0
279.0
1.0
1079.0
11.0
351.0
17.0
1.0
1.0
1.0
3.0
3.0
3.0
901.0
5.0
4.0
1.0
2.0
757.0
24.0
31.0
1.0
19.0
1.0
8.0
8.0
16.0
40.0
1.0
2.0
1722.0
1.0
422.0
13.0
1.0
1.0
1.0
131.0
3.0
377.0
69.0
9.0
3.0
16.0
1.0
457.0
543.0
1.0
1899.0
87.0
1.0
18.0
10.0
9.0
1.0
3.0
1.0
2.0
737.0
1.0
275.0
3.0
783.0
3.0
1.0
1.0
1037.0
11.0
819.0
1.0
44.0
1.0
1.0
24.0
12.0
1.0
1.0
2.0
1.0
2.0
3.0
1.0
52.0
1.0
1.0
1.0
242.0
2.0
3.0
1.0
40.0
51.0
25.0
1.0
4.0
7.0
92.0
8.0
1.0
5.0
2.0
7.0
1.0
2.0
3.0
6.0
1.0
2.0
10.0
9.0
105.0
4.0
288.0
4.0
357.0
9.0
1.0
1.0
53.0
1.0
1.0
1.0
2.0
3.0
1.0
1.0
4.0
7.0
466.0
25.0
3.0
1.0
4779.0
3.0
1.0
3.0
5.0
4.0
1.0
282.0
61.0
1.0
1.0
24.0
260.0
2.0
1.0
10.0
19.0
15.0
338.0
301.0
4.0
94.0
22.0
304.0
3.0
1.0
1.0
421.0
1.0
3.0
47.0
1.0
3.0
2516.0
2.0
1.0
458.0
4.0
129.0
2.0
1265.0
16.0
1018.0
1.0
2.0
1.0
3.0
759.0
4.0
1.0
4.0
3.0
88.0
673.0
1190.0
38.0
2.0
1.0
5.0
4.0
1.0
456.0
1.0
7392.0
11.0
1.0
1.0
1.0
1117.0
2.0
2.0
1372.0
1.0
2.0
1.0
5.0
12.0
345.0
2.0
1.0
4.0
176.0
3.0
11.0
2.0
6.0
299.0
2.0
3.0
1.0
1908.0
344.0
75.0
3.0
5.0
3.0
2.0
1296.0
351.0
4.0
1.0
6.0
1.0
1.0
4.0
12.0
4.0
202.0
3.0
1.0
2.0
2.0
2.0
1726.0
3.0
3.0
3.0
4.0
1.0
1761.0
1.0
1.0
112.0
2.0
4.0
292.0
2.0
14.0
135.0
3.0
1.0
4.0
8.0
1.0
2.0
127.0
1.0
1.0
7.0
274.0
76.0
1.0
8.0
2.0
3.0
1.0
5.0
1.0
3.0
4.0
23.0
23.0
9.0
1.0
1.0
3.0
303.0
1.0
4.0
1.0
861.0
3.0
1.0
3.0
1.0
55.0
11.0
12.0
27.0
194.0
1.0
230.0
2.0
4.0
4.0
7.0
1017.0
161.0
204.0
21.0
8.0
25.0
1.0
4.0
93.0
3.0
1.0
2.0
1790.0
46.0
1.0
1.0
247.0
3.0
635.0
3.0
3.0
1.0
3.0
3.0
9.0
4.0
1.0
1.0
9.0
1.0
103.0
2.0
818.0
957.0
1.0
27.0
1755.0
3.0
3.0
3.0
3.0
7.0
1.0
3.0
5.0
3.0
261.0
2415.0
4.0
3.0
9.0
55.0
1.0
1.0
1.0
2590.0
2.0
63.0
27.0
576.0
3.0
1.0
44.0
1.0
13.0
3.0
3.0
1878.0
286.0
2.0
117.0
1.0
2.0
4.0
1.0
11.0
1.0
1.0
1.0
1.0
1.0
1.0
3.0
2.0
972.0
34.0
118.0
3.0
1.0
1668.0
65.0
4.0
14.0
1.0
1.0
4.0
157.0
3.0
1.0
20.0
4.0
14.0
5.0
2.0
3.0
1.0
2.0
3.0
3.0
1.0
1.0
1.0
36.0
18.0
83.0
2.0
12.0
1.0
1.0
3.0
5.0
106.0
100.0
24.0
857.0
652.0
138.0
1.0
1.0
2.0
1.0
4.0
3234.0
293.0
1.0
1.0
8247.0
1.0
3178.0
2.0
4.0
460.0
5.0
1.0
3.0
276.0
1.0
3.0
1.0
2.0
2.0
4.0
77.0
1.0
1455.0
3.0
1.0
19.0
1.0
1076.0
37.0
9.0
336.0
1.0
1.0
4.0
3.0
4.0
1.0
2.0
10.0
3.0
2.0
17.0
503.0
3.0
1.0
109.0
110.0
342.0
24.0
136.0
1.0
524.0
288.0
7.0
421.0
2835.0
179.0
845.0
3.0
1.0
119.0
2.0
9.0
2.0
2.0
3.0
583.0
67.0
1.0
10.0
1.0
3.0
36.0
1.0
597.0
632.0
7.0
3.0
177.0
16.0
120.0
2.0
9.0
2.0
18.0
1.0
3.0
1.0
3.0
1.0
4.0
18.0
14.0
102.0
5.0
1.0
13.0
1.0
25.0
1.0
128.0
3.0
603.0
24.0
3.0
93.0
1.0
2.0
9.0
11.0
9.0
1.0
3.0
3.0
3.0
2.0
1.0
4.0
4.0
720.0
2.0
1.0
3.0
2595.0
292.0
125.0
3.0
3.0
1.0
2.0
8.0
47.0
1.0
411.0
115.0
7.0
329.0
467.0
18.0
7.0
5.0
1018.0
7.0
1.0
1.0
1.0
1.0
4.0
1.0
1774.0
1127.0
1.0
1.0
80.0
1.0
1.0
3.0
1.0
7.0
3.0
20.0
5.0
3.0
2.0
1.0
1.0
65.0
24.0
1.0
1.0
1.0
674.0
1563.0
22.0
4.0
3.0
3.0
20.0
4.0
3.0
192.0
3.0
1.0
107.0
38.0
103.0
466.0
1.0
2.0
15.0
1.0
1.0
9.0
1.0
4.0
3.0
2.0
16.0
4988.0
3.0
1.0
32.0
3.0
1.0
1.0
8.0
7.0
75.0
7.0
33.0
5.0
5.0
3.0
535.0
1.0
52.0
3.0
12.0
1.0
2238.0
7.0
159.0
1.0
3.0
1.0
1.0
16.0
4.0
1.0
36.0
63.0
1.0
51.0
6.0
4.0
3.0
114.0
3.0
6.0
3.0
22.0
35.0
7873.0
10001.0
331.0
1.0
327.0
157.0
2.0
5.0
11.0
3.0
64.0
8.0
282.0
3.0
1.0
1.0
1.0
75.0
9.0
34.0
70.0
3.0
232.0
39.0
1.0
3.0
1.0
351.0
3.0
2.0
49.0
2.0
408.0
1.0
13.0
3.0
132.0
1.0
375.0
26.0
2.0
20.0
1.0
3.0
1.0
11.0
2.0
1.0
3.0
11.0
3.0
8.0
2.0
3.0
4.0
1182.0
45.0
125.0
1.0
5.0
2.0
1.0
1.0
12.0
3.0
6.0
2.0
152.0
19.0
13.0
5.0
1.0
1.0
339.0
1.0
2.0
39.0
1136.0
1.0
138.0
23.0
20.0
23.0
1.0
22.0
34.0
3.0
1.0
16.0
3.0
858.0
9.0
23.0
943.0
103.0
1.0
1.0
18.0
31.0
1.0
1020.0
8.0
102.0
16.0
691.0
288.0
9.0
11.0
3.0
2.0
8.0
1.0
1.0
1.0
3.0
1.0
569.0
1.0
23.0
3.0
15.0
3.0
3.0
4.0
1.0
412.0
1.0
3.0
17.0
3.0
16.0
60.0
1.0
19.0
21048.0
8.0
1.0
293.0
1.0
2.0
2.0
2.0
1.0
3.0
1.0
77.0
1.0
3.0
1.0
3.0
43.0
1018.0
5.0
1.0
2.0
1.0
1.0
1.0
1.0
5.0
3.0
1.0
4.0
1497.0
32.0
1.0
3.0
1.0
12.0
32.0
8.0
697.0
4.0
1.0
325.0
148.0
1.0
1.0
8.0
2.0
3.0
4.0
3.0
2.0
1.0
76.0
1747.0
1.0
3.0
150.0
3.0
1.0
6.0
3.0
1.0
5.0
19.0
1.0
1.0
1.0
85.0
1.0
2.0
4.0
6.0
1.0
1413.0
1553.0
3.0
23.0
3.0
1.0
10.0
1.0
7.0
1.0
7.0
2.0
1.0
1.0
129.0
2.0
27.0
3.0
2.0
3.0
5.0
3.0
1949.0
95.0
21.0
1.0
3.0
1.0
13.0
3.0
85.0
1.0
3.0
4.0
4.0
3.0
3.0
3.0
3.0
1.0
9.0
46.0
312.0
2.0
5.0
4.0
241.0
3.0
252.0
1.0
1.0
2508.0
1.0
1.0
3.0
20.0
4.0
15.0
23.0
8.0
2.0
1.0
1.0
298.0
34.0
3.0
1.0
1471.0
33.0
1097.0
1.0
2599.0
4.0
3.0
2.0
2.0
13212.0
27.0
1.0
190.0
1.0
1.0
1.0
5.0
394.0
17.0
1.0
1.0
1.0
3.0
3.0
3.0
1.0
1.0
20.0
3.0
69.0
982.0
15.0
1.0
1.0
498.0
5.0
11.0
5.0
29.0
3.0
3.0
1.0
2.0
4.0
1.0
1.0
1.0
7.0
4.0
97.0
1.0
2.0
1.0
46.0
2.0
25.0
71.0
61.0
1.0
556.0
244.0
2.0
3.0
2.0
1117.0
24.0
29.0
4.0
3.0
4.0
1.0
1.0
1.0
3.0
3.0
709.0
13.0
9.0
87.0
1.0
1479.0
1.0
1.0
23.0
1.0
1.0
3.0
509.0
9.0
12.0
4.0
1.0
54.0
2.0
5.0
1.0
7.0
112.0
1.0
1352.0
4.0
22.0
2.0
821.0
3.0
422.0
5.0
3.0
1106.0
27.0
2818.0
499.0
2.0
2.0
666.0
26.0
6.0
1.0
8.0
27.0
2.0
3.0
2.0
3.0
18.0
596.0
1.0
1.0
2.0
107.0
3.0
1.0
278.0
40.0
4.0
3.0
3.0
1.0
138.0
33.0
3.0
10.0
43.0
23.0
2.0
4.0
12.0
20390.0
17.0
20.0
42.0
1.0
5.0
1.0
3.0
5.0
1.0
282.0
3.0
1356.0
3.0
10.0
113.0
1.0
1793.0
9.0
50.0
2.0
1.0
18.0
55.0
1.0
3.0
3.0
4.0
3.0
1.0
1.0
19.0
2.0
8.0
4.0
3.0
4.0
3.0
2.0
4.0
13.0
2.0
11.0
2.0
1.0
398.0
3.0
2.0
20.0
1.0
2.0
1.0
21.0
6.0
1.0
1.0
16.0
1.0
4048.0
1.0
55.0
3.0
779.0
1.0
201.0
6.0
1.0
1.0
6134.0
1122.0
3.0
1.0
222.0
3.0
3.0
45.0
116.0
3.0
677.0
1.0
1.0
3.0
3.0
3.0
7.0
23.0
1232.0
9.0
1.0
351.0
38.0
96.0
1.0
12904.0
18.0
1.0
3.0
1.0
327.0
1.0
444.0
3.0
1.0
2.0
1.0
57.0
9.0
95.0
3202.0
1.0
51.0
2.0
227.0
4.0
3.0
57.0
27.0
1.0
3.0
26.0
3.0
4.0
2.0
795.0
1.0
1704.0
853.0
1054.0
3.0
3.0
32.0
457.0
2.0
7.0
595.0
330.0
1.0
1.0
1.0
7.0
71.0
2.0
1.0
6.0
421.0
3.0
3.0
1.0
2.0
9.0
7.0
2.0
24.0
44.0
7.0
13636.0
15.0
1.0
1.0
3.0
3.0
2.0
3.0
24.0
479.0
1.0
1.0
24.0
10.0
30.0
6.0
1.0
1.0
7.0
2.0
185.0
41.0
2.0
6.0
16.0
946.0
10.0
209.0
112.0
2440.0
1.0
1.0
4.0
46.0
3.0
1.0
861.0
5.0
14.0
2.0
2.0
3.0
11.0
9.0
292.0
87.0
1.0
3.0
1.0
238.0
10.0
2.0
56.0
2.0
1136.0
654.0
338.0
1.0
181.0
4.0
1.0
1.0
1503.0
3.0
39.0
62.0
4.0
10.0
1.0
8.0
17343.0
47.0
1.0
46.0
1.0
8.0
2.0
55.0
1.0
3.0
1.0
1.0
8.0
5.0
86.0
3.0
1.0
12.0
3.0
22730.0
1.0
14.0
9.0
2.0
4.0
91.0
5.0
3.0
3.0
2.0
1.0
14175.0
1.0
1449.0
7.0
1.0
114.0
441.0
1.0
3.0
403.0
11.0
9.0
3.0
6.0
1.0
2.0
237.0
62.0
52.0
9.0
221.0
1.0
65.0
2.0
10.0
31.0
596.0
1898.0
153.0
5.0
429.0
5.0
148.0
3.0
4.0
1.0
3.0
1.0
3.0
14.0
6.0
264.0
637.0
1.0
2.0
2.0
1.0
1.0
10.0
53.0
8.0
4.0
1.0
24.0
4.0
68.0
138.0
1.0
1.0
276.0
8.0
3.0
1.0
1.0
3.0
1.0
1.0
21.0
1.0
419.0
1.0
1.0
11.0
1.0
2.0
19.0
3.0
91.0
3.0
1.0
55.0
3.0
816.0
4.0
7.0
7.0
399.0
3.0
3.0
3.0
2473.0
1.0
2.0
137.0
9.0
1.0
4.0
43.0
3.0
1.0
1023.0
3.0
199.0
2.0
797.0
1.0
503.0
772.0
4.0
5.0
3.0
76.0
3.0
2.0
4521.0
69.0
3.0
126.0
59.0
30.0
1.0
83.0
27.0
1.0
1.0
2.0
3.0
3.0
107.0
6.0
1.0
19.0
814.0
2.0
1.0
5959.0
38.0
262.0
64.0
76.0
489.0
88.0
59.0
12.0
1.0
1.0
1.0
3.0
127.0
54500.0
115.0
6.0
9.0
17.0
9.0
1.0
14.0
40.0
7.0
5.0
571.0
129.0
1.0
1.0
1.0
280.0
1.0
1.0
1.0
28.0
2.0
2.0
6.0
5.0
374.0
68.0
1.0
1.0
4.0
1.0
2.0
12.0
3.0
22.0
10.0
1.0
831.0
1.0
13.0
1.0
3.0
1.0
3.0
2.0
5.0
1108.0
44.0
1.0
899.0
1.0
1.0
451.0
3.0
1.0
9.0
4.0
1.0
1.0
1.0
24.0
1.0
1.0
13.0
76.0
2.0
351.0
40.0
4.0
31.0
1.0
1.0
4.0
47.0
1.0
2.0
1142.0
4.0
112.0
124.0
105.0
2.0
977.0
1.0
1.0
1.0
1.0
280.0
1.0
7.0
4.0
7.0
42.0
313.0
3.0
3.0
1.0
5988.0
1.0
361.0
9.0
6.0
9.0
1.0
2.0
3.0
338.0
1.0
3.0
2.0
4.0
5.0
3.0
31.0
2.0
1.0
1.0
1.0
2.0
3.0
3.0
1.0
6.0
2.0
11.0
216.0
23.0
64.0
6.0
3.0
9.0
11.0
3.0
1.0
4.0
212.0
3.0
62.0
737.0
4.0
236.0
1.0
1.0
1.0
4.0
1.0
2.0
768.0
1.0
50.0
4.0
3.0
1.0
7.0
1.0
3.0
24.0
9.0
116.0
1.0
1.0
55.0
3.0
25.0
278.0
19.0
3.0
965.0
16528.0
2623.0
1.0
10.0
23.0
1003.0
3.0
1.0
12.0
2.0
1.0
87.0
17.0
6.0
3.0
12.0
10.0
1455.0
18.0
122.0
2.0
1404.0
9.0
15.0
3.0
101.0
5.0
157.0
292.0
6.0
3.0
9.0
3.0
505.0
7.0
6.0
1.0
3.0
3.0
13840.0
1.0
5.0
26.0
1.0
690.0
4.0
1708.0
3.0
207.0
18.0
3.0
23.0
3.0
3.0
1.0
3.0
3.0
163.0
1.0
1.0
257.0
3.0
8.0
45.0
1.0
7.0
1.0
1.0
1.0
5.0
152.0
243.0
2.0
121.0
2.0
23.0
41.0
1.0
2.0
2.0
19.0
2.0
1.0
22.0
3.0
238.0
53.0
16.0
324.0
1.0
1.0
3.0
2.0
6.0
1.0
105.0
11.0
1.0
4.0
1.0
104.0
14.0
2.0
65.0
3.0
168.0
3.0
55.0
2.0
3.0
3.0
3.0
8.0
1.0
3.0
292.0
3.0
7.0
1.0
1020.0
754.0
6.0
148.0
3.0
1.0
176.0
8.0
1.0
1.0
7.0
65.0
1.0
3.0
8.0
14.0
1.0
3.0
23.0
2.0
20.0
44.0
3.0
109.0
1.0
1.0
1.0
2.0
304.0
4.0
6.0
58.0
1.0
4.0
1.0
5.0
67.0
1.0
9.0
19.0
3.0
1.0
289.0
3.0
3.0
1.0
209.0
19.0
3.0
6.0
1.0
5.0
2.0
288.0
3.0
2.0
32.0
3.0
169.0
1.0
282.0
1.0
120.0
3.0
3.0
1.0
1.0
17.0
1.0
1.0
241.0
1.0
109.0
9.0
1.0
9.0
17.0
24.0
1.0
3.0
1.0
4.0
1.0
8.0
1097.0
1.0
6.0
113.0
1.0
13.0
5.0
2.0
111.0
337.0
3.0
1.0
339.0
3.0
294.0
3.0
2.0
26.0
1.0
89.0
17.0
5.0
2.0
5.0
313.0
1.0
3.0
141.0
1.0
3.0
16.0
1.0
2.0
12.0
4.0
22.0
5.0
811.0
2.0
2.0
76.0
1.0
1.0
3.0
3.0
2.0
40.0
1.0
3.0
1.0
1.0
6.0
76.0
4.0
1.0
53.0
37.0
5.0
1.0
1.0
1.0
419.0
2.0
1.0
4.0
2.0
1.0
15.0
63.0
4.0
7.0
207.0
1.0
1.0
3.0
3.0
5.0
2.0
23.0
105.0
2.0
7.0
100.0
4.0
3.0
890.0
186.0
11.0
3.0
820.0
305.0
3.0
1.0
65.0
1.0
1.0
3.0
1.0
24.0
157.0
96.0
1.0
77.0
2.0
8284.0
4.0
1.0
635.0
1186.0
18.0
38.0
8.0
12.0
1880.0
7.0
2.0
2.0
1.0
1.0
1115.0
3.0
972.0
469.0
1.0
398.0
52.0
14.0
3.0
2.0
3.0
1018.0
14.0
103.0
3.0
1.0
3.0
19.0
3.0
1.0
3.0
1083.0
1.0
4.0
1.0
221.0
16.0
5.0
6.0
1.0
1.0
68.0
9.0
3.0
7.0
1.0
3.0
1.0
27.0
3.0
11.0
1.0
1.0
338.0
4.0
1.0
7.0
1.0
15.0
303.0
75.0
1.0
75.0
3.0
6.0
10.0
10.0
1.0
3.0
3.0
20.0
32.0
1.0
1.0
1.0
1.0
1.0
1.0
69.0
1.0
1.0
655.0
4.0
9.0
13.0
5.0
1.0
878.0
2.0
3.0
1.0
1.0
444.0
2.0
148.0
329.0
1.0
814.0
5.0
4.0
1.0
3786.0
2.0
1810.0
351.0
3.0
3.0
3.0
260.0
108.0
9.0
1.0
2.0
1.0
9.0
1.0
9.0
296.0
3.0
3.0
17.0
17.0
32.0
11.0
12.0
2.0
9.0
55.0
212.0
3.0
15.0
269.0
2.0
428.0
2.0
852.0
94.0
2.0
480.0
6.0
2.0
11.0
2.0
2.0
3.0
14.0
790.0
1051.0
3.0
17.0
7.0
6.0
1225.0
1.0
16.0
13.0
3.0
1.0
29.0
2.0
1.0
1.0
7.0
124.0
38.0
234.0
297.0
200.0
634.0
1.0
9.0
351.0
68.0
72.0
5.0
2.0
47.0
19.0
5.0
20463.0
31.0
17.0
1079.0
27.0
2.0
9.0
46.0
4.0
4.0
1.0
1047.0
12.0
696.0
3.0
30.0
8.0
3.0
8.0
2.0
1.0
3.0
2.0
2.0
3.0
3.0
7.0
1.0
3.0
36.0
9.0
6.0
3.0
3.0
3.0
5.0
9.0
76.0
5.0
3.0
2.0
1.0
6.0
3.0
351.0
498.0
4.0
14.0
411.0
1000.0
1.0
1.0
47.0
2.0
167.0
21.0
1.0
157.0
3.0
3.0
11.0
1.0
45.0
114.0
3.0
25.0
3.0
3.0
1.0
1.0
359.0
22.0
440.0
3.0
1.0
1.0
2.0
7.0
4.0
1.0
2.0
418.0
3.0
110.0
10.0
2.0
3.0
9.0
86.0
4053.0
1.0
35.0
3.0
2.0
4.0
251.0
15.0
1.0
3.0
1.0
103.0
793.0
3.0
8.0
1.0
5.0
19.0
5.0
1.0
3.0
1.0
11.0
582.0
2.0
3.0
9.0
400.0
19.0
5.0
1.0
6.0
1.0
3.0
69.0
4.0
1.0
857.0
116.0
36.0
1117.0
1704.0
331.0
2.0
3.0
13.0
288.0
11.0
151.0
20.0
1.0
1.0
4.0
4.0
7.0
1018.0
1.0
3.0
2.0
1.0
3.0
3.0
1.0
1.0
18.0
303.0
1.0
1.0
2.0
1.0
8.0
1.0
2.0
1.0
1.0
31.0
2.0
2.0
10.0
1708.0
1.0
6.0
8.0
2.0
8.0
1047.0
2.0
3.0
3.0
110.0
3.0
14.0
1.0
1.0
106.0
1.0
3.0
4.0
3.0
1.0
17.0
19.0
1.0
22.0
974.0
13.0
2.0
3.0
1.0
1.0
1.0
3.0
1.0
3.0
3.0
9.0
3.0
1.0
5.0
3.0
1.0
1.0
5.0
5.0
3.0
120.0
64.0
1241.0
1.0
310.0
1.0
47.0
1.0
201.0
3.0
19.0
2.0
688.0
3.0
12.0
1.0
3.0
198.0
1.0
169.0
659.0
47.0
2.0
17.0
1.0
9.0
53.0
1.0
5.0
1.0
3.0
559.0
41.0
1.0
10.0
1.0
3.0
3.0
2.0
3.0
6.0
8.0
3.0
128.0
9.0
5.0
3.0
295.0
28.0
246.0
9.0
1.0
32.0
1.0
1.0
104.0
3.0
3.0
1.0
9.0
3.0
2.0
5.0
1.0
131.0
1.0
16.0
2.0
1.0
29.0
825.0
1.0
1.0
3.0
2.0
162.0
76.0
499.0
1083.0
1.0
1.0
7.0
4.0
1.0
10.0
1.0
457.0
14385.0
51.0
1.0
200.0
8.0
1.0
1.0
12.0
1.0
52.0
23.0
3.0
1.0
21.0
44.0
8.0
44.0
1.0
351.0
1.0
2.0
23.0
1.0
1.0
2.0
1.0
3.0
3.0
40.0
1.0
1.0
3.0
1.0
1.0
3.0
2201.0
2.0
1.0
3.0
1.0
1.0
11.0
1.0
3.0
58.0
1.0
1.0
1.0
2.0
15.0
1.0
3.0
1200.0
3.0
308.0
11.0
3.0
691.0
3.0
2.0
3.0
3.0
69.0
3.0
927.0
1.0
282.0
62.0
73.0
90.0
6.0
72.0
1.0
4.0
1.0
338.0
1.0
1130.0
3.0
6.0
23.0
1.0
1.0
7.0
2.0
4.0
49.0
207.0
1.0
3.0
1352.0
149.0
4.0
4.0
1242.0
1.0
19.0
3.0
1.0
4.0
16.0
2.0
1.0
29.0
1.0
1.0
5.0
1.0
8.0
64.0
3.0
269.0
158.0
14.0
55.0
151.0
1.0
1.0
1217.0
235.0
8.0
3.0
532.0
2.0
516.0
3.0
1.0
2.0
1.0
3.0
1.0
407.0
1.0
1.0
38.0
696.0
111.0
3.0
3.0
1.0
2.0
3.0
55.0
3.0
120.0
1.0
6.0
1.0
46.0
3.0
3.0
1.0
14.0
9.0
1.0
11.0
2.0
1507.0
1.0
13.0
12.0
20.0
127.0
1.0
188.0
1097.0
1.0
14.0
1.0
3.0
1.0
17.0
28.0
1.0
351.0
4.0
1.0
1021.0
9.0
14.0
31.0
1.0
3.0
1.0
9.0
47.0
1.0
124.0
6.0
18.0
475.0
2.0
652.0
1.0
1.0
5223.0
84.0
1.0
1.0
1.0
357.0
31.0
1.0
2.0
1.0
288.0
97.0
1.0
3.0
1.0
2.0
2.0
1.0
1.0
1.0
1.0
9.0
72.0
5.0
451.0
252.0
1.0
15.0
6.0
1.0
1.0
15.0
1.0
9.0
4.0
4.0
3.0
11.0
1.0
60.0
1.0
5.0
546.0
1.0
5.0
2.0
15093.0
3.0
1.0
3.0
1.0
3.0
2.0
2.0
6.0
16980.0
25.0
1.0
8.0
13.0
1.0
306.0
1.0
3.0
5.0
1225.0
3.0
2.0
341.0
3.0
18.0
1.0
427.0
690.0
32.0
172.0
2.0
3.0
1.0
16.0
1.0
1.0
3.0
1.0
1.0
1.0
4.0
12.0
3.0
131.0
3.0
1.0
2.0
3.0
3.0
4.0
1878.0
7.0
4.0
1.0
6.0
2.0
29.0
10.0
111.0
23.0
2.0
98.0
22.0
1.0
2.0
2.0
15.0
2.0
2.0
699.0
4.0
290.0
2.0
3.0
9.0
1.0
118.0
3.0
1.0
38.0
1.0
3.0
374.0
1.0
3.0
65.0
1.0
2.0
569.0
1.0
1.0
1.0
1.0
2.0
17.0
2.0
51.0
132.0
4.0
5.0
1.0
175.0
1.0
2.0
26.0
2.0
1.0
3.0
16.0
731.0
5.0
9.0
66.0
90.0
2.0
10.0
35.0
2.0
44.0
1.0
3.0
1.0
1.0
428.0
27.0
1.0
3.0
17.0
1.0
74.0
3.0
5.0
3.0
1.0
1.0
1.0
1305.0
2.0
41.0
3.0
2.0
389.0
65.0
2.0
2473.0
1.0
4.0
7.0
1.0
3.0
2.0
20.0
8.0
670.0
1.0
18.0
124.0
3.0
2244.0
19.0
157.0
1.0
8.0
1.0
1.0
3.0
2.0
4.0
232.0
10.0
2.0
4.0
9.0
8.0
2.0
5219.0
421.0
1.0
2.0
1.0
2.0
2.0
175.0
615.0
379.0
112.0
302.0
10.0
3.0
20.0
301.0
10.0
2.0
1.0
31.0
12.0
16.0
36.0
3.0
2.0
1.0
1.0
7.0
72.0
2.0
3.0
124.0
326.0
11.0
1.0
26.0
1.0
3.0
2.0
8.0
3.0
8.0
72.0
4.0
1066.0
1117.0
3.0
282.0
24.0
3.0
3.0
2.0
1161.0
7.0
105.0
8.0
2.0
1.0
2.0
1.0
1.0
362.0
1.0
5.0
1.0
7.0
132.0
6.0
3.0
4.0
4.0
65.0
2.0
8.0
42.0
2.0
9.0
2.0
1424.0
3.0
965.0
227.0
3.0
1.0
7.0
5.0
2.0
1.0
5.0
166.0
3.0
31.0
29.0
1.0
1.0
1.0
2.0
62.0
103.0
294.0
153.0
1018.0
322.0
3224.0
2.0
1.0
3.0
3.0
11.0
16.0
90.0
16.0
1.0
24.0
685.0
2.0
1.0
2.0
2.0
1.0
12.0
895.0
1.0
2.0
1.0
49.0
1.0
555.0
2.0
1.0
1.0
2.0
74.0
3.0
1.0
7.0
2.0
1.0
4.0
2.0
3.0
7.0
3.0
1215.0
3.0
1.0
14.0
4.0
5.0
2.0
3.0
8.0
56.0
1.0
2.0
1.0
21.0
2.0
1.0
3.0
988.0
2.0
3.0
27.0
14.0
2093.0
1.0
1.0
1.0
3.0
1.0
152.0
50.0
60.0
1.0
4.0
3340.0
1.0
1.0
8.0
3.0
638.0
1.0
3.0
3.0
3.0
9.0
2.0
10.0
1.0
23.0
1.0
1.0
1.0
2.0
5.0
1.0
1.0
421.0
17.0
26.0
18.0
25.0
1.0
17.0
3.0
1.0
172.0
3.0
1.0
3.0
2.0
492.0
54.0
4.0
1.0
1.0
55.0
3.0
2.0
10.0
2.0
446.0
74.0
1.0
4.0
82.0
2.0
238.0
3.0
1.0
100.0
22.0
1.0
102.0
4.0
57.0
1.0
17.0
1.0
1.0
1.0
16.0
6.0
3.0
1.0
3.0
337.0
554.0
48.0
3.0
5.0
20.0
4.0
672.0
1.0
2.0
24.0
5.0
648.0
72.0
1.0
1.0
9.0
2.0
3.0
1.0
3.0
1.0
1.0
278.0
3.0
119.0
59.0
769.0
2.0
3.0
7.0
1.0
2.0
14.0
946.0
3.0
929.0
2.0
1.0
3.0
1.0
9995.0
19.0
1.0
1.0
1.0
7.0
3.0
1.0
18.0
4.0
1.0
4.0
4.0
5.0
1.0
213.0
219.0
9.0
19.0
106.0
293.0
1.0
9.0
32.0
88.0
10.0
3.0
8.0
23.0
2.0
1.0
3.0
3.0
12.0
1.0
3.0
3.0
86.0
961.0
11585.0
178.0
7031.0
2.0
1.0
2.0
1.0
1.0
14.0
1.0
54.0
3.0
3.0
1.0
1.0
256.0
954.0
1.0
224.0
2778.0
11.0
12.0
83.0
7.0
11.0
2.0
1.0
3.0
82.0
3.0
1.0
31.0
65.0
2.0
559.0
3.0
1.0
457.0
8.0
1.0
3.0
3.0
93.0
3.0
15.0
1.0
54.0
4.0
1.0
3.0
258.0
32.0
17.0
788.0
3.0
2812.0
1.0
4.0
2.0
530.0
3.0
43.0
8.0
5.0
476.0
147.0
9.0
1.0
82098.0
18.0
18.0
1.0
2.0
38.0
7.0
25.0
1.0
10.0
1.0
2995.0
27.0
4.0
2.0
160.0
4.0
1.0
1.0
2.0
3.0
1.0
12.0
5.0
10.0
118.0
35.0
3.0
50.0
1.0
79.0
21.0
1.0
1.0
65.0
1.0
2.0
5.0
42.0
2.0
1.0
3.0
1.0
1.0
370.0
8.0
5180.0
3.0
3.0
15.0
1.0
119.0
1.0
2.0
9.0
54.0
16.0
1.0
1.0
8.0
32.0
1.0
1.0
63.0
56.0
139.0
21.0
1.0
1.0
5.0
3.0
3.0
1.0
18.0
19.0
9.0
1.0
3.0
697.0
2.0
8.0
6.0
1.0
2.0
188.0
65.0
1.0
1.0
1.0
997.0
1198.0
130.0
60.0
1.0
6.0
3.0
34.0
180.0
1.0
12.0
124.0
5.0
93.0
106.0
1.0
1.0
3.0
1.0
45.0
3.0
1.0
2.0
3.0
1.0
1.0
1.0
278.0
3.0
1.0
2.0
3.0
932.0
3.0
3.0
1.0
1.0
8.0
11.0
2.0
3.0
5.0
572.0
1501.0
19.0
351.0
4.0
3.0
7.0
2.0
32.0
16.0
32.0
1.0
1.0
361.0
7.0
11.0
1.0
754.0
3.0
1.0
9.0
14987.0
1.0
2.0
3.0
22.0
6.0
2.0
930.0
135.0
24.0
1.0
2.0
1.0
3.0
3.0
2.0
3.0
55.0
92.0
104.0
31.0
2.0
1.0
2.0
2.0
1.0
36.0
7.0
1.0
3.0
2.0
1.0
20.0
3.0
6.0
3.0
2.0
9.0
12.0
1.0
4.0
580.0
11.0
9.0
1.0
254.0
1.0
4.0
4.0
3.0
828.0
2.0
6.0
1.0
28.0
4.0
68.0
2.0
1.0
3.0
10.0
21.0
3.0
7.0
268.0
576.0
60.0
3.0
1.0
2.0
183.0
189.0
2414.0
1.0
5.0
3.0
1864.0
1.0
10.0
1.0
1.0
1.0
2.0
3.0
8.0
1.0
282.0
288.0
1.0
17.0
14.0
1.0
14.0
51.0
7.0
3.0
1.0
4.0
3015.0
2719.0
15.0
1.0
1.0
1.0
10.0
3.0
1.0
1.0
30.0
6.0
55.0
1.0
2.0
4.0
14385.0
2.0
9.0
1.0
8.0
42.0
2001.0
1.0
3.0
1.0
1.0
1.0
1.0
2.0
1.0
176.0
130.0
1.0
1610.0
13.0
126.0
8.0
85.0
1.0
3.0
5.0
453.0
3.0
1.0
20.0
42.0
10.0
4.0
1.0
13.0
2.0
2.0
7.0
112.0
4.0
5.0
2.0
4.0
2.0
3.0
8.0
16.0
4.0
3.0
291.0
21.0
1.0
7.0
1.0
140.0
3250.0
1.0
2.0
2.0
87.0
25.0
1.0
24.0
2.0
1.0
1.0
1.0
4.0
867.0
20.0
2026.0
4.0
3.0
1.0
1.0
1.0
2.0
4.0
102.0
53.0
505.0
4.0
1.0
10.0
1.0
54.0
4.0
3.0
3.0
60.0
1.0
4.0
93.0
5.0
15.0
16.0
69.0
1078.0
2.0
1.0
9.0
4.0
351.0
83.0
3256.0
236.0
107.0
4.0
7.0
1.0
4.0
10.0
2.0
5.0
1.0
3.0
1.0
33.0
36.0
3.0
1.0
3902.0
3.0
3.0
101.0
282.0
3.0
1.0
2.0
7.0
3.0
2.0
90.0
9.0
1894.0
12.0
3.0
1.0
1.0
2.0
1.0
21.0
3.0
1.0
1020.0
69.0
4.0
1.0
47.0
3.0
1.0
959.0
1.0
1.0
1.0
2.0
3.0
14.0
5.0
1.0
7.0
370.0
5.0
2.0
1.0
4.0
13.0
1.0
1.0
1.0
2.0
86.0
9.0
5.0
80.0
2.0
1.0
3843.0
1.0
8.0
3.0
1.0
1.0
2.0
6.0
1.0
7.0
14.0
1.0
7.0
3.0
41.0
1.0
1.0
1.0
3.0
611.0
3.0
11.0
3.0
3.0
5.0
6.0
14.0
9.0
7.0
1.0
3.0
1.0
671.0
30.0
1.0
1.0
2.0
3.0
47.0
1199.0
4240.0
1.0
1.0
1.0
103.0
7.0
1.0
795.0
4.0
1.0
1762.0
16.0
2.0
61.0
322.0
2.0
1.0
3.0
1.0
25.0
3.0
3.0
1.0
3.0
350.0
1.0
3.0
1.0
1.0
9.0
11.0
1.0
23.0
3.0
5.0
1.0
1.0
1.0
3.0
1238.0
1.0
8.0
239.0
20.0
1.0
9.0
1.0
9.0
1.0
1.0
1.0
21.0
1.0
4.0
1.0
2601.0
19.0
4.0
8.0
13.0
265.0
1.0
332.0
8.0
2.0
1.0
4.0
55.0
3.0
199.0
3.0
900.0
2.0
111.0
8.0
3.0
1.0
370.0
1.0
1.0
1.0
141.0
6.0
62.0
1.0
124.0
1.0
3065.0
2.0
13.0
1.0
2.0
701.0
2.0
9.0
31.0
6.0
351.0
1.0
1.0
14.0
21.0
2.0
59.0
1.0
46.0
1.0
1.0
10.0
8.0
140.0
3.0
1.0
27.0
3.0
1.0
4.0
11.0
3.0
22.0
28.0
2.0
1.0
16.0
1.0
7.0
3.0
3.0
2.0
1.0
7.0
3.0
2.0
3.0
41.0
31.0
8.0
11.0
543.0
14.0
351.0
113.0
2.0
1.0
3.0
24.0
1.0
3.0
1.0
3.0
296.0
9.0
3.0
9.0
1.0
6.0
3.0
2.0
45.0
1.0
1.0
2.0
4.0
1.0
2.0
2.0
1.0
1.0
17.0
205.0
1.0
2.0
3.0
9.0
56.0
50.0
3.0
6.0
3.0
4.0
4.0
3.0
1.0
30.0
6.0
307.0
66.0
841.0
27.0
22.0
1.0
28.0
1.0
429.0
8.0
313.0
5.0
4.0
84.0
1.0
2.0
188.0
45.0
1.0
4.0
3.0
3.0
2.0
714.0
2.0
5.0
968.0
6.0
4.0
6.0
35.0
65.0
3.0
24.0
1.0
4.0
3.0
633.0
4.0
1.0
1.0
21.0
1.0
15.0
1.0
8.0
5.0
81.0
1.0
3.0
1.0
52.0
254.0
1.0
87.0
232.0
2.0
1.0
1.0
1.0
2.0
1.0
2.0
1.0
87.0
1.0
486.0
26.0
1.0
3.0
7.0
3329.0
1.0
10.0
1.0
1.0
2.0
2.0
14392.0
69.0
51.0
5.0
32.0
2.0
12.0
2.0
2.0
3.0
3.0
1.0
199.0
1.0
1344.0
6.0
2.0
11.0
1.0
1.0
5.0
1120.0
1.0
2.0
3.0
1.0
2523.0
1.0
361.0
1.0
1163.0
1.0
2.0
7.0
288.0
8079.0
1135.0
1.0
2.0
745.0
4.0
3.0
704.0
4.0
453.0
1.0
488.0
55.0
1528.0
202.0
1.0
1.0
2.0
1031.0
3.0
1.0
973.0
14.0
1.0
2.0
1.0
1346.0
1.0
705.0
17.0
1.0
1.0
2.0
3.0
3.0
260.0
2.0
5.0
6.0
10.0
1.0
183.0
2.0
22.0
3.0
3.0
3.0
4.0
1.0
2.0
14.0
109.0
210.0
2.0
1.0
2251.0
1.0
1.0
87.0
1.0
1.0
3.0
125.0
61.0
1.0
596.0
6.0
1502.0
1.0
1.0
14.0
1437.0
3.0
293.0
537.0
74.0
139.0
360.0
1.0
234.0
1.0
1.0
1157.0
1.0
5.0
1.0
88.0
2.0
68.0
103.0
3.0
13.0
159.0
1.0
27.0
2.0
1.0
16.0
6355.0
1.0
1.0
1.0
697.0
171.0
235.0
1.0
1.0
1.0
1.0
2.0
4.0
3.0
3.0
3.0
109.0
24.0
8.0
1.0
1.0
40.0
701.0
2.0
1.0
1.0
1.0
4.0
9.0
3.0
4.0
1.0
9.0
1.0
1.0
3.0
31.0
2.0
1.0
10.0
1.0
2.0
878.0
71.0
2.0
7.0
1.0
3.0
1649.0
3.0
10.0
3.0
8.0
11982.0
26.0
1.0
3.0
3.0
5.0
1.0
3.0
149.0
44.0
20.0
1.0
49.0
3.0
1.0
1.0
1.0
1.0
1.0
75.0
32.0
16.0
37.0
1.0
199.0
42.0
1.0
2.0
1.0
6.0
1.0
1.0
102.0
24.0
65.0
512.0
1183.0
1100.0
1234.0
2.0
3.0
122.0
857.0
53.0
3.0
1.0
3.0
12.0
520.0
3.0
2.0
33.0
5.0
140.0
4.0
14.0
1.0
1.0
839.0
3.0
11.0
16.0
71.0
1.0
585.0
4.0
4.0
7.0
292.0
15.0
1142.0
75.0
1.0
106.0
1.0
9.0
1.0
10.0
5823.0
1.0
1.0
75.0
2.0
16.0
3.0
4536.0
21.0
923.0
4.0
7.0
3.0
10.0
12.0
3.0
1.0
27.0
47.0
28.0
45.0
1.0
1.0
2.0
5.0
5.0
15.0
944.0
1.0
48.0
6.0
1.0
1.0
1.0
1.0
1.0
4.0
30.0
20.0
3.0
9.0
1256.0
2.0
307.0
98.0
3.0
1.0
7853.0
3.0
3.0
1.0
5.0
62.0
2.0
1.0
1.0
2.0
3.0
1.0
1.0
6.0
1.0
1.0
18.0
2.0
16.0
1.0
3.0
1041.0
1.0
8.0
2.0
3.0
546.0
6.0
4.0
1.0
3.0
2.0
31.0
2.0
3.0
4.0
10.0
19.0
6.0
3.0
1.0
3.0
16.0
2.0
1.0
3.0
71.0
1.0
89.0
36.0
1.0
1266.0
1438.0
155.0
1.0
1.0
3.0
2.0
6.0
27.0
1.0
26.0
1.0
3.0
13.0
1.0
4.0
3.0
1.0
561.0
4.0
3.0
1.0
3.0
1994.0
319.0
23.0
1.0
19.0
1.0
2863.0
1.0
45.0
3.0
28.0
9.0
9.0
378.0
2.0
3.0
4.0
253.0
7.0
3.0
3.0
8.0
2.0
10.0
1.0
21.0
839.0
3.0
2.0
1.0
5.0
59.0
95.0
1028.0
7.0
2.0
90.0
52.0
2.0
1.0
1.0
2.0
23.0
1.0
4.0
1.0
514.0
1.0
2.0
1018.0
334.0
848.0
362.0
5.0
2.0
3.0
1.0
2.0
6596.0
5.0
2.0
50.0
34.0
2.0
3.0
1.0
500.0
1.0
1.0
3.0
118.0
2.0
3.0
1.0
1618.0
7.0
646.0
1.0
230.0
57.0
2.0
12.0
3.0
1.0
6.0
1.0
5.0
1.0
1451.0
3.0
1.0
1.0
1.0
421.0
1.0
1911.0
3.0
1.0
2.0
40.0
1.0
1.0
37.0
5.0
1.0
13139.0
3.0
3.0
7.0
293.0
10.0
86.0
83.0
2.0
4921.0
2.0
154.0
24.0
6.0
2.0
3.0
3.0
6.0
1.0
18.0
1.0
7.0
16.0
7.0
10.0
34.0
102.0
9.0
103.0
2.0
2.0
720.0
1.0
4.0
4.0
122.0
282.0
1.0
29.0
20.0
1.0
4.0
1251.0
6.0
2.0
3.0
4.0
9.0
11.0
1.0
4.0
2.0
17.0
1056.0
2.0
79.0
3.0
3.0
24.0
17.0
72.0
3.0
1.0
2.0
20.0
6.0
14385.0
292.0
2.0
3.0
16.0
201.0
3.0
3.0
4.0
5.0
167.0
2.0
1.0
29.0
1.0
1642.0
4.0
4.0
1.0
2.0
24.0
7.0
1.0
1374.0
19.0
7.0
9.0
3.0
222.0
212.0
1.0
825.0
350.0
5.0
2.0
169.0
1.0
242.0
24.0
2.0
596.0
6.0
79.0
15.0
9.0
3.0
2.0
3.0
3070.0
2.0
1.0
24.0
3.0
839.0
2.0
151.0
2571.0
1.0
3.0
48.0
2.0
839.0
23.0
2.0
5.0
35.0
8.0
1.0
1.0
8.0
2.0
23.0
4.0
2.0
6.0
2.0
3.0
5.0
4.0
2.0
70.0
1727.0
1.0
1.0
3.0
3.0
1210.0
3.0
835.0
1.0
457.0
3.0
4.0
3.0
1.0
2.0
79.0
22.0
1626.0
1.0
1.0
5.0
8.0
14.0
2.0
1.0
5552.0
3.0
1.0
2.0
160.0
10.0
18.0
965.0
7.0
241.0
338.0
2.0
1628.0
697.0
4.0
5.0
1.0
4448.0
9.0
2.0
2.0
7.0
12.0
5853.0
1.0
1.0
1.0
1.0
4.0
1.0
1247.0
104.0
11.0
2.0
1.0
1.0
539.0
5.0
154.0
143.0
4.0
1.0
4.0
2.0
1.0
3.0
38.0
3.0
1161.0
310.0
774.0
1.0
1.0
2.0
379.0
4.0
63.0
1.0
5.0
2.0
1.0
2.0
4.0
3.0
15.0
2.0
2.0
1.0
4.0
199.0
1.0
115.0
1.0
3.0
63.0
2.0
30.0
1065.0
201.0
42.0
3.0
226.0
1.0
8.0
1.0
3.0
66.0
3.0
39.0
36.0
1.0
310.0
6.0
29.0
3.0
6279.0
1.0
1.0
1.0
2.0
1.0
825.0
6.0
1.0
1067.0
1.0
2.0
1.0
2.0
1.0
778.0
1.0
1.0
97.0
7.0
8.0
1.0
7.0
1.0
1.0
3.0
1.0
1.0
1.0
1.0
3.0
75.0
1.0
7.0
3.0
24.0
4.0
16.0
596.0
7.0
25.0
1.0
2.0
3.0
7.0
23.0
1.0
29.0
23.0
612.0
100.0
45.0
313.0
1.0
1.0
4.0
5.0
1.0
3388.0
4.0
1442.0
1.0
1.0
2.0
3.0
75.0
1.0
1.0
7.0
2.0
1.0
10.0
3.0
4.0
11.0
3.0
963.0
17.0
22.0
1.0
10.0
353.0
332.0
2.0
1.0
1.0
3.0
3.0
596.0
19.0
1.0
1.0
3.0
3.0
2.0
21.0
12.0
1.0
3.0
1.0
1.0
3.0
1.0
1.0
674.0
346.0
1.0
28.0
1.0
8.0
2.0
5.0
173.0
3.0
2.0
3.0
3.0
1.0
1.0
234.0
10.0
1.0
122.0
17.0
1.0
1.0
22.0
61.0
3.0
843.0
115.0
3.0
3.0
83.0
24.0
1.0
4.0
1.0
3.0
2.0
2.0
1.0
2.0
2.0
3.0
714.0
13.0
12.0
117.0
19.0
4.0
1.0
3.0
65.0
351.0
1.0
7.0
1.0
124.0
198.0
15.0
285.0
3.0
24.0
1.0
2.0
613.0
1.0
4.0
4445.0
96.0
4.0
3.0
3.0
1286.0
242.0
2.0
4.0
3.0
1.0
4.0
2.0
1.0
1.0
50.0
1.0
15.0
8.0
72.0
1.0
27.0
3.0
8.0
3.0
61.0
1.0
19.0
198.0
85.0
4.0
34.0
3.0
10.0
2.0
3.0
3.0
1.0
14.0
1536.0
3.0
1.0
1.0
1.0
3.0
3.0
1.0
2.0
2.0
1.0
2.0
3.0
1420.0
1.0
16.0
24.0
2.0
1.0
1.0
4.0
108.0
5.0
3.0
9.0
9.0
385.0
20.0
3.0
2.0
21.0
1.0
5.0
4.0
2.0
60.0
1990.0
1.0
18.0
3.0
1.0
9.0
1282.0
2.0
10001.0
287.0
1.0
1.0
8.0
59.0
1.0
7.0
36.0
3.0
944.0
3.0
4.0
3.0
166.0
1.0
26.0
3.0
2.0
3.0
1.0
3.0
3.0
1.0
3.0
2.0
3.0
2.0
1.0
10001.0
371.0
3.0
1.0
144.0
5.0
5.0
1.0
2.0
123.0
796.0
1.0
3.0
9.0
751.0
1136.0
61.0
3.0
7.0
46.0
17.0
6.0
16.0
1.0
596.0
5.0
3.0
58.0
3.0
34.0
1.0
446.0
53.0
1.0
15.0
2.0
1.0
33.0
1.0
1.0
292.0
351.0
8.0
2.0
1.0
7.0
21.0
7886.0
1.0
1.0
3.0
326.0
3.0
1.0
1.0
16.0
3.0
1.0
39.0
16.0
4.0
9.0
66.0
24.0
3.0
24.0
1.0
9.0
9.0
6.0
255.0
1.0
3.0
3.0
1.0
1396.0
7.0
2.0
3.0
2.0
15.0
2.0
2440.0
387.0
39.0
1.0
122.0
41.0
3.0
40.0
1.0
6.0
1.0
1.0
20.0
3.0
535.0
2.0
2.0
2.0
4.0
495.0
3.0
3.0
24.0
1.0
1.0
46.0
1618.0
1.0
9.0
3.0
234.0
1911.0
19.0
669.0
1.0
93.0
2.0
2.0
1.0
172.0
18.0
2.0
17.0
5.0
91.0
6.0
65.0
1.0
1.0
3.0
3.0
1.0
106.0
17.0
3.0
1.0
5.0
28.0
33.0
1.0
24.0
765.0
1.0
1.0
3.0
1383.0
1.0
3645.0
3.0
1.0
39.0
1.0
63.0
2.0
1.0
351.0
669.0
283.0
1.0
1.0
1.0
4.0
1.0
3.0
1.0
1.0
3.0
1.0
1.0
1.0
1.0
7.0
468.0
932.0
1.0
1.0
1.0
1.0
1.0
183.0
3.0
6.0
1.0
57.0
1.0
1.0
68.0
2.0
283.0
2.0
2.0
1.0
313.0
259.0
12.0
1.0
9.0
1.0
117.0
3.0
3.0
3.0
3.0
1.0
457.0
2.0
7.0
1.0
1.0
4.0
100.0
1.0
1.0
171.0
31.0
1.0
3.0
1.0
3.0
5.0
8.0
338.0
5.0
121.0
352.0
1039.0
1.0
3.0
2.0
1362.0
1.0
1.0
3.0
1.0
13.0
1.0
1.0
313.0
70.0
1.0
1.0
292.0
2913.0
3.0
1.0
1.0
9.0
1.0
1.0
3.0
1.0
1.0
4.0
1.0
292.0
1.0
1.0
14.0
856.0
1.0
3.0
3.0
63.0
4.0
2735.0
22.0
2.0
2563.0
8.0
1.0
1183.0
3.0
1.0
31.0
9.0
2.0
537.0
1.0
2.0
21.0
1.0
4.0
1462.0
4.0
1.0
11.0
6.0
1.0
125.0
3.0
149.0
3.0
2.0
9.0
8.0
2.0
1.0
31.0
19.0
138.0
1.0
4.0
9.0
11.0
1.0
2.0
1.0
1327.0
2.0
1.0
516.0
138.0
3.0
1.0
152.0
279.0
24.0
351.0
44.0
3.0
1.0
801.0
19.0
22.0
4.0
10.0
6.0
5.0
1.0
3.0
576.0
1.0
39.0
13.0
14385.0
1.0
569.0
2.0
3.0
1.0
65.0
7.0
3.0
13.0
2.0
9.0
8.0
377.0
1.0
28.0
119.0
10.0
3.0
20.0
3.0
41.0
1.0
1.0
2.0
1.0
488.0
42.0
1.0
43.0
1.0
1.0
2.0
5.0
437.0
9.0
12.0
3.0
6.0
55.0
365.0
15.0
1.0
3.0
1.0
2.0
44.0
2.0
1.0
56.0
9.0
3.0
1.0
37.0
7.0
4626.0
1.0
1.0
388.0
3.0
1.0
405.0
90.0
7.0
59.0
1.0
1.0
1.0
2.0
4.0
1395.0
3.0
107.0
4.0
1.0
3.0
5.0
67.0
76.0
448.0
3000.0
1.0
1.0
55.0
3.0
537.0
3.0
4.0
1.0
1.0
1.0
22.0
1.0
1.0
127.0
1.0
360.0
448.0
1.0
19.0
2.0
1.0
1.0
1.0
3.0
13.0
3.0
2.0
1679.0
3.0
2.0
24.0
4.0
34.0
15.0
2.0
18.0
2.0
349.0
17.0
319.0
1.0
2.0
199.0
38.0
2.0
5.0
3.0
47.0
15.0
1.0
402.0
28.0
74.0
2.0
17.0
2.0
1.0
17.0
1.0
1.0
1.0
459.0
4.0
1.0
2.0
3.0
3.0
4.0
1.0
3.0
21.0
1.0
20.0
2.0
2.0
1.0
1016.0
3.0
6.0
3.0
2.0
29.0
1.0
14.0
1043.0
3.0
4337.0
3.0
4.0
38.0
1.0
3.0
19.0
308.0
1323.0
1.0
352.0
577.0
282.0
3.0
1.0
9.0
3.0
40.0
3.0
1.0
2.0
1610.0
46.0
1.0
3.0
2.0
3.0
1.0
1.0
2.0
4.0
1.0
2823.0
552.0
1.0
4.0
19.0
255.0
1.0
1.0
4.0
1.0
2.0
3.0
46.0
3.0
71.0
13.0
24.0
5.0
1.0
2.0
7.0
1.0
1.0
6.0
1.0
176.0
3.0
1.0
105.0
157.0
31.0
8.0
27.0
3.0
7900.0
3.0
1.0
102.0
2.0
2892.0
2.0
9.0
4.0
1.0
1.0
19.0
2.0
3.0
3.0
1.0
2.0
441.0
9.0
1.0
10.0
1.0
21.0
108.0
7.0
1.0
21.0
1.0
7.0
4.0
48410.0
91.0
2.0
1.0
3.0
3.0
2.0
5904.0
5.0
3.0
31.0
455.0
959.0
1.0
4.0
2.0
2.0
1.0
3.0
3.0
223.0
4.0
1.0
1003.0
38.0
2.0
576.0
5.0
2.0
1.0
3.0
37.0
25.0
1.0
87.0
1.0
1613.0
30.0
3.0
11.0
10.0
338.0
3.0
1.0
3.0
1.0
3.0
20.0
1.0
1856.0
2.0
3.0
5.0
301.0
1.0
6.0
61.0
83.0
1.0
143.0
10001.0
14.0
1.0
657.0
3.0
27.0
119.0
1.0
1.0
3.0
1.0
1225.0
1.0
22.0
6.0
608.0
3.0
2.0
13.0
1.0
1018.0
2.0
1.0
3.0
2.0
1.0
105.0
10.0
4.0
9.0
180.0
24.0
3.0
41.0
4.0
108.0
19.0
1.0
3.0
1.0
2.0
2.0
4.0
1.0
13.0
9.0
2.0
8.0
1.0
23.0
53.0
102.0
41.0
74.0
1018.0
1.0
1.0
4.0
205.0
298.0
6.0
4.0
95.0
3.0
1.0
2.0
2.0
1.0
8.0
1.0
1.0
3.0
2.0
1.0
3.0
6.0
1.0
3.0
1048.0
121.0
2.0
3.0
14.0
1.0
3.0
249.0
6.0
1.0
7.0
3.0
9.0
278.0
16.0
4.0
3.0
2.0
19.0
13.0
1.0
133.0
17.0
1.0
886.0
1.0
3.0
230.0
13.0
1297.0
1.0
36.0
1.0
7.0
7.0
4.0
1.0
369.0
6.0
3.0
1523.0
1.0
12.0
14.0
649.0
7.0
29.0
1.0
31.0
47.0
3.0
14.0
2.0
1054.0
2.0
1.0
118.0
22.0
23.0
7.0
1.0
5.0
3.0
5.0
3.0
5.0
1.0
2.0
1.0
1.0
316.0
4.0
1.0
683.0
3.0
1.0
4.0
1.0
3.0
3.0
278.0
3.0
35.0
232.0
4.0
2.0
6.0
15.0
3.0
1.0
82.0
10.0
11.0
1.0
19.0
102.0
282.0
5.0
16.0
441.0
852.0
3.0
2.0
1.0
1.0
1.0
13792.0
2607.0
2.0
48.0
3.0
1.0
65.0
6.0
1.0
1.0
1.0
1.0
31.0
8.0
1.0
34.0
1.0
15.0
1.0
1694.0
1.0
601.0
1.0
4.0
3.0
2.0
1.0
193.0
2.0
1302.0
102.0
4.0
1.0
1.0
3.0
17.0
19.0
104.0
36.0
1.0
1.0
38.0
3.0
3.0
1.0
2.0
2.0
2.0
1.0
2.0
5.0
1.0
3.0
3.0
157.0
63.0
12.0
3.0
2.0
1.0
1.0
551.0
1.0
615.0
489.0
3.0
647.0
8.0
1.0
1.0
2.0
16.0
2.0
1.0
3.0
296.0
1.0
3.0
2.0
1.0
102.0
338.0
9.0
9.0
19.0
1.0
3.0
1.0
14385.0
1.0
1.0
1.0
3.0
2.0
5.0
1183.0
1.0
3.0
3.0
3.0
1.0
3.0
16.0
3.0
59.0
3.0
2.0
899.0
437.0
14189.0
1.0
1.0
1.0
23.0
102.0
1.0
4.0
8.0
6.0
164.0
3.0
1.0
2.0
10.0
460.0
6.0
1.0
695.0
3.0
2.0
3.0
31.0
2.0
31.0
10.0
1.0
1.0
3.0
16.0
69.0
677.0
9.0
4.0
3.0
8.0
3.0
1.0
3.0
542.0
40.0
1.0
1.0
4.0
3.0
1.0
228.0
22.0
2.0
3.0
9.0
43.0
2.0
17.0
1.0
655.0
25.0
19.0
2.0
1.0
4.0
844.0
3.0
3.0
3.0
932.0
1.0
832.0
1.0
1.0
2.0
51.0
3.0
3.0
2.0
24.0
1.0
2.0
10.0
543.0
351.0
2.0
3.0
90.0
152.0
3.0
4.0
1.0
1.0
1.0
64.0
4.0
5.0
2263.0
3.0
24.0
1.0
2.0
1.0
10.0
24.0
212.0
1018.0
2.0
3.0
1.0
2.0
5.0
659.0
1.0
114.0
6.0
1.0
13.0
7.0
1.0
19.0
1.0
2.0
10.0
7.0
1.0
57.0
244.0
8.0
9.0
7.0
7.0
59.0
1.0
1.0
1.0
2.0
3.0
17.0
5.0
13.0
2.0
3.0
19.0
230.0
2.0
1.0
1.0
3.0
2.0
76.0
235.0
1.0
3.0
2.0
1.0
1.0
1.0
4.0
1.0
1.0
1.0
2.0
1.0
351.0
3.0
1.0
8.0
7.0
8750.0
8.0
14.0
1.0
355.0
57.0
1.0
70.0
1.0
6.0
4.0
558.0
3.0
10.0
2.0
1.0
13.0
1.0
4.0
23.0
182.0
89.0
3.0
1.0
3.0
3.0
10.0
7457.0
1.0
1.0
1047.0
1.0
18.0
22.0
3.0
7.0
43.0
1.0
1.0
110.0
4.0
1.0
27.0
2372.0
117.0
1.0
3.0
310.0
1.0
1.0
93.0
347.0
774.0
284.0
8.0
2.0
7.0
429.0
3.0
1.0
83.0
4.0
1560.0
1.0
1.0
8.0
1.0
2.0
3.0
3.0
3.0
4.0
37.0
2.0
3.0
1.0
3.0
8.0
1.0
3.0
159.0
19.0
6.0
1.0
19.0
59.0
12.0
5.0
351.0
1.0
4.0
117.0
1.0
8.0
1.0
2.0
7.0
1.0
1.0
1948.0
4.0
1.0
3.0
3.0
2.0
2.0
1.0
48.0
250.0
292.0
9.0
1179.0
10.0
238.0
8.0
14.0
1.0
1.0
268.0
6.0
3.0
2.0
102.0
51.0
3.0
47.0
1.0
137.0
1.0
4.0
25.0
8.0
27.0
7.0
1.0
18.0
1.0
5.0
15.0
8.0
2.0
964.0
525.0
2.0
17.0
3.0
2.0
16.0
6.0
4.0
1.0
1.0
2.0
1.0
1.0
665.0
86.0
10.0
3.0
1252.0
2.0
5.0
66.0
1066.0
1.0
1.0
2.0
5.0
77.0
91.0
1.0
4.0
1.0
6.0
1.0
1.0
96.0
5.0
138.0
1.0
164.0
9.0
727.0
1.0
1.0
7.0
19.0
2.0
3.0
3.0
28.0
2.0
18.0
1.0
6.0
8.0
2.0
1.0
2.0
28.0
87.0
1.0
1.0
2.0
2.0
23.0
232.0
6.0
111.0
3.0
2.0
304.0
1.0
17.0
3.0
9.0
1.0
1.0
1.0
1449.0
98.0
19.0
24.0
163.0
2.0
35.0
840.0
2.0
351.0
231.0
11.0
8.0
2.0
82.0
1.0
9.0
1.0
1.0
467.0
61.0
33.0
21.0
3.0
1.0
34.0
3.0
9.0
5.0
1.0
4.0
3.0
524.0
2.0
137.0
6.0
6.0
4.0
3.0
4.0
1.0
4.0
1.0
3.0
13394.0
3.0
1.0
1.0
14.0
300.0
3.0
19.0
2.0
1.0
1.0
85.0
3.0
1.0
3.0
3.0
11.0
7038.0
6.0
1.0
1.0
14055.0
1.0
12.0
5.0
13.0
2.0
5.0
1.0
1.0
204.0
2.0
86.0
19.0
1.0
3.0
806.0
19.0
1.0
1.0
69.0
3.0
9.0
2.0
28.0
25.0
1.0
3.0
53.0
3.0
1.0
13.0
1.0
1.0
5.0
3.0
1.0
6.0
6.0
4.0
10.0
1.0
77.0
1476.0
387.0
75.0
24.0
1.0
33.0
2.0
1.0
8.0
1.0
3.0
62.0
3.0
121.0
1.0
46.0
3.0
2.0
2.0
22.0
1.0
3.0
1.0
295.0
336.0
3.0
5.0
15.0
1.0
186.0
2.0
29.0
3.0
140.0
351.0
1.0
4.0
1.0
3.0
1.0
1.0
2.0
3.0
1185.0
4.0
3.0
31.0
2.0
1.0
1.0
1663.0
1.0
5.0
1018.0
176.0
1.0
351.0
1.0
23.0
1.0
3.0
3.0
3.0
2232.0
3.0
13.0
2.0
103.0
12.0
1.0
11.0
1.0
172.0
1.0
1.0
1.0
1.0
188.0
1.0
1.0
47.0
1.0
22.0
10001.0
1.0
3.0
16.0
3.0
1.0
7.0
16.0
1.0
3.0
3.0
10.0
1.0
4.0
1.0
1200.0
24.0
2.0
18.0
6.0
77.0
2.0
3.0
1.0
1.0
2.0
1.0
736.0
1.0
3.0
12.0
2.0
2.0
1.0
3.0
80.0
4.0
5.0
2.0
1.0
1.0
9.0
4.0
4.0
3.0
3.0
1.0
5.0
3.0
95.0
73.0
2.0
2.0
3.0
11.0
48.0
1.0
1.0
3.0
1.0
1.0
5.0
41.0
1.0
1.0
993.0
3.0
3.0
8.0
1.0
2.0
2.0
1.0
1.0
1443.0
271.0
2.0
3.0
1.0
3.0
6.0
2.0
1.0
3.0
2.0
45.0
4.0
2.0
1.0
1884.0
9.0
1.0
1.0
9.0
1.0
282.0
2.0
2963.0
16.0
3.0
596.0
2.0
1.0
7.0
6.0
1751.0
119.0
8.0
469.0
9.0
199.0
69.0
3.0
51.0
1.0
3.0
326.0
42.0
10.0
18.0
3.0
3.0
8.0
3.0
5.0
18.0
4.0
1.0
8.0
1.0
4.0
129.0
2.0
2.0
2.0
1.0
1.0
3.0
17.0
24.0
34.0
3.0
9.0
1.0
2.0
7.0
728.0
33.0
23.0
2.0
13.0
9.0
6.0
115.0
224.0
4.0
2.0
1.0
1.0
1.0
3.0
9.0
6.0
213.0
452.0
295.0
156.0
17.0
45.0
1.0
18.0
3.0
1.0
1.0
1.0
1.0
288.0
3.0
9.0
16.0
2.0
1.0
8.0
4.0
12.0
1.0
1.0
34.0
2.0
4.0
1.0
2.0
198.0
2.0
6.0
4307.0
3.0
1.0
8.0
1.0
2.0
1018.0
1.0
18.0
3.0
282.0
1.0
1.0
24.0
8.0
64.0
4.0
12.0
3.0
65.0
2.0
2.0
31.0
904.0
8.0
1.0
1.0
50.0
24.0
3.0
2.0
29.0
4.0
13.0
5983.0
3.0
1.0
636.0
3.0
1.0
1293.0
2.0
59.0
7.0
1.0
1.0
77.0
15.0
3.0
1.0
4.0
1.0
184.0
3.0
1.0
3.0
1.0
3.0
62.0
5.0
13.0
11.0
4.0
31.0
1.0
3.0
4.0
8.0
18.0
110.0
761.0
4147.0
3.0
3.0
41.0
3.0
7.0
3.0
310.0
1.0
1.0
14385.0
1.0
3.0
1.0
1.0
14354.0
2.0
2.0
1.0
6.0
484.0
43.0
1.0
3.0
1.0
2.0
218.0
19.0
9.0
886.0
2.0
1.0
66.0
3.0
1.0
565.0
1.0
5.0
67.0
3.0
1.0
267.0
45.0
9.0
8.0
52.0
44.0
145.0
14.0
2.0
158.0
1.0
262.0
128.0
8.0
3.0
240.0
2.0
1.0
3.0
1.0
1.0
3.0
56.0
2.0
1.0
1.0
437.0
107.0
3.0
1.0
911.0
8.0
5.0
24.0
1.0
1.0
20.0
212.0
8166.0
248.0
22.0
1.0
3.0
2.0
2.0
1.0
1.0
3.0
1.0
2.0
2.0
1.0
2.0
14189.0
70.0
4.0
2.0
1.0
5.0
59.0
2.0
1.0
718.0
1.0
188.0
3.0
2.0
7.0
1.0
3.0
3.0
1.0
555.0
2.0
78.0
3.0
31.0
5.0
3.0
1.0
1.0
1.0
59.0
5.0
1.0
1.0
1.0
3.0
1.0
2.0
1.0
1298.0
662.0
1.0
3.0
1.0
3.0
74.0
130.0
645.0
8.0
1.0
7.0
46.0
1.0
1.0
1.0
11.0
24.0
1.0
1.0
1.0
19.0
43.0
3.0
33100.0
317.0
3.0
1.0
3.0
4.0
2.0
17.0
8.0
1.0
1.0
1.0
3.0
1.0
22.0
3.0
102.0
242.0
108.0
46.0
1.0
1.0
3.0
3.0
1.0
338.0
29.0
3.0
19.0
1734.0
113.0
1.0
11.0
3.0
1.0
1.0
2.0
1.0
3.0
4.0
19.0
1.0
5.0
2.0
46.0
1.0
90.0
8.0
13.0
9.0
3.0
14385.0
10.0
1.0
34.0
4.0
3.0
1.0
2.0
288.0
1.0
155.0
1.0
1.0
3.0
529.0
7.0
940.0
25.0
1.0
3.0
2136.0
24.0
1018.0
69.0
4.0
3.0
3.0
65.0
3.0
1.0
1.0
17.0
35.0
3.0
454.0
2.0
1.0
1.0
3.0
1.0
674.0
3.0
3.0
73.0
1.0
4176.0
1317.0
24.0
1.0
4.0
2.0
7.0
2.0
3.0
12.0
343.0
4285.0
2425.0
1.0
10.0
132.0
17.0
1.0
1.0
15.0
3.0
4.0
19.0
1.0
24.0
1.0
4.0
2.0
84.0
17.0
122.0
1.0
45.0
360.0
1.0
146.0
1.0
282.0
3.0
8.0
138.0
213.0
803.0
1.0
3.0
73.0
1.0
776.0
888.0
3.0
227.0
150.0
165.0
3.0
1763.0
4.0
1.0
1.0
895.0
28.0
3.0
1.0
9.0
4.0
2.0
24.0
3.0
3.0
2.0
3.0
3.0
8.0
3.0
1.0
757.0
1.0
1.0
1513.0
60.0
2.0
1.0
1.0
8.0
10.0
2.0
1.0
1.0
8.0
3.0
2.0
3.0
1.0
166.0
1.0
3.0
5.0
1303.0
46.0
724.0
1.0
1.0
596.0
35.0
3.0
30.0
2.0
1.0
1.0
8.0
37.0
45.0
1.0
1.0
11.0
20.0
1.0
50.0
3.0
8.0
115.0
2.0
1.0
1.0
1.0
1.0
4.0
3.0
1.0
5.0
1.0
30.0
16.0
1171.0
3.0
288.0
4.0
3.0
12.0
3.0
5.0
3.0
18.0
2.0
3.0
2.0
81.0
774.0
1.0
1.0
5.0
1.0
4.0
3.0
13.0
439.0
4.0
771.0
3.0
1229.0
3.0
2.0
1.0
2.0
419.0
2.0
27.0
624.0
39.0
721.0
1.0
1.0
1.0
81.0
3.0
1.0
63.0
8.0
137.0
1114.0
6.0
96.0
1.0
2.0
1.0
1.0
25.0
2.0
1.0
3.0
878.0
730.0
2.0
8.0
3.0
3.0
26.0
1.0
82.0
3.0
2.0
1.0
150.0
1.0
1.0
114.0
2.0
2.0
1089.0
19.0
19.0
3.0
3.0
1.0
1.0
3.0
3.0
4.0
7.0
3.0
10.0
3.0
1.0
11.0
1.0
1077.0
46.0
1.0
4.0
9.0
7.0
69.0
699.0
25.0
3.0
1.0
753.0
1915.0
7.0
4.0
2.0
2.0
14385.0
3.0
1.0
1.0
2.0
8.0
411.0
3140.0
8.0
370.0
1.0
2.0
90.0
1.0
224.0
3.0
18.0
3.0
27.0
7.0
2.0
1.0
5665.0
77.0
1.0
3.0
12.0
16.0
714.0
141.0
17.0
9.0
86.0
116.0
2.0
5.0
2.0
1.0
461.0
524.0
15.0
3.0
3.0
1.0
1.0
4.0
571.0
1.0
2.0
1.0
1281.0
840.0
17.0
3.0
698.0
2.0
1.0
1.0
3.0
8.0
3.0
8.0
207.0
45.0
1.0
7.0
726.0
674.0
292.0
18.0
21.0
129.0
1.0
1.0
3.0
1.0
2.0
3.0
4.0
5.0
6.0
1229.0
2.0
3.0
1.0
5.0
3.0
7.0
5.0
1353.0
2.0
47.0
1.0
747.0
3.0
1.0
53.0
1.0
726.0
1.0
14.0
3.0
1.0
59.0
1.0
272.0
3.0
3.0
3.0
1842.0
1.0
3.0
2.0
11.0
3.0
1.0
1055.0
98.0
161.0
891.0
53.0
3.0
4.0
9.0
3.0
3.0
12.0
1.0
1.0
3.0
16.0
1.0
29.0
87.0
983.0
1.0
15.0
1.0
579.0
2.0
3.0
2.0
2.0
1.0
7.0
87.0
1.0
3.0
143.0
3.0
3.0
100.0
9.0
1852.0
1.0
1.0
2072.0
73.0
70.0
3.0
912.0
9.0
3.0
2.0
36.0
2.0
1.0
1908.0
723.0
6.0
3.0
11.0
5.0
278.0
24.0
3878.0
55.0
6.0
11.0
452.0
110.0
1.0
3.0
1225.0
58.0
1.0
3.0
3.0
1.0
2.0
68.0
1.0
24.0
4.0
4.0
14.0
119.0
59.0
80.0
10.0
6.0
2.0
1.0
162.0
161.0
5.0
5.0
12.0
573.0
7.0
343.0
2.0
3.0
350.0
1.0
4.0
1.0
1.0
29.0
1.0
24.0
6.0
60.0
253.0
5.0
611.0
6.0
994.0
10.0
400.0
1.0
1047.0
1615.0
2.0
14.0
596.0
9.0
58.0
1.0
23.0
2.0
21.0
4.0
3.0
22.0
1.0
31.0
54.0
132.0
2.0
75.0
1.0
8.0
24.0
1024.0
23.0
3.0
1.0
11.0
1.0
3.0
2.0
3.0
3874.0
9.0
1.0
1.0
59.0
3.0
18.0
4.0
76.0
1.0
701.0
343.0
5.0
641.0
287.0
63.0
50.0
11.0
2.0
3.0
2.0
5.0
652.0
3.0
408.0
2.0
30.0
2.0
13.0
1.0
1.0
3531.0
72.0
3.0
1.0
1.0
3.0
1.0
3.0
4.0
1.0
8.0
1.0
28.0
351.0
1.0
47.0
21.0
5.0
36.0
4.0
6.0
145.0
1.0
92.0
1.0
3.0
2.0
16.0
2.0
2.0
1.0
4.0
45.0
1.0
8.0
1.0
1752.0
2.0
1.0
2.0
2.0
34.0
1.0
87.0
1.0
1.0
13.0
2222.0
8.0
6.0
12.0
3.0
1.0
1292.0
2.0
3.0
1.0
3.0
1.0
25.0
435.0
149.0
1899.0
1514.0
6744.0
330.0
1.0
1.0
7.0
1.0
2.0
1.0
1.0
14.0
7.0
9.0
3.0
2.0
6.0
2.0
1.0
13.0
1.0
1.0
248.0
1.0
3.0
136.0
1.0
1.0
628.0
120.0
1.0
5.0
2.0
2.0
6.0
1.0
2.0
904.0
1111.0
1.0
128.0
6.0
3.0
1.0
1.0
2976.0
9.0
106.0
1.0
4.0
3.0
9.0
117.0
18.0
3.0
3.0
3.0
3.0
1.0
249.0
3.0
7.0
1.0
1.0
28.0
19.0
1.0
1.0
1.0
22.0
389.0
271.0
2.0
3.0
1091.0
7.0
3.0
4.0
71.0
3.0
8.0
1.0
1.0
16.0
2.0
3.0
12.0
1.0
4.0
3.0
1.0
65.0
1.0
4.0
1.0
1.0
1.0
1.0
1.0
9.0
37.0
1.0
128.0
6.0
51.0
7.0
1.0
2.0
3.0
21.0
24.0
1.0
1.0
2.0
2.0
2040.0
7.0
19.0
3.0
11.0
548.0
3.0
1.0
5.0
9.0
1.0
10.0
2124.0
851.0
68.0
2.0
3.0
232.0
119.0
5.0
1.0
1.0
82.0
20.0
20.0
2.0
277.0
4.0
4.0
2.0
6.0
1.0
3.0
140.0
8.0
2.0
132.0
31.0
4.0
59.0
6.0
1.0
3.0
444.0
1869.0
5.0
2.0
1.0
19.0
5.0
8.0
7131.0
8.0
141.0
5.0
1.0
5.0
3157.0
1.0
9.0
67.0
97.0
1017.0
190.0
5.0
1.0
9.0
439.0
11.0
5.0
4.0
7.0
1.0
65.0
42.0
298.0
1.0
51.0
6.0
3.0
3.0
3.0
2.0
884.0
3.0
3.0
97.0
74.0
13.0
12.0
68.0
465.0
3.0
15.0
1.0
49.0
255.0
1.0
304.0
1.0
282.0
3.0
160.0
130.0
1.0
1.0
427.0
7.0
8.0
24.0
5.0
348.0
3.0
1.0
3.0
959.0
1.0
1.0
329.0
1.0
5.0
4.0
1.0
3.0
242.0
4.0
49.0
5.0
4.0
1230.0
10.0
4.0
16.0
3.0
3.0
1.0
2.0
39.0
3.0
1.0
1773.0
8.0
1.0
1.0
2.0
1.0
3.0
522.0
13287.0
4.0
1.0
5.0
4.0
407.0
2.0
1.0
1969.0
3.0
3.0
1.0
351.0
4.0
3.0
34.0
668.0
1.0
134.0
1.0
67.0
11.0
3.0
16.0
1.0
6.0
7.0
7.0
3.0
75.0
11.0
1.0
1.0
1.0
9.0
616.0
84.0
119.0
116.0
47.0
1.0
310.0
1.0
5.0
1801.0
179.0
3.0
3.0
1.0
2.0
2.0
6.0
961.0
5.0
189.0
82.0
3.0
149.0
3.0
961.0
3.0
22.0
1.0
2.0
4.0
1018.0
3.0
146.0
4.0
1352.0
435.0
1.0
4.0
2884.0
3.0
444.0
238.0
3.0
3.0
678.0
2.0
147.0
37.0
1.0
2.0
85.0
1252.0
25.0
3.0
3.0
1.0
3.0
3.0
204.0
4.0
1.0
2.0
1.0
321.0
388.0
36.0
2.0
6.0
2.0
2.0
149.0
21.0
5.0
1.0
152.0
1.0
359.0
10.0
3.0
2.0
51.0
1.0
1.0
207.0
1018.0
1.0
3.0
14.0
1.0
8.0
3.0
1665.0
1.0
2.0
1.0
1.0
84.0
1.0
1.0
2.0
3.0
4.0
4.0
14.0
5836.0
3.0
3.0
2475.0
3.0
334.0
1.0
1.0
1.0
5.0
5.0
697.0
134.0
439.0
9.0
1.0
1.0
2.0
5.0
516.0
343.0
3.0
1.0
12.0
1.0
1.0
25.0
1.0
3.0
3.0
286.0
3.0
1.0
1.0
24.0
5.0
2.0
4334.0
3.0
1.0
1.0
1.0
437.0
1.0
50.0
11.0
10.0
19.0
389.0
4.0
1.0
1147.0
1113.0
20.0
1.0
19.0
1.0
3.0
170.0
23.0
2.0
183.0
348.0
3.0
13675.0
7.0
1.0
1.0
1.0
3.0
1.0
1337.0
6.0
1.0
3.0
1.0
2.0
1.0
134.0
1.0
3.0
1.0
1.0
5.0
1.0
1.0
3.0
1734.0
25.0
9.0
370.0
3.0
1.0
1261.0
9.0
14.0
1.0
65.0
7.0
231.0
1.0
38.0
58.0
8.0
12.0
3.0
3.0
1.0
1.0
28.0
300.0
1418.0
1.0
2.0
11.0
810.0
1.0
5.0
3.0
219.0
9.0
2.0
11.0
11.0
1.0
2.0
3.0
33.0
86.0
1.0
1.0
4.0
1.0
1.0
282.0
10.0
1.0
1.0
10.0
7.0
138.0
12.0
2.0
1.0
174.0
3.0
1.0
75.0
163.0
1.0
5.0
3.0
3.0
5.0
4.0
272.0
225.0
3.0
1.0
24.0
24.0
1.0
15.0
7.0
14.0
3.0
1.0
125.0
3.0
1.0
6.0
88.0
3.0
367.0
3.0
516.0
504.0
2.0
2.0
1.0
86.0
1.0
2.0
21.0
9.0
14.0
3.0
344.0
1.0
894.0
3.0
421.0
19.0
1.0
1.0
1.0
1.0
1.0
9.0
965.0
3.0
50.0
18.0
2.0
30.0
1.0
8.0
2.0
3.0
54.0
106.0
641.0
22.0
1.0
1.0
2.0
1.0
1.0
3.0
9.0
574.0
8.0
1.0
65.0
614.0
1.0
4.0
1.0
2.0
109.0
1.0
284.0
1.0
1.0
113.0
431.0
4.0
103.0
1.0
1.0
88.0
1.0
3.0
4.0
74.0
4.0
51.0
1.0
1.0
243.0
5.0
1.0
1.0
628.0
3.0
1.0
156.0
1.0
31.0
1.0
4.0
1.0
1.0
3.0
1.0
8.0
3.0
1.0
1.0
9.0
7.0
2.0
4.0
5.0
415.0
25.0
1.0
2.0
19.0
16.0
1.0
2.0
1.0
1.0
1681.0
2.0
1.0
1.0
4.0
1.0
4.0
3.0
1.0
3.0
1.0
115.0
3.0
17.0
1018.0
12.0
1.0
1.0
492.0
15.0
6.0
2.0
1.0
463.0
563.0
1.0
3.0
779.0
1.0
4.0
144.0
1.0
1.0
1.0
10.0
2.0
128.0
3.0
1.0
4.0
3.0
7.0
1.0
4.0
2.0
1.0
3.0
1.0
1.0
3.0
4.0
83.0
7.0
2.0
69.0
1.0
1.0
1.0
40.0
4.0
69.0
9.0
484.0
3.0
29.0
5.0
5.0
292.0
24.0
41.0
1.0
3.0
3.0
1577.0
3.0
3.0
3.0
42.0
1.0
9.0
1.0
1.0
1.0
1.0
7.0
149.0
1.0
8.0
1.0
3.0
215.0
1.0
24.0
1.0
3.0
6.0
4.0
8.0
1106.0
1.0
2.0
2.0
3.0
2.0
75.0
2.0
9360.0
3.0
1.0
1.0
1.0
1.0
33.0
417.0
1.0
1.0
71.0
3.0
3.0
5.0
24.0
3.0
2.0
605.0
26.0
36.0
1.0
1.0
750.0
1.0
9.0
3.0
563.0
1.0
4.0
2.0
8.0
2.0
7.0
31.0
2.0
3.0
75.0
1.0
282.0
8.0
1.0
4.0
146.0
3.0
81.0
12.0
3.0
961.0
17.0
1.0
339.0
17.0
3.0
6.0
9.0
22.0
1.0
73.0
7.0
1.0
35.0
7.0
8.0
3.0
1.0
1.0
76.0
9.0
484.0
3.0
9525.0
12.0
3.0
1.0
129.0
1.0
948.0
11.0
1.0
13.0
415.0
9511.0
3.0
1.0
3.0
23.0
1.0
4.0
9.0
136.0
3.0
5.0
3.0
10.0
3.0
4.0
217.0
1.0
1764.0
6.0
1.0
5.0
1424.0
4.0
17.0
6.0
42.0
37.0
4.0
4.0
574.0
1.0
1.0
3.0
56.0
14.0
9.0
2.0
1.0
738.0
14.0
5.0
1.0
4.0
7.0
35.0
19.0
1.0
27.0
1.0
1.0
1.0
1.0
9.0
1.0
3.0
2.0
2.0
153.0
1.0
1.0
3.0
1.0
188.0
6.0
36.0
1.0
10.0
9.0
80.0
3.0
1.0
3.0
2.0
12.0
1.0
1.0
3.0
1.0
76.0
2.0
153.0
3.0
19.0
33.0
1.0
38.0
1.0
1.0
13.0
3.0
11.0
1.0
9.0
263.0
3.0
8.0
3.0
27.0
243.0
24.0
19.0
4.0
78.0
1.0
3.0
19.0
1.0
31.0
2.0
1.0
2.0
13.0
3.0
1.0
12.0
1.0
4.0
15.0
1.0
2.0
1.0
1846.0
12.0
2.0
1005.0
7.0
12.0
1522.0
2.0
3200.0
4.0
2.0
961.0
43.0
7.0
63.0
11.0
3.0
1.0
7.0
7.0
1.0
119.0
1474.0
75.0
1.0
119.0
24.0
9.0
32.0
457.0
2.0
3.0
261.0
1.0
85.0
21.0
2.0
2.0
15.0
257.0
1.0
3.0
2.0
8.0
4.0
3.0
1.0
4.0
1.0
1.0
5.0
3.0
1.0
2.0
1.0
40.0
94.0
1.0
290.0
309.0
597.0
20.0
1.0
3.0
1.0
3.0
1.0
9.0
1.0
1.0
2.0
2.0
535.0
3.0
1873.0
972.0
1.0
5.0
4.0
3.0
57.0
5.0
1.0
6.0
2.0
3.0
2.0
1.0
1.0
2.0
147.0
232.0
98.0
282.0
5.0
17.0
43.0
1.0
3636.0
1.0
7.0
2.0
79961.0
19.0
36.0
459.0
29.0
1.0
19.0
2.0
1.0
7.0
7.0
6.0
9.0
9.0
574.0
99.0
3.0
20.0
1.0
419.0
767.0
20.0
4.0
95.0
512.0
6.0
5.0
3.0
8.0
4.0
1.0
1.0
2.0
479.0
1.0
2.0
967.0
17.0
11.0
90.0
313.0
7.0
2.0
366.0
1.0
3.0
1.0
5.0
1.0
1.0
15.0
3.0
351.0
36.0
110.0
2.0
3.0
205.0
4.0
2.0
2.0
11.0
297.0
24.0
8.0
596.0
1.0
4.0
26.0
1.0
2.0
1.0
428.0
18.0
3.0
2.0
2.0
3.0
2.0
2.0
1834.0
5084.0
16.0
24.0
3.0
1.0
351.0
2.0
14385.0
1.0
549.0
4.0
1.0
2.0
293.0
3.0
2.0
16.0
1.0
3.0
254.0
1.0
2.0
8678.0
834.0
51.0
3.0
68.0
1.0
1.0
13.0
6.0
1.0
631.0
1.0
3.0
236.0
16.0
11.0
225.0
1.0
19.0
4.0
2.0
298.0
1.0
2.0
4.0
15.0
1.0
1.0
1.0
22.0
1.0
1.0
1.0
15.0
1.0
2.0
8.0
1500.0
1.0
3.0
2.0
2.0
3.0
1.0
370.0
2.0
3.0
4.0
13.0
802.0
1134.0
54.0
181.0
1.0
27.0
1.0
4.0
2.0
338.0
596.0
4.0
489.0
1.0
3.0
1.0
1.0
3.0
1.0
18.0
1.0
1.0
248.0
3.0
14.0
12.0
15.0
3.0
2.0
1.0
3.0
105.0
250.0
4.0
3.0
3.0
1.0
3.0
1.0
334.0
693.0
2576.0
1272.0
52.0
123.0
2.0
1.0
1.0
19.0
12.0
66.0
961.0
3.0
24.0
2.0
3.0
310.0
5.0
1.0
16.0
12.0
2.0
2.0
2.0
787.0
24.0
1.0
78.0
1.0
3.0
18.0
3.0
1.0
1.0
10.0
36.0
128.0
34.0
61.0
1.0
2.0
7.0
3.0
1.0
46.0
4.0
37.0
1.0
1.0
14.0
212.0
2.0
2.0
2.0
21.0
2.0
3.0
34.0
320.0
4.0
1.0
1.0
3.0
1.0
98.0
1.0
1.0
752.0
4.0
3.0
18.0
72.0
1.0
8.0
1.0
104.0
444.0
1.0
103.0
1.0
19.0
2.0
421.0
1.0
4.0
29.0
11.0
3.0
81.0
1.0
1.0
1.0
2.0
23.0
101.0
10.0
2.0
181.0
3.0
2.0
2.0
1.0
2.0
9.0
24.0
244.0
1.0
3.0
3.0
483.0
1.0
10.0
6.0
3.0
181.0
17.0
1.0
62.0
2.0
3.0
1.0
4.0
149.0
50.0
3.0
1321.0
288.0
5.0
5.0
12.0
3.0
1.0
18.0
2.0
416.0
6.0
2.0
1.0
1.0
1.0
9.0
3.0
5.0
1.0
2.0
19.0
5.0
16.0
5.0
507.0
2.0
2.0
17.0
8.0
2.0
13930.0
3.0
1.0
1.0
2.0
1.0
159.0
10.0
1.0
1.0
15.0
115.0
2.0
386.0
3.0
282.0
1114.0
1.0
1.0
2.0
15.0
102.0
3.0
1.0
2660.0
1.0
1.0
2.0
1.0
1.0
34.0
2.0
13.0
1.0
3.0
507.0
296.0
6.0
512.0
3.0
4445.0
12.0
1.0
5.0
106.0
348.0
33.0
1.0
1.0
13.0
1.0
484.0
5.0
1.0
15.0
5.0
3.0
1.0
126.0
4458.0
734.0
2.0
1.0
1.0
3.0
21.0
225.0
74.0
3.0
6.0
3.0
7.0
1274.0
9.0
4.0
1.0
1.0
1822.0
5.0
8.0
2.0
17.0
3.0
1.0
9.0
1.0
45.0
3.0
9.0
3.0
3.0
1.0
58.0
12.0
4.0
80.0
1.0
31.0
9.0
18.0
56.0
64.0
18.0
118.0
3.0
9.0
3.0
15.0
8.0
30.0
1.0
1.0
3.0
1264.0
51.0
2.0
581.0
6.0
3.0
9.0
1.0
3.0
2.0
39.0
31.0
3.0
5.0
1.0
16.0
4.0
10.0
5.0
162.0
1303.0
6.0
24.0
1.0
69.0
543.0
27.0
2.0
1.0
632.0
24341.0
5.0
3.0
157.0
303.0
16.0
1840.0
1.0
117.0
682.0
1.0
3.0
122.0
97.0
3.0
82.0
1.0
1.0
8.0
846.0
1.0
447.0
19.0
1.0
6.0
6.0
1.0
1.0
1.0
31.0
1.0
4.0
1.0
3.0
2.0
13.0
1.0
1.0
1.0
1.0
8.0
1.0
2.0
5.0
23.0
398.0
1.0
4.0
1.0
70.0
3.0
2.0
2.0
5.0
2.0
2.0
3.0
4.0
1.0
770.0
12.0
3.0
19.0
2.0
3.0
7.0
1.0
8.0
6.0
2.0
4351.0
3.0
10.0
3.0
2.0
1.0
1.0
1.0
4.0
2.0
9.0
4.0
1.0
51.0
1.0
1.0
3.0
10968.0
2.0
3.0
831.0
3.0
43.0
7.0
292.0
1.0
1.0
404.0
5.0
3.0
622.0
3.0
1.0
1.0
168.0
3.0
19.0
2.0
1.0
1.0
476.0
10.0
1.0
1946.0
24.0
1.0
33.0
7.0
1.0
6.0
19.0
1.0
1.0
51.0
1.0
2.0
574.0
1.0
4.0
4.0
1.0
1.0
3.0
2.0
340.0
160.0
5.0
292.0
23.0
3.0
1.0
3.0
157.0
166.0
1250.0
1.0
45.0
1.0
3.0
4.0
1.0
1.0
657.0
1.0
19.0
590.0
1300.0
1.0
1.0
4.0
31.0
3.0
357.0
3.0
2.0
3.0
1.0
88.0
10.0
1.0
1314.0
105.0
3.0
3.0
10.0
2085.0
2.0
4.0
34.0
1.0
4.0
1.0
3.0
64.0
1.0
47.0
78.0
3.0
4.0
351.0
4.0
1.0
4.0
12.0
101.0
56.0
2.0
9.0
25.0
3.0
153.0
1.0
9.0
2.0
1.0
2.0
1.0
2.0
1.0
3.0
1.0
1.0
1.0
1.0
56.0
87.0
1.0
337.0
2.0
3.0
5.0
1.0
3.0
5.0
1.0
2.0
3.0
1943.0
1.0
164.0
1.0
6.0
7320.0
587.0
1.0
1.0
2.0
1.0
214.0
3.0
1.0
11.0
463.0
1.0
8358.0
2.0
3.0
3.0
1.0
1.0
21066.0
1.0
1.0
2.0
3.0
2.0
2.0
447.0
3.0
120.0
19.0
9.0
1.0
3.0
1.0
49.0
1.0
1.0
90.0
5.0
9.0
2.0
3.0
9.0
282.0
4.0
75.0
1.0
3.0
45.0
29.0
2.0
44.0
1.0
4.0
99.0
2.0
8.0
1.0
1.0
512.0
60.0
9.0
172.0
1.0
2.0
53.0
4.0
3.0
1.0
12.0
22.0
2.0
1.0
1.0
938.0
65.0
2.0
3.0
2.0
23.0
288.0
1117.0
18.0
567.0
607.0
1.0
351.0
56.0
3.0
3.0
557.0
1.0
13.0
3.0
2.0
1.0
1.0
404.0
3.0
1.0
12.0
4.0
1.0
3.0
4.0
1.0
2.0
4.0
126.0
714.0
1.0
24.0
108.0
565.0
2.0
3.0
4.0
1047.0
1.0
1.0
1.0
247.0
13.0
6.0
3.0
2.0
2.0
1.0
4.0
6.0
1.0
140.0
23.0
111.0
20.0
3.0
3.0
1.0
136.0
292.0
32.0
1.0
1.0
3.0
3.0
1.0
3.0
8.0
474.0
92.0
14.0
3.0
1.0
3.0
3.0
1.0
69.0
6.0
720.0
2383.0
1.0
263.0
11.0
393.0
819.0
14.0
2.0
1.0
1984.0
2.0
1.0
1.0
1.0
886.0
42.0
4.0
8.0
1.0
14135.0
1.0
1.0
1.0
4800.0
1.0
18.0
2.0
1.0
5.0
707.0
4.0
2.0
1.0
89.0
8.0
424.0
22.0
15.0
4.0
28.0
3.0
2.0
2.0
1180.0
1.0
1.0
74.0
3.0
225.0
2.0
3.0
5.0
2.0
1.0
1.0
1.0
40.0
3.0
2668.0
1183.0
5.0
1.0
3.0
3.0
3.0
3143.0
40.0
2.0
2.0
1.0
1.0
1.0
1.0
292.0
265.0
15.0
6.0
1.0
24.0
3.0
3.0
1.0
2.0
3.0
2.0
3.0
4.0
1.0
9.0
3.0
3.0
52.0
2.0
1.0
737.0
1.0
65.0
102.0
1.0
2.0
2.0
4.0
1.0
1.0
4.0
1.0
32.0
7.0
6.0
257.0
1.0
3.0
1.0
338.0
8.0
1.0
3.0
3.0
10.0
110.0
3.0
3.0
4.0
35.0
33.0
4.0
20.0
10.0
8753.0
371.0
99.0
27.0
23.0
2.0
1.0
155.0
11.0
24.0
3.0
4.0
6.0
1.0
2.0
3.0
1.0
781.0
1335.0
50.0
1.0
1.0
4445.0
2.0
2.0
1.0
25.0
737.0
3.0
174.0
37.0
4.0
1.0
18.0
1.0
65.0
6775.0
1.0
1875.0
1.0
5.0
753.0
3.0
2.0
72.0
354.0
3.0
2.0
10.0
6.0
13.0
198.0
1.0
1.0
4.0
1.0
39.0
1.0
1018.0
1.0
1.0
1.0
24.0
9.0
85.0
2.0
1.0
1.0
21.0
1.0
9.0
2.0
177.0
3.0
19.0
13.0
4.0
5.0
3.0
4.0
1.0
2.0
3.0
336.0
2.0
1.0
142.0
106.0
2.0
1.0
3.0
7.0
2.0
1.0
1.0
3.0
4.0
3.0
32.0
3.0
19.0
11.0
1.0
4.0
1.0
310.0
141.0
1.0
9.0
1.0
3.0
2.0
1.0
1.0
4.0
6.0
1.0
1.0
3212.0
1.0
8.0
26.0
2.0
7.0
102.0
2.0
4.0
3.0
1.0
1.0
20.0
4.0
7.0
2.0
1.0
17.0
1.0
3.0
43.0
394.0
2.0
44.0
1.0
45.0
361.0
2.0
8.0
11.0
209.0
2.0
10.0
3.0
514.0
282.0
1.0
1.0
3.0
3.0
1.0
13.0
153.0
1.0
6.0
1.0
327.0
7.0
1.0
1.0
2464.0
2.0
17.0
2.0
1.0
36.0
1.0
172.0
115.0
4.0
3.0
1.0
18.0
5.0
1.0
14.0
233.0
8.0
6.0
1.0
319.0
6.0
3.0
2.0
3.0
1.0
1.0
33.0
19.0
1.0
81.0
1.0
3.0
1.0
19.0
863.0
12.0
1.0
1018.0
890.0
1.0
1.0
1.0
55.0
2.0
5.0
68.0
74.0
653.0
76.0
881.0
29.0
113.0
3.0
1.0
50.0
391.0
288.0
1.0
1.0
807.0
2.0
1.0
45.0
1091.0
3.0
250.0
1.0
14.0
388.0
1.0
1.0
2.0
7.0
1.0
932.0
1.0
26.0
16479.0
8.0
3.0
3.0
1018.0
2.0
3.0
1.0
3.0
1.0
16683.0
10.0
1.0
1.0
15.0
151.0
1.0
6.0
4.0
278.0
5.0
2.0
108.0
7.0
1.0
377.0
1.0
2.0
3.0
4.0
286.0
1.0
1.0
8.0
23.0
18.0
709.0
89.0
13.0
47.0
3.0
351.0
92.0
1.0
2.0
1.0
1085.0
69.0
774.0
839.0
2.0
29.0
3538.0
19.0
15.0
4.0
1.0
83.0
1.0
9353.0
3.0
12.0
1.0
68.0
17.0
336.0
8.0
1101.0
1.0
17.0
1.0
1.0
579.0
1.0
111.0
3.0
22.0
1118.0
1.0
138.0
67.0
49.0
3.0
10.0
3.0
1.0
3.0
29.0
1.0
29.0
15.0
1.0
513.0
1.0
1.0
69.0
1.0
1.0
24.0
2.0
109.0
1.0
6.0
1.0
1.0
1.0
1.0
3.0
2.0
341.0
363.0
6.0
18725.0
2.0
1.0
1191.0
1.0
2.0
48.0
3.0
1.0
1.0
5.0
3.0
596.0
108.0
878.0
65.0
3.0
351.0
1.0
1.0
1.0
1.0
26.0
1.0
1.0
3.0
4.0
1.0
12.0
2.0
1.0
1.0
4.0
12.0
1.0
1.0
675.0
3.0
65.0
208.0
3.0
4.0
28.0
1.0
1.0
1.0
2.0
3.0
8.0
18.0
2.0
1.0
66.0
35.0
2.0
30.0
1.0
1.0
7.0
53.0
67.0
159.0
1.0
1.0
1.0
1.0
112.0
1.0
1.0
177.0
86.0
73.0
2.0
2.0
4.0
1.0
1.0
250.0
24.0
23.0
3.0
1.0
2.0
107.0
16.0
1.0
1.0
2.0
1.0
2.0
2.0
4.0
1.0
3.0
3.0
1.0
92.0
3.0
1785.0
1.0
3.0
29.0
3.0
2.0
4.0
9.0
3.0
2.0
1.0
1.0
35.0
1.0
1.0
2.0
516.0
8.0
78.0
9.0
1.0
11.0
3.0
1.0
10.0
1.0
1.0
1.0
304.0
1.0
1443.0
3.0
3.0
2.0
1.0
3.0
881.0
5.0
7.0
54.0
2.0
1.0
3.0
8.0
25.0
1.0
36.0
1.0
3.0
3.0
4.0
16.0
20.0
351.0
282.0
28.0
1.0
3.0
102.0
12.0
1.0
2.0
2.0
3.0
2.0
164.0
1.0
295.0
249.0
2.0
3.0
5.0
5.0
1.0
3.0
8.0
1.0
1.0
2.0
37.0
27.0
3.0
5.0
2.0
57.0
7.0
3.0
76.0
1.0
609.0
42.0
14.0
3.0
1.0
635.0
3.0
24.0
1.0
2.0
8.0
1734.0
31.0
11.0
1.0
3.0
6.0
1.0
823.0
3383.0
1.0
24.0
4.0
5.0
3.0
1064.0
638.0
1.0
5.0
5.0
2.0
55.0
5.0
1.0
1.0
2.0
4.0
1.0
5.0
118.0
1.0
1044.0
2.0
1586.0
5.0
24.0
3.0
3.0
3.0
2.0
4.0
11.0
1.0
21.0
700.0
5.0
1.0
19.0
2.0
1.0
18.0
1.0
14.0
5515.0
1.0
898.0
128.0
1.0
2.0
2.0
11.0
2.0
3.0
3.0
4.0
33.0
3330.0
407.0
60.0
1.0
19.0
1.0
1.0
3.0
2.0
116.0
23.0
3.0
6.0
26.0
5.0
43.0
1.0
3.0
87.0
638.0
4.0
34.0
2.0
2.0
5.0
19.0
3.0
10.0
630.0
87.0
835.0
10.0
923.0
3.0
1.0
3.0
3.0
351.0
100.0
1.0
2.0
863.0
3.0
48.0
86.0
2.0
1.0
9.0
1.0
1.0
3.0
1.0
60.0
1.0
4.0
240.0
4.0
1.0
3.0
4.0
7.0
13.0
2.0
476.0
157.0
4.0
8.0
1.0
3.0
1002.0
3.0
1.0
27.0
1.0
1.0
1.0
6.0
3.0
1.0
2.0
19.0
335.0
1.0
17.0
177.0
1.0
75.0
3.0
7.0
1335.0
4.0
1.0
23.0
76.0
161.0
1.0
4.0
4.0
3.0
7.0
127.0
3.0
654.0
24.0
607.0
1.0
3.0
3.0
63.0
48.0
3.0
4.0
1.0
3.0
2.0
5.0
105.0
22.0
2.0
3.0
3.0
4.0
1.0
55.0
9.0
3.0
2.0
638.0
1.0
1.0
1.0
6.0
1.0
2.0
1.0
2.0
5.0
3.0
1.0
129.0
11.0
4.0
14.0
32.0
1.0
15.0
1.0
4.0
1.0
1.0
618.0
4.0
17.0
351.0
2.0
5.0
3.0
4.0
13.0
1.0
24.0
19.0
1.0
3985.0
232.0
1.0
5.0
1.0
3.0
1.0
7.0
1.0
18.0
27.0
1270.0
1.0
1.0
11.0
47.0
2.0
3.0
2.0
1.0
1.0
3.0
1.0
2.0
3.0
1.0
113.0
1.0
1.0
381.0
318.0
1.0
292.0
7.0
1.0
1.0
478.0
5.0
10.0
3.0
10.0
3.0
1.0
6.0
1.0
74.0
310.0
1.0
1.0
3200.0
7.0
905.0
1.0
3.0
1.0
3.0
17.0
2.0
4.0
1.0
1.0
2.0
1.0
5.0
6.0
1.0
1158.0
131.0
6.0
9.0
1.0
1.0
3.0
516.0
21066.0
4447.0
4.0
3611.0
3.0
1.0
3.0
3.0
1.0
18.0
69.0
1.0
37.0
2.0
1.0
42.0
1.0
86.0
3.0
5.0
3.0
1.0
36.0
3.0
14.0
22.0
1.0
1.0
242.0
24.0
538.0
3.0
82.0
9.0
5.0
9.0
1.0
9.0
1182.0
3.0
4.0
87.0
133.0
787.0
2.0
9.0
306.0
275.0
13.0
87.0
3.0
1.0
55.0
3.0
5.0
453.0
3.0
10.0
1.0
1.0
2.0
1.0
114.0
1.0
45.0
1.0
1.0
71.0
3.0
2.0
5.0
1.0
6.0
1.0
10.0
21.0
1.0
2.0
10583.0
102.0
5.0
1.0
3.0
1.0
166.0
14.0
43.0
243.0
7799.0
4696.0
1.0
1.0
1.0
6.0
2.0
127.0
3.0
8.0
97.0
8.0
1.0
5.0
2.0
3.0
920.0
827.0
3.0
5.0
64.0
1.0
1.0
1.0
2.0
1.0
3.0
1574.0
9.0
2.0
424.0
2.0
300.0
1.0
2.0
1.0
4.0
1.0
1.0
10.0
1.0
1.0
60.0
99.0
511.0
2.0
767.0
2.0
3.0
20.0
63.0
257.0
3.0
829.0
10.0
9.0
1.0
1.0
1.0
4.0
1.0
100.0
22.0
2.0
4.0
1.0
288.0
76.0
130.0
2.0
1027.0
16.0
27.0
9.0
2.0
2.0
3.0
1.0
1.0
122.0
23.0
1.0
1.0
5.0
133.0
2.0
2.0
1.0
27.0
1.0
1.0
9.0
35.0
2.0
3.0
282.0
1082.0
24.0
49.0
166.0
3.0
2.0
2.0
3.0
28.0
3.0
3703.0
3.0
33.0
1.0
1.0
846.0
1.0
1426.0
1.0
1.0
3.0
1.0
541.0
83.0
1.0
1.0
1.0
8.0
1.0
73.0
1.0
7.0
42.0
63.0
3.0
62.0
20.0
15.0
110.0
12.0
16.0
8.0
2.0
4.0
10.0
65.0
1.0
8.0
1.0
459.0
1.0
1.0
2.0
131.0
3.0
1647.0
1.0
13.0
3.0
4612.0
1.0
254.0
3.0
3.0
7.0
3.0
3.0
3.0
3.0
28.0
232.0
2233.0
10.0
9.0
44.0
1.0
6.0
1.0
965.0
1187.0
360.0
9.0
1.0
1.0
3.0
1.0
2.0
28.0
3.0
107.0
8.0
2.0
5464.0
9.0
5.0
1.0
1.0
3.0
9.0
3.0
4.0
4.0
2.0
4.0
6.0
4.0
2416.0
43.0
2.0
8.0
56.0
1.0
1.0
1.0
1.0
4.0
642.0
8.0
17.0
3.0
23.0
4.0
178.0
5.0
3.0
3.0
6.0
10.0
165.0
100.0
2.0
6053.0
341.0
117.0
14.0
8.0
1.0
4.0
681.0
2.0
3.0
961.0
1.0
409.0
1.0
1.0
1.0
1.0
3.0
11.0
2106.0
1.0
49.0
3.0
4.0
2.0
17058.0
1070.0
1.0
18.0
1.0
1.0
12.0
3.0
1.0
1760.0
292.0
678.0
8.0
4.0
3.0
232.0
272.0
172.0
7.0
11.0
2.0
6.0
1.0
9.0
8.0
1.0
3.0
67.0
1.0
3.0
1.0
79.0
2.0
335.0
1.0
57.0
14.0
3.0
15.0
1047.0
3.0
4.0
88.0
85.0
17.0
17.0
64.0
12.0
2.0
369.0
2.0
1.0
2.0
5.0
53.0
1.0
172.0
29.0
753.0
38.0
4531.0
1.0
6.0
1.0
9.0
3.0
292.0
608.0
534.0
279.0
2.0
16.0
236.0
1.0
1.0
1.0
18.0
2.0
3.0
2.0
8.0
377.0
8.0
1.0
1.0
1.0
6.0
351.0
1.0
20.0
1.0
4.0
1.0
1.0
10371.0
8.0
132.0
3.0
399.0
17.0
3.0
4453.0
50.0
1.0
1.0
8375.0
5.0
31.0
1.0
9.0
1.0
3.0
13.0
369.0
1.0
4.0
1.0
282.0
14189.0
1.0
3.0
1.0
162.0
7.0
2.0
9.0
108.0
1.0
22.0
569.0
7.0
3.0
4.0
45.0
2.0
1.0
76.0
4.0
1.0
21.0
1.0
2.0
1.0
1.0
26.0
95.0
1.0
2.0
353.0
3.0
71.0
20.0
1.0
1.0
1.0
32.0
405.0
2.0
17.0
2.0
3.0
1.0
21.0
342.0
508.0
4.0
20.0
2.0
65.0
5.0
2.0
3.0
1.0
1.0
1.0
1857.0
1.0
74.0
1462.0
1266.0
1.0
1.0
24.0
1.0
8.0
1.0
7.0
2.0
3.0
67.0
2.0
16.0
248.0
1.0
11.0
280.0
1.0
8.0
1.0
3.0
8.0
3.0
4.0
1.0
4.0
963.0
7.0
1.0
8.0
10.0
3.0
172.0
3.0
307.0
1.0
1.0
3.0
485.0
15.0
4.0
1.0
2.0
1.0
7.0
53.0
68.0
3.0
351.0
87.0
1.0
1.0
1.0
1.0
4.0
93.0
40.0
633.0
5.0
17.0
3.0
160.0
32.0
59.0
6.0
6.0
7.0
9.0
479.0
5.0
1.0
2.0
1.0
2.0
1.0
3.0
13.0
4085.0
1.0
3.0
20.0
3.0
7.0
7.0
473.0
1.0
1009.0
3.0
1.0
5.0
3.0
1.0
7.0
19.0
1.0
29.0
1.0
32.0
6.0
10001.0
702.0
16.0
103.0
1.0
3.0
1.0
3.0
6.0
1213.0
801.0
3.0
9.0
13.0
8.0
1.0
232.0
2.0
1.0
26.0
8.0
1.0
3.0
1.0
3.0
44.0
1191.0
3.0
3.0
1.0
1409.0
1.0
2.0
841.0
1.0
2.0
7.0
19.0
14.0
8.0
9.0
1.0
84.0
16.0
296.0
1.0
1.0
566.0
1.0
3.0
10002.0
1.0
157.0
3.0
1200.0
87.0
344.0
3.0
3.0
1.0
1.0
4.0
238.0
2.0
3.0
51.0
26.0
1.0
574.0
3.0
3.0
71.0
3.0
29.0
475.0
4.0
5.0
3.0
1.0
5.0
9005.0
1.0
1.0
3.0
2.0
104.0
1356.0
4.0
1.0
11.0
1.0
3.0
1.0
13.0
1.0
8.0
2.0
19.0
5.0
4.0
57.0
1408.0
3.0
1.0
152.0
18.0
40.0
51.0
1.0
18.0
6.0
2.0
2.0
1709.0
566.0
9.0
2.0
51.0
1.0
225.0
19.0
1.0
3.0
3.0
1.0
17.0
4.0
1.0
2413.0
8.0
3.0
16.0
2.0
2.0
1789.0
16.0
1.0
32.0
3.0
1.0
2.0
14.0
3.0
432.0
3.0
3.0
1.0
1.0
2.0
87.0
1.0
55.0
300.0
3.0
1.0
3.0
555.0
99.0
3.0
1.0
107.0
1.0
4.0
1.0
3.0
2.0
20.0
3.0
5.0
58.0
1.0
21.0
346.0
2.0
53.0
1.0
4.0
2028.0
1.0
1.0
2.0
3.0
2.0
19.0
1.0
1.0
5.0
2.0
3.0
1.0
27.0
6.0
1.0
6.0
2.0
13.0
1.0
10.0
2.0
42.0
1.0
4.0
5.0
110.0
3.0
5.0
12.0
2.0
3.0
2.0
175.0
2.0
1.0
1.0
19.0
3.0
151.0
129.0
3.0
9.0
1.0
1707.0
4.0
2.0
119.0
5.0
1.0
10.0
1834.0
1.0
2.0
50.0
1828.0
5.0
1502.0
4.0
2.0
1.0
3.0
22.0
1.0
33.0
4.0
548.0
2.0
2.0
1.0
228.0
344.0
4.0
8.0
3.0
3.0
282.0
3.0
4.0
5.0
174.0
3.0
3.0
52.0
90.0
32.0
2.0
932.0
3.0
1.0
1.0
1.0
447.0
1.0
4.0
1.0
7.0
4.0
5.0
1.0
1.0
3.0
303.0
24.0
1.0
23.0
8.0
1.0
9.0
1.0
4.0
7.0
1.0
15.0
4.0
1.0
8.0
19.0
5.0
3.0
1.0
2.0
3.0
9.0
1.0
19.0
393.0
14.0
4.0
4.0
5.0
1.0
2.0
1.0
8.0
1.0
30.0
1.0
4.0
3.0
76.0
6.0
1.0
4.0
1.0
1.0
20.0
3.0
1.0
2.0
1.0
7.0
9.0
10.0
1.0
136.0
3.0
37.0
645.0
1.0
14.0
1.0
3.0
4.0
4.0
1.0
1.0
337.0
2497.0
1.0
1.0
3.0
31.0
16.0
8.0
1.0
1286.0
6718.0
17.0
3.0
3.0
31.0
213.0
65.0
1.0
1.0
1.0
2.0
131.0
10.0
72.0
4.0
1.0
3.0
17.0
1.0
2.0
1.0
25.0
4.0
4017.0
4.0
1.0
2.0
3.0
3.0
3.0
75.0
1.0
3.0
8.0
3.0
1.0
4.0
7.0
58.0
18.0
173.0
23.0
2.0
1.0
12.0
488.0
2.0
3.0
1312.0
5.0
16.0
4.0
6.0
1.0
14.0
1339.0
1.0
2.0
3.0
3.0
8.0
4.0
602.0
6.0
2.0
2.0
3.0
65.0
123.0
215.0
2.0
1.0
64.0
656.0
1470.0
948.0
2.0
3.0
1.0
3.0
3.0
4.0
1.0
28.0
3.0
9.0
512.0
2.0
111.0
24.0
3.0
42.0
4.0
1.0
185.0
72.0
170.0
3.0
2.0
16.0
2.0
13.0
3.0
1.0
1.0
10.0
1.0
1.0
3.0
23.0
87.0
6.0
4.0
4.0
3.0
3.0
24.0
1.0
1.0
27.0
3.0
3.0
16.0
4.0
4.0
3.0
1.0
7.0
24000.0
2743.0
9.0
701.0
138.0
3.0
22.0
22.0
41.0
1.0
40.0
3.0
33.0
4.0
972.0
2132.0
1.0
506.0
147.0
1.0
1.0
1.0
1.0
28.0
4.0
1.0
2.0
3.0
4.0
6.0
6.0
6.0
117.0
3.0
7.0
6.0
5.0
3.0
815.0
10.0
535.0
557.0
1.0
55.0
2.0
292.0
1.0
2.0
7.0
3.0
1.0
2.0
421.0
1.0
1149.0
1.0
4.0
2.0
111.0
4.0
3.0
5.0
1.0
4.0
1.0
1.0
1824.0
2.0
6.0
3.0
3.0
2.0
2.0
3.0
51.0
2.0
2.0
1.0
1.0
1.0
1.0
19.0
1.0
2.0
3.0
3.0
2.0
55.0
24.0
1.0
516.0
1.0
1316.0
2.0
3.0
9.0
3.0
3.0
1.0
24.0
1.0
1.0
5.0
1225.0
3.0
7.0
1.0
9.0
1.0
60.0
2.0
1.0
2.0
8.0
1.0
2.0
5.0
16.0
1.0
84.0
3404.0
3.0
2.0
1.0
1114.0
38.0
3.0
20.0
3.0
1.0
3.0
1.0
66.0
3.0
313.0
2.0
1.0
3.0
1.0
184.0
1.0
156.0
1.0
1.0
3.0
1.0
24.0
1381.0
9.0
86.0
12.0
189.0
1.0
3.0
2.0
20.0
970.0
3.0
351.0
1.0
3.0
2.0
6.0
27.0
2.0
4.0
5.0
52.0
55.0
1.0
1.0
11.0
1.0
15.0
115.0
2.0
1.0
1.0
5.0
464.0
5.0
5.0
3.0
1.0
144.0
2.0
1.0
592.0
3.0
1.0
1.0
386.0
4.0
5.0
351.0
4.0
4.0
6.0
61.0
9.0
6.0
1.0
1.0
2.0
2.0
2.0
30.0
1.0
1.0
932.0
6.0
1.0
3.0
1.0
85.0
524.0
2.0
1007.0
602.0
2.0
33.0
1.0
637.0
1168.0
3.0
3.0
1.0
1.0
1.0
1351.0
344.0
396.0
3.0
3.0
6.0
3.0
1.0
1.0
1.0
3.0
121.0
276.0
3.0
244.0
2.0
4.0
10.0
39.0
4.0
3.0
291.0
2.0
2.0
3.0
1.0
848.0
4.0
103.0
1.0
13105.0
3.0
1.0
111.0
3.0
1047.0
6.0
279.0
631.0
3.0
2.0
1.0
3.0
3.0
24.0
3.0
3.0
77.0
31.0
21.0
22.0
2.0
1.0
1.0
1.0
14.0
2.0
273.0
4.0
3.0
7.0
4.0
951.0
1.0
13.0
1.0
2.0
64.0
1.0
7.0
16.0
1.0
9.0
3.0
5.0
3.0
16.0
109.0
3.0
46.0
19.0
2.0
3.0
3.0
833.0
8.0
17.0
10.0
1.0
241.0
8.0
24.0
3.0
5.0
3.0
1.0
2.0
4.0
2.0
6.0
533.0
2.0
2.0
3.0
18.0
5.0
427.0
3.0
405.0
1.0
1.0
17.0
2.0
59.0
13.0
1.0
1.0
1.0
3.0
3.0
2.0
1.0
19.0
1.0
3.0
25.0
3.0
1.0
147.0
135.0
118.0
6.0
3.0
3.0
9.0
7.0
172.0
63.0
14.0
29.0
11.0
5.0
3.0
1.0
1.0
1.0
1.0
1.0
2687.0
9.0
3.0
232.0
1.0
4.0
1.0
1857.0
1.0
3.0
118.0
2.0
870.0
2.0
2106.0
2.0
21.0
1.0
1.0
1.0
3.0
3.0
25.0
14.0
1.0
1.0
2.0
20.0
1.0
3.0
1.0
548.0
77.0
961.0
103.0
3.0
3.0
4.0
2.0
1.0
15.0
1.0
13.0
292.0
351.0
3.0
3.0
3.0
5.0
5.0
3.0
26.0
24.0
2.0
1.0
1.0
813.0
17.0
4.0
1.0
2.0
3.0
66.0
1.0
1.0
1.0
1.0
5813.0
59.0
2.0
1.0
1.0
23.0
31.0
8.0
5.0
176.0
3.0
4.0
4.0
26.0
3.0
10.0
3.0
608.0
43.0
1.0
6.0
1.0
10.0
23.0
5.0
1.0
1.0
3.0
1.0
27.0
1.0
1.0
1.0
7.0
29.0
2.0
3.0
1.0
1.0
21.0
163.0
1.0
2.0
1.0
1.0
1003.0
1.0
1.0
4.0
1.0
2.0
1.0
571.0
109.0
697.0
199.0
47.0
2.0
16.0
1.0
543.0
1.0
2688.0
9.0
8.0
1.0
1.0
13806.0
981.0
50.0
3.0
19.0
5275.0
13.0
364.0
8.0
8.0
89.0
8.0
3.0
14.0
96.0
1190.0
784.0
21.0
3.0
427.0
2.0
35.0
1.0
1.0
1.0
2.0
1.0
638.0
1.0
3.0
1.0
19.0
8.0
65.0
2.0
102.0
3.0
1.0
3.0
1.0
1.0
11.0
19.0
1.0
2.0
1.0
113.0
444.0
2.0
1.0
2.0
2.0
303.0
3.0
26.0
2.0
3.0
5.0
1.0
493.0
110.0
540.0
5.0
94919.0
1.0
13.0
15.0
10.0
3.0
1.0
44.0
1131.0
1.0
3.0
3.0
3249.0
1.0
2.0
1.0
1335.0
1.0
36.0
9.0
9.0
45.0
1416.0
3.0
1.0
358.0
451.0
279.0
2.0
3.0
1.0
3.0
37.0
3.0
2.0
457.0
1.0
2.0
3.0
6.0
1.0
1734.0
2.0
54.0
2.0
1.0
1.0
351.0
1.0
2004.0
67.0
2.0
2.0
1680.0
1.0
2.0
2.0
3.0
12904.0
22.0
898.0
2.0
3.0
5.0
5.0
1883.0
3.0
674.0
25.0
3.0
30.0
1.0
1.0
2.0
6.0
1.0
202.0
271.0
18.0
1.0
478.0
944.0
1.0
1220.0
10.0
31.0
2.0
5.0
27.0
2.0
73.0
794.0
1.0
1.0
91.0
47.0
54.0
18.0
1.0
1.0
4.0
1.0
3.0
445.0
111.0
1.0
97.0
30.0
44.0
1.0
5.0
351.0
3.0
1.0
1.0
457.0
20.0
21.0
1.0
1.0
23.0
1.0
1734.0
82.0
110.0
1210.0
2.0
1.0
1.0
1.0
1.0
73.0
110.0
6.0
19.0
3.0
9.0
3.0
1.0
11.0
16.0
67.0
7.0
1.0
1.0
8.0
3.0
3.0
2.0
2.0
1.0
5.0
18.0
1.0
79.0
2.0
5.0
1615.0
18.0
1.0
20.0
14.0
17.0
1.0
16.0
2.0
28.0
1.0
1.0
1.0
2.0
1.0
346.0
1.0
1.0
4.0
203.0
2.0
2.0
1.0
6.0
2.0
444.0
9.0
48.0
15.0
1.0
59.0
5.0
3.0
576.0
2.0
5.0
265.0
6.0
2.0
2.0
149.0
1.0
148.0
1753.0
2.0
18.0
1.0
337.0
2.0
3.0
3.0
6.0
18.0
112.0
1.0
1.0
2.0
1.0
3.0
18.0
15.0
1.0
3.0
1.0
3.0
6.0
1.0
1.0
564.0
3.0
2759.0
86.0
38.0
189.0
7.0
1.0
1.0
1.0
4.0
1.0
21.0
32.0
4.0
1.0
1.0
1.0
1.0
3.0
227.0
41.0
4.0
2.0
1.0
153.0
1.0
2.0
1.0
3.0
731.0
1.0
2.0
1.0
292.0
279.0
7.0
1.0
14.0
4.0
4.0
1.0
31.0
3.0
11.0
5.0
1.0
62.0
141.0
1135.0
19.0
11.0
1.0
1.0
2.0
1.0
36.0
1.0
10.0
171.0
48.0
1.0
3.0
1.0
4.0
1.0
193.0
1.0
5.0
19.0
3.0
3.0
26.0
76.0
13.0
237.0
1.0
34.0
6.0
3.0
33.0
62.0
351.0
61.0
3.0
17.0
12.0
2.0
202.0
3.0
1.0
4.0
10.0
1.0
200.0
2.0
46.0
2.0
25.0
400.0
456.0
1.0
4.0
4.0
1.0
421.0
2.0
1.0
2.0
7.0
1.0
1.0
335.0
9.0
9.0
3.0
200.0
2.0
219.0
3.0
3.0
1.0
44.0
5.0
2.0
105.0
9.0
6.0
1.0
35.0
8.0
1.0
2.0
1.0
1.0
3.0
2.0
1203.0
44.0
4.0
3.0
17.0
1.0
28.0
3.0
4.0
20.0
1.0
5.0
1288.0
3.0
3.0
3.0
18.0
1.0
288.0
11.0
5.0
35.0
4.0
1.0
2.0
3.0
3.0
3.0
2.0
1.0
1.0
282.0
3.0
1.0
1.0
63.0
160.0
148.0
10.0
1.0
5.0
1.0
10.0
1.0
3.0
1120.0
75.0
8.0
2.0
3.0
1.0
285.0
9.0
1.0
6.0
834.0
3000.0
7.0
1.0
33.0
67.0
3.0
1192.0
11.0
1.0
414.0
150.0
2.0
1251.0
37.0
341.0
1.0
1629.0
1.0
9.0
39.0
47.0
3.0
787.0
3.0
5.0
145.0
2.0
1.0
3.0
586.0
19.0
3.0
1.0
9.0
1.0
134.0
4.0
296.0
459.0
1.0
1.0
3.0
1.0
289.0
1.0
141.0
115.0
24.0
2.0
282.0
64.0
1.0
2.0
1.0
5.0
10.0
6.0
1.0
1530.0
1179.0
3.0
41.0
15.0
2.0
2371.0
198.0
54.0
1193.0
8.0
1890.0
5.0
1.0
2839.0
82.0
31.0
8.0
65.0
1.0
1.0
684.0
1.0
10614.0
26.0
1117.0
1.0
1.0
5400.0
1.0
6.0
42.0
22.0
1.0
1.0
6.0
1.0
41.0
3.0
3.0
30.0
1.0
3.0
2.0
43.0
1.0
584.0
1.0
8.0
88.0
1.0
668.0
2.0
4.0
1.0
1.0
1.0
1307.0
1070.0
339.0
1.0
17.0
10.0
3.0
2.0
102.0
9.0
29.0
3.0
1.0
1.0
1220.0
55.0
31.0
1.0
3.0
102.0
7.0
164.0
2.0
3.0
16.0
3.0
7.0
188.0
5.0
195.0
4.0
3.0
2.0
1.0
1.0
3.0
4.0
9.0
2.0
1.0
2.0
83.0
27.0
11.0
9.0
445.0
31.0
9.0
24.0
1627.0
4.0
4.0
4.0
1.0
67.0
73.0
38.0
236.0
3.0
35.0
271.0
5.0
8190.0
165.0
253.0
2.0
105.0
1.0
28.0
8.0
3.0
7.0
1.0
1.0
1517.0
30.0
1.0
2.0
4.0
116.0
3.0
3.0
16.0
25.0
3.0
136.0
16.0
11.0
59.0
1093.0
13.0
189.0
35.0
3614.0
7.0
12.0
3.0
111.0
10.0
57.0
45.0
103.0
9.0
171.0
1.0
2.0
1.0
3.0
3.0
3.0
1.0
1.0
1.0
1.0
3.0
20.0
1384.0
7.0
58.0
1.0
3.0
8.0
1.0
1.0
145.0
20.0
2.0
1.0
2.0
11.0
3.0
1.0
4.0
18.0
77.0
31.0
3.0
2.0
3.0
31.0
884.0
99.0
2.0
9.0
3.0
2.0
4.0
17.0
1473.0
10.0
1.0
2.0
1.0
3.0
2.0
2.0
3.0
1.0
23.0
4.0
3.0
1.0
109592.0
45.0
2.0
3.0
3.0
3.0
8.0
3.0
1.0
2.0
29.0
1.0
204.0
1.0
2.0
1.0
963.0
29.0
1.0
64.0
151.0
80.0
1.0
24.0
283.0
10.0
1.0
5.0
9.0
2.0
8.0
2.0
1.0
36.0
6167.0
23.0
2.0
155.0
1.0
7.0
1.0
2.0
3.0
1.0
2.0
55.0
3.0
1.0
520.0
3.0
1.0
1.0
2.0
4.0
1071.0
24.0
3.0
67.0
401.0
426.0
2.0
1.0
1.0
1.0
3.0
3.0
1.0
2.0
47.0
14.0
3.0
3.0
9.0
3.0
1.0
1.0
293.0
693.0
8.0
3.0
74.0
476.0
3.0
1.0
3.0
31.0
471.0
6.0
3.0
555.0
1.0
2.0
634.0
1.0
1.0
1.0
2.0
1.0
3.0
21.0
56.0
3.0
36.0
1.0
111.0
1627.0
1.0
5.0
4.0
3.0
1.0
3.0
4.0
453.0
1.0
16.0
11.0
1.0
2.0
2.0
1.0
1.0
3.0
1.0
4.0
24.0
3.0
1.0
1.0
3.0
1.0
1.0
25.0
1.0
203.0
459.0
2.0
1.0
1740.0
8.0
1.0
20.0
13.0
1.0
6.0
1.0
6.0
103.0
20.0
8.0
24.0
177.0
3.0
5.0
1.0
8.0
5.0
5.0
1683.0
1.0
1.0
1.0
1740.0
2.0
3.0
1.0
1.0
10.0
8.0
2.0
1.0
3.0
253.0
4.0
2.0
1.0
5.0
3.0
4.0
333.0
3.0
15.0
65.0
4.0
10.0
961.0
1.0
45.0
3.0
1.0
3.0
2.0
247.0
81.0
5.0
84.0
2.0
3.0
31.0
10.0
4.0
36.0
112.0
1547.0
22.0
1.0
10.0
13.0
1.0
85.0
84.0
10.0
880.0
2192.0
3.0
1.0
5.0
21.0
25.0
1.0
9.0
3.0
1.0
55.0
3.0
11.0
13.0
2.0
2.0
50.0
19.0
2.0
5.0
1227.0
1.0
1.0
3.0
5.0
1.0
99.0
11.0
6.0
1.0
10.0
1.0
3.0
2.0
1.0
801.0
1.0
9.0
3.0
4001.0
1213.0
1.0
250.0
6.0
1.0
3.0
9.0
1.0
1080.0
19.0
1.0
136.0
55.0
1.0
167.0
1.0
11.0
4.0
3.0
45.0
2.0
1.0
175.0
41.0
4.0
24.0
24.0
1.0
2.0
89.0
75.0
23.0
1.0
1.0
3.0
386.0
436.0
1.0
177.0
2.0
129.0
1.0
6.0
1130.0
1.0
3.0
22.0
3.0
13.0
78.0
971.0
3.0
3.0
23.0
7.0
7.0
102.0
6.0
14.0
1.0
4.0
6.0
10.0
638.0
47.0
16.0
510.0
218.0
3.0
44.0
86.0
23.0
65.0
2.0
1.0
1.0
1.0
2.0
35.0
2.0
3.0
1.0
16.0
1.0
1.0
7271.0
9.0
351.0
1.0
2.0
3.0
4.0
42.0
6956.0
5.0
5.0
27.0
170.0
57.0
292.0
3.0
1.0
1.0
4.0
1.0
1.0
401.0
6.0
6.0
223.0
2.0
8.0
3.0
3.0
3.0
17.0
1.0
1.0
3.0
4.0
20.0
111.0
1623.0
38.0
1.0
35.0
9.0
1.0
24.0
1.0
3.0
63.0
1.0
1.0
5.0
1.0
3.0
6.0
3.0
1.0
1005.0
132.0
17.0
1.0
2.0
2048.0
208.0
7.0
6.0
666.0
4.0
2.0
2.0
156.0
696.0
3.0
6.0
1.0
1.0
2.0
3.0
2.0
3.0
1.0
1.0
3.0
3.0
69.0
4.0
1.0
3.0
1701.0
972.0
77.0
1.0
48.0
3.0
49.0
454.0
1.0
2.0
16.0
157.0
1225.0
1.0
860.0
638.0
3.0
2.0
720.0
2.0
1.0
1609.0
91.0
2.0
3.0
9.0
3.0
1199.0
6.0
1.0
654.0
10.0
1018.0
3.0
3.0
1539.0
1.0
10.0
12.0
870.0
1.0
360.0
2.0
1.0
11.0
4.0
24.0
994.0
2.0
40.0
22.0
3.0
8.0
4.0
6.0
4.0
1.0
164.0
9.0
4.0
5.0
2.0
15.0
17.0
1.0
101.0
2.0
2.0
3.0
10.0
1.0
2.0
2354.0
1.0
1.0
34.0
3.0
4.0
4.0
2.0
6598.0
1.0
4.0
1.0
22.0
1.0
1.0
7.0
1.0
9.0
2.0
1.0
3.0
382.0
855.0
1.0
2.0
1.0
2.0
1.0
167.0
564.0
149.0
1.0
3.0
7.0
4.0
80.0
16.0
16.0
5.0
6.0
2.0
1.0
1.0
1.0
1.0
546.0
2.0
1.0
21.0
1.0
1.0
8.0
1.0
2.0
356.0
14.0
1.0
77.0
117.0
159.0
14.0
97.0
1.0
3.0
3.0
3.0
4.0
67.0
2.0
1.0
16.0
10.0
1213.0
2.0
10.0
1.0
1.0
6.0
3.0
1.0
2.0
177.0
3.0
236.0
2.0
543.0
3.0
1.0
2.0
3.0
2.0
1152.0
9535.0
2.0
4.0
275.0
93.0
3.0
26.0
1.0
3.0
4.0
10.0
19.0
51.0
4.0
39.0
117.0
4.0
70.0
4.0
90.0
1.0
4.0
2.0
1.0
239.0
3.0
79.0
8.0
1.0
13.0
3.0
555.0
7.0
3.0
1.0
1.0
10.0
1.0
3.0
1.0
5.0
3054.0
12.0
16.0
3.0
1.0
2.0
5.0
2.0
2.0
79.0
5.0
345.0
1.0
160.0
11.0
1.0
11.0
136.0
1.0
2.0
2.0
34.0
1.0
17.0
2.0
3.0
6.0
1.0
8.0
3.0
452.0
1646.0
64.0
9.0
1629.0
3.0
10.0
9.0
28.0
15.0
56.0
1.0
1.0
4.0
152.0
32.0
2.0
1.0
1738.0
46.0
2.0
1.0
1.0
4.0
11.0
1.0
2.0
1.0
3.0
9.0
3.0
2.0
72.0
1139.0
1.0
1.0
145.0
3.0
2.0
1.0
24.0
117.0
5.0
1.0
5.0
3.0
9.0
2.0
2.0
68.0
70.0
6.0
9.0
1.0
1.0
3.0
24.0
2.0
353.0
302.0
19.0
3.0
4.0
87.0
2.0
1.0
8.0
27.0
467.0
3.0
2.0
7.0
15.0
16.0
5938.0
84.0
3.0
1.0
2.0
9.0
5721.0
3.0
8.0
2.0
14.0
6.0
3.0
1364.0
1.0
19.0
1.0
1.0
3.0
1.0
3.0
7.0
351.0
27.0
816.0
3.0
296.0
1.0
24.0
67.0
2.0
178.0
961.0
5.0
1.0
1.0
1.0
3.0
1.0
3.0
13.0
1.0
86.0
2.0
7.0
1003.0
17.0
16.0
225.0
1.0
1.0
1.0
932.0
16.0
325.0
3.0
7.0
1.0
42.0
2.0
1.0
1.0
399.0
18.0
4.0
1.0
1.0
3.0
38.0
3.0
4.0
1.0
1.0
478.0
431.0
2.0
1500.0
893.0
24.0
7.0
1.0
12.0
271.0
2.0
3.0
1225.0
3.0
68.0
1.0
1.0
2.0
280.0
282.0
6.0
1.0
97.0
48.0
1.0
17.0
2.0
64.0
1.0
12.0
1.0
2.0
2429.0
17.0
51.0
2.0
232.0
19.0
162.0
1.0
732.0
78.0
6.0
1.0
4.0
3.0
370.0
152.0
266.0
5.0
24.0
942.0
1.0
3.0
1.0
9.0
103.0
2.0
3.0
3.0
5.0
2.0
1.0
3.0
2.0
88.0
3.0
1.0
10.0
2.0
14.0
1.0
34.0
1.0
4.0
133.0
12.0
1.0
8.0
1612.0
1.0
1.0
5.0
1.0
3.0
109.0
1.0
1.0
2.0
1.0
3.0
2.0
7.0
35.0
1.0
2.0
1.0
1.0
69.0
9.0
11.0
3.0
752.0
20.0
54.0
10.0
325.0
29.0
1.0
3.0
1.0
3.0
302.0
1.0
2.0
3.0
17.0
1.0
15.0
19.0
3.0
2.0
7.0
1.0
1.0
2.0
3.0
1.0
28.0
36.0
3.0
425.0
213.0
132.0
3.0
1.0
3.0
3.0
1.0
4.0
52.0
20.0
1.0
74.0
1.0
2.0
23.0
380.0
3.0
1.0
5.0
1.0
52.0
38.0
2.0
111.0
2.0
7.0
214.0
2.0
8.0
351.0
1.0
1.0
3.0
8.0
3.0
1.0
16.0
3536.0
2.0
3.0
3.0
77.0
37.0
6.0
102.0
1.0
4.0
3.0
1.0
30.0
24.0
2.0
351.0
8.0
5.0
3.0
3.0
10.0
3.0
1.0
1.0
25.0
470.0
2.0
28.0
9.0
1113.0
338.0
1.0
1.0
1.0
232.0
21.0
6.0
73.0
1.0
32.0
6755.0
374.0
83.0
123.0
1635.0
1263.0
1.0
1.0
3.0
13.0
3.0
1.0
3.0
1.0
3.0
1.0
216.0
407.0
3.0
3.0
33.0
306.0
1.0
4.0
573.0
2.0
1.0
7.0
2053.0
9.0
14.0
3.0
93254.0
3.0
1.0
9.0
2.0
1.0
1.0
1.0
2.0
1.0
172.0
7.0
2.0
1.0
4.0
465.0
925.0
86.0
1.0
3.0
2.0
101.0
1.0
1.0
9.0
8.0
2.0
541.0
1815.0
22.0
1.0
29.0
3.0
11.0
4.0
33.0
12.0
9.0
1.0
3.0
1.0
1.0
2.0
2.0
574.0
29.0
8.0
1.0
3.0
21.0
20.0
3.0
65.0
408.0
1.0
3.0
2819.0
2.0
1.0
175.0
1.0
70.0
1.0
5.0
1.0
3.0
3015.0
1.0
3.0
3.0
34.0
44.0
3.0
11.0
9.0
2418.0
1.0
3.0
1.0
4180.0
2.0
4.0
313.0
4292.0
1.0
18.0
31.0
1.0
3.0
3.0
1.0
2.0
2.0
20.0
1.0
59.0
1.0
9.0
1.0
8.0
1.0
3.0
4.0
3.0
1547.0
2.0
1.0
22.0
1.0
1.0
1.0
7.0
5.0
1.0
1851.0
152.0
2.0
1.0
1.0
1.0
1.0
1.0
9.0
8.0
4.0
224.0
101.0
1.0
3.0
89.0
2.0
18.0
9.0
2.0
16.0
2.0
3.0
2.0
6228.0
3.0
69.0
1.0
4.0
23.0
438.0
17.0
12.0
1.0
1.0
3.0
1.0
4604.0
3.0
1.0
4.0
3.0
1.0
3.0
3.0
1.0
14.0
7.0
13818.0
23.0
4.0
8.0
1.0
3.0
1.0
17.0
298.0
3.0
3.0
3.0
1.0
576.0
9.0
7.0
9.0
7.0
20.0
2.0
3.0
356.0
152.0
7.0
1.0
1.0
1.0
16.0
398.0
1.0
90.0
37.0
3.0
3.0
1.0
901.0
1.0
2.0
1.0
61.0
17.0
3.0
13.0
2.0
23.0
1249.0
67.0
3.0
3.0
17.0
1.0
17.0
633.0
6.0
6.0
450.0
1.0
4.0
2.0
1.0
1.0
4.0
3.0
4.0
9.0
3.0
2.0
10946.0
389.0
3.0
49.0
1.0
432.0
3.0
1.0
3.0
1.0
1.0
18.0
9.0
31.0
626.0
1.0
1.0
3424.0
1.0
186.0
288.0
3.0
24.0
3.0
8.0
3.0
526.0
351.0
5.0
1.0
35.0
1.0
45.0
14.0
11997.0
1.0
6.0
2.0
16.0
14.0
1.0
6.0
1.0
1.0
520.0
939.0
3.0
104.0
1.0
1.0
1.0
2.0
1.0
1.0
4.0
17.0
9.0
2.0
1.0
313.0
408.0
3.0
55.0
44.0
1.0
1.0
1232.0
3.0
1.0
10.0
3.0
3.0
61.0
284.0
1.0
2.0
1.0
3.0
9.0
826.0
3.0
2.0
6.0
6.0
1.0
1.0
65.0
5655.0
1.0
3.0
4.0
117.0
35.0
25873.0
121.0
3.0
1.0
6.0
1.0
690.0
234.0
3.0
2.0
33.0
7.0
2.0
1.0
1.0
9.0
32.0
3.0
1.0
3.0
1.0
1.0
1.0
2.0
3.0
1.0
3.0
17.0
6.0
55.0
1.0
64.0
1.0
123.0
27.0
1.0
9.0
2.0
9.0
3.0
529.0
24.0
2.0
8.0
5.0
9.0
3.0
2.0
1.0
7.0
3.0
105.0
1.0
1.0
27.0
2.0
1.0
68.0
3.0
1.0
4.0
4.0
4.0
2819.0
1008.0
1.0
2245.0
2.0
1.0
22.0
179.0
341.0
1.0
1.0
1.0
2.0
143.0
7.0
1.0
2.0
1.0
1.0
8.0
1.0
1.0
2.0
1.0
3.0
1.0
1.0
2.0
3.0
542.0
286.0
12.0
462.0
11.0
1.0
66.0
3.0
3.0
1.0
23.0
1.0
1156.0
108.0
3.0
1117.0
1.0
3.0
3.0
1.0
95.0
441.0
2.0
1907.0
1.0
635.0
129.0
8.0
3.0
1.0
9.0
3.0
1.0
17.0
1.0
9.0
3.0
3.0
3.0
1.0
58.0
4.0
2.0
1.0
3.0
77.0
23.0
4.0
1.0
19.0
8.0
5.0
9.0
101.0
2.0
3.0
842.0
7.0
1.0
3.0
2.0
1.0
4.0
18.0
6.0
2.0
1.0
3.0
88.0
1.0
1.0
1.0
1.0
8.0
2.0
154.0
92.0
2435.0
2.0
66.0
3.0
1.0
1.0
264.0
5.0
104.0
20.0
1.0
174.0
1.0
1.0
1.0
289.0
20.0
2830.0
1.0
584.0
8.0
3.0
3.0
6.0
292.0
144.0
12.0
3.0
2.0
11.0
237.0
18.0
959.0
1.0
13.0
1.0
102.0
1.0
35.0
19.0
1.0
10.0
18.0
2.0
1.0
5.0
3.0
21.0
4.0
779.0
8.0
1.0
3.0
3761.0
1.0
7.0
3.0
2.0
18.0
1.0
1.0
3.0
1.0
4.0
3.0
3.0
3.0
13.0
3647.0
8.0
12.0
48.0
4.0
6.0
212.0
8.0
1.0
37.0
1.0
22.0
7.0
3.0
3.0
1.0
1.0
2.0
4655.0
2.0
367.0
1.0
1.0
61.0
695.0
86.0
1.0
2.0
1.0
519.0
8.0
1.0
1.0
1.0
8.0
2.0
8.0
199.0
1.0
1.0
2.0
3.0
1.0
3.0
3.0
3.0
3.0
10.0
1.0
3.0
117.0
4.0
3.0
1.0
45.0
1.0
3.0
4.0
3.0
3.0
1.0
1.0
8.0
74.0
18.0
3.0
44.0
3.0
2.0
1.0
352.0
2.0
3.0
1.0
1.0
1.0
13.0
6.0
3.0
3.0
87.0
1.0
1.0
2.0
15.0
3.0
1.0
3.0
12.0
36.0
242.0
1.0
8.0
99.0
3.0
142.0
11.0
1.0
1.0
3.0
1114.0
5.0
2.0
1.0
5.0
74.0
262.0
3.0
3.0
7.0
1.0
2.0
3.0
27.0
138.0
162.0
47.0
2.0
9.0
1.0
2.0
3.0
1.0
377.0
2.0
97.0
22.0
1.0
2.0
2.0
97.0
509.0
44.0
4.0
2.0
43.0
7.0
2.0
3.0
3.0
11.0
91.0
7.0
44.0
1484.0
59.0
421.0
3.0
1.0
4.0
197.0
292.0
2.0
1.0
3.0
8.0
3.0
1.0
37.0
3.0
65.0
1.0
1.0
15.0
2.0
372.0
1.0
198.0
7.0
3.0
66.0
5.0
1.0
2.0
1.0
2.0
1018.0
1.0
1.0
1.0
1.0
7.0
2.0
9.0
3.0
12.0
16.0
5.0
96.0
3.0
1.0
1.0
43.0
1036.0
19.0
7.0
2.0
5.0
3.0
169.0
46.0
1.0
17.0
2.0
1059.0
6925.0
6.0
3.0
132.0
18.0
2.0
1.0
24.0
3.0
22.0
2.0
359.0
1.0
1.0
3.0
16.0
392.0
8.0
10.0
24.0
9.0
1.0
39.0
436.0
4.0
3.0
2.0
1.0
1.0
4.0
1.0
1.0
65.0
3.0
4.0
1.0
1.0
2.0
149.0
1.0
1.0
11.0
1.0
1.0
2.0
1.0
2.0
6.0
1.0
3200.0
3.0
1.0
50.0
1.0
3.0
47.0
1.0
1300.0
1.0
1.0
1.0
2.0
336.0
5.0
72.0
1.0
1.0
1.0
1.0
17.0
1.0
74.0
156.0
3.0
1.0
1.0
3.0
535.0
800.0
1.0
3.0
1.0
76.0
1.0
2.0
1.0
19.0
3.0
3.0
2.0
3.0
2.0
2194.0
24.0
59.0
1.0
10.0
2.0
1.0
40.0
1.0
188.0
2.0
3.0
24.0
1383.0
97.0
7.0
181.0
7.0
8.0
2.0
1.0
1.0
3.0
2.0
2.0
238.0
1.0
9.0
7.0
1.0
1747.0
5.0
1.0
9.0
3.0
3.0
458.0
108.0
3.0
1.0
2473.0
3.0
1.0
23.0
3.0
3.0
6.0
1.0
2.0
4.0
27.0
1.0
1.0
388.0
2.0
5.0
4.0
1.0
9.0
14.0
1.0
1.0
3.0
9.0
3.0
3.0
1.0
4.0
3.0
3.0
431.0
1.0
67.0
33.0
3.0
1.0
11.0
4.0
3492.0
3.0
1.0
15.0
2.0
52.0
3.0
2.0
1.0
9.0
3.0
5.0
3.0
3.0
48.0
1.0
148.0
2.0
1.0
19.0
3.0
1.0
3.0
1.0
3.0
4153.0
1.0
3.0
39.0
6788.0
3.0
1.0
7.0
1283.0
1.0
3.0
307.0
28.0
164.0
1.0
1.0
1.0
23.0
1.0
8.0
6.0
24.0
581.0
41.0
1.0
4.0
363.0
57.0
2.0
305.0
3.0
1.0
3.0
3.0
157.0
1.0
66.0
3.0
7.0
1.0
1.0
17.0
7.0
2.0
6.0
7.0
93.0
50.0
1.0
8.0
6.0
29.0
1.0
1.0
10.0
3.0
65.0
3.0
5.0
30.0
1.0
1.0
2.0
24.0
3.0
4.0
13.0
2534.0
2.0
3.0
2.0
1.0
66.0
7.0
3106.0
14.0
2.0
20.0
3.0
2.0
1.0
1.0
1.0
949.0
2.0
142.0
2.0
3.0
24.0
3.0
2.0
3.0
629.0
21.0
10.0
3334.0
3.0
2.0
4.0
3.0
2.0
7.0
1722.0
3.0
4.0
1855.0
9.0
19.0
1.0
4.0
3.0
2.0
1.0
21.0
2.0
166.0
10.0
14.0
27.0
6.0
14.0
1.0
2.0
1.0
1.0
1.0
4.0
66.0
274.0
1.0
2.0
1.0
1.0
1.0
711.0
3831.0
1.0
1.0
8.0
104.0
1.0
3.0
8.0
1.0
1.0
2.0
1.0
112.0
1.0
627.0
19.0
1.0
2.0
1.0
1.0
901.0
3.0
2.0
3.0
3.0
1.0
877.0
1.0
1.0
3.0
1.0
4.0
24.0
24.0
17.0
249.0
1.0
3.0
1.0
36.0
8.0
2.0
2.0
3.0
3.0
3.0
16.0
5.0
3.0
1.0
2.0
3.0
3.0
12.0
24.0
131.0
83.0
3.0
215.0
1.0
118.0
3.0
1.0
4.0
1.0
3.0
129.0
13.0
1.0
2.0
5.0
2.0
21.0
1.0
2.0
1.0
24.0
1938.0
1.0
4.0
72.0
13.0
1.0
13.0
2.0
125.0
3.0
1.0
282.0
14.0
2.0
2.0
2.0
1.0
85.0
338.0
2.0
1.0
17.0
3.0
1.0
2.0
1.0
1.0
5.0
1.0
2.0
1.0
16.0
103.0
135.0
2.0
1.0
2.0
3.0
1.0
2761.0
1.0
1.0
11343.0
3.0
351.0
2.0
5.0
2.0
1.0
1902.0
1.0
72.0
3.0
39.0
45.0
1.0
752.0
1.0
3.0
2.0
1.0
3.0
1.0
3.0
393.0
2.0
15.0
4.0
1.0
9.0
1.0
20.0
2.0
2.0
5.0
59.0
1.0
24.0
3.0
2.0
1.0
1.0
4.0
1.0
1.0
1.0
2.0
3.0
3.0
1.0
1.0
6.0
1.0
1.0
7.0
1.0
1.0
1.0
22.0
26.0
1.0
3.0
2.0
1.0
85.0
40.0
481.0
117.0
4.0
1.0
1698.0
1.0
69.0
1.0
1.0
3.0
1.0
1931.0
2.0
1.0
19.0
421.0
58.0
290.0
65.0
1.0
3.0
2.0
103.0
5.0
2.0
1.0
445.0
1.0
1.0
3.0
1.0
7.0
5.0
8.0
34.0
85.0
14.0
571.0
80.0
182.0
1.0
3.0
3.0
1909.0
2.0
4.0
25.0
53.0
1.0
3.0
163.0
1.0
485.0
5.0
1.0
471.0
1.0
3.0
16.0
1.0
32.0
1.0
4.0
1084.0
3.0
1.0
3.0
1.0
1411.0
1.0
2.0
375.0
41.0
1.0
747.0
741.0
2.0
2.0
13.0
1.0
21.0
10.0
3.0
4.0
1.0
2.0
1.0
1.0
26.0
1.0
7.0
52.0
33.0
7.0
3.0
1.0
1.0
1.0
1.0
1.0
9.0
1761.0
1.0
8.0
2.0
71.0
5.0
2.0
2.0
2.0
3.0
1.0
2.0
31.0
1.0
29.0
1.0
3.0
6.0
107.0
1.0
3.0
1.0
2.0
2.0
1.0
3.0
2.0
3.0
2.0
3.0
421.0
4.0
915.0
3.0
79.0
1.0
209.0
268.0
31.0
1.0
716.0
19.0
1.0
9.0
4.0
70.0
1.0
2.0
3.0
1.0
1198.0
3.0
14.0
1.0
15.0
3.0
1.0
24.0
681.0
2.0
278.0
5.0
2.0
3.0
1.0
5.0
3.0
1.0
67.0
3.0
5.0
203.0
22.0
107.0
1078.0
3.0
91.0
4.0
1.0
1.0
3.0
1.0
1.0
3.0
1.0
3.0
7.0
9.0
3.0
11.0
5521.0
7.0
3.0
78.0
16.0
6.0
74.0
3.0
6.0
3.0
11.0
8.0
6.0
6.0
5.0
2.0
18.0
2.0
5.0
1.0
1.0
3.0
7.0
22.0
1.0
97.0
1.0
1.0
13.0
1.0
2.0
4.0
518.0
8.0
3.0
1.0
1.0
874.0
961.0
2.0
282.0
3.0
5.0
3.0
3.0
28.0
1.0
3.0
10.0
2.0
3.0
6.0
3.0
16.0
2.0
1.0
1.0
3.0
71.0
7.0
2.0
123.0
17.0
78.0
1.0
46.0
3.0
1.0
93.0
3.0
2.0
189.0
2.0
270.0
3.0
1.0
13.0
9.0
2.0
506.0
21.0
1.0
1.0
88.0
871.0
3.0
36.0
30.0
1.0
491.0
73.0
3.0
11.0
3.0
2.0
3.0
360.0
3.0
25.0
1583.0
1.0
26.0
1.0
8.0
64.0
6.0
15.0
4.0
2.0
102.0
1.0
19.0
51.0
15.0
578.0
4.0
2.0
1.0
116.0
3.0
1.0
73.0
42.0
1.0
52.0
82.0
1.0
12.0
25.0
2.0
448.0
1.0
1.0
2.0
3.0
3.0
102.0
2.0
943.0
5.0
1.0
11.0
3.0
2.0
5.0
4.0
7.0
3.0
9.0
15.0
1.0
2.0
594.0
10.0
19.0
7.0
4.0
3.0
2.0
1.0
3.0
1.0
1.0
212.0
1.0
1.0
1.0
1.0
18.0
1.0
22.0
1.0
121.0
5210.0
1.0
3.0
12.0
446.0
9.0
188.0
1048.0
1.0
62.0
351.0
1.0
4.0
1.0
1.0
2.0
235.0
451.0
46.0
42.0
1225.0
67.0
2.0
821.0
1.0
1.0
1.0
87.0
1117.0
1.0
3.0
10.0
2.0
1.0
51.0
5.0
2.0
1.0
1.0
1.0
1.0
5.0
1.0
3.0
3.0
60.0
7.0
4.0
120.0
379.0
962.0
3.0
3.0
3.0
1.0
3.0
1.0
65.0
3.0
5.0
3.0
4.0
1.0
622.0
3229.0
3459.0
1.0
3.0
1.0
5.0
771.0
2.0
1.0
2.0
31.0
923.0
21.0
3.0
3.0
26.0
1.0
4.0
2.0
2.0
1.0
3.0
239.0
1.0
3.0
886.0
2.0
3.0
5.0
1.0
3.0
751.0
27.0
4.0
6.0
2.0
7.0
21.0
1.0
27.0
56.0
1.0
3.0
1.0
3.0
3.0
1013.0
2.0
3.0
927.0
2.0
2.0
1.0
8.0
1.0
2.0
2.0
3.0
1.0
401.0
3.0
3.0
2.0
188.0
1.0
3.0
3.0
6.0
269.0
1.0
8.0
3.0
1.0
3.0
3.0
7.0
1999.0
116.0
2.0
15.0
3.0
318.0
1.0
13.0
138.0
3.0
3.0
1.0
4.0
1.0
2.0
1152.0
5.0
3.0
22.0
3.0
478.0
1.0
1.0
4.0
1.0
2.0
3.0
76.0
198.0
31.0
1.0
2.0
13.0
1.0
1.0
24.0
1.0
2.0
37.0
36.0
914.0
6.0
2.0
3.0
1.0
1.0
3.0
21.0
74.0
1.0
43.0
1.0
26.0
32.0
5.0
1.0
3.0
7935.0
8.0
53.0
1.0
2.0
1.0
40.0
3.0
13.0
1340.0
4.0
9.0
1.0
1.0
2.0
21.0
1.0
1.0
3.0
3.0
2.0
278.0
7.0
3.0
2.0
4.0
1.0
8684.0
3.0
2.0
3.0
75.0
14848.0
2325.0
3.0
3.0
5.0
98.0
9.0
38.0
65.0
2.0
1.0
1.0
3.0
3.0
1.0
1.0
4.0
1.0
16.0
12.0
17.0
3.0
8.0
3.0
1.0
9.0
2.0
4.0
2.0
1.0
2.0
1.0
6.0
2.0
19948.0
97.0
3.0
2719.0
3.0
3.0
5.0
1.0
119.0
3.0
41.0
700.0
3.0
56.0
8.0
3.0
1.0
2.0
9.0
20.0
60.0
2.0
7.0
1.0
8.0
3.0
4.0
741.0
11.0
1018.0
10.0
2.0
5.0
6.0
27.0
3.0
3.0
54.0
110.0
4.0
4.0
640.0
1.0
1.0
7.0
2.0
3.0
1.0
3.0
143.0
247.0
4.0
1.0
3.0
3.0
3.0
38.0
4.0
1.0
1.0
248.0
3.0
7.0
8.0
1018.0
2.0
1755.0
2.0
4.0
3787.0
74.0
83.0
3.0
1.0
517.0
3.0
18.0
1.0
1156.0
2442.0
121.0
2.0
24.0
7.0
2.0
638.0
8845.0
101.0
9.0
1026.0
3.0
7.0
3.0
1.0
2.0
1.0
4.0
1200.0
1.0
22.0
111.0
10.0
3.0
28.0
9.0
74.0
2.0
127.0
5.0
1.0
1.0
3.0
1664.0
51.0
1.0
1.0
200.0
4.0
3.0
22.0
3.0
24.0
2.0
20.0
1.0
1.0
28.0
28.0
1.0
2.0
12.0
3.0
1.0
3.0
4.0
37.0
19.0
1.0
3.0
2.0
1219.0
75.0
1.0
2.0
3.0
1.0
1.0
288.0
3.0
282.0
1.0
1.0
4.0
1.0
4.0
2.0
1.0
1.0
2.0
12.0
245.0
282.0
14.0
24.0
41.0
3.0
41.0
4.0
3.0
948.0
2.0
1.0
9.0
3.0
80.0
145.0
266.0
3.0
126.0
14413.0
208.0
1.0
653.0
2.0
5.0
682.0
5.0
221.0
1.0
3.0
1.0
75.0
1.0
696.0
1.0
1.0
56.0
6.0
1.0
1.0
4.0
5.0
1.0
9.0
2.0
2.0
1.0
4.0
2.0
3.0
205.0
2.0
9.0
1.0
1.0
21.0
1.0
3.0
1.0
1.0
1.0
749.0
6.0
15.0
1311.0
3.0
72.0
1.0
3.0
1.0
1.0
22.0
1.0
1.0
3.0
1.0
3.0
100.0
1.0
5.0
2.0
18.0
3.0
375.0
3.0
41.0
1.0
1.0
225.0
13000.0
3.0
59.0
1.0
4.0
3.0
6.0
10.0
51.0
259.0
1.0
6.0
117.0
1.0
3.0
1.0
3.0
5.0
823.0
6.0
3.0
10.0
1.0
6.0
3.0
1.0
1.0
3.0
72.0
3.0
3.0
4.0
1.0
9.0
113.0
1.0
9.0
351.0
1.0
36.0
2.0
1.0
23.0
2.0
9.0
8.0
38.0
1.0
5.0
3.0
1.0
10.0
639.0
171.0
2.0
3.0
1.0
81.0
12.0
2.0
10.0
3.0
3.0
8.0
2.0
13.0
32.0
1.0
47.0
1.0
65.0
13.0
2.0
171.0
3.0
99.0
1.0
85.0
3.0
1.0
934.0
6.0
55.0
25.0
5.0
3.0
1.0
8.0
1.0
282.0
24.0
6.0
4.0
8.0
3.0
9.0
3.0
8.0
3.0
512.0
1.0
2.0
7.0
3.0
567.0
1.0
2.0
4.0
184.0
44.0
1.0
1.0
7.0
3.0
8.0
1.0
2.0
1.0
1.0
3.0
3.0
1.0
1.0
3.0
1.0
94.0
1.0
2.0
5.0
2.0
1.0
1910.0
2.0
29.0
12.0
8.0
1.0
8.0
6.0
55.0
10.0
11.0
9.0
11.0
3.0
3.0
3.0
1.0
55.0
16.0
3.0
14.0
1604.0
3.0
1047.0
14.0
718.0
1.0
2.0
6.0
110.0
9.0
10.0
6.0
3.0
2.0
880.0
1.0
293.0
1.0
2.0
9.0
24.0
20.0
4.0
2564.0
3.0
1.0
5.0
3.0
3.0
3.0
446.0
3.0
1.0
48.0
2.0
1.0
4.0
2.0
2359.0
960.0
1.0
1.0
2.0
11.0
3.0
1.0
1284.0
3.0
24.0
512.0
2.0
11.0
3.0
2.0
1.0
190.0
4.0
3.0
332.0
1.0
2.0
24.0
6.0
2.0
1.0
1.0
3.0
3.0
1.0
3.0
1229.0
5.0
1.0
4.0
12896.0
351.0
47.0
3.0
59.0
86.0
142.0
6.0
3.0
4.0
75.0
1.0
201.0
3.0
4.0
3.0
2.0
5.0
18.0
4.0
3.0
10.0
3.0
13.0
3.0
3.0
1246.0
1.0
444.0
2352.0
76.0
182.0
13.0
1.0
3.0
4.0
8.0
36.0
1.0
1.0
33.0
1.0
1.0
2.0
349.0
2.0
1.0
1.0
5.0
1.0
252.0
4.0
24.0
3.0
4.0
1.0
13.0
164.0
59.0
4952.0
25.0
12.0
9.0
1.0
736.0
2475.0
17.0
3.0
1.0
1.0
9.0
878.0
4.0
3.0
3.0
1531.0
22.0
411.0
1.0
3.0
756.0
55.0
1.0
1.0
1.0
1691.0
3.0
3.0
3.0
3.0
7.0
2980.0
6.0
1762.0
4.0
79.0
1.0
230.0
158.0
9.0
3.0
1.0
4941.0
402.0
3.0
1.0
1.0
90.0
1412.0
3.0
3.0
1.0
1.0
720.0
2.0
3.0
2.0
3.0
11.0
3.0
19.0
15.0
10.0
166.0
47.0
1.0
3.0
177.0
1.0
1.0
8.0
355.0
6.0
7.0
683.0
3.0
10.0
3.0
29.0
2.0
3.0
11.0
92.0
1.0
1.0
1.0
4.0
2.0
1.0
666.0
3.0
10.0
14.0
1.0
1.0
19.0
6.0
1.0
1.0
2981.0
3.0
30.0
2.0
6.0
106.0
3.0
375.0
1.0
1.0
707.0
4.0
1078.0
36.0
12.0
638.0
729.0
2.0
40.0
146.0
334.0
4.0
2.0
7.0
1.0
294.0
1.0
1.0
566.0
2.0
74.0
6.0
11.0
3.0
2.0
687.0
90.0
8914.0
1.0
24.0
2.0
1.0
5.0
1.0
288.0
1.0
3.0
2.0
6.0
1.0
8.0
1.0
3.0
3.0
1.0
4.0
3.0
1.0
99208.0
6.0
3.0
1023.0
8.0
12.0
2.0
4.0
1.0
351.0
1.0
4.0
2.0
1.0
17.0
3.0
199.0
60.0
29.0
1.0
15.0
8.0
5.0
2.0
245.0
25.0
571.0
4.0
1.0
1338.0
1.0
6.0
1.0
407.0
5.0
2.0
3.0
1.0
1.0
611.0
3.0
292.0
1.0
4.0
24.0
1.0
1.0
5.0
51.0
1.0
2.0
3.0
1.0
1.0
1.0
4.0
3.0
4.0
1.0
1.0
80.0
5.0
1.0
89.0
1.0
4.0
1.0
3.0
4.0
21.0
15.0
780.0
1.0
12.0
3.0
1.0
1.0
1.0
1.0
27.0
11.0
5.0
3.0
318.0
1.0
33.0
9.0
10.0
4.0
1.0
1.0
1.0
3.0
1.0
3.0
1047.0
56.0
72.0
1.0
1.0
3.0
5.0
1018.0
47.0
773.0
4.0
4.0
1.0
1.0
164.0
69.0
24.0
1.0
34.0
59.0
1359.0
1.0
1.0
7.0
102.0
1.0
307.0
4.0
65.0
1.0
1.0
178.0
9.0
3.0
1.0
2.0
9.0
2.0
1.0
104.0
1.0
37.0
24.0
33.0
4.0
17.0
2.0
1.0
3.0
3.0
1.0
18.0
1.0
14.0
1.0
1.0
837.0
3.0
342.0
5.0
142.0
3.0
412.0
5.0
6.0
289.0
3.0
112.0
2.0
158.0
3.0
143.0
2.0
5.0
960.0
4.0
3.0
2.0
28.0
28.0
2.0
2.0
12.0
41.0
4.0
46.0
1006.0
3.0
1183.0
17.0
3.0
3.0
1.0
2.0
6.0
188.0
5.0
1.0
2.0
1.0
6.0
54.0
1.0
3.0
4.0
69.0
1625.0
355.0
2.0
1.0
146.0
368.0
4.0
1.0
2.0
3.0
1.0
48.0
3.0
3203.0
4.0
1.0
4.0
8.0
16.0
1.0
1.0
1.0
370.0
2.0
4.0
27.0
103.0
5.0
1.0
1.0
2.0
3.0
1.0
38.0
3.0
1.0
239.0
1.0
2.0
1.0
41.0
3.0
6.0
351.0
15.0
2.0
1261.0
17.0
1.0
8.0
2.0
478.0
30.0
2.0
33.0
44.0
3.0
21.0
2.0
1.0
10.0
1.0
1.0
9.0
11.0
4.0
10.0
3.0
54.0
5.0
24.0
4.0
1.0
1.0
1.0
127.0
12.0
2.0
2.0
1.0
4.0
3.0
2.0
313.0
22.0
2.0
45.0
10.0
7.0
2190.0
244.0
64.0
6.0
1.0
2.0
13.0
7.0
1.0
3.0
2.0
3.0
1.0
1.0
2.0
2.0
5.0
73.0
1.0
185.0
9.0
3.0
2.0
3.0
3.0
5.0
1.0
1.0
3.0
4.0
504.0
44.0
3.0
4.0
6.0
5.0
4.0
9.0
2.0
43.0
10.0
1.0
172.0
7.0
7.0
1.0
3.0
19.0
1.0
18.0
1.0
3.0
1.0
36.0
362.0
1.0
1.0
3.0
1427.0
4.0
4.0
356.0
3.0
1.0
1.0
3.0
10360.0
123.0
5.0
3.0
4.0
21.0
2.0
57.0
19.0
1.0
3.0
67.0
1.0
1.0
1.0
2.0
3.0
2.0
45.0
86614.0
12.0
2.0
399.0
106.0
3.0
9.0
29.0
5.0
1.0
3.0
3.0
3.0
86.0
1.0
48.0
1.0
1374.0
15.0
1.0
10.0
1.0
761.0
196.0
9.0
736.0
8.0
1.0
1.0
3.0
6.0
7.0
1.0
2.0
3.0
1.0
3.0
8.0
53.0
5.0
3850.0
17.0
2.0
1.0
3.0
5.0
1.0
42.0
3.0
590.0
14.0
943.0
2.0
110.0
2.0
248.0
1.0
1.0
1.0
8.0
2.0
90.0
95.0
11.0
2.0
3.0
3.0
3.0
13.0
9.0
1.0
8.0
3.0
79.0
1.0
1.0
1.0
8.0
553.0
23.0
67.0
1.0
31.0
2.0
172.0
1433.0
18.0
1.0
1.0
3.0
2.0
1.0
12.0
5.0
3.0
7.0
1.0
5231.0
2.0
1.0
2822.0
3.0
354.0
1.0
27.0
1.0
3.0
7.0
535.0
7.0
6.0
1.0
19.0
502.0
2.0
3.0
2.0
1.0
7.0
31.0
1.0
1.0
6.0
25.0
1.0
4.0
1.0
1.0
47.0
3297.0
40.0
1.0
2.0
2.0
17.0
7.0
73.0
1.0
18.0
42794.0
2.0
4.0
1.0
3.0
1.0
3.0
24.0
2.0
313.0
1.0
2.0
5.0
1.0
43.0
7.0
3.0
1.0
2.0
50.0
101.0
77.0
7.0
4.0
6.0
6.0
22.0
24.0
3.0
29.0
243.0
7.0
7.0
3.0
1.0
9.0
23.0
104.0
24.0
5.0
47.0
3.0
9.0
345.0
9.0
4.0
39.0
2.0
4.0
1120.0
1271.0
369.0
10.0
5.0
449.0
7.0
1.0
1.0
526.0
9.0
157.0
8.0
1.0
9.0
3.0
90.0
1.0
1.0
151.0
26.0
1.0
3.0
4.0
126.0
3.0
14.0
10.0
3.0
822.0
3.0
1.0
10.0
61.0
3.0
1.0
4.0
3.0
48.0
8.0
9.0
2.0
1.0
6.0
3.0
3.0
5.0
12.0
612.0
23.0
1.0
91.0
28.0
17.0
3.0
4.0
214.0
1.0
106.0
510.0
201.0
294.0
11.0
2.0
5.0
5.0
6.0
1.0
742.0
55.0
8.0
131.0
3.0
2.0
17.0
1.0
1.0
2.0
370.0
5.0
13.0
1.0
3.0
1.0
1.0
3.0
1.0
2315.0
1.0
95.0
6.0
3.0
46.0
29.0
1.0
1.0
3.0
365.0
3.0
1.0
54.0
1.0
2.0
110.0
37.0
3.0
26.0
5.0
1.0
731.0
69.0
2080.0
18.0
1.0
3.0
7.0
3.0
293.0
15.0
266.0
14.0
1.0
29.0
34.0
8.0
1.0
1.0
5.0
8.0
72.0
3.0
4.0
1331.0
14385.0
1.0
3.0
1.0
1.0
9.0
1.0
5.0
1102.0
14.0
130.0
4.0
3.0
2.0
152.0
9.0
4.0
1.0
69.0
1.0
822.0
24.0
5377.0
115.0
1669.0
1.0
1.0
2.0
54.0
6.0
139.0
2.0
1.0
1.0
1.0
52.0
3.0
1.0
1.0
3.0
88.0
3.0
3.0
2.0
24.0
1.0
3.0
1.0
7.0
3.0
3.0
6.0
17.0
19.0
1.0
6.0
2.0
1.0
104.0
3.0
1028.0
2.0
731.0
2237.0
43.0
159.0
2.0
1.0
98.0
5.0
2.0
7.0
3.0
433.0
3.0
1.0
1.0
2.0
1171.0
1009.0
14.0
1.0
2.0
1.0
5351.0
1.0
24.0
118.0
3.0
6.0
9.0
1.0
5.0
1.0
75.0
2.0
9.0
1.0
2.0
1.0
1.0
3.0
53.0
13.0
1.0
3.0
4884.0
1.0
1614.0
2.0
1.0
112.0
157.0
1.0
3.0
58.0
8.0
1.0
941.0
4.0
3.0
5.0
77.0
3.0
3119.0
2.0
3.0
1.0
1.0
596.0
4.0
1.0
1.0
132.0
9.0
3.0
1.0
1.0
1.0
3.0
76.0
1.0
1010.0
3.0
1.0
4.0
1.0
3.0
4.0
3.0
72.0
3.0
24.0
3.0
1.0
2.0
9.0
30.0
23.0
1.0
53.0
12.0
852.0
3.0
13684.0
9.0
53.0
24.0
2.0
1464.0
1603.0
1563.0
1.0
7.0
65.0
2.0
42.0
324.0
2.0
3.0
129.0
4.0
1.0
6.0
18.0
2.0
888.0
1.0
11.0
826.0
67.0
19.0
5.0
1.0
61.0
150.0
2.0
116.0
1065.0
115.0
68345.0
1.0
3.0
9.0
1.0
122.0
89.0
289.0
13.0
1.0
1.0
1.0
2.0
1.0
2.0
19.0
16.0
1196.0
9.0
3.0
6.0
1.0
4.0
3.0
1.0
2.0
1.0
1.0
404.0
1.0
2.0
1.0
91.0
1.0
18.0
6.0
4351.0
1.0
1.0
1.0
33.0
72.0
1.0
2.0
1.0
24.0
227.0
109.0
1538.0
1.0
651.0
13.0
4.0
121.0
2.0
9.0
24.0
253.0
1.0
674.0
4.0
1.0
1.0
1.0
3.0
14.0
1.0
1018.0
4.0
1.0
2.0
2.0
1.0
22.0
1.0
19.0
1.0
1.0
2.0
3.0
4.0
20.0
471.0
1.0
1.0
1.0
2396.0
1.0
2.0
1.0
2.0
5.0
7.0
3.0
3.0
10.0
17.0
3.0
16.0
768.0
3.0
192.0
3.0
2.0
19.0
1.0
104.0
3.0
2.0
9.0
6.0
1.0
55.0
1.0
3.0
501.0
1.0
7.0
422.0
3.0
1.0
285.0
2.0
292.0
1225.0
1.0
4.0
190.0
332.0
1.0
9.0
4.0
1281.0
677.0
1.0
3.0
2.0
2.0
2.0
1.0
1.0
1.0
4.0
2.0
1.0
490.0
1.0
3.0
1.0
1.0
144.0
134.0
48.0
152.0
177.0
19.0
3.0
6.0
69.0
739.0
7.0
2.0
4.0
1.0
1.0
2.0
1.0
3.0
1.0
13.0
4.0
2.0
1.0
1.0
6.0
172.0
4.0
1.0
3475.0
2.0
1852.0
32.0
14.0
10.0
3.0
177.0
1.0
7.0
111.0
10.0
102.0
1685.0
13.0
1894.0
1214.0
1458.0
19.0
165.0
2.0
102.0
7.0
1.0
2.0
3.0
1.0
292.0
9.0
2.0
1.0
5.0
14.0
4.0
2.0
66.0
37.0
5.0
44.0
3.0
156.0
6.0
226.0
1.0
17.0
1.0
3.0
3.0
3.0
1.0
1.0
1.0
1.0
2.0
10977.0
33.0
743.0
5.0
1035.0
6.0
79.0
4.0
15.0
1.0
1.0
6.0
3.0
484.0
1.0
4.0
4.0
3.0
502.0
3.0
2.0
401.0
18.0
8.0
1.0
2.0
1.0
51.0
6.0
3.0
55.0
222.0
24.0
371.0
800.0
67.0
3.0
102.0
8.0
18.0
2.0
8.0
3.0
8.0
908.0
1.0
2.0
65.0
1.0
2.0
6.0
1.0
4.0
224.0
3.0
3.0
40.0
2.0
378.0
6.0
10.0
261.0
2.0
1.0
1.0
3.0
1.0
204.0
1.0
2.0
3.0
1.0
24.0
1.0
1.0
1.0
14.0
3.0
1.0
23.0
36.0
3.0
1.0
3038.0
3.0
3.0
15.0
3.0
2.0
5.0
4.0
19.0
1.0
3.0
1.0
1.0
3.0
9.0
46.0
10.0
3.0
5.0
1.0
7.0
1.0
4.0
45.0
4.0
298.0
104.0
24.0
516.0
89.0
3.0
800.0
3.0
7.0
1.0
362.0
672.0
1.0
3.0
31.0
678.0
1.0
4.0
19.0
6.0
3.0
3.0
12.0
1481.0
338.0
1.0
9.0
9.0
2.0
9.0
1.0
1.0
3.0
14.0
24.0
31.0
4.0
2.0
1.0
1018.0
74.0
2.0
3.0
2483.0
5.0
6.0
1482.0
3.0
73.0
845.0
1.0
199.0
23.0
1.0
2.0
3.0
20899.0
3.0
8.0
1.0
360.0
3.0
2.0
5.0
4.0
1.0
1.0
2.0
338.0
2.0
1.0
3.0
1.0
8.0
24.0
1.0
1.0
296.0
3.0
1.0
2.0
1.0
2.0
3.0
3.0
1.0
244.0
10.0
3.0
16.0
2.0
100.0
19.0
2.0
3.0
1538.0
3.0
488.0
29.0
7.0
1.0
1.0
13704.0
3.0
14.0
1.0
16.0
4.0
1194.0
159.0
48.0
178.0
1.0
33202.0
8.0
2.0
9.0
196.0
17.0
2.0
4.0
227.0
69.0
696.0
1.0
3.0
56.0
1.0
33.0
4.0
725.0
4.0
16.0
1.0
2.0
2.0
2746.0
4.0
1.0
10.0
9.0
2.0
1.0
1.0
1.0
1.0
1.0
2.0
3.0
2.0
1634.0
2.0
2.0
162.0
1.0
3.0
22.0
3.0
291.0
1.0
6.0
23.0
3.0
1.0
593.0
2.0
9.0
1117.0
1.0
2.0
1.0
3.0
407.0
68.0
423.0
1.0
1018.0
7.0
7.0
5.0
9.0
3.0
6.0
3.0
1.0
1.0
129.0
359.0
36.0
20.0
1.0
3.0
2.0
762.0
22.0
1044.0
3.0
1.0
1.0
2.0
2.0
3.0
8.0
75.0
1297.0
100.0
1.0
4.0
3093.0
2.0
59.0
2.0
13.0
1.0
6.0
1.0
2.0
1.0
249.0
77.0
121.0
1.0
2.0
2.0
166.0
1.0
2.0
2.0
68.0
8.0
4.0
3.0
149.0
6.0
1.0
32.0
1.0
1.0
3.0
1.0
6.0
1.0
1108.0
116.0
2.0
519.0
6.0
1.0
22.0
1.0
171.0
46.0
1.0
16.0
1.0
36.0
1.0
11.0
5.0
1875.0
1.0
1.0
23.0
1.0
69.0
3.0
4.0
2.0
82.0
21.0
1931.0
1422.0
699.0
43.0
3.0
842.0
20.0
6.0
3.0
71.0
58.0
3.0
1036.0
377.0
1.0
3.0
15.0
18.0
3.0
510.0
100.0
3.0
1.0
1.0
1.0
1.0
1.0
2.0
3.0
1.0
1.0
3.0
1.0
1.0
1.0
1.0
1.0
1.0
3.0
86.0
2.0
1.0
1.0
58.0
6.0
1.0
11.0
1.0
2.0
3.0
930.0
161.0
1.0
1.0
7.0
3.0
4.0
4.0
1.0
108.0
199.0
2.0
1.0
44.0
200.0
1.0
1.0
1.0
44.0
1.0
1.0
7.0
1280.0
3.0
2.0
103.0
2837.0
2.0
1.0
2.0
1.0
3.0
1.0
74.0
1.0
13.0
151.0
71.0
2.0
1.0
1.0
533.0
69.0
161.0
16.0
3.0
1.0
3.0
739.0
5.0
90.0
12.0
3.0
1.0
1.0
15.0
2.0
33.0
1.0
13.0
5.0
57.0
34.0
1.0
10.0
128.0
1485.0
26.0
1.0
79.0
1.0
2.0
17.0
1.0
487.0
3.0
355.0
2.0
3770.0
3.0
11.0
3.0
4.0
2.0
3.0
17.0
2.0
1.0
43.0
64.0
14.0
3.0
82.0
1.0
1.0
3.0
5.0
5.0
81.0
3.0
3.0
3.0
1.0
3.0
769.0
1.0
1.0
8.0
3.0
2.0
1.0
3.0
3.0
43.0
301.0
362.0
16.0
6.0
596.0
15.0
3.0
2.0
2.0
27.0
1.0
1.0
2723.0
1.0
9.0
53.0
1.0
12.0
3.0
36.0
3.0
421.0
10.0
1.0
6.0
7.0
750.0
1.0
21327.0
50.0
42.0
1.0
1878.0
105.0
762.0
961.0
1.0
3.0
1097.0
1.0
4.0
4.0
3.0
3.0
1.0
1.0
1.0
5.0
391.0
1.0
9.0
3.0
3.0
1.0
1.0
1.0
3.0
168.0
25.0
1163.0
149.0
1.0
127.0
1178.0
2.0
1.0
4.0
1.0
2.0
2.0
1.0
306.0
1.0
4.0
7.0
1.0
1.0
59.0
69.0
5.0
13.0
1.0
52.0
1.0
104.0
2.0
3.0
102.0
42.0
1.0
3.0
5.0
26.0
3.0
1.0
85.0
696.0
30.0
13.0
344.0
1.0
3.0
1.0
7.0
1.0
2.0
5.0
8.0
4.0
2.0
14.0
3.0
375.0
3.0
14.0
1.0
19.0
3.0
1.0
6.0
7.0
2.0
196.0
3.0
1.0
1.0
12.0
2.0
1.0
1.0
2.0
3.0
3121.0
3.0
90.0
9.0
1.0
13.0
1.0
1.0
78.0
62.0
4042.0
1.0
2.0
9.0
24.0
118.0
3.0
3.0
3.0
1.0
1.0
9.0
113.0
1.0
4.0
1.0
1.0
1.0
2.0
4.0
79.0
3.0
1.0
2.0
3.0
1331.0
709.0
1.0
2.0
3.0
3.0
1091.0
10.0
2.0
6.0
1.0
3.0
157.0
509.0
145.0
5.0
3.0
2.0
282.0
4.0
6.0
3.0
1.0
3.0
7.0
5.0
1.0
67.0
4.0
1.0
1.0
1.0
2666.0
1.0
3.0
2.0
2.0
1.0
1.0
1.0
2.0
3.0
112.0
95.0
9.0
60.0
3.0
3.0
1.0
25.0
3182.0
1.0
8.0
3.0
3.0
2.0
14.0
3.0
1.0
1.0
895.0
743.0
1.0
5.0
1133.0
1.0
11.0
1.0
1689.0
6341.0
1.0
28.0
1.0
4.0
6.0
65.0
19.0
137.0
148.0
1.0
67.0
4.0
2.0
116.0
37.0
3.0
6.0
3.0
2.0
9.0
2.0
322.0
9.0
837.0
1.0
1156.0
576.0
3.0
3.0
21.0
748.0
24.0
1.0
9.0
1.0
957.0
15.0
1.0
57.0
4.0
8.0
16.0
1.0
5.0
2302.0
3.0
562.0
7.0
1213.0
3.0
118.0
151.0
2.0
370.0
1.0
3.0
1.0
3.0
2.0
170.0
3.0
3.0
6.0
849.0
2.0
836.0
7.0
7.0
2.0
4.0
1.0
3.0
7.0
1.0
3.0
25.0
22.0
2.0
2.0
1508.0
1.0
383.0
2.0
308.0
546.0
1.0
1.0
5.0
3.0
9.0
4.0
6.0
42.0
3.0
1.0
3.0
15.0
3.0
1.0
1.0
1.0
1.0
3.0
3.0
2.0
23.0
14.0
3.0
3.0
4.0
2.0
300.0
4.0
4.0
16.0
869.0
254.0
7.0
20.0
5.0
1.0
37.0
1.0
32.0
3.0
1.0
1.0
7.0
1.0
1.0
1.0
552.0
29.0
2.0
3.0
71.0
7.0
2.0
1.0
1.0
584.0
8.0
6.0
1.0
12.0
1.0
1.0
3.0
1084.0
3.0
1670.0
1.0
2.0
1.0
6.0
3.0
1.0
1.0
6.0
1.0
1.0
1.0
157.0
388.0
134.0
3.0
9.0
1.0
1.0
3.0
1.0
3.0
1.0
1.0
21.0
2.0
2.0
1149.0
51.0
12.0
3.0
4.0
1.0
247.0
82.0
2266.0
2.0
116.0
1.0
1.0
92.0
4.0
3.0
1.0
484.0
56.0
18.0
4.0
3.0
1.0
1.0
25.0
11.0
1.0
102.0
54.0
3.0
1.0
1.0
3.0
1.0
2.0
19.0
1.0
2.0
443.0
3.0
18.0
1.0
185.0
155.0
9.0
11.0
8.0
26.0
1.0
1.0
3.0
498.0
1.0
1.0
1.0
3.0
2.0
757.0
500.0
99.0
1.0
15.0
2.0
1.0
3.0
4.0
75.0
1.0
1.0
3.0
3.0
6468.0
4.0
1.0
1.0
1.0
1.0
640.0
8.0
473.0
1.0
6.0
1.0
1.0
2.0
2.0
4.0
5.0
1.0
1.0
2.0
267.0
1.0
1.0
7.0
1.0
4.0
8.0
3.0
7.0
1.0
1.0
260.0
1.0
1.0
3.0
1.0
32.0
1.0
3.0
10.0
8.0
3.0
5.0
4.0
3.0
1652.0
18.0
1.0
1.0
1.0
3.0
116.0
16.0
351.0
24.0
1.0
284.0
4385.0
4.0
6.0
234.0
4.0
285.0
50.0
136.0
121.0
6.0
2.0
842.0
66.0
1.0
5.0
3.0
3.0
85.0
1.0
1.0
4.0
1.0
941.0
2.0
1986.0
1.0
4.0
4.0
112.0
5.0
59.0
18.0
1.0
2.0
4.0
1.0
926.0
2.0
9.0
4.0
68.0
4.0
1.0
1.0
2.0
3.0
2.0
1.0
6.0
4.0
6.0
1.0
5.0
2.0
1.0
6.0
79.0
11.0
1.0
1.0
8.0
108.0
2.0
1.0
2.0
1.0
26.0
1.0
1.0
1.0
1.0
1.0
1.0
9.0
2.0
1.0
107.0
7.0
596.0
6.0
806.0
278.0
1.0
2.0
1.0
268.0
3.0
6.0
1.0
4.0
7.0
4365.0
1.0
70.0
1279.0
2.0
1.0
2.0
17.0
4545.0
22.0
214.0
1.0
2.0
2.0
2.0
1.0
1.0
1.0
1.0
1.0
11.0
3.0
1.0
2.0
1.0
1.0
45.0
17.0
16.0
10.0
100.0
2.0
24.0
1.0
4.0
2.0
422.0
3.0
42.0
3.0
8.0
3.0
2.0
421.0
30.0
138.0
11.0
1.0
7.0
19.0
344.0
58.0
8.0
11.0
1.0
3.0
5.0
1.0
1.0
762.0
3.0
3.0
15.0
3.0
3.0
2.0
1.0
351.0
8.0
3.0
16.0
1.0
2.0
1.0
24.0
1182.0
1.0
8.0
3.0
9533.0
2.0
1.0
2.0
3.0
648.0
1473.0
3.0
3.0
668.0
1.0
1.0
3.0
2.0
1716.0
2.0
4.0
1.0
3.0
166.0
97.0
3.0
3.0
650.0
3.0
18.0
1.0
3.0
1998.0
450.0
156.0
140.0
3.0
1.0
1.0
10.0
9.0
3.0
688.0
2.0
33.0
58.0
83.0
3.0
606.0
2.0
34.0
1.0
3.0
124.0
2055.0
225.0
258.0
9.0
1.0
1.0
1.0
4.0
3.0
4.0
1.0
3.0
2.0
3.0
1.0
1018.0
2.0
1.0
1.0
1.0
3.0
1.0
3.0
230.0
11.0
3.0
4.0
3.0
1.0
155.0
75.0
2.0
2.0
1.0
7.0
15.0
19.0
14.0
55.0
3.0
31.0
444.0
1.0
19.0
2.0
6.0
4635.0
32.0
2.0
2.0
1292.0
3.0
371.0
578.0
3.0
17.0
4.0
2.0
3.0
3.0
127.0
5.0
117.0
43.0
126.0
1.0
145.0
1.0
1.0
3.0
5.0
3.0
14.0
1589.0
40.0
2.0
7.0
1.0
6.0
4.0
1.0
292.0
2.0
508.0
9.0
28.0
1.0
2.0
46.0
28.0
2.0
3.0
1.0
1.0
4.0
20.0
11.0
3.0
5.0
3.0
1.0
1.0
1.0
3.0
474.0
542.0
17.0
2.0
48.0
162.0
93.0
3.0
2.0
57617.0
1.0
1.0
8.0
505.0
46.0
12.0
17.0
15.0
2.0
435.0
2.0
585.0
261.0
1.0
8.0
1.0
20.0
772.0
106.0
3.0
23.0
2.0
8.0
1.0
1.0
247.0
878.0
3.0
1.0
25.0
32.0
3.0
4.0
3.0
2.0
14.0
457.0
19.0
5.0
1.0
230.0
102.0
1.0
1657.0
4.0
1.0
19.0
1.0
13.0
2.0
105.0
18.0
7.0
3.0
5.0
3511.0
69.0
10.0
75.0
1.0
3.0
627.0
19.0
3.0
7.0
11.0
4.0
3.0
3.0
1.0
1.0
3.0
1.0
590.0
1674.0
30.0
3.0
389.0
2.0
5.0
1.0
1.0
1.0
24.0
1.0
21.0
640.0
8.0
363.0
42.0
1.0
1.0
1.0
1.0
178.0
2.0
10.0
13.0
40.0
3.0
1.0
1602.0
4.0
19.0
3.0
4.0
3.0
3.0
4.0
11.0
29.0
1.0
1.0
27.0
1638.0
2763.0
9.0
5.0
1.0
1.0
436.0
3.0
4263.0
772.0
1.0
1213.0
7.0
1.0
1.0
6.0
8.0
6.0
5.0
1639.0
73.0
7.0
6.0
10.0
1.0
1.0
4.0
1.0
4.0
3.0
512.0
1013.0
1.0
17.0
7.0
8.0
3.0
3.0
3.0
6.0
100.0
1.0
3.0
8.0
2.0
1.0
1.0
1.0
4.0
1.0
2.0
4.0
694.0
1.0
2.0
2.0
3.0
352.0
7.0
1.0
3.0
134.0
13.0
2.0
2.0
282.0
3.0
3.0
282.0
3.0
12.0
426.0
65.0
9.0
3.0
3.0
55.0
7.0
3.0
100.0
3.0
5.0
3.0
1.0
1.0
1.0
1.0
9.0
3.0
22923.0
2.0
2.0
5.0
2.0
2.0
3.0
11.0
4.0
8.0
3.0
1.0
1.0
31.0
2.0
102.0
1095.0
1.0
1.0
1.0
1.0
2.0
212.0
898.0
10.0
1.0
311.0
3.0
10.0
1371.0
113.0
1.0
3.0
1.0
1.0
13.0
3.0
2.0
6.0
1.0
1.0
1.0
2.0
4.0
3.0
4.0
3.0
1.0
747.0
1.0
1.0
113.0
9.0
3.0
2.0
1.0
145.0
5686.0
21.0
133.0
21.0
20.0
836.0
5.0
1.0
12.0
7.0
313.0
3.0
959.0
12.0
2.0
5.0
2.0
34.0
1.0
338.0
19.0
351.0
8.0
1.0
1.0
1.0
21.0
2.0
1527.0
1.0
19.0
3.0
1.0
1.0
1.0
5.0
2.0
2.0
25.0
2.0
1.0
149.0
2.0
3.0
19.0
1.0
3.0
3.0
402.0
1.0
1.0
278.0
2.0
133.0
3.0
7.0
5.0
1.0
1.0
722.0
8.0
54.0
2.0
7.0
1.0
1.0
24.0
34.0
1210.0
82.0
6.0
96.0
29.0
21.0
2143.0
1.0
1.0
5.0
1200.0
1.0
1.0
2.0
1.0
1.0
130.0
32.0
48.0
3.0
3.0
87.0
163.0
1.0
13818.0
301.0
2.0
1.0
1.0
1.0
4.0
4.0
453.0
3.0
1.0
25.0
5.0
17.0
10.0
1.0
2.0
11.0
1.0
2.0
1.0
3.0
5.0
4.0
11.0
95.0
904.0
3.0
292.0
3.0
2160.0
19.0
3.0
3.0
19.0
3.0
12.0
8.0
2.0
1.0
6.0
64.0
2.0
373.0
5.0
1.0
10.0
1.0
5.0
714.0
1.0
3.0
3.0
2.0
1.0
1.0
1682.0
5.0
6.0
523.0
112.0
5.0
1.0
17.0
2.0
3.0
836.0
65.0
6.0
4.0
3.0
5.0
18.0
121.0
95.0
3.0
1.0
4.0
93.0
56.0
1.0
3.0
30.0
535.0
1.0
13.0
80.0
27.0
5756.0
7.0
2.0
2.0
1.0
4.0
3.0
2.0
754.0
1.0
2.0
34.0
59.0
1.0
116.0
116.0
14.0
20.0
78.0
3.0
67.0
965.0
5.0
1.0
1.0
3.0
4.0
1.0
2.0
17.0
1.0
681.0
3.0
3.0
21.0
2.0
2374.0
9.0
1525.0
3.0
121.0
147.0
1.0
1.0
12.0
1.0
1.0
789.0
3.0
1.0
15.0
4.0
147.0
9.0
14.0
1.0
2.0
1.0
65.0
9.0
1.0
3.0
11.0
396.0
1.0
63.0
1.0
1.0
1.0
5.0
1.0
1.0
1018.0
1.0
1.0
10.0
4338.0
74.0
3.0
34.0
13.0
3.0
3.0
3.0
129.0
1.0
4.0
2.0
128.0
2.0
55.0
1827.0
281.0
21.0
555.0
3.0
3.0
7.0
67.0
943.0
19.0
4.0
6091.0
3.0
14.0
30.0
11.0
245.0
26.0
7.0
1.0
6.0
1.0
74.0
5.0
1.0
3.0
6.0
3.0
1.0
3.0
290.0
1.0
9.0
4.0
4.0
4397.0
4.0
1.0
1.0
104.0
1.0
1.0
5.0
7.0
491.0
2.0
7.0
3.0
5986.0
3.0
102.0
3.0
4.0
1.0
1.0
3.0
1592.0
1.0
1.0
3.0
470.0
403.0
24.0
134.0
150.0
9.0
3.0
1.0
1.0
23.0
31.0
1.0
21.0
3.0
30.0
1.0
3.0
1039.0
6.0
55.0
80.0
1.0
3.0
1.0
371.0
6.0
3.0
544.0
1.0
1.0
11.0
899.0
1.0
7.0
14.0
3.0
4.0
4.0
2.0
33.0
1.0
3.0
18.0
65.0
4.0
1.0
3.0
1.0
2118.0
634.0
1.0
27.0
6.0
1.0
3.0
228.0
1.0
398.0
270.0
495.0
7.0
14.0
5.0
1413.0
485.0
8.0
22.0
6.0
9.0
1.0
54.0
2.0
19.0
3.0
1.0
52.0
1.0
9.0
1.0
1.0
1.0
9.0
97.0
1.0
5609.0
392.0
854.0
576.0
2.0
3.0
6.0
2.0
5.0
2440.0
30.0
207.0
3.0
2.0
26.0
4.0
87.0
182.0
3.0
19.0
1.0
2.0
1.0
2.0
2.0
1.0
138.0
1.0
2.0
1.0
344.0
16.0
290.0
5659.0
4.0
2.0
28.0
1485.0
3.0
1457.0
6.0
1.0
26.0
8.0
9.0
1.0
128.0
361.0
1.0
3.0
1.0
3.0
1.0
9.0
23.0
3.0
3.0
2.0
907.0
119.0
7.0
2.0
2.0
1.0
4.0
4.0
3.0
13.0
1.0
326.0
23.0
76.0
380.0
1563.0
3.0
1.0
565.0
1.0
1.0
21.0
98.0
1.0
32.0
6.0
1.0
3.0
20.0
1411.0
3.0
44.0
1.0
1.0
3.0
273.0
29.0
3.0
1.0
1078.0
60.0
1948.0
1.0
67.0
2.0
144.0
1283.0
14.0
1.0
2.0
3.0
1612.0
1.0
28.0
46.0
1.0
4.0
9.0
1.0
1.0
3.0
13.0
1.0
1.0
55.0
1.0
3.0
8.0
1.0
4.0
22.0
8.0
1.0
209.0
46.0
4.0
13.0
3.0
3.0
1.0
2.0
1.0
11.0
16.0
45.0
1.0
1.0
574.0
5.0
13.0
1.0
1.0
4.0
2.0
38.0
2.0
15.0
2.0
1.0
1.0
1.0
1.0
1.0
37.0
1.0
26.0
1.0
3.0
2.0
4.0
3163.0
12.0
101.0
407.0
1.0
4.0
9.0
8.0
1.0
1.0
2.0
3.0
14.0
40.0
3.0
1.0
351.0
2.0
3.0
2.0
19.0
285.0
1.0
1.0
61.0
9.0
101.0
292.0
1.0
3.0
23.0
43.0
2.0
37.0
2.0
7.0
1586.0
4.0
1.0
5227.0
1.0
717.0
1.0
5.0
2.0
12.0
17.0
5.0
1.0
313.0
10.0
10.0
2.0
4.0
3.0
50.0
1.0
5.0
1.0
3.0
29.0
4.0
177.0
3.0
1.0
5.0
29.0
1.0
1.0
3019.0
35.0
24.0
1.0
1.0
51.0
2.0
310.0
3.0
4.0
1.0
1.0
837.0
5.0
5.0
1.0
8.0
3.0
6.0
3.0
1.0
2.0
3.0
741.0
1.0
1.0
590.0
2.0
1.0
328.0
3.0
1703.0
1.0
2.0
2.0
3.0
1.0
19.0
3.0
1.0
1.0
8.0
53.0
2.0
9.0
1.0
6550.0
386.0
1.0
1.0
1883.0
388.0
16.0
2.0
3.0
3.0
1.0
1.0
2.0
14.0
5.0
24.0
37.0
15.0
16.0
1.0
7.0
4.0
24.0
13.0
1.0
2.0
3.0
2.0
2.0
696.0
3.0
1480.0
15.0
2.0
21.0
1.0
3.0
6.0
6.0
5.0
12.0
172.0
17.0
1.0
1.0
834.0
4.0
2.0
3.0
6.0
3.0
2.0
475.0
1.0
1.0
1230.0
18.0
175.0
1.0
3.0
1.0
3.0
1.0
3.0
3.0
1.0
4.0
83.0
3.0
4.0
3.0
4.0
3.0
1.0
1.0
1.0
3.0
724.0
3.0
97.0
3.0
2.0
18.0
4.0
10.0
1.0
5973.0
119.0
3.0
36.0
1.0
1.0
1.0
25.0
18.0
3.0
10.0
4841.0
353.0
1.0
1.0
50.0
1.0
46.0
2.0
51.0
1.0
3.0
351.0
139.0
11.0
1.0
584.0
12.0
22.0
6.0
6.0
1.0
58.0
2.0
3.0
4.0
1.0
2.0
489.0
1984.0
1.0
16.0
1.0
1.0
10.0
4.0
19.0
5.0
2.0
461.0
4.0
2.0
1.0
11.0
10.0
104.0
224.0
977.0
22.0
2.0
301.0
1.0
1.0
3.0
4.0
1.0
17.0
1.0
1.0
2.0
1.0
22.0
44.0
1.0
6.0
19.0
1.0
1.0
5.0
5.0
11515.0
549.0
104.0
5.0
9.0
1.0
1.0
69.0
2.0
1.0
87.0
1.0
17.0
4.0
1.0
63.0
3.0
3.0
1.0
1.0
1.0
3.0
1.0
1.0
6733.0
1.0
3.0
1.0
1.0
3.0
1.0
1.0
98.0
3.0
3476.0
5.0
2.0
7.0
1.0
170.0
2.0
1709.0
190.0
1.0
2.0
1.0
12.0
6.0
1.0
4249.0
1.0
2.0
246.0
2.0
71.0
28.0
2.0
3.0
10.0
2.0
20.0
1.0
3.0
420.0
247.0
1.0
265.0
2.0
7.0
35.0
1.0
7.0
17.0
1.0
17.0
424.0
3.0
1.0
5.0
48.0
86.0
12.0
2.0
3.0
5.0
1.0
1852.0
2.0
7.0
65.0
2.0
3.0
24.0
539.0
6.0
351.0
6.0
3765.0
3.0
1.0
90.0
4.0
1.0
1.0
1.0
2.0
11045.0
1.0
57.0
5.0
3.0
2.0
163.0
3.0
4.0
1.0
2.0
3.0
22.0
3.0
2.0
1.0
2472.0
1.0
14.0
185.0
1.0
1.0
1.0
3.0
1.0
130.0
232.0
1.0
3.0
1.0
101.0
34.0
1.0
1.0
238.0
2.0
5.0
2.0
3.0
25.0
6.0
3.0
6.0
7.0
2.0
4.0
298.0
1.0
1.0
3.0
1.0
4.0
1.0
7.0
3.0
1.0
1.0
4.0
56.0
1.0
210.0
1.0
24.0
223.0
11.0
30.0
443.0
1.0
1.0
1.0
11.0
2.0
261.0
1.0
2.0
674.0
1403.0
23.0
1.0
2.0
3.0
7.0
3.0
2.0
31.0
8.0
227.0
1.0
33.0
19.0
4.0
2.0
135.0
7.0
2.0
8.0
120.0
9.0
167.0
1.0
638.0
200.0
79.0
1.0
4.0
293.0
1.0
4.0
3.0
1.0
19.0
4.0
31.0
1.0
15.0
2.0
1.0
2.0
3.0
6.0
2.0
4.0
1.0
3.0
20.0
4.0
1.0
2.0
1.0
60.0
49.0
12.0
1.0
1.0
74.0
4.0
2.0
1.0
276.0
3.0
1.0
15.0
1639.0
187.0
2.0
69.0
1.0
1.0
22.0
4.0
1.0
216.0
1.0
1.0
82.0
1.0
131.0
21.0
1.0
1.0
1.0
1025.0
19.0
183.0
1.0
417.0
1.0
2.0
768.0
9.0
3.0
7.0
10.0
2390.0
4.0
2.0
9.0
3.0
3.0
3.0
15.0
3.0
8.0
3.0
1.0
1.0
220.0
5.0
3.0
401.0
13.0
28.0
1.0
4.0
3.0
13157.0
3.0
1.0
75.0
2.0
488.0
45.0
1.0
575.0
452.0
11.0
1147.0
12.0
2964.0
1.0
15.0
6288.0
1345.0
56.0
3.0
6.0
3.0
78.0
18.0
1.0
2.0
1.0
3.0
3.0
3.0
1217.0
190.0
5.0
2.0
119.0
1.0
1.0
15.0
10.0
4.0
3.0
1.0
2.0
3.0
2.0
736.0
8.0
3.0
3.0
3.0
2.0
1.0
10.0
214.0
2.0
3.0
1.0
2.0
1.0
3834.0
1.0
57.0
2.0
1.0
23.0
3.0
26.0
1577.0
34.0
29.0
737.0
27.0
1.0
1.0
48.0
2.0
13.0
1.0
4.0
1014.0
663.0
3.0
3.0
9.0
3.0
17.0
188.0
293.0
2786.0
4.0
3569.0
3.0
123.0
219.0
3.0
19.0
1.0
1.0
18.0
2.0
3.0
758.0
371.0
1.0
2.0
6.0
1.0
22.0
399.0
117.0
793.0
23.0
1.0
1.0
2.0
3.0
866.0
16.0
3.0
3.0
5.0
792.0
3.0
2.0
3.0
3.0
2.0
3.0
1.0
10.0
554.0
19.0
6.0
1.0
3.0
2638.0
4.0
26.0
99.0
3.0
4.0
118.0
1884.0
347.0
23.0
2.0
4.0
1.0
1.0
1.0
10.0
1.0
8.0
171.0
18.0
1.0
11.0
1.0
1312.0
1.0
696.0
2.0
205.0
2.0
1.0
3.0
1.0
25.0
185.0
55.0
3.0
3.0
153.0
3.0
9.0
26.0
1.0
2.0
1.0
1.0
7.0
1.0
1.0
1.0
9.0
1691.0
71.0
47.0
1.0
219.0
1.0
93.0
1.0
11.0
50.0
908.0
2.0
3.0
110.0
14.0
1.0
2.0
3.0
9.0
8.0
835.0
2.0
3.0
2.0
10.0
1.0
5.0
193.0
21.0
1.0
385.0
20.0
2.0
1.0
8.0
1968.0
1.0
14385.0
1018.0
3.0
3.0
9.0
1.0
193.0
1.0
107.0
2.0
1.0
13.0
1057.0
73.0
3.0
32.0
1.0
1.0
10.0
729.0
19.0
3.0
1.0
7.0
2.0
2.0
1285.0
2.0
4.0
292.0
1.0
5.0
1.0
1.0
24.0
1.0
2.0
1.0
1.0
3.0
1.0
62.0
2.0
1.0
2.0
2.0
3.0
5.0
2.0
3.0
122.0
2.0
2.0
1.0
12.0
367.0
122.0
1.0
4.0
1.0
9.0
8.0
3.0
2.0
693.0
8.0
3.0
3.0
19.0
1.0
2.0
3.0
282.0
15.0
3271.0
4.0
1225.0
3.0
8.0
24.0
3.0
3.0
2.0
242.0
1855.0
530.0
1.0
46.0
1.0
67.0
1.0
1.0
1451.0
19.0
3.0
1351.0
9.0
1.0
3.0
63.0
1.0
2.0
1.0
1.0
11.0
6.0
5.0
1.0
4.0
24.0
23.0
1.0
3.0
30.0
19.0
299.0
2.0
8.0
719.0
19.0
1.0
1705.0
941.0
1003.0
1.0
156.0
5.0
806.0
1.0
1.0
338.0
1.0
14.0
1.0
4.0
2.0
2.0
197.0
1.0
35.0
9.0
3.0
3.0
2442.0
1.0
178.0
11.0
1.0
2.0
16.0
3.0
1.0
7.0
268.0
3.0
2.0
1183.0
2.0
176.0
1.0
2.0
9.0
1.0
235.0
316.0
3.0
1.0
6.0
1.0
2.0
444.0
3.0
4.0
5.0
1.0
1.0
3.0
1.0
19.0
51.0
1.0
62.0
46.0
886.0
4.0
1.0
673.0
2.0
1.0
1.0
24.0
1.0
17.0
2.0
36.0
8.0
7.0
3.0
1.0
6.0
68.0
4.0
7.0
1.0
10.0
1.0
2.0
2.0
279.0
3.0
1.0
3.0
1.0
3.0
1.0
4.0
3.0
1.0
1.0
2.0
450.0
3.0
1272.0
149.0
1.0
1.0
2.0
1.0
1129.0
491.0
4.0
47.0
2.0
4.0
1.0
125.0
10.0
1.0
3.0
1.0
17.0
1.0
50.0
1.0
22.0
68.0
2.0
7.0
12.0
2023.0
34.0
2.0
9.0
3.0
1099.0
1.0
1.0
4.0
965.0
797.0
9.0
3.0
4.0
23.0
24.0
3.0
2.0
4.0
1.0
1.0
4.0
1.0
1.0
4.0
4.0
4.0
2.0
45.0
1.0
1.0
2.0
1.0
2821.0
5.0
4.0
4.0
1.0
24.0
4.0
78.0
1.0
1.0
1.0
12.0
3.0
1.0
2.0
2.0
4.0
5.0
3.0
1.0
1.0
3.0
3.0
2.0
241.0
54.0
1.0
5.0
80.0
17.0
415.0
4.0
36.0
6.0
1484.0
1.0
3.0
1.0
1.0
1.0
4.0
1.0
377.0
3.0
541.0
2.0
51.0
3.0
45.0
81.0
18907.0
1.0
25.0
2.0
10.0
1.0
1083.0
15.0
1.0
4.0
3.0
3.0
76.0
127.0
14.0
249.0
105.0
3.0
2.0
27.0
1.0
261.0
590.0
45.0
1.0
6.0
175.0
732.0
3.0
5.0
18.0
2.0
1.0
1.0
35.0
1.0
5.0
1715.0
1.0
1.0
521.0
8.0
19.0
6.0
2.0
1.0
3.0
3.0
3.0
9.0
2.0
11.0
96.0
1078.0
1.0
3.0
1.0
5.0
1106.0
2.0
1.0
1.0
4.0
73.0
1.0
1.0
1.0
1.0
941.0
15.0
5.0
24.0
75.0
2.0
236.0
3.0
1.0
19.0
1.0
4.0
2.0
1.0
65.0
8.0
2.0
1.0
3.0
97.0
3.0
289.0
2.0
4.0
2.0
37.0
5.0
3.0
5.0
1.0
5.0
14.0
338.0
4.0
1.0
5.0
3.0
2.0
2.0
1.0
3.0
3.0
78.0
904.0
1.0
2.0
339.0
2321.0
1.0
4.0
2.0
10.0
1551.0
208.0
1.0
44.0
1.0
1.0
2.0
6.0
1.0
3.0
39.0
685.0
3020.0
9.0
3.0
106.0
5.0
3.0
241.0
2.0
1.0
4.0
1.0
294.0
2.0
3.0
3.0
2.0
178.0
10968.0
1.0
1000.0
88.0
1.0
2.0
1.0
4.0
2.0
421.0
10092.0
15.0
145.0
2789.0
58.0
5.0
2.0
1.0
1.0
19.0
54.0
450.0
6.0
3.0
2.0
3.0
2.0
3.0
2.0
351.0
1.0
14.0
1.0
1.0
2.0
127.0
1.0
70.0
4.0
1.0
1.0
1.0
1.0
24.0
5.0
1.0
5.0
1.0
354.0
3.0
14.0
1047.0
1.0
27.0
11.0
10.0
6.0
1.0
28.0
87.0
273.0
4.0
9.0
3.0
3.0
6.0
3.0
3.0
2.0
1650.0
3.0
1.0
3.0
1.0
4594.0
268.0
288.0
5.0
358.0
386.0
1.0
1.0
29.0
8.0
1511.0
1472.0
19.0
25.0
2.0
6.0
65.0
2.0
2.0
351.0
11.0
4.0
1.0
3.0
7.0
74.0
3.0
1018.0
1474.0
1.0
5.0
2.0
2.0
10.0
172.0
2.0
4.0
1.0
1.0
3.0
1.0
1.0
1.0
3.0
1.0
3.0
265.0
2.0
1.0
3.0
1.0
7.0
2.0
197.0
7.0
2.0
3.0
8.0
1763.0
3908.0
4.0
1.0
299.0
3.0
138.0
1.0
1.0
2.0
3.0
14.0
3.0
1.0
7.0
1.0
42.0
1.0
1.0
93.0
17.0
3.0
1.0
102.0
136.0
5.0
3.0
4.0
1.0
1988.0
1027.0
17.0
3.0
6.0
3.0
2.0
5.0
7.0
4.0
3531.0
8.0
1.0
25.0
2.0
2015.0
1.0
623.0
962.0
12.0
2.0
2.0
65.0
2.0
6.0
10.0
3.0
2.0
1.0
5.0
3.0
1.0
32.0
158.0
31.0
100.0
1.0
1.0
1.0
1.0
110.0
4.0
115.0
1.0
11.0
3.0
1.0
3.0
7.0
1.0
277.0
105.0
3.0
7.0
3.0
4.0
4.0
56.0
4.0
30.0
58.0
16.0
1.0
1.0
1.0
1.0
11.0
23.0
1.0
2.0
301.0
20.0
223.0
3.0
51.0
4.0
25.0
98.0
11.0
2.0
3.0
4.0
3.0
383.0
3.0
24.0
2.0
100.0
3.0
3.0
27.0
1.0
8.0
986.0
1.0
2.0
2.0
1122.0
3.0
3.0
3.0
4.0
9138.0
285.0
62.0
19.0
133.0
1.0
1.0
139.0
23.0
1.0
31.0
1652.0
139.0
9.0
1.0
392.0
1.0
1.0
16528.0
1.0
3.0
45.0
2.0
1.0
1.0
9.0
409.0
2.0
1.0
13.0
25.0
2.0
16.0
3.0
24.0
1.0
4.0
10.0
311.0
1.0
12.0
8.0
3.0
1.0
1.0
1.0
53.0
5.0
6.0
24.0
1.0
515.0
1.0
2.0
4.0
2.0
3.0
3.0
17.0
4.0
163.0
9.0
1.0
33.0
2.0
274.0
1.0
58.0
191.0
2.0
2.0
4.0
19.0
65.0
65.0
3.0
6.0
25.0
11.0
2.0
1.0
1018.0
105.0
6.0
1.0
3.0
3.0
1.0
3.0
5.0
3.0
1098.0
4.0
11.0
2.0
1.0
4.0
18.0
11.0
203.0
3.0
3.0
1270.0
1.0
6.0
1.0
1.0
18.0
1.0
11.0
31.0
369.0
1.0
4.0
7946.0
3.0
2.0
1.0
1.0
7.0
1.0
2.0
7.0
292.0
135.0
1.0
387.0
3.0
3.0
4.0
28.0
2759.0
2.0
6.0
1.0
1.0
1.0
1.0
4.0
3.0
55.0
1.0
3.0
23.0
1.0
19.0
1.0
141.0
2.0
3.0
198.0
370.0
168.0
18.0
2.0
1.0
1.0
4.0
1009.0
12.0
1.0
3.0
3.0
34.0
36.0
1.0
65.0
53.0
4.0
3.0
93.0
2.0
1.0
48.0
2.0
1.0
1.0
9.0
7.0
1.0
18.0
2.0
1.0
1.0
3006.0
1933.0
470.0
13.0
2.0
25.0
2.0
1.0
2.0
1541.0
1.0
2.0
6.0
965.0
13.0
2.0
74.0
1.0
182.0
33.0
5.0
3.0
2.0
2.0
14189.0
5.0
7.0
1.0
2.0
386.0
14.0
3.0
2.0
18.0
3.0
3.0
3.0
23.0
67.0
1.0
3.0
6.0
436.0
128.0
7.0
3.0
100.0
1.0
1.0
28.0
3.0
5.0
1.0
1.0
9.0
2.0
367.0
16.0
3.0
40.0
87.0
1.0
1.0
102.0
6.0
1.0
2140.0
270.0
466.0
52.0
46.0
60.0
1.0
1314.0
4.0
1.0
1000.0
3.0
5521.0
1.0
1.0
7.0
1.0
25.0
1.0
3.0
1.0
1420.0
3.0
12.0
20.0
12.0
24.0
1.0
17.0
16.0
1.0
2.0
1.0
1400.0
3.0
208.0
27.0
22.0
5.0
4.0
3.0
1.0
2.0
1.0
3.0
43.0
2.0
24.0
7.0
1.0
3.0
2.0
24.0
3.0
3.0
1.0
24.0
1.0
3.0
6.0
23.0
1.0
24.0
4.0
15.0
1299.0
6.0
2.0
3.0
1.0
5.0
2.0
2.0
1.0
2.0
166.0
2.0
2.0
8.0
4.0
2.0
15.0
12.0
7.0
8.0
3.0
1.0
1.0
1.0
69.0
1451.0
16.0
7.0
134.0
65.0
8.0
1.0
4.0
9.0
298.0
224.0
3.0
602.0
3.0
65.0
1.0
16.0
1.0
1.0
25.0
2.0
3.0
2.0
8.0
56.0
528.0
2.0
216.0
1.0
3.0
28.0
1.0
1.0
1.0
1.0
3.0
127.0
1.0
73.0
3.0
1.0
436.0
1.0
14.0
3.0
186.0
3.0
3.0
72.0
1.0
3.0
15.0
2.0
9.0
2.0
351.0
1.0
1.0
30.0
11.0
2.0
3780.0
7.0
4.0
3.0
1.0
49.0
2.0
1021.0
459.0
28.0
1.0
3.0
1159.0
1.0
8.0
2598.0
1114.0
200.0
772.0
1.0
47.0
190.0
1.0
3.0
3.0
800.0
188.0
704.0
6213.0
3.0
8.0
4.0
1.0
1173.0
2.0
4.0
1582.0
16.0
1707.0
2.0
698.0
1.0
4.0
10.0
14401.0
1.0
1.0
2.0
1.0
5.0
2.0
3.0
8.0
9.0
29.0
3.0
3.0
2.0
2.0
36.0
529.0
1.0
1.0
2.0
12.0
4.0
10.0
1.0
3.0
237.0
288.0
8.0
66.0
2.0
209.0
15.0
9.0
6.0
1.0
42.0
25154.0
5.0
7.0
2.0
8.0
506.0
1.0
2.0
179.0
17.0
1.0
3.0
7.0
2.0
84.0
4.0
508.0
2.0
3.0
6.0
713.0
2.0
1.0
2.0
1.0
1.0
7.0
1053.0
1.0
1410.0
1.0
3.0
25.0
14977.0
83.0
86.0
8.0
3.0
3.0
5.0
1.0
24.0
3.0
7.0
1.0
35.0
2.0
293.0
1.0
1.0
81.0
25.0
3.0
22.0
72.0
1.0
8689.0
9.0
1.0
23.0
1.0
1.0
3.0
2.0
7.0
3.0
4.0
2111.0
2.0
288.0
1.0
3.0
1.0
1.0
3.0
4.0
2.0
1.0
4.0
220.0
5.0
1.0
3.0
1.0
696.0
3568.0
1.0
2.0
19.0
1.0
23.0
724.0
1.0
92.0
5.0
1.0
2.0
1461.0
3.0
17.0
3.0
52.0
1.0
1.0
1.0
3.0
1.0
1.0
1.0
589.0
2.0
13.0
74.0
26.0
386.0
3.0
1.0
19.0
3.0
1.0
8.0
9.0
173.0
1.0
3.0
1.0
1.0
3.0
22.0
3.0
6.0
3416.0
1.0
1.0
6.0
3.0
12.0
23.0
19.0
8.0
1.0
10.0
2.0
1618.0
34.0
1.0
1.0
720.0
2.0
56.0
1.0
3.0
1.0
51.0
17.0
1.0
370.0
8.0
4.0
1.0
1.0
1.0
196.0
5.0
2.0
3.0
1.0
354.0
120.0
591.0
1.0
292.0
136.0
31.0
7.0
7.0
15.0
1.0
3.0
1.0
12.0
1.0
3.0
12.0
1.0
3.0
1.0
1.0
8.0
24.0
56.0
3.0
3.0
1.0
6.0
694.0
1.0
1.0
3.0
28.0
26.0
361.0
8.0
75.0
2.0
19.0
2.0
1.0
6.0
436.0
1.0
3.0
5.0
2.0
4.0
8.0
409.0
528.0
38.0
51.0
696.0
1.0
2.0
3.0
56.0
407.0
1.0
8.0
4.0
1.0
1.0
1.0
1129.0
97.0
66.0
33.0
49.0
1.0
1106.0
1.0
1.0
1.0
1.0
3.0
1.0
686.0
4.0
615.0
50.0
536.0
24.0
71.0
1.0
2.0
3607.0
1.0
1.0
1.0
208.0
4.0
543.0
2.0
5.0
1.0
1137.0
3.0
1.0
3.0
36.0
1.0
6.0
38.0
19.0
1.0
1.0
131.0
1.0
25.0
2.0
5.0
8.0
1.0
509.0
368.0
1.0
1018.0
351.0
14.0
10.0
3.0
16.0
1.0
15.0
1.0
3.0
1.0
98.0
1.0
2.0
961.0
2.0
2.0
105.0
329.0
1.0
65.0
4.0
3.0
190.0
5.0
3.0
5.0
71.0
24.0
2.0
2.0
47.0
12.0
40246.0
4.0
1.0
254.0
3.0
3.0
3.0
1.0
292.0
387.0
1.0
3.0
752.0
2.0
4.0
17.0
3.0
48.0
3.0
3.0
1.0
109.0
44.0
1.0
14.0
51.0
2.0
1.0
17.0
3.0
3.0
2.0
4.0
2.0
8.0
3.0
268.0
3.0
1278.0
5.0
4.0
7.0
444.0
97.0
107.0
4.0
1083.0
3.0
187.0
1.0
124.0
1.0
1.0
6.0
24.0
258.0
4.0
1.0
1.0
9.0
282.0
3.0
3.0
3.0
965.0
2.0
1.0
1.0
62.0
2.0
2207.0
1.0
6.0
3.0
2.0
421.0
8.0
3.0
2.0
26.0
6.0
18.0
1.0
24.0
66.0
1.0
325.0
3.0
162.0
218.0
6.0
29.0
2.0
3.0
2.0
2.0
3.0
1.0
87.0
5.0
4.0
2.0
26.0
8.0
3.0
2.0
2.0
1.0
25.0
32.0
2.0
3.0
1.0
203.0
3.0
106.0
1.0
65.0
3.0
2.0
9.0
2.0
2.0
145.0
9.0
1.0
21.0
1.0
14953.0
50.0
1.0
3.0
4.0
1.0
1.0
3226.0
1.0
5.0
1.0
45.0
39.0
3.0
1.0
3.0
242.0
1.0
1.0
35.0
3.0
2.0
2.0
2.0
1.0
3.0
288.0
2.0
351.0
2.0
25.0
3.0
136.0
1.0
574.0
375.0
2.0
4.0
2.0
8.0
7.0
3.0
92.0
779.0
50.0
9.0
595.0
3.0
36.0
3.0
9.0
1.0
216.0
292.0
4.0
12.0
17.0
3.0
47.0
3.0
1.0
2.0
2333.0
241.0
1.0
1.0
3.0
2.0
3.0
3.0
2.0
3.0
259.0
3.0
7.0
1.0
52.0
1.0
3.0
23.0
1.0
4.0
9.0
1805.0
9.0
19.0
3.0
3.0
34.0
17.0
65.0
3.0
1.0
3.0
4.0
2.0
3.0
3.0
2.0
46.0
3.0
306.0
1401.0
21.0
3.0
187.0
1.0
113.0
1.0
1.0
89.0
3.0
3.0
2.0
1.0
2.0
1.0
1.0
56.0
3.0
1.0
1.0
24.0
14.0
157.0
1.0
1.0
1.0
4.0
26.0
383.0
5.0
59.0
1.0
3.0
149.0
25.0
1.0
30.0
4.0
3.0
33249.0
4.0
31.0
1.0
2.0
1.0
351.0
3.0
4.0
2.0
115.0
1.0
1900.0
24.0
2.0
4.0
2.0
3354.0
2.0
1.0
7.0
4.0
6.0
6.0
2.0
40.0
2.0
13.0
16.0
3.0
18.0
1.0
1.0
3.0
1.0
40.0
2.0
1.0
117.0
45.0
145.0
1.0
689.0
22.0
3.0
1.0
2.0
961.0
299.0
3.0
7.0
3.0
4.0
3.0
886.0
4.0
292.0
5.0
1.0
3.0
1.0
22.0
5.0
2.0
1.0
6.0
1.0
351.0
8.0
3.0
301.0
4.0
2.0
13.0
1.0
3.0
1.0
1.0
2.0
3.0
5.0
12.0
1.0
1.0
9.0
38.0
71.0
1.0
13.0
23.0
2.0
6.0
3.0
5.0
3.0
3.0
1823.0
3.0
1.0
128.0
3.0
1.0
42.0
51.0
748.0
3.0
3.0
3.0
89.0
1.0
1.0
1.0
2.0
1.0
1.0
1183.0
2.0
2.0
3.0
3.0
1.0
1.0
33.0
48.0
18.0
858.0
6294.0
1.0
4.0
977.0
344.0
2.0
7.0
2.0
1.0
1.0
1.0
3.0
1.0
3.0
3.0
19.0
57.0
11.0
961.0
1.0
4.0
3.0
5.0
1.0
1.0
1.0
14.0
2.0
1.0
7.0
3.0
1.0
1857.0
1.0
1019.0
1.0
1.0
1669.0
4.0
6.0
16.0
1.0
219.0
1786.0
2.0
697.0
3.0
619.0
11121.0
1.0
1.0
3.0
2.0
9.0
5.0
9.0
1.0
2.0
2.0
3.0
8.0
3.0
1.0
6.0
1.0
1017.0
3.0
1.0
1.0
2.0
2.0
1.0
3.0
13.0
469.0
21.0
10.0
1.0
8.0
18.0
24.0
1.0
1.0
64.0
18.0
3.0
1027.0
5.0
1.0
3.0
436.0
6.0
551.0
3.0
3.0
173.0
4.0
11.0
28.0
58.0
19.0
3.0
25.0
1.0
2.0
351.0
1.0
24.0
1.0
2.0
43.0
3.0
6.0
3.0
3.0
1.0
2.0
90.0
3.0
1.0
1.0
2.0
1.0
2.0
6.0
3.0
6.0
1.0
5.0
24.0
1.0
1603.0
1638.0
20.0
3.0
1.0
2.0
3.0
2.0
3.0
296.0
1.0
1.0
18.0
2590.0
1.0
3.0
3.0
1018.0
3.0
2.0
3.0
3.0
3.0
2.0
1.0
1.0
3.0
3.0
1.0
5756.0
593.0
1.0
1.0
4.0
1.0
692.0
3.0
286.0
1040.0
117.0
3.0
3.0
24.0
512.0
104.0
148.0
2.0
1.0
3.0
1390.0
4.0
8.0
2.0
1.0
2.0
4.0
1.0
209.0
7.0
2.0
10.0
1.0
4.0
870.0
9.0
3.0
2.0
23.0
6.0
140.0
88.0
2441.0
9.0
398.0
31.0
5.0
4.0
15.0
1003.0
1.0
11.0
3.0
2.0
12.0
65.0
961.0
1.0
1.0
163.0
3.0
2.0
2.0
10.0
4.0
2.0
467.0
17.0
6.0
3.0
3.0
4.0
1.0
4.0
199.0
1.0
1.0
96.0
22.0
1.0
33.0
1.0
32.0
1.0
1628.0
127.0
18.0
1.0
7.0
21.0
1.0
7.0
3.0
1.0
4.0
1.0
351.0
2.0
11.0
457.0
1420.0
3.0
12.0
40.0
2803.0
5.0
5.0
18.0
2.0
3.0
3.0
3.0
3.0
1386.0
2.0
87.0
3.0
8.0
1.0
1.0
343.0
10.0
1.0
3.0
1.0
4.0
24.0
3.0
1.0
3.0
1.0
579.0
10004.0
38.0
1.0
1.0
1.0
77.0
1069.0
1.0
110.0
164.0
3.0
3.0
1.0
9.0
3.0
3.0
231.0
1.0
3.0
205.0
1.0
484.0
1.0
8.0
1763.0
4.0
5.0
98.0
1.0
4.0
3.0
5.0
1.0
1.0
4.0
3.0
10.0
3.0
3.0
2.0
2.0
1.0
18.0
1.0
3.0
351.0
1.0
75.0
1.0
3.0
17333.0
1.0
1.0
1000.0
3.0
73.0
2.0
2.0
2.0
1.0
2.0
3.0
596.0
19.0
3.0
3.0
1.0
21.0
1.0
1.0
1.0
1.0
71.0
11.0
1.0
8.0
1.0
3.0
1104.0
1.0
2632.0
1.0
4.0
6.0
1.0
1.0
121.0
174.0
61.0
2.0
1.0
407.0
1.0
3.0
6.0
29.0
13.0
73.0
197.0
52.0
48.0
1755.0
94.0
863.0
63.0
3.0
19.0
1.0
78.0
351.0
1018.0
351.0
2.0
9.0
3906.0
964.0
3.0
1.0
61.0
17.0
105.0
11.0
3.0
21.0
1.0
69.0
1.0
1.0
1129.0
4.0
4.0
3.0
2.0
3.0
3.0
251.0
1.0
90.0
7.0
7.0
7.0
1.0
1.0
2.0
510.0
3.0
1.0
24.0
118.0
1.0
47.0
5.0
23.0
1.0
4.0
6.0
21.0
1.0
3.0
1.0
2.0
3.0
1240.0
3.0
3.0
2441.0
1.0
1.0
24.0
516.0
3.0
7.0
2.0
2.0
3.0
6.0
1.0
71.0
1.0
2972.0
1.0
241.0
1.0
1.0
1.0
10.0
3.0
1.0
16480.0
2.0
4.0
3.0
1.0
1.0
5.0
22.0
3.0
417.0
87.0
3.0
1.0
1027.0
1.0
5.0
394.0
29.0
1.0
2.0
5.0
349.0
1.0
217.0
2.0
22.0
3.0
3.0
3.0
1.0
119.0
2.0
1.0
825.0
1.0
2.0
228.0
1.0
93.0
3.0
74.0
835.0
4.0
82.0
11.0
2.0
3.0
2.0
1.0
8.0
2.0
2.0
5.0
52.0
1.0
5.0
8.0
1.0
9.0
1129.0
8.0
9.0
4.0
1173.0
3.0
1.0
104.0
166.0
31.0
73.0
4.0
3.0
3.0
29.0
1.0
1.0
2.0
4.0
3.0
75.0
3.0
1.0
2.0
10.0
596.0
377.0
8.0
2.0
954.0
2030.0
351.0
1.0
75.0
63.0
3.0
85.0
1.0
20.0
2.0
35.0
3.0
1.0
36.0
429.0
72.0
3.0
1.0
1.0
9.0
3.0
8.0
2.0
3.0
5.0
3.0
1.0
9.0
1379.0
3.0
3.0
241.0
38.0
2.0
6.0
1.0
7.0
310.0
509.0
157.0
2.0
338.0
2.0
2.0
3.0
18.0
3.0
341.0
3.0
13.0
2.0
2.0
4.0
28.0
3.0
3.0
1.0
1.0
4.0
1.0
3.0
3.0
115.0
5.0
1.0
2.0
248.0
1.0
116.0
1.0
66.0
17.0
64.0
1862.0
9.0
1.0
1.0
733.0
3.0
1.0
1.0
3.0
1.0
4.0
2.0
1.0
2.0
3.0
3.0
3.0
282.0
2.0
33.0
1.0
474.0
361.0
3.0
15.0
9.0
6.0
3.0
4.0
1077.0
1.0
1.0
1.0
3.0
5.0
4.0
1.0
3.0
1.0
5.0
453.0
853.0
122.0
8.0
83.0
1.0
131.0
18.0
1.0
3930.0
337.0
2.0
1.0
2.0
7.0
1.0
2.0
1.0
1.0
1.0
3.0
3576.0
8.0
21915.0
1.0
1.0
11.0
2.0
4.0
8.0
17812.0
1.0
830.0
70.0
3.0
1.0
733.0
1.0
1.0
9.0
1.0
113.0
3.0
12.0
1225.0
122.0
6.0
12.0
33.0
9.0
3.0
2.0
1.0
65.0
1.0
2.0
1.0
65.0
4.0
15.0
1.0
3.0
3.0
4.0
1.0
4.0
1.0
61.0
2.0
8.0
3.0
4.0
3.0
1.0
12.0
320.0
47.0
11.0
1425.0
23.0
3.0
1.0
1.0
1.0
459.0
1.0
5.0
116.0
6.0
3.0
453.0
11.0
9.0
672.0
1.0
1.0
79.0
2232.0
22.0
56.0
7.0
1.0
1.0
765.0
6.0
199.0
1.0
3.0
1.0
1.0
1.0
167.0
2.0
3.0
11.0
119.0
9.0
5.0
3.0
1.0
3.0
1.0
1.0
1.0
1.0
14.0
3.0
3.0
35.0
780.0
10865.0
2.0
10.0
2.0
100.0
3.0
1111.0
3.0
3.0
30.0
3.0
10.0
1.0
9.0
16.0
3.0
7.0
4.0
3.0
3.0
1.0
1.0
1.0
3.0
45.0
60.0
4.0
1.0
3.0
1.0
219.0
1.0
2107.0
843.0
36.0
12.0
114.0
2.0
1.0
1.0
1.0
2.0
3.0
2.0
743.0
20.0
1.0
1.0
6.0
6.0
8.0
15.0
1527.0
3.0
3.0
3.0
5.0
3.0
2.0
3.0
1.0
40.0
2.0
1.0
2.0
118.0
779.0
86.0
56.0
338.0
14.0
2.0
3.0
10.0
7.0
546.0
312.0
1836.0
3.0
125.0
3.0
14.0
1.0
74.0
15.0
867.0
3.0
2.0
6.0
1.0
2.0
8.0
298.0
1.0
4.0
1.0
390.0
12.0
2.0
2.0
484.0
2.0
1.0
19.0
1.0
1.0
290.0
232.0
704.0
688.0
11.0
4.0
6.0
59.0
2.0
116.0
295.0
37.0
3.0
3.0
5914.0
1503.0
1.0
1.0
25.0
3.0
12.0
23.0
1.0
65.0
512.0
224.0
1.0
3.0
8.0
1.0
9.0
965.0
1.0
19.0
3.0
3.0
121.0
115.0
1.0
46.0
1.0
2.0
82.0
3.0
324.0
9.0
19.0
3.0
113.0
1.0
1.0
1.0
18.0
3.0
30.0
128.0
3057.0
10.0
1.0
9.0
2700.0
14.0
1.0
1.0
4.0
2.0
3.0
10.0
2.0
104.0
1299.0
117.0
7.0
2.0
8.0
2.0
20.0
10.0
1.0
265.0
2.0
9.0
100.0
179.0
1.0
4.0
9739.0
61.0
1.0
937.0
24.0
1018.0
2.0
1.0
20402.0
149.0
3.0
1.0
36.0
108.0
202.0
1.0
2.0
1.0
13.0
1.0
9.0
1183.0
1.0
5.0
3.0
1018.0
5.0
12.0
7.0
17.0
576.0
5.0
3.0
2.0
6.0
14.0
1.0
67.0
1.0
65.0
2.0
144.0
642.0
1.0
1.0
1.0
803.0
1.0
4.0
2976.0
1.0
12.0
320.0
4.0
3.0
2.0
1.0
1.0
279.0
1.0
1018.0
3.0
2737.0
3.0
2.0
1.0
512.0
6.0
9.0
8.0
9.0
1554.0
28.0
3.0
3.0
1.0
93.0
1.0
10.0
54.0
887.0
3.0
7.0
23.0
1.0
21.0
132.0
647.0
1.0
2222.0
3.0
42.0
3.0
1856.0
61.0
9.0
2.0
292.0
2.0
3.0
3.0
17.0
1159.0
3.0
3.0
5.0
8.0
9.0
1.0
25.0
569.0
1.0
159.0
52.0
47.0
18.0
1.0
511.0
155.0
17.0
374.0
4.0
1.0
1.0
5.0
695.0
6.0
1.0
34.0
6.0
3.0
2.0
3.0
3.0
2783.0
174.0
3.0
9.0
1.0
3.0
44.0
1.0
1.0
23.0
13.0
351.0
4.0
14.0
1.0
2.0
20.0
3.0
2.0
2.0
2.0
2.0
1.0
3.0
3.0
298.0
502.0
29.0
3.0
171.0
3.0
10.0
6.0
305.0
13.0
3.0
1.0
9.0
12.0
7.0
172.0
17.0
1.0
771.0
7.0
1.0
4.0
2.0
1.0
143.0
421.0
1.0
1.0
2747.0
516.0
2.0
3.0
26.0
220.0
4.0
483.0
1.0
1018.0
1.0
1.0
62.0
1.0
9.0
1.0
6.0
6.0
4.0
21.0
1.0
1703.0
751.0
24.0
1.0
17.0
37.0
1.0
4.0
1.0
8.0
3.0
1.0
1.0
1.0
19.0
1.0
417.0
9.0
1.0
2.0
48.0
38.0
953.0
84.0
298.0
1.0
6.0
4.0
3.0
520.0
1.0
1.0
2.0
1.0
2.0
3.0
70.0
20.0
1.0
3.0
4.0
31.0
1072.0
6.0
2.0
1.0
53.0
6.0
3.0
2.0
1.0
3.0
3.0
1.0
1.0
22.0
2.0
1.0
2.0
52.0
734.0
5.0
1.0
1.0
5.0
29.0
22.0
3.0
1.0
3.0
5.0
2.0
1.0
3.0
1305.0
184.0
16.0
5.0
3.0
6.0
6.0
98.0
1.0
3.0
3.0
3.0
2.0
3.0
1.0
1.0
44.0
7865.0
1.0
12.0
2.0
40.0
1.0
1.0
1.0
2.0
1.0
61.0
3.0
3.0
493.0
3.0
3.0
1.0
4.0
1.0
19.0
361.0
7.0
4.0
2.0
1.0
3.0
1.0
13936.0
4.0
3.0
829.0
1.0
2.0
4.0
102.0
1.0
1.0
1.0
1.0
160.0
243.0
1491.0
2.0
18.0
55.0
14.0
87.0
2.0
12.0
123.0
3.0
157.0
1.0
1.0
3.0
3.0
1.0
3.0
1.0
2.0
234.0
859.0
1.0
3.0
65.0
2.0
1.0
756.0
1.0
3.0
1.0
276.0
4.0
110.0
3.0
3.0
1.0
3.0
15.0
2.0
1.0
4340.0
1.0
1.0
351.0
9.0
3.0
1.0
4.0
48.0
1417.0
3.0
23.0
2.0
73.0
126.0
105.0
3.0
371.0
57.0
1.0
6.0
313.0
54.0
39.0
4.0
92.0
60.0
2.0
69.0
1.0
4.0
66410.0
1.0
98.0
34.0
52.0
10.0
18.0
726.0
75.0
4.0
44.0
1.0
79.0
1.0
48.0
9.0
141.0
3.0
1.0
7.0
23.0
1.0
3.0
5.0
25.0
21.0
3.0
1.0
7.0
9.0
1.0
45.0
3.0
1.0
7919.0
2.0
2.0
239.0
2.0
1.0
1.0
3.0
2.0
603.0
1.0
1.0
9.0
7.0
2.0
1.0
169.0
2.0
20.0
6.0
2.0
1.0
11.0
4.0
14.0
2.0
6.0
5.0
2.0
2.0
12.0
5.0
50.0
4542.0
1.0
4.0
4.0
9.0
1.0
1.0
1.0
4.0
2.0
6.0
9.0
3.0
2.0
67.0
37580.0
3343.0
4.0
1.0
1479.0
1.0
9.0
3.0
4.0
5.0
3136.0
2.0
157.0
11.0
103.0
483.0
1.0
3.0
512.0
1.0
2.0
3.0
4.0
115.0
3.0
5152.0
50.0
2.0
1737.0
399.0
1.0
1.0
3.0
4.0
3.0
1.0
1.0
1.0
3.0
6.0
216.0
13.0
986.0
205.0
530.0
3.0
4.0
2.0
1.0
3.0
11.0
3.0
97.0
5.0
1685.0
2.0
73.0
8.0
6.0
2.0
15.0
1.0
2.0
34.0
3.0
2.0
10.0
36.0
1.0
1.0
3.0
3.0
2.0
3.0
31.0
10.0
1.0
21.0
3.0
3.0
4.0
1.0
14.0
5.0
3.0
4.0
89.0
1.0
3.0
3.0
79.0
8.0
4.0
1.0
1.0
3.0
12.0
2.0
1.0
2.0
4.0
2.0
16.0
1.0
8.0
2.0
5.0
3.0
2.0
3.0
525.0
6.0
3.0
271.0
3.0
31.0
1.0
3.0
2.0
14385.0
3.0
9.0
1.0
1.0
3.0
1.0
10.0
1.0
7.0
3.0
7.0
200.0
2.0
63.0
1.0
4.0
4.0
467.0
9.0
2190.0
2.0
2.0
3.0
4.0
1141.0
1.0
11.0
2.0
3.0
72.0
24.0
1.0
3.0
1.0
1.0
1034.0
10.0
398.0
19.0
537.0
40.0
2.0
24.0
3.0
8.0
1.0
25.0
1.0
3.0
18.0
7.0
12.0
7.0
1.0
1.0
3.0
8.0
3.0
51.0
3.0
941.0
1.0
2.0
2.0
1.0
2.0
3.0
3.0
1.0
3.0
79.0
17.0
1.0
23.0
1.0
341.0
3.0
1004.0
2.0
1.0
1.0
387.0
152.0
1.0
2.0
1.0
3.0
3.0
9.0
465.0
1.0
2.0
1.0
135.0
1.0
3.0
26.0
4280.0
23.0
4.0
87.0
116.0
9.0
3321.0
4.0
1.0
3.0
47.0
10.0
3.0
2.0
1.0
7.0
3.0
1.0
3.0
1.0
48.0
1.0
3217.0
5.0
23.0
10.0
1.0
11.0
3.0
3.0
1.0
5.0
28.0
1.0
627.0
1.0
5.0
3.0
6.0
2462.0
1.0
1.0
1211.0
3.0
1.0
1.0
8.0
7.0
13685.0
523.0
6.0
1.0
7.0
51.0
33.0
3.0
1.0
46.0
3.0
19.0
1.0
3.0
648.0
2.0
3.0
396.0
1.0
3.0
3.0
3.0
2.0
1.0
14.0
4.0
614.0
14385.0
3.0
114.0
1.0
3.0
6.0
3.0
2.0
2.0
1.0
83.0
31.0
892.0
5482.0
8.0
6.0
1.0
810.0
1.0
4.0
239.0
2.0
4.0
97.0
1.0
2.0
4.0
3.0
949.0
2.0
2.0
20.0
2.0
549.0
1.0
724.0
1312.0
19.0
1.0
1.0
1.0
1.0
70.0
13.0
3.0
153.0
2.0
3.0
5.0
3.0
49.0
11.0
7.0
11.0
2.0
1.0
1.0
23.0
1.0
21.0
1.0
25.0
4.0
1.0
2.0
6.0
526.0
1.0
2.0
101.0
252.0
1.0
16.0
351.0
3.0
29.0
1.0
3.0
2.0
3.0
33.0
3.0
1.0
4.0
3.0
2.0
1.0
1.0
1.0
1.0
5.0
1.0
3.0
12.0
1.0
40257.0
47.0
82.0
605.0
3.0
105.0
1230.0
839.0
1.0
3.0
4.0
7.0
4.0
31.0
1.0
2.0
1734.0
1.0
3.0
24.0
1.0
588.0
425.0
2.0
1.0
2001.0
6.0
1117.0
65.0
5.0
1147.0
3.0
420.0
453.0
3.0
1.0
26671.0
1078.0
14736.0
211.0
69.0
5.0
2.0
15.0
1.0
8.0
3.0
2.0
1.0
25.0
1714.0
13.0
13.0
69.0
1.0
11.0
1.0
3.0
1.0
25.0
34.0
2.0
3.0
6.0
101.0
1.0
139.0
25.0
1521.0
28.0
3.0
4.0
1.0
501.0
1.0
1.0
281.0
59.0
2.0
49.0
1.0
464.0
193.0
24.0
134.0
2.0
32.0
1.0
5.0
1.0
15.0
15.0
3.0
1.0
3.0
175.0
1140.0
2.0
1.0
1467.0
152.0
1.0
421.0
2.0
3.0
1.0
3.0
3.0
1.0
10.0
11.0
3619.0
1.0
472.0
1.0
719.0
1.0
10.0
9.0
1.0
11.0
1090.0
1.0
74.0
38.0
218.0
5923.0
1949.0
1.0
9.0
2.0
1018.0
7491.0
4.0
3.0
2.0
3.0
3.0
18.0
1.0
68.0
29.0
1.0
3.0
3.0
2.0
2.0
1.0
347.0
1.0
76.0
10.0
20.0
2.0
189.0
927.0
1.0
1.0
3.0
19.0
1546.0
1.0
3.0
1.0
2.0
2.0
2.0
3.0
17.0
1.0
2.0
124.0
829.0
30.0
6.0
1165.0
2.0
5.0
16.0
4.0
1.0
1.0
4.0
1.0
694.0
1.0
1.0
2.0
24.0
1.0
1.0
2.0
2.0
6.0
101.0
883.0
3.0
4.0
5.0
9.0
1935.0
9.0
12.0
3.0
90.0
1.0
1.0
2.0
3.0
1.0
1.0
8.0
14.0
1.0
13.0
3.0
24.0
1.0
8.0
65.0
10.0
20.0
3.0
2.0
1.0
19.0
23.0
34.0
3.0
2.0
1.0
7.0
1.0
3.0
8.0
2.0
1460.0
1.0
22.0
1.0
4.0
7.0
1.0
3.0
2.0
1.0
2.0
1.0
1.0
2.0
109.0
17.0
282.0
1.0
24.0
4.0
369.0
1.0
292.0
2.0
1.0
2.0
15.0
52.0
3.0
24.0
1442.0
1.0
3.0
430.0
2.0
10001.0
10.0
9.0
4.0
6.0
100.0
5.0
1.0
4.0
534.0
11.0
1.0
3.0
323.0
4.0
6.0
1.0
27.0
3.0
1155.0
17.0
165.0
3.0
1657.0
1.0
3464.0
6.0
1.0
9.0
1.0
2914.0
568.0
1.0
3.0
2.0
43.0
3.0
1.0
49.0
18.0
1.0
29.0
3.0
3.0
800.0
4.0
1.0
14.0
578.0
65.0
7.0
3.0
129.0
1.0
19.0
3.0
9.0
3.0
3291.0
151.0
3.0
1.0
87.0
3.0
282.0
1.0
1.0
4.0
1.0
1.0
29.0
995.0
1.0
2.0
268.0
118.0
1.0
3.0
9.0
1513.0
3.0
3.0
19.0
2.0
1.0
2.0
1.0
1.0
1.0
1.0
1.0
27.0
1.0
19.0
280.0
1208.0
4.0
1.0
4.0
286.0
1.0
1.0
3.0
3.0
3.0
565.0
103.0
1.0
25.0
11.0
3.0
3.0
14.0
596.0
1.0
1.0
2.0
3.0
1.0
1.0
45.0
2.0
17.0
685.0
11.0
363.0
130.0
6.0
70.0
29.0
3.0
1.0
1.0
1.0
1.0
5.0
1.0
3.0
1.0
2.0
4.0
2.0
3.0
17.0
3.0
3.0
1.0
407.0
1261.0
9.0
1210.0
3.0
6.0
105847.0
5.0
3.0
1333.0
23.0
1.0
16.0
1240.0
38.0
797.0
3358.0
21.0
1.0
5.0
1.0
1.0
7.0
344.0
729.0
668.0
1.0
12.0
5.0
2711.0
628.0
1.0
7.0
39.0
1.0
207.0
6.0
696.0
1.0
22.0
4.0
1.0
1.0
1.0
8.0
1.0
26.0
1.0
2.0
7.0
7.0
6.0
50.0
3.0
3.0
10.0
1.0
11.0
48.0
275.0
4.0
5.0
682.0
1.0
20.0
630.0
1.0
3.0
1.0
6.0
1.0
3.0
3.0
14.0
721.0
161.0
8.0
3.0
3.0
2.0
1.0
6.0
9.0
3.0
1.0
1.0
685.0
4.0
16.0
3.0
40.0
23.0
48.0
1.0
27.0
74.0
1.0
3.0
12.0
58.0
1.0
66.0
17.0
647.0
6.0
3.0
13.0
1.0
1.0
1.0
84.0
110.0
1097.0
2.0
7.0
2296.0
50.0
15.0
3.0
1377.0
2.0
6.0
67.0
406.0
1.0
6.0
1.0
3.0
2.0
184.0
114.0
6.0
101.0
117.0
11.0
65.0
2.0
288.0
3.0
199.0
1.0
1.0
3.0
3.0
3.0
14354.0
3.0
29.0
2.0
3.0
4.0
7.0
48.0
5.0
3.0
7.0
1.0
108.0
2.0
2.0
1.0
3.0
15.0
3.0
1.0
4.0
270.0
17.0
535.0
6.0
1.0
35.0
4446.0
22.0
4.0
2.0
9.0
1.0
889.0
3.0
1517.0
1140.0
10.0
52.0
2.0
1.0
1.0
31.0
3.0
3.0
117.0
1.0
257.0
3.0
1.0
3.0
1.0
636.0
32.0
13.0
1.0
1.0
3.0
1.0
1.0
350.0
1608.0
39.0
1.0
3.0
24.0
4.0
15.0
252.0
4.0
1.0
17.0
4.0
3.0
19.0
6.0
1.0
1.0
3.0
219.0
1.0
5.0
115.0
3.0
20.0
38.0
3.0
1048.0
137.0
207.0
1.0
7.0
2.0
1.0
10.0
3.0
3.0
3.0
1.0
3.0
2.0
7.0
355.0
2.0
2.0
19.0
24.0
54.0
1.0
2.0
206.0
351.0
23.0
101.0
1.0
66.0
3.0
5.0
1.0
1.0
8.0
25.0
1.0
2.0
9.0
1.0
2.0
1.0
26.0
1.0
3.0
1.0
3.0
3.0
35.0
46.0
1.0
1.0
4.0
34.0
406.0
1.0
8.0
3.0
1.0
4.0
6.0
76.0
111.0
14385.0
528.0
7.0
1.0
3.0
2.0
1.0
1.0
24.0
1.0
2.0
9.0
592.0
285.0
750.0
1103.0
5.0
1.0
1.0
1.0
1.0
10.0
1.0
110.0
65.0
2.0
19.0
3.0
2.0
2.0
3.0
48.0
45.0
1.0
1.0
3.0
3.0
1.0
3.0
4.0
351.0
6.0
679.0
150.0
3.0
3.0
95.0
13.0
364.0
3.0
696.0
3.0
530.0
129.0
1.0
1.0
2.0
29.0
1.0
19.0
23.0
20.0
3.0
3.0
81.0
111.0
136.0
3.0
1755.0
2.0
1.0
6.0
2.0
1.0
19.0
1.0
382.0
3.0
28.0
1.0
2.0
5.0
1.0
13.0
2.0
2.0
1.0
21.0
1.0
1.0
7.0
7.0
3.0
1.0
3.0
24.0
157.0
19.0
61.0
1.0
275.0
3.0
3.0
1.0
21.0
1.0
3.0
446.0
69.0
1.0
3.0
3.0
5.0
1.0
1.0
2.0
1.0
128.0
20.0
2.0
1.0
85.0
39.0
3.0
28.0
1.0
20.0
596.0
4.0
48.0
1.0
1.0
4.0
1.0
6.0
17.0
1.0
3.0
1.0
13.0
246.0
1.0
27.0
2.0
3.0
19.0
3.0
2.0
1182.0
2.0
3.0
2.0
942.0
4.0
4.0
28.0
3.0
3815.0
3.0
6.0
1596.0
8.0
6.0
4.0
3.0
1.0
3.0
1.0
54.0
4.0
2802.0
6.0
7.0
66.0
3.0
4794.0
1.0
1.0
350.0
11.0
1.0
3.0
1.0
2004.0
41.0
2410.0
1.0
14.0
2.0
6.0
10.0
3.0
685.0
471.0
6.0
1.0
1.0
13.0
4187.0
2.0
11.0
4.0
2.0
124.0
1.0
1.0
1.0
108.0
33.0
18.0
48.0
3.0
4.0
2.0
43.0
1.0
1.0
2.0
1.0
18.0
3.0
19.0
11.0
107.0
338.0
18.0
1.0
3.0
7.0
1.0
8.0
1.0
5.0
2.0
304.0
6.0
8.0
4.0
5.0
1.0
39.0
10.0
3.0
1.0
936.0
1.0
1.0
3.0
753.0
1.0
3.0
94917.0
164.0
130.0
2.0
48.0
3.0
2.0
1.0
2996.0
763.0
2.0
75.0
1225.0
1.0
4.0
7924.0
3.0
3.0
178.0
3.0
3.0
8.0
1.0
1.0
1.0
1.0
1.0
1.0
1.0
342.0
2.0
907.0
3.0
1.0
136.0
1.0
160.0
1303.0
2.0
1.0
279.0
47.0
313.0
1.0
17.0
244.0
3.0
13.0
3.0
3.0
1.0
2021.0
3.0
3.0
1.0
2.0
1048.0
1.0
8.0
324.0
187.0
1.0
157.0
9.0
7.0
1.0
1488.0
1.0
5.0
211.0
40.0
1.0
1.0
4.0
1.0
1412.0
5737.0
9.0
5.0
3.0
1.0
109.0
117.0
1.0
4.0
5639.0
282.0
1.0
1.0
83.0
652.0
789.0
3.0
255.0
3293.0
596.0
60.0
1.0
1.0
3.0
3.0
1.0
4.0
3.0
28.0
1.0
2.0
1.0
1.0
8.0
3.0
11.0
2.0
2.0
3.0
3.0
4.0
6.0
1.0
26.0
5707.0
292.0
2599.0
457.0
69.0
69.0
153.0
1.0
1.0
2.0
607.0
1.0
4.0
779.0
1.0
8.0
344.0
1.0
4.0
57.0
3.0
2.0
2.0
1.0
48.0
20.0
1.0
1.0
586.0
1004.0
1.0
376.0
3.0
31.0
1.0
4.0
8.0
1.0
3.0
11.0
33.0
3.0
3.0
3.0
3.0
3.0
2.0
16.0
1.0
3.0
2.0
44.0
1298.0
5.0
3.0
113.0
1.0
242.0
5.0
2.0
49.0
3.0
2.0
1.0
292.0
3.0
1187.0
2.0
30.0
35.0
3.0
351.0
1411.0
1.0
1.0
2.0
1.0
2.0
10.0
5.0
279.0
422.0
3.0
4.0
1246.0
1.0
1102.0
5.0
288.0
1.0
3.0
19.0
1.0
90.0
3.0
7.0
1.0
26.0
46.0
1.0
1.0
1.0
4.0
1.0
1.0
69.0
2.0
6.0
47.0
3.0
4.0
14.0
1.0
282.0
462.0
110.0
38.0
2.0
3.0
1.0
9.0
41.0
3.0
3.0
1.0
1.0
14260.0
3.0
3.0
1.0
977.0
2.0
36.0
1.0
3.0
5.0
12.0
1.0
20.0
11.0
28.0
1.0
1.0
4.0
10.0
8.0
25.0
3.0
3.0
149.0
21.0
78.0
771.0
1.0
4995.0
38.0
23.0
11.0
1.0
3.0
1.0
1.0
149.0
17.0
962.0
1.0
1.0
9.0
2.0
1.0
1.0
37.0
116.0
2.0
3.0
11.0
107.0
192.0
4.0
2.0
1.0
8.0
5.0
1.0
5.0
4.0
27.0
5.0
1.0
3.0
1.0
4.0
2.0
1.0
1.0
1.0
18.0
1.0
1378.0
1.0
19.0
202.0
1.0
4.0
131.0
55.0
67.0
19.0
1.0
4.0
363.0
6.0
523.0
1.0
6.0
1.0
5.0
8.0
1642.0
11.0
1.0
387.0
4.0
4.0
18.0
1.0
82.0
1.0
49.0
10.0
3.0
3.0
1.0
1.0
5.0
38.0
1.0
3.0
1.0
844.0
16.0
1.0
19.0
1.0
6.0
3.0
288.0
3.0
1.0
65.0
3.0
1.0
1.0
1.0
404.0
1.0
1.0
2.0
3.0
7.0
3.0
3.0
369.0
2.0
24.0
15.0
17.0
14354.0
3.0
14.0
1.0
8.0
3.0
3.0
1.0
22.0
2.0
6.0
2.0
461.0
1.0
8.0
838.0
1.0
1.0
22.0
2.0
3.0
353.0
9.0
11.0
1115.0
283.0
9.0
3.0
1018.0
1.0
5.0
2.0
7.0
3.0
1.0
187.0
541.0
63.0
13.0
7.0
37.0
9.0
1.0
1.0
1.0
12.0
4.0
3.0
127.0
1.0
12.0
3.0
5.0
69.0
19795.0
3.0
3.0
1.0
1.0
23.0
1.0
1.0
2.0
288.0
34.0
1.0
1.0
1.0
4.0
1.0
9.0
8766.0
249.0
77.0
120.0
1.0
556.0
1.0
3.0
5.0
1.0
1.0
2.0
5.0
17.0
5.0
234.0
51.0
1.0
1216.0
16.0
351.0
2.0
7.0
8.0
474.0
1563.0
3.0
3.0
5.0
34.0
15.0
1.0
5.0
17946.0
6.0
1.0
17.0
1.0
1.0
2.0
74.0
3.0
1.0
20.0
4.0
1.0
11.0
4.0
10.0
3.0
9.0
77.0
2.0
16.0
1.0
4.0
8.0
2.0
2.0
9.0
1.0
3.0
116.0
6.0
21.0
1.0
35.0
1.0
555.0
19.0
1483.0
12.0
6.0
2.0
1.0
1300.0
273.0
1.0
66.0
39.0
3.0
5.0
1.0
735.0
25.0
1.0
2.0
1.0
418.0
330.0
2.0
4.0
44.0
1.0
574.0
3.0
1.0
19.0
2.0
3.0
25.0
3.0
1.0
4.0
2.0
3.0
2.0
1.0
4.0
25.0
9.0
1.0
1.0
3.0
3.0
13.0
1.0
332.0
1791.0
1.0
101.0
10.0
226.0
8.0
2.0
65.0
4.0
1.0
66.0
150.0
5.0
3.0
44.0
12.0
334.0
3.0
2.0
31.0
8.0
1.0
1.0
3.0
10.0
6518.0
1.0
1.0
89.0
1.0
1.0
1.0
29.0
119.0
1.0
36.0
248.0
3.0
13.0
8.0
13.0
262.0
1.0
1.0
95.0
3.0
4.0
14.0
37.0
2.0
3.0
1.0
91.0
4.0
8.0
2.0
1.0
40.0
3.0
22.0
621.0
77.0
1.0
44.0
111.0
10.0
2.0
32.0
227.0
117.0
90.0
1054.0
1.0
2.0
1.0
2.0
2.0
1.0
13.0
3.0
20.0
1.0
11.0
3.0
839.0
31.0
3.0
1.0
217.0
2.0
5.0
10.0
2.0
9.0
1.0
4.0
44.0
5.0
10.0
58.0
1.0
4.0
8.0
7.0
20.0
1.0
1.0
46.0
2.0
3.0
1.0
23.0
16.0
1.0
3.0
89.0
2.0
11889.0
8.0
1.0
1.0
5.0
39.0
3.0
31.0
1.0
1.0
46.0
1.0
1.0
3.0
3.0
6.0
3.0
17.0
87.0
62.0
1.0
1.0
1.0
3.0
5.0
2.0
9.0
1.0
1016.0
3.0
2.0
2.0
1.0
32.0
2.0
1.0
2.0
3.0
1.0
1018.0
118.0
61.0
1.0
3.0
379.0
74.0
74.0
78.0
1.0
18.0
24.0
8.0
1.0
1.0
4.0
6.0
1.0
19.0
20.0
15.0
1018.0
3.0
2.0
3.0
1.0
21.0
49.0
1.0
4.0
2.0
743.0
5.0
535.0
1534.0
2.0
259.0
3.0
9.0
42.0
10.0
72.0
351.0
3.0
2.0
3.0
4.0
1.0
2.0
1.0
19.0
9.0
5.0
1809.0
1.0
23.0
20.0
3.0
14.0
1.0
6.0
16.0
79.0
3.0
74.0
3.0
9.0
9.0
17.0
2.0
1.0
3.0
10.0
1.0
1.0
3.0
3.0
1.0
1.0
5.0
50.0
9.0
2.0
1881.0
1.0
1.0
2.0
5.0
194.0
1.0
1.0
1356.0
3.0
1.0
28.0
3.0
3.0
1.0
2.0
3.0
5.0
69.0
1533.0
4.0
131.0
12.0
1.0
277.0
5.0
106.0
21.0
3.0
12.0
2.0
2.0
1.0
274.0
6.0
39.0
2.0
1.0
1117.0
62.0
146.0
19.0
1974.0
1.0
1.0
3.0
8.0
3.0
24739.0
2132.0
10.0
1.0
5.0
717.0
2.0
102.0
15.0
4.0
1.0
404.0
6.0
95.0
14.0
17.0
1.0
1.0
2.0
313.0
3.0
3.0
1.0
2.0
5893.0
3.0
2.0
6.0
1.0
3.0
71.0
2.0
2.0
10.0
250.0
1.0
733.0
20.0
1.0
5.0
1.0
3.0
65.0
2.0
86.0
1.0
1.0
2.0
961.0
17.0
6.0
87.0
2.0
2.0
218.0
1190.0
91.0
10.0
2.0
9.0
4.0
3.0
3.0
16.0
2958.0
1.0
4493.0
1.0
1.0
1454.0
7.0
3.0
5.0
1.0
545.0
292.0
101.0
1.0
16.0
4.0
3.0
163.0
8.0
1036.0
2.0
1.0
2.0
1.0
1.0
6.0
6.0
896.0
5.0
3.0
2.0
1.0
17.0
1.0
463.0
1.0
3.0
3.0
1.0
3.0
1.0
2.0
60.0
1.0
84.0
1779.0
3.0
1.0
1.0
24.0
804.0
130.0
1158.0
1.0
69.0
825.0
69.0
1.0
3.0
14189.0
1.0
167.0
3.0
1.0
36.0
19.0
260.0
3.0
959.0
1.0
1763.0
2098.0
6.0
3.0
1.0
168.0
2.0
3.0
1.0
5.0
4.0
4.0
8953.0
543.0
1.0
1.0
1.0
5.0
3.0
1469.0
33.0
3.0
1.0
3.0
5.0
5.0
8.0
1.0
2.0
2.0
103.0
27.0
1.0
1.0
3.0
1.0
25.0
23.0
296.0
3.0
3.0
1.0
3.0
71.0
21.0
770.0
105.0
3.0
8.0
286.0
3.0
1.0
349.0
1.0
8.0
2.0
45.0
1.0
4.0
6.0
8.0
3.0
12.0
140.0
46.0
1.0
3.0
2.0
4.0
3.0
13.0
3.0
3.0
1.0
8.0
1.0
1.0
573.0
1.0
69.0
4.0
2.0
3.0
275.0
13.0
3.0
3.0
3.0
1.0
7.0
2.0
2.0
3.0
697.0
9.0
3.0
3.0
2.0
3.0
1.0
4.0
7.0
3.0
2.0
3.0
3.0
1468.0
1.0
7.0
7652.0
18.0
130.0
3.0
4.0
1.0
2.0
149.0
46.0
1.0
65.0
3838.0
1.0
144.0
1.0
25.0
416.0
3.0
3.0
1.0
1.0
2.0
41.0
108.0
44.0
4.0
1.0
10.0
8.0
2.0
1.0
1.0
1.0
1.0
3.0
4.0
344.0
3.0
1.0
3.0
1.0
3.0
17.0
314.0
4.0
2.0
8.0
1.0
57.0
1.0
1.0
1.0
3.0
2.0
2.0
13.0
395.0
1374.0
18.0
48.0
3.0
65.0
243.0
1.0
8.0
66.0
2.0
1.0
3.0
989.0
12.0
2.0
3.0
2.0
1.0
1.0
16.0
22.0
3.0
437.0
2.0
1.0
14.0
16.0
1.0
180.0
1.0
21843.0
1270.0
38.0
2.0
1.0
107.0
1.0
12.0
1.0
1.0
78.0
38.0
276.0
3.0
345.0
24.0
1.0
52.0
1.0
1.0
3.0
36.0
12.0
8.0
3.0
1.0
2.0
3.0
1.0
3.0
1.0
8.0
1.0
2.0
1.0
2.0
21.0
4.0
1086.0
148.0
113.0
1.0
930.0
4.0
11.0
4.0
199.0
3.0
2.0
10.0
22.0
3.0
1.0
1.0
32550.0
2.0
524.0
2.0
29.0
1.0
1.0
1.0
2.0
1.0
1.0
3831.0
166.0
3.0
1.0
1.0
5.0
1.0
17.0
3.0
2.0
1.0
1.0
8.0
1.0
3.0
3.0
1.0
361.0
3.0
7.0
99.0
9.0
8.0
24.0
1.0
1.0
1.0
1.0
51.0
1.0
5.0
3.0
4.0
5.0
1.0
3.0
2.0
126.0
1047.0
535.0
62.0
102.0
1.0
2.0
8.0
1.0
7.0
11.0
3.0
33.0
11.0
90.0
3.0
3.0
4.0
1.0
8.0
4.0
674.0
1.0
3.0
1.0
17.0
6.0
1.0
1.0
1098.0
2.0
3.0
3.0
1.0
3.0
24.0
134.0
1.0
2.0
6124.0
3.0
5.0
2.0
2.0
1.0
1.0
1.0
1.0
3.0
1.0
4.0
1.0
269.0
1.0
1.0
12.0
1.0
4.0
1574.0
591.0
3.0
3.0
2.0
101.0
5.0
4.0
1.0
8.0
73.0
5.0
3.0
1.0
7.0
11.0
46.0
48.0
1.0
143.0
2.0
3.0
24.0
622.0
1.0
190.0
1.0
2.0
48.0
32.0
5.0
2.0
1.0
1.0
2997.0
1052.0
4.0
1.0
1.0
3.0
45.0
10.0
1.0
1.0
19.0
1.0
1.0
1.0
1.0
3.0
384.0
3.0
1.0
1.0
2.0
24.0
1.0
2.0
117.0
1.0
3.0
1.0
2.0
5.0
2.0
1.0
18.0
2.0
26.0
1.0
2.0
3.0
9.0
4.0
1.0
932.0
1.0
1.0
3.0
4.0
1.0
169.0
2.0
62.0
1.0
1.0
435.0
708.0
4.0
2.0
4.0
1.0
1.0
2.0
1.0
24.0
6.0
1.0
1.0
3.0
14.0
1.0
3.0
3.0
17.0
2.0
1.0
3.0
9.0
86857.0
1.0
1.0
7.0
9.0
2.0
1.0
1.0
1.0
3.0
1.0
30.0
5700.0
980.0
3.0
3.0
3.0
17.0
7.0
134.0
26.0
28.0
5.0
19.0
1.0
2.0
10.0
3.0
1.0
2.0
3.0
364.0
32.0
3.0
58.0
1.0
9.0
3.0
433.0
46.0
10.0
1.0
883.0
26.0
1.0
3.0
1.0
3.0
3.0
17.0
1.0
825.0
19.0
142.0
2.0
4.0
3.0
11.0
487.0
304.0
4.0
1.0
2.0
1.0
3.0
4.0
1.0
23.0
2225.0
1.0
1.0
61.0
3.0
356.0
1.0
9.0
2303.0
1044.0
6.0
274.0
362.0
1.0
30.0
2.0
2.0
4.0
30.0
1.0
9.0
3.0
65.0
3.0
18.0
1.0
5.0
1.0
1.0
987.0
1.0
2.0
596.0
1.0
3.0
20.0
13.0
1.0
16.0
4.0
1.0
1.0
81.0
3.0
2.0
48.0
1.0
4.0
5.0
1520.0
6.0
2.0
14.0
1.0
7.0
11.0
4.0
245.0
6.0
44.0
1.0
18.0
2.0
3.0
3.0
3.0
4.0
3.0
1236.0
4.0
110.0
1.0
164.0
12.0
2.0
2.0
4.0
22.0
4.0
406.0
1.0
25.0
1.0
31.0
1.0
58.0
1.0
10.0
1281.0
2.0
1.0
1.0
1.0
185.0
1.0
2.0
3.0
2.0
1.0
2.0
5.0
3.0
3.0
2.0
470.0
3.0
41.0
13.0
1.0
2.0
1.0
1.0
3.0
2.0
1018.0
1.0
1.0
1336.0
1.0
4.0
1.0
492.0
313.0
1111.0
1.0
4.0
2.0
26.0
589.0
1.0
344.0
862.0
3.0
27.0
8.0
3.0
4.0
14.0
3.0
1.0
51.0
726.0
2.0
1.0
3.0
1.0
2.0
3005.0
10.0
1.0
1.0
6.0
3.0
10.0
1.0
1.0
5.0
2.0
3.0
1.0
3.0
1.0
114.0
4.0
72.0
1.0
7.0
3.0
3.0
7.0
1530.0
1338.0
3.0
1.0
4.0
5.0
1.0
2.0
42.0
103.0
9.0
66.0
11.0
1.0
18.0
2.0
1.0
4.0
9.0
1.0
2.0
1.0
3.0
9.0
2.0
338.0
2.0
1.0
1.0
18.0
10.0
1341.0
30.0
3.0
1.0
1.0
3.0
9.0
92.0
13.0
1.0
3.0
1120.0
77.0
1.0
6.0
12.0
8.0
2.0
9.0
1.0
1.0
1.0
2.0
2.0
1.0
3.0
13.0
2.0
5653.0
235.0
18.0
6.0
7.0
837.0
2.0
451.0
3.0
6.0
3.0
8.0
1097.0
3.0
1.0
488.0
8.0
13.0
72.0
10.0
1.0
5.0
1.0
6.0
1.0
3.0
11.0
3.0
1469.0
3.0
2.0
1.0
1.0
1.0
2.0
4.0
3.0
1.0
1994.0
4461.0
4.0
1.0
40.0
1.0
1.0
3.0
1.0
913.0
74.0
26.0
4.0
24.0
157.0
8.0
21.0
17.0
141.0
1.0
4.0
339.0
2.0
9.0
1.0
3.0
18.0
1.0
32.0
14.0
5.0
1.0
4.0
3.0
12.0
56.0
282.0
1.0
1.0
1.0
1.0
69.0
7.0
2.0
1.0
4042.0
2.0
2209.0
104.0
3.0
1530.0
3.0
3.0
3.0
712.0
1.0
273.0
132.0
2.0
104.0
10.0
1.0
351.0
5.0
7.0
2.0
1.0
2.0
37.0
24.0
783.0
3.0
1.0
1142.0
2.0
11.0
308.0
5.0
3.0
10.0
106.0
1.0
101.0
68.0
20.0
4.0
11.0
5.0
18.0
2.0
1015.0
3.0
6.0
76.0
2.0
33.0
1.0
36.0
1.0
18.0
3.0
525.0
7.0
33.0
273.0
13.0
4.0
1.0
2.0
5.0
2.0
1.0
9.0
3.0
3.0
372.0
1.0
69.0
4.0
7.0
7.0
6.0
10.0
3.0
12.0
3.0
2.0
1.0
1117.0
4.0
1370.0
336.0
3.0
1.0
261.0
3.0
247.0
219.0
3.0
743.0
3.0
3.0
20.0
1.0
4.0
22.0
89.0
3.0
3.0
8.0
24.0
1517.0
5.0
1.0
59.0
442.0
1.0
7.0
4.0
5.0
1.0
5.0
1.0
67.0
6.0
62.0
1489.0
1124.0
36.0
3.0
3.0
22.0
7.0
1.0
1.0
1007.0
1.0
2.0
1.0
20.0
7.0
1.0
3.0
1.0
3.0
3.0
3.0
3.0
2.0
779.0
1.0
8982.0
4.0
5.0
76.0
548.0
1.0
3.0
1.0
1.0
1.0
56.0
20.0
1.0
3.0
15.0
4713.0
421.0
1.0
3.0
1366.0
3.0
1.0
2.0
1.0
2.0
2.0
23.0
17.0
2.0
2.0
1611.0
1.0
1.0
3.0
163.0
1.0
29.0
4.0
17.0
1.0
1.0
1019.0
1.0
528.0
6.0
2.0
1889.0
1.0
5.0
12.0
429.0
5.0
1.0
4.0
1.0
13.0
3.0
11906.0
25.0
3.0
162.0
2.0
1.0
1.0
1.0
5.0
3.0
1.0
1.0
3.0
2.0
56.0
2.0
3.0
1.0
924.0
3.0
4.0
3.0
1.0
159.0
1.0
1.0
1.0
3.0
16.0
960.0
1.0
1761.0
3.0
1.0
1.0
512.0
952.0
2.0
2.0
1.0
6.0
351.0
1039.0
28.0
1.0
1186.0
1.0
3.0
1.0
1902.0
2.0
9.0
256.0
3.0
81.0
2939.0
16.0
54846.0
1.0
4.0
282.0
5.0
34.0
441.0
104.0
31.0
10.0
3.0
1672.0
3.0
3.0
1.0
5.0
76.0
4.0
1.0
1.0
3.0
427.0
8.0
1.0
3.0
2.0
26.0
2.0
85.0
2.0
288.0
3.0
1.0
3.0
1354.0
3.0
2.0
1.0
3.0
1.0
25.0
3.0
1.0
1.0
10.0
1.0
123.0
1.0
1.0
62.0
3.0
94.0
1.0
5.0
1.0
4.0
735.0
2.0
9.0
3.0
2.0
2.0
9.0
1.0
8.0
19.0
3.0
3.0
3.0
1.0
281.0
2.0
9458.0
3.0
181.0
668.0
7.0
1.0
36.0
3.0
19.0
23.0
2.0
2.0
3.0
4.0
2.0
1.0
3.0
2.0
6.0
1.0
202.0
3.0
1.0
8.0
9317.0
1.0
1.0
9.0
3.0
2443.0
2.0
1.0
21.0
1.0
88.0
60.0
1.0
1.0
453.0
1175.0
1.0
1.0
68.0
3.0
8.0
1.0
2.0
1.0
8.0
5.0
7.0
2.0
7.0
3.0
42.0
32.0
1.0
59.0
2.0
4.0
101.0
1.0
1750.0
1.0
1.0
1.0
1.0
2.0
2.0
2.0
1.0
12.0
1.0
351.0
1.0
29216.0
3.0
4.0
1266.0
3.0
12.0
2.0
1.0
4.0
3.0
99.0
2.0
41.0
3.0
4.0
13.0
39.0
27.0
4.0
4.0
10.0
3.0
47.0
8.0
1.0
160.0
1.0
85.0
1.0
14.0
3.0
47.0
3.0
979.0
1.0
3.0
14.0
7.0
1.0
8.0
7.0
955.0
5.0
1.0
1.0
62.0
1.0
1.0
4.0
7.0
9.0
1.0
6.0
11.0
3.0
4452.0
7.0
1.0
1.0
109.0
1.0
30.0
7.0
2.0
19.0
1.0
193.0
488.0
1.0
13.0
3.0
1.0
8.0
1.0
1.0
597.0
1.0
1.0
4.0
32.0
1032.0
3.0
1.0
1.0
5.0
143.0
4.0
16.0
1759.0
52.0
14.0
1.0
475.0
9.0
2.0
1.0
1.0
1.0
1.0
2.0
2.0
1867.0
596.0
27.0
2.0
126.0
37.0
3.0
189.0
3.0
24.0
116.0
1.0
256.0
1.0
7.0
3.0
1.0
2.0
2.0
377.0
7.0
7.0
1.0
207.0
3.0
1.0
1949.0
2.0
1.0
3.0
3.0
1575.0
2220.0
4.0
1.0
7.0
1.0
9.0
497.0
1.0
32.0
1.0
3.0
25.0
2.0
3.0
1631.0
414.0
19.0
1.0
821.0
282.0
548.0
1.0
84.0
10.0
32.0
659.0
930.0
8.0
1.0
4.0
110.0
73.0
8.0
569.0
5.0
3.0
3.0
3.0
1.0
2.0
19.0
11.0
2.0
1.0
591.0
1.0
1.0
2.0
642.0
3.0
4.0
1.0
5.0
669.0
2.0
1.0
1.0
10.0
3102.0
1.0
101.0
3.0
779.0
2.0
4.0
827.0
1647.0
15.0
148.0
42.0
3.0
18.0
70.0
2.0
977.0
5.0
896.0
1.0
17.0
3.0
15.0
2.0
16.0
1.0
1.0
8.0
1243.0
1.0
3.0
1.0
1.0
2.0
82.0
1.0
1.0
13.0
61.0
44.0
9.0
11.0
8.0
1.0
8.0
162.0
1.0
3.0
2.0
10.0
2.0
1.0
22.0
3.0
220.0
1.0
50.0
1.0
477.0
1252.0
2.0
1.0
72.0
596.0
1.0
3.0
122.0
2.0
104.0
1.0
1.0
1.0
8.0
48.0
15.0
1.0
1.0
1.0
1.0
22.0
47.0
1.0
2.0
3.0
1.0
12.0
272.0
1.0
721.0
19.0
3.0
273.0
3.0
7.0
9.0
5.0
3.0
5.0
2.0
1.0
35.0
6.0
5.0
1.0
479.0
710.0
3.0
1018.0
3.0
92.0
76.0
23.0
113.0
129.0
1.0
27.0
2.0
20323.0
12.0
3.0
946.0
1.0
36.0
6.0
200.0
1.0
7.0
2.0
3.0
23648.0
3.0
1.0
152.0
6.0
3.0
50.0
1.0
677.0
10.0
1.0
338.0
3.0
7.0
3.0
271.0
1.0
10.0
404.0
152.0
1.0
3.0
9.0
3.0
3.0
20.0
3.0
6.0
17.0
3.0
59.0
946.0
3.0
3.0
1.0
3.0
2.0
1.0
529.0
3.0
5.0
2.0
3.0
2.0
351.0
5.0
623.0
10.0
1.0
110.0
658.0
1.0
1.0
2.0
7.0
1.0
1.0
3.0
1.0
10.0
38.0
924.0
1.0
1.0
1.0
7.0
1.0
3.0
2.0
4.0
1420.0
1.0
1.0
3.0
1.0
2.0
1.0
2.0
74.0
2709.0
19.0
3.0
1.0
2.0
22112.0
3.0
1.0
5.0
1367.0
1.0
3.0
3.0
257.0
384.0
5.0
1.0
7.0
58.0
961.0
2.0
2.0
3.0
7.0
1.0
36.0
35.0
5.0
2.0
1.0
1.0
2.0
70.0
1.0
1.0
1.0
1.0
7.0
9.0
7.0
2.0
1314.0
31.0
351.0
59.0
20.0
3.0
40.0
1.0
3.0
3.0
5.0
1.0
1.0
4.0
7.0
12.0
668.0
666.0
1.0
3.0
10.0
5.0
2.0
3.0
4.0
1.0
382.0
3.0
389.0
1.0
1.0
7.0
14.0
3.0
1.0
24.0
3.0
21.0
797.0
98.0
9.0
3.0
64.0
1.0
1.0
3.0
19.0
1.0
9.0
4.0
233.0
1.0
2.0
4014.0
3.0
1027.0
2.0
3.0
448.0
43.0
2.0
9.0
5.0
1.0
3.0
1.0
46.0
3.0
2.0
1.0
401.0
1.0
16.0
9.0
2.0
3.0
18.0
1.0
1.0
2.0
73.0
2.0
1.0
126.0
3.0
43.0
3.0
2.0
176.0
2.0
3.0
3.0
2.0
3.0
8.0
2.0
13.0
3.0
1.0
8.0
24.0
5936.0
9.0
2.0
618.0
4.0
7.0
1.0
52.0
807.0
2.0
1.0
562.0
1.0
7.0
1.0
4.0
2.0
9.0
14.0
1.0
3.0
1.0
1.0
1.0
1.0
33.0
2.0
6.0
2.0
1.0
3.0
1.0
2.0
4.0
233.0
1.0
57.0
4.0
1763.0
1.0
18.0
6.0
1.0
5.0
2.0
2.0
1.0
17.0
596.0
11.0
2.0
1.0
3.0
6.0
6.0
19.0
6.0
44359.0
11199.0
121.0
1.0
1.0
3.0
1.0
1.0
2.0
58.0
2.0
1.0
5.0
1.0
13.0
136.0
2.0
3.0
502.0
3343.0
2.0
3.0
65.0
186.0
10.0
1.0
12.0
1.0
2.0
351.0
6.0
24.0
5.0
3.0
3.0
1.0
1.0
65.0
1.0
86.0
33.0
1.0
19.0
16465.0
5.0
1.0
1.0
1.0
33.0
4.0
1241.0
69.0
8.0
2.0
7.0
2.0
1.0
274.0
4.0
6.0
95.0
8.0
1.0
33.0
3.0
55.0
1.0
104.0
1.0
16.0
3.0
1.0
1.0
1.0
1.0
3.0
4.0
1.0
114.0
5.0
25.0
3.0
1.0
1.0
1.0
4.0
2.0
20.0
9.0
3.0
62.0
1.0
3.0
1.0
77.0
15.0
2.0
9.0
1.0
2.0
1.0
871.0
2.0
2.0
2.0
5.0
20.0
1.0
1.0
16.0
1.0
1.0
2.0
1.0
1.0
1.0
2423.0
1.0
19.0
34.0
31765.0
40.0
1.0
4.0
15.0
87.0
5.0
17.0
1.0
51.0
6.0
1.0
3.0
4.0
1.0
159.0
1.0
1.0
1.0
4554.0
2823.0
1.0
351.0
3.0
3.0
1.0
1.0
30.0
3.0
1.0
7.0
1.0
319.0
26.0
5.0
4.0
1.0
3.0
1.0
1.0
249.0
7.0
2.0
77.0
3.0
1.0
1.0
11.0
374.0
18.0
3.0
3.0
1.0
18.0
105.0
14.0
3.0
2.0
27.0
3.0
1.0
11265.0
1.0
4.0
3.0
7.0
3.0
1.0
3.0
2.0
2.0
1.0
459.0
709.0
151.0
1.0
1.0
11.0
5.0
3.0
4.0
1.0
6.0
539.0
4.0
4.0
254.0
5.0
87.0
6.0
30.0
8.0
1.0
482.0
1.0
3.0
375.0
1.0
49.0
6.0
24.0
7.0
948.0
1.0
7.0
117.0
101.0
2.0
1.0
2.0
1.0
50.0
1.0
1280.0
1.0
182.0
673.0
6.0
6.0
1.0
2.0
373.0
1.0
383.0
1.0
12.0
19.0
432.0
19.0
21.0
231.0
24.0
91.0
1.0
97.0
1.0
21.0
45.0
6.0
126.0
69.0
5.0
34.0
14.0
4.0
3.0
2.0
1.0
2.0
1.0
87.0
1.0
3.0
2.0
79.0
366.0
5.0
1.0
33.0
2.0
3.0
253.0
923.0
1.0
3.0
1.0
1.0
6.0
4.0
845.0
29.0
20.0
5.0
3.0
6.0
3.0
4.0
2.0
3.0
38.0
353.0
3.0
1.0
3.0
3.0
1.0
1.0
9.0
3.0
1.0
1.0
1304.0
3.0
4.0
19.0
889.0
3.0
3.0
1.0
205.0
7.0
45.0
23.0
32.0
11.0
25.0
298.0
3.0
2.0
113.0
1.0
722.0
1.0
3.0
2.0
104.0
1367.0
898.0
126.0
1.0
2.0
4.0
1.0
1.0
1.0
26.0
1.0
61.0
1.0
2.0
3.0
118.0
3.0
3.0
1.0
157.0
69.0
2.0
3.0
348.0
3.0
1.0
1.0
6.0
2.0
1.0
1.0
457.0
1.0
2.0
1.0
1.0
2.0
3.0
1.0
1.0
3.0
7.0
1.0
1.0
359.0
1.0
2.0
3.0
8.0
1114.0
3.0
3.0
19.0
3.0
10.0
576.0
4921.0
3.0
6.0
21.0
6.0
2.0
105.0
16.0
1.0
6.0
1.0
1519.0
52.0
1.0
16.0
405.0
685.0
2.0
17.0
202.0
532.0
12.0
9.0
242.0
1.0
2.0
432.0
10.0
1.0
3.0
282.0
3.0
49.0
8.0
165.0
10.0
1.0
23.0
1.0
43.0
157.0
3.0
3.0
1.0
19.0
11.0
44.0
1.0
1.0
2.0
3.0
33.0
1.0
1.0
1.0
3.0
7.0
3255.0
1232.0
1.0
1.0
1.0
1.0
3.0
8.0
6.0
4.0
1.0
1.0
33.0
13.0
1.0
2.0
2.0
18.0
1.0
7.0
2.0
1.0
3.0
7.0
949.0
1.0
2.0
3.0
543.0
2.0
121.0
1.0
1.0
1.0
421.0
4.0
78.0
211.0
2.0
1.0
8.0
10.0
25.0
720.0
2.0
5.0
1.0
1.0
11.0
305.0
2.0
111.0
1.0
9.0
1.0
30.0
22.0
7.0
1.0
1.0
288.0
1.0
152.0
358.0
12.0
5.0
2.0
1.0
702.0
1.0
3.0
51.0
31.0
1.0
9.0
3.0
1.0
82.0
2.0
2.0
2.0
2561.0
13.0
9.0
2.0
3.0
16.0
717.0
3.0
2272.0
5.0
2.0
6.0
101.0
1.0
1.0
4.0
5.0
3.0
31.0
3.0
9.0
129.0
43.0
3.0
6.0
3.0
21.0
10.0
17.0
4.0
5.0
46.0
1.0
1.0
5.0
1.0
3.0
620.0
565.0
18.0
2.0
844.0
1.0
2.0
7.0
237.0
14.0
2.0
6.0
1.0
62.0
3.0
1.0
39.0
1.0
3.0
8.0
1.0
205.0
143.0
3.0
1.0
26.0
20.0
3.0
1.0
1.0
2386.0
71.0
31.0
783.0
15.0
1.0
5.0
1.0
1411.0
1.0
5.0
1.0
1.0
49.0
6.0
11.0
1.0
644.0
65.0
1.0
21.0
2.0
3.0
3.0
3.0
1.0
1.0
2.0
103.0
1018.0
67.0
1.0
6.0
2.0
1.0
28.0
1.0
4.0
1.0
2.0
417.0
1.0
1.0
1.0
4.0
4.0
457.0
1.0
1.0
10.0
9.0
2.0
1.0
2.0
189.0
4.0
11.0
7.0
3252.0
1.0
2.0
38.0
2.0
104.0
416.0
1.0
5.0
22.0
2.0
1.0
2.0
6.0
2.0
1.0
2.0
2.0
57.0
10.0
2.0
1.0
1.0
3.0
71.0
1.0
120.0
1566.0
6.0
1.0
2.0
1.0
3.0
7.0
3.0
13.0
36.0
4.0
1.0
7.0
1.0
1.0
596.0
141.0
1.0
6.0
31.0
3.0
6.0
103.0
33.0
703.0
288.0
1.0
362.0
1.0
3.0
86.0
19.0
164.0
4.0
2.0
2470.0
2.0
1.0
3.0
6.0
8.0
1.0
7.0
13.0
1.0
1.0
1.0
1.0
288.0
1838.0
1.0
15.0
1.0
3.0
662.0
68.0
2.0
1.0
33.0
5.0
351.0
3.0
3.0
1223.0
1.0
3.0
3.0
1.0
2.0
7.0
2.0
1.0
1.0
522.0
2.0
1.0
2.0
1371.0
210.0
8.0
130.0
19.0
1.0
9.0
5.0
836.0
13.0
1.0
42.0
4.0
313.0
1.0
19.0
3.0
2.0
981.0
1.0
1.0
51.0
2.0
471.0
1.0
324.0
6.0
1.0
3.0
502.0
60.0
3.0
2.0
2.0
8.0
8.0
1.0
3.0
51.0
2.0
1.0
9.0
1.0
1.0
1.0
16.0
1.0
1.0
489.0
1.0
33.0
21.0
2.0
6.0
1.0
9.0
2.0
1538.0
15.0
1.0
3.0
196.0
5.0
177.0
1.0
3.0
79.0
4.0
2.0
668.0
44724.0
19.0
78.0
12.0
23.0
22.0
1.0
5.0
1255.0
1.0
206.0
3.0
41.0
2.0
4.0
3.0
1.0
6.0
7.0
1.0
493.0
2.0
1.0
1.0
35.0
1536.0
6.0
21.0
180.0
3.0
2.0
97.0
134.0
640.0
1.0
1.0
11.0
2.0
3.0
78.0
8.0
6.0
684.0
4.0
184.0
656.0
2.0
3.0
3.0
2.0
1.0
182.0
2.0
2.0
4.0
1.0
7.0
1.0
2.0
2.0
3.0
11.0
1018.0
58.0
1.0
188.0
1.0
843.0
1157.0
43.0
1.0
11.0
3.0
1.0
20.0
810.0
1.0
3.0
15.0
8.0
3.0
126.0
1.0
8.0
4.0
23.0
3.0
3333.0
3.0
2.0
30.0
1.0
418.0
4.0
1.0
3.0
338.0
2.0
177.0
950.0
2.0
2109.0
282.0
3.0
3.0
1.0
2.0
1657.0
571.0
4.0
1.0
870.0
34.0
1.0
2.0
2.0
137.0
6.0
9.0
1.0
1.0
25.0
481.0
9.0
9.0
6.0
1.0
60.0
1.0
1.0
291.0
11.0
4.0
3.0
1.0
1.0
700.0
1.0
6.0
19.0
90.0
1.0
3.0
55.0
2.0
3.0
1.0
175.0
31.0
1.0
5.0
2.0
9.0
3.0
5.0
3.0
2189.0
442.0
9.0
2272.0
1.0
5.0
112.0
1.0
4.0
2.0
7.0
2.0
1066.0
160.0
120.0
13.0
1.0
1.0
1.0
1.0
1.0
1.0
366.0
6.0
29.0
2.0
1.0
3.0
1457.0
4.0
1.0
1726.0
3.0
3.0
2.0
1.0
1.0
1.0
1.0
2.0
3.0
167.0
1.0
22.0
3.0
12.0
2972.0
4.0
19.0
4.0
58.0
371.0
8.0
319.0
2.0
3.0
1.0
1.0
1.0
2.0
2.0
2.0
1.0
1.0
565.0
8.0
1.0
3.0
16.0
3.0
369.0
1.0
8.0
2.0
1.0
2.0
5.0
3.0
46.0
1.0
3.0
30.0
7.0
10.0
2.0
3.0
1.0
6.0
3.0
129.0
1.0
1.0
1.0
1.0
197.0
13.0
1.0
4.0
1.0
1.0
3.0
36.0
3.0
3.0
1.0
9.0
1.0
59.0
3.0
1.0
1.0
1.0
1.0
15.0
1.0
66.0
4.0
3.0
3.0
1.0
1.0
20.0
333.0
9.0
1.0
21.0
1.0
15.0
2.0
1.0
1.0
3.0
50.0
3.0
3.0
11.0
9.0
3.0
6.0
3.0
10.0
31.0
17.0
1.0
3.0
1.0
5.0
45.0
20.0
3.0
30.0
2.0
1.0
1513.0
1.0
1.0
10.0
453.0
4.0
6.0
109.0
2.0
2.0
1.0
1.0
2.0
1.0
1095.0
2.0
3.0
3.0
127.0
33.0
2148.0
7.0
3.0
3.0
3.0
17.0
4.0
1.0
157.0
34.0
3.0
1.0
51.0
3.0
86.0
4.0
4.0
3.0
18.0
102.0
3.0
5.0
203.0
1.0
1.0
1310.0
1.0
1.0
38.0
1.0
33.0
4.0
3.0
3.0
112.0
8.0
1.0
4.0
292.0
19.0
1.0
615.0
13.0
1.0
1852.0
1.0
2.0
6.0
1.0
29.0
43.0
1.0
1.0
1.0
61.0
1.0
12.0
14.0
142.0
108.0
1940.0
1.0
313.0
19.0
3.0
1.0
11.0
9.0
91.0
1.0
6.0
2.0
3.0
1.0
3.0
2.0
565.0
11.0
2.0
1.0
2.0
65.0
1.0
27.0
3.0
3.0
21.0
1.0
2.0
13.0
200.0
1.0
1.0
26.0
468.0
9.0
1147.0
3.0
5.0
546.0
3.0
4.0
5.0
1.0
965.0
1.0
2.0
1.0
39.0
1.0
476.0
226.0
1482.0
1.0
3.0
1001.0
3.0
3.0
232.0
23.0
11.0
1.0
6.0
2.0
1.0
22.0
15.0
3.0
2.0
4205.0
14.0
11.0
1.0
3.0
1.0
5.0
1.0
4.0
18.0
3.0
3.0
3.0
1.0
1665.0
62.0
4.0
1.0
3.0
8.0
1.0
1.0
2.0
3.0
3.0
1.0
4.0
2.0
2.0
9.0
289.0
1.0
2.0
11.0
1.0
1.0
9.0
3.0
1.0
1.0
1.0
1.0
8.0
18.0
43.0
6.0
83.0
4.0
1.0
1.0
8.0
1.0
1.0
1.0
5.0
1.0
9.0
415.0
3.0
11.0
1.0
2.0
3.0
1.0
602.0
3.0
1.0
9.0
70.0
4.0
1.0
349.0
1.0
1.0
1.0
1.0
1.0
2.0
2.0
2.0
3.0
14385.0
473.0
2.0
295.0
48.0
1.0
1.0
1.0
39.0
1.0
1364.0
2.0
3.0
18.0
261.0
1.0
7.0
9.0
407.0
9.0
2.0
313.0
1.0
1.0
1.0
1.0
3.0
1.0
7.0
1.0
270.0
10.0
7.0
13.0
1.0
3.0
47.0
1.0
1.0
90.0
3.0
2.0
542.0
18.0
3.0
2.0
3.0
14.0
1.0
1.0
20.0
2.0
1.0
1.0
3.0
121.0
29.0
24.0
6.0
1.0
2.0
2.0
4.0
1.0
1263.0
1.0
1159.0
1.0
273.0
3.0
2.0
58.0
6.0
3.0
60.0
3.0
1130.0
46.0
2.0
1.0
1.0
13.0
2.0
12.0
3.0
155.0
7.0
103.0
46.0
60.0
8.0
5.0
8.0
1.0
9.0
4.0
351.0
3.0
2802.0
5.0
4.0
943.0
9.0
1.0
2.0
3.0
793.0
9.0
8.0
2.0
1.0
1.0
2.0
1.0
6.0
3.0
5.0
677.0
20.0
2.0
719.0
103.0
3.0
1.0
3.0
3.0
12.0
1.0
4.0
3.0
31.0
5.0
228.0
3.0
1450.0
1.0
6.0
1.0
24.0
2.0
2.0
1.0
31.0
3.0
7888.0
77.0
1.0
4.0
1.0
69.0
103.0
1.0
1204.0
7.0
8.0
2.0
3.0
1.0
3.0
4.0
2.0
74.0
2.0
2.0
1.0
743.0
1.0
30.0
839.0
1.0
39.0
63.0
1.0
1763.0
16.0
1.0
103.0
3.0
2.0
251.0
6.0
21.0
2.0
404.0
3.0
3.0
1718.0
1.0
110.0
3.0
1.0
1300.0
2.0
14.0
8.0
134.0
4.0
3.0
6.0
1.0
288.0
3.0
2.0
15.0
3.0
7.0
72.0
2.0
3.0
128.0
79.0
103.0
1.0
3.0
17.0
2.0
1.0
134.0
65.0
5.0
3.0
1.0
55.0
1.0
28.0
4.0
3.0
1.0
3.0
665.0
141.0
1483.0
151.0
143.0
18.0
6.0
1.0
1225.0
16.0
1.0
3.0
23.0
2.0
2.0
2.0
1.0
1.0
2.0
5.0
292.0
2.0
1.0
1.0
3.0
2.0
24.0
4.0
1.0
3.0
1.0
1.0
1.0
2.0
3190.0
8.0
708.0
19.0
1.0
2.0
1.0
2.0
4.0
5.0
83.0
65.0
2.0
517.0
123.0
1.0
12.0
740.0
8.0
7.0
3.0
2.0
35.0
3.0
174.0
4.0
1.0
25.0
11.0
136.0
3.0
130.0
58.0
3.0
2.0
3.0
155.0
8.0
9.0
1402.0
1.0
3.0
1.0
2.0
2.0
2.0
1999.0
3.0
1.0
3.0
1.0
5033.0
65.0
4.0
3.0
8.0
2.0
1.0
88.0
19.0
1.0
24.0
1.0
9.0
3.0
1.0
202.0
3.0
1.0
9.0
3.0
56.0
14385.0
177.0
1.0
1.0
3.0
3.0
42.0
20.0
1.0
3.0
5.0
66.0
1.0
3.0
5.0
122.0
10.0
3.0
18.0
8.0
3.0
635.0
111.0
940.0
9.0
188.0
33.0
3.0
3.0
2.0
3.0
1082.0
14.0
2.0
1.0
1.0
1.0
3.0
1.0
3.0
5.0
1167.0
1.0
5.0
191.0
10.0
251.0
65.0
388.0
512.0
3.0
5.0
3.0
102.0
1.0
736.0
3.0
1.0
1.0
66726.0
1.0
2.0
4.0
3.0
6.0
457.0
4.0
1.0
1.0
8.0
1.0
11.0
2.0
1.0
471.0
3.0
23.0
1.0
2.0
12.0
1.0
1.0
1.0
30.0
1.0
19.0
3.0
5.0
3.0
3.0
5.0
805.0
1.0
24.0
4.0
21.0
1.0
1.0
1.0
105.0
7.0
1.0
1.0
3.0
80.0
3.0
3.0
1.0
1018.0
33.0
3.0
211.0
1.0
2.0
3.0
92.0
3256.0
3.0
2.0
14.0
1.0
2.0
1.0
1.0
1.0
1726.0
9.0
1.0
24.0
3.0
1.0
1018.0
129.0
2.0
2.0
1.0
2.0
3.0
2.0
1.0
172.0
1.0
4.0
1.0
1.0
3.0
17.0
1.0
137.0
2034.0
2.0
3.0
12.0
3.0
27.0
24.0
3.0
1.0
1.0
149.0
1.0
3.0
1561.0
1.0
1.0
3.0
3.0
11.0
2591.0
14.0
7.0
14.0
1.0
34.0
8.0
2.0
3.0
6.0
200.0
723.0
1.0
2.0
280.0
46.0
1.0
1.0
5.0
4936.0
2.0
414.0
1.0
649.0
129.0
78.0
2.0
5.0
8.0
658.0
78.0
9.0
2.0
1.0
3.0
18.0
3.0
11.0
94.0
5.0
1.0
119.0
262.0
3.0
3.0
19.0
24.0
3.0
3.0
2.0
24.0
15.0
88.0
1.0
650.0
3.0
19.0
1.0
19.0
1.0
3.0
1.0
3.0
50.0
3.0
1.0
2.0
840.0
369.0
3.0
1.0
47.0
1593.0
3.0
129.0
7.0
1.0
3.0
33.0
2.0
3.0
3.0
364.0
728.0
1.0
1.0
117.0
1.0
19.0
63.0
2.0
1.0
2.0
188.0
3.0
1.0
2.0
4.0
48.0
4.0
9199.0
1.0
4.0
7.0
2.0
3.0
1.0
4.0
3.0
3.0
55.0
1.0
134.0
1.0
11.0
1.0
12.0
3.0
1.0
9.0
5.0
1.0
3.0
69.0
19.0
2.0
25.0
2.0
482.0
1148.0
3.0
1.0
7.0
533.0
1.0
3.0
14.0
138.0
39.0
576.0
3.0
3.0
4.0
12.0
8.0
7.0
3.0
3.0
158.0
1.0
2.0
1.0
1793.0
484.0
5.0
9.0
3.0
14467.0
160.0
3.0
3.0
55.0
2.0
1.0
1.0
1.0
1.0
1398.0
28.0
846.0
8.0
2.0
5.0
13.0
3.0
67.0
3.0
19.0
4.0
2.0
1.0
3.0
18.0
1.0
2059.0
197.0
3.0
8.0
3.0
2.0
163.0
2.0
1.0
1.0
6.0
3.0
4.0
3.0
7.0
1.0
5.0
1.0
33.0
3.0
442.0
1.0
1.0
3.0
1.0
2.0
1.0
4.0
22.0
1.0
518.0
1.0
1.0
1.0
3.0
16.0
1.0
1.0
45.0
3.0
67.0
12.0
132.0
1.0
1.0
17.0
2.0
1.0
93.0
11.0
6.0
3.0
3.0
1.0
1.0
3.0
3.0
1.0
3.0
3721.0
1166.0
21.0
6.0
3.0
46.0
1.0
1.0
1.0
5.0
14.0
1.0
2.0
30.0
2.0
1.0
5.0
4303.0
5.0
2.0
30.0
8.0
1.0
3.0
12.0
2.0
652.0
1.0
3.0
3.0
1.0
19.0
1.0
33.0
1.0
3.0
2.0
3.0
1627.0
6.0
14.0
3.0
21.0
1.0
9.0
14.0
3.0
3.0
12.0
11.0
6.0
730.0
5.0
6.0
12.0
1.0
3.0
9.0
54.0
34.0
1.0
7.0
3.0
5.0
3.0
1.0
102.0
3.0
329.0
4.0
435.0
1.0
24.0
1.0
16.0
37.0
4.0
86.0
2.0
3.0
7.0
4.0
326.0
20.0
27.0
7.0
58.0
3.0
11.0
2.0
1.0
2.0
1819.0
1.0
1180.0
3.0
85.0
3.0
2.0
3.0
2.0
6.0
3.0
1.0
172.0
10.0
3.0
1702.0
32.0
1.0
2160.0
1.0
18.0
18.0
130.0
18.0
1.0
1.0
13.0
7.0
18.0
2.0
4.0
3.0
11.0
92.0
1.0
477.0
3.0
1.0
3.0
1.0
3.0
6.0
1.0
2.0
14501.0
103.0
2.0
2.0
282.0
2.0
1.0
1.0
4.0
79.0
1.0
1.0
3.0
3.0
1.0
1.0
447.0
149.0
6.0
2810.0
1.0
5.0
36.0
15.0
232.0
58.0
1.0
4.0
1.0
12.0
2.0
2.0
3.0
21.0
375.0
1.0
1.0
2.0
18.0
3.0
44.0
3.0
2.0
1.0
1018.0
3.0
22.0
8.0
1.0
1.0
4.0
1.0
5.0
13.0
1.0
1.0
89.0
1.0
3.0
72.0
388.0
19.0
2.0
1.0
3.0
1.0
11.0
1.0
6.0
1.0
199.0
9.0
5.0
1.0
3.0
1.0
438.0
469.0
5.0
13350.0
490.0
1.0
2.0
2.0
4.0
1.0
474.0
2.0
18.0
1.0
345.0
1.0
354.0
87.0
480.0
1.0
1.0
3.0
53.0
2333.0
59.0
7.0
1.0
1.0
1.0
1.0
8.0
4.0
947.0
24.0
2.0
1.0
1.0
1.0
1.0
1.0
1.0
2.0
2.0
1.0
102.0
12.0
3.0
3.0
349.0
2215.0
93.0
3.0
782.0
2.0
13.0
4.0
1.0
1.0
46.0
5.0
3.0
1326.0
1.0
1.0
19.0
1.0
1.0
338.0
2.0
300.0
18.0
1.0
104.0
2.0
2310.0
1.0
76.0
6.0
5.0
1.0
3.0
43.0
1.0
3.0
4.0
30.0
1.0
295.0
2.0
2.0
3.0
998.0
6.0
3.0
1.0
3.0
9360.0
415.0
1.0
9.0
1.0
1.0
104.0
1.0
2.0
1439.0
3.0
1.0
2.0
99.0
176.0
3.0
18.0
1.0
139.0
104.0
282.0
11.0
1.0
399.0
3.0
3.0
9.0
13.0
3.0
16.0
24.0
48.0
1.0
30.0
1.0
19.0
1.0
4351.0
3.0
2.0
19.0
19.0
24.0
5.0
2.0
3.0
9.0
1.0
304.0
1230.0
2.0
3.0
4.0
3.0
36.0
1.0
1.0
12.0
1.0
207.0
5.0
11.0
1.0
373.0
10.0
55.0
3.0
874.0
3.0
9.0
5.0
2.0
14.0
1.0
1.0
3.0
253.0
1.0
9.0
3.0
25.0
38.0
39.0
2.0
69.0
1.0
6.0
1.0
23.0
1.0
1903.0
14.0
1.0
242.0
3.0
486.0
3.0
1.0
19.0
1.0
1.0
1.0
4.0
10.0
1.0
1.0
42.0
3.0
1.0
3.0
6.0
46.0
1.0
1.0
6.0
178.0
32.0
2.0
1.0
797.0
3.0
6.0
2.0
76.0
16.0
1.0
22.0
3.0
8.0
4.0
7.0
3.0
8.0
119.0
1.0
1.0
1.0
10.0
2.0
1.0
19.0
3.0
124.0
1.0
2.0
1.0
2.0
1860.0
1.0
1.0
3.0
1.0
2.0
525.0
3.0
1.0
17.0
1.0
1.0
3.0
4.0
4.0
4.0
24.0
373.0
50.0
3.0
163.0
3.0
24.0
2.0
1.0
3.0
1.0
10.0
104.0
2.0
1.0
24.0
4.0
1.0
3997.0
1.0
2.0
1.0
2.0
5.0
8.0
3.0
1.0
25.0
1.0
1.0
374.0
15.0
33.0
1.0
9.0
22.0
1.0
6.0
2.0
48.0
1.0
1.0
4.0
190.0
11.0
2.0
1.0
1.0
57.0
47.0
4.0
1650.0
1.0
2.0
228.0
5.0
87.0
1.0
2.0
8.0
8046.0
1.0
11.0
3.0
338.0
84.0
3.0
3.0
20.0
1.0
262.0
2.0
66101.0
2.0
10.0
357.0
1.0
31.0
115.0
399.0
72.0
15.0
1.0
11.0
2418.0
3.0
3.0
8.0
2.0
3.0
418.0
1.0
2.0
1293.0
1.0
2.0
149.0
1.0
557.0
1.0
4.0
1583.0
37.0
36.0
2.0
2.0
3.0
122.0
1.0
5.0
4.0
55.0
199.0
895.0
1755.0
7.0
4.0
9.0
21.0
1.0
9.0
441.0
3.0
2.0
4.0
1.0
3.0
3.0
3.0
2.0
1.0
9739.0
19.0
2.0
1.0
24.0
3.0
2.0
1.0
313.0
1.0
6.0
4.0
841.0
5.0
7.0
1.0
927.0
1.0
4.0
6.0
24.0
1.0
1.0
70.0
1.0
1.0
1.0
88.0
278.0
705.0
18.0
770.0
10.0
1.0
1.0
50.0
2.0
12.0
3.0
1.0
3.0
3.0
1.0
9.0
1.0
3.0
1.0
12.0
1.0
4.0
1.0
82.0
4.0
279.0
1.0
1.0
13.0
23.0
1261.0
18.0
3.0
5.0
9.0
3.0
282.0
12.0
3.0
20.0
850.0
45.0
524.0
178.0
65.0
10.0
1.0
1.0
3.0
17.0
80.0
61.0
47.0
572.0
4.0
1.0
10.0
3.0
3.0
351.0
3.0
27.0
3.0
1.0
2.0
1.0
3.0
2.0
1.0
1.0
1.0
970.0
1.0
2.0
25.0
3.0
39.0
1.0
3065.0
108.0
3.0
22.0
1.0
60.0
2.0
8.0
1.0
9.0
3.0
1.0
6.0
30.0
15.0
1.0
1.0
25.0
23.0
1.0
16.0
2.0
123.0
3.0
4.0
1.0
3.0
1.0
1.0
12.0
1.0
1.0
1.0
232.0
4.0
3.0
1058.0
1.0
6.0
1.0
3.0
160.0
19.0
268.0
3.0
1.0
1.0
1089.0
110.0
1.0
10.0
769.0
1222.0
3.0
1.0
2.0
1.0
4.0
1.0
8.0
3.0
6.0
3.0
16.0
2142.0
3.0
1.0
1.0
3.0
1.0
6.0
2.0
1.0
5.0
1.0
2.0
2.0
30.0
3.0
4.0
1.0
1.0
53.0
1.0
2.0
1.0
75.0
72.0
288.0
17.0
56.0
37580.0
3386.0
22.0
293.0
48.0
3.0
1.0
14.0
2.0
16.0
2.0
2.0
6.0
22.0
71.0
1.0
1.0
3493.0
74.0
2.0
60.0
1.0
1.0
3.0
1.0
2.0
2.0
3.0
3.0
3.0
1.0
2.0
1.0
12207.0
1.0
3.0
4.0
2.0
69.0
3.0
11.0
33.0
3.0
1.0
5.0
3.0
2.0
1.0
1.0
2818.0
1.0
9.0
3.0
4.0
39.0
23.0
474.0
25.0
23.0
120.0
66.0
72.0
1.0
3.0
1.0
460.0
1.0
27.0
3.0
229.0
130.0
1435.0
1.0
3.0
3.0
1.0
19.0
19.0
2.0
9.0
3.0
139.0
292.0
1.0
3.0
1.0
3.0
1.0
32.0
2.0
1.0
1.0
1.0
2.0
39.0
853.0
20.0
1.0
935.0
2.0
17.0
7.0
4.0
1103.0
1018.0
1.0
25.0
7.0
65.0
2.0
2.0
1.0
168.0
1.0
6.0
3.0
1.0
1.0
4.0
197.0
2.0
34346.0
1.0
6.0
219.0
1.0
777.0
1.0
1.0
104.0
3.0
483.0
1.0
1.0
2.0
3.0
1.0
1016.0
913.0
4.0
5.0
3.0
8.0
1.0
512.0
3.0
295.0
3.0
19.0
25.0
14.0
12.0
25.0
18.0
4.0
30.0
51.0
3.0
4.0
1.0
9.0
1.0
1.0
4.0
2.0
655.0
30.0
217.0
17.0
6.0
1.0
1.0
4.0
3.0
35.0
3.0
3.0
1.0
1.0
1.0
2.0
321.0
1.0
534.0
3.0
3.0
16.0
3.0
10.0
886.0
152.0
2.0
3.0
12.0
1.0
3.0
10.0
1.0
3.0
1.0
5.0
331.0
1.0
3.0
41.0
1.0
1.0
4.0
2.0
43.0
49.0
9.0
3.0
993.0
126.0
7.0
6.0
20.0
330.0
33.0
4.0
1.0
3.0
1.0
72.0
1.0
1130.0
3.0
1.0
3.0
4.0
1.0
4.0
18.0
105.0
1.0
3.0
1401.0
8.0
9.0
4.0
62.0
1488.0
3.0
1254.0
19.0
3.0
3.0
18.0
1.0
15.0
77.0
3.0
29.0
1.0
1.0
163.0
1.0
2.0
3.0
1.0
14.0
44.0
3.0
1.0
1.0
21.0
2.0
3.0
27.0
965.0
3.0
1163.0
9.0
3.0
4.0
3.0
2.0
4.0
3.0
1.0
142.0
27.0
3.0
288.0
3.0
11.0
3.0
3.0
56.0
2257.0
5.0
1.0
19.0
1.0
6.0
2.0
6.0
3.0
2.0
9.0
3.0
1929.0
3923.0
1286.0
29.0
3.0
3.0
3.0
3.0
2.0
348.0
1.0
3.0
3.0
3.0
4445.0
3.0
1.0
1.0
4.0
1.0
28.0
3.0
1.0
62.0
98.0
4.0
1.0
1.0
1.0
19.0
541.0
1.0
53.0
1.0
5.0
16.0
7.0
6.0
2.0
35.0
10.0
19.0
1.0
23.0
3.0
3093.0
668.0
3.0
11.0
2217.0
3.0
61.0
2.0
3.0
2.0
4.0
3.0
3.0
1.0
3.0
2630.0
2.0
313.0
1.0
1.0
7.0
1.0
1.0
6.0
4.0
12.0
2.0
4.0
2.0
1.0
1.0
926.0
4.0
1.0
1.0
1.0
81.0
4.0
1627.0
1.0
1.0
1.0
12.0
19.0
1.0
852.0
2.0
1.0
940.0
19.0
2.0
42.0
3.0
3.0
1.0
1.0
2.0
2.0
1.0
100.0
4348.0
20.0
17.0
21.0
232.0
17.0
24.0
10.0
858.0
3.0
1.0
4.0
3.0
2.0
23.0
1.0
3.0
708.0
279.0
3.0
1.0
3.0
4.0
2.0
24.0
127.0
2.0
19.0
282.0
2.0
3.0
338.0
3.0
195.0
3.0
1.0
9.0
232.0
2.0
751.0
1.0
5.0
4.0
56.0
961.0
3.0
2.0
1.0
4.0
3.0
87.0
1.0
6.0
2.0
3.0
4.0
898.0
7.0
1.0
4.0
3.0
4.0
1752.0
67.0
3.0
3.0
1.0
1.0
1677.0
78.0
9.0
102.0
1.0
1.0
34.0
795.0
3.0
1.0
1.0
838.0
147.0
1.0
3.0
1.0
16.0
4.0
7.0
1158.0
535.0
886.0
2.0
2.0
8.0
249.0
10.0
3.0
2430.0
5.0
89.0
16.0
8.0
1.0
3.0
17.0
3.0
1.0
5.0
2.0
7.0
3.0
2.0
324.0
27.0
227.0
1.0
1.0
13.0
3.0
26.0
3.0
1.0
132.0
3.0
10.0
3.0
97.0
37.0
3.0
1.0
1.0
1.0
102.0
431.0
3.0
5.0
1.0
25.0
160.0
1.0
33.0
3092.0
26.0
4.0
3.0
2.0
17.0
1.0
33.0
1.0
1.0
1.0
90.0
1.0
776.0
13.0
3.0
5.0
8.0
19.0
1.0
282.0
1.0
3.0
4.0
1.0
7.0
1077.0
4.0
69.0
9.0
3.0
1.0
74.0
17.0
2.0
5.0
2.0
1.0
404.0
18.0
2.0
502.0
4.0
63.0
4.0
61.0
8.0
3.0
1.0
1.0
3.0
89.0
18.0
8.0
3.0
3.0
16.0
12.0
3.0
3.0
104.0
9.0
1.0
4.0
25.0
1.0
19.0
71.0
3.0
32.0
4.0
120.0
7.0
2.0
17.0
1290.0
2.0
5.0
1.0
3.0
3.0
13.0
1.0
3.0
2.0
13.0
5.0
2.0
59.0
4.0
1.0
5.0
4.0
24.0
9.0
3.0
3.0
3.0
1.0
1018.0
7877.0
105.0
2.0
217.0
23.0
1.0
1.0
1085.0
55.0
1.0
1.0
93.0
2.0
3.0
261.0
18.0
2.0
1.0
388.0
334.0
3.0
3.0
11.0
3.0
5.0
2.0
10.0
1.0
1.0
5.0
4.0
807.0
2.0
1.0
2.0
1.0
6.0
3.0
152.0
4.0
5.0
3.0
1.0
17.0
3.0
2.0
3.0
117.0
16.0
25.0
3.0
33.0
2.0
516.0
1.0
1.0
3.0
107.0
2.0
3.0
66.0
3.0
2.0
9.0
18.0
4.0
1.0
7.0
3.0
523.0
323.0
2.0
2.0
3.0
12.0
255.0
1.0
3.0
154.0
3.0
7.0
1.0
5.0
1.0
1.0
1.0
8.0
1.0
2.0
2.0
4.0
3.0
8.0
3.0
416.0
3.0
25.0
1.0
85.0
152.0
94.0
28.0
3.0
5.0
3.0
18.0
1.0
8.0
102.0
13.0
129.0
424.0
519.0
1.0
1.0
781.0
2.0
3.0
2.0
41.0
190.0
1.0
1.0
1.0
663.0
19.0
14.0
3.0
4.0
5.0
58.0
1.0
1.0
2774.0
231.0
87.0
1.0
1.0
2.0
24.0
2.0
225.0
161.0
232.0
1.0
3.0
14.0
4.0
1589.0
1934.0
3.0
10.0
4.0
1.0
1.0
20.0
2.0
295.0
2.0
1.0
9.0
1.0
1.0
1.0
1.0
149.0
1.0
1.0
4.0
3.0
1.0
6.0
1.0
3.0
1.0
3.0
1.0
2.0
43.0
57.0
2.0
1.0
23.0
1.0
1.0
3.0
51.0
3.0
3.0
1.0
3.0
1.0
18.0
1.0
16.0
4.0
186.0
1144.0
1.0
2.0
26.0
3.0
60.0
1.0
1.0
3.0
8.0
2.0
1.0
1.0
7.0
349.0
6.0
327.0
3.0
483.0
8.0
2.0
1.0
1.0
19.0
3.0
21.0
2.0
8.0
2.0
1.0
13.0
1.0
1.0
8.0
4.0
2.0
25.0
697.0
13.0
3.0
152.0
1.0
1.0
21.0
1.0
1.0
2.0
133.0
9.0
17.0
1.0
1615.0
4.0
1.0
2.0
18.0
2.0
2.0
1643.0
1.0
4.0
13.0
5.0
1728.0
121.0
4.0
59.0
107.0
1.0
2.0
6.0
4.0
20.0
1.0
60.0
45.0
1.0
3.0
948.0
64.0
4.0
3.0
22.0
23.0
32.0
23.0
5.0
2.0
1.0
7.0
20.0
2.0
46.0
1.0
1.0
3.0
73.0
3.0
3.0
5.0
2.0
1.0
2.0
1.0
1.0
268.0
2.0
167.0
3.0
3.0
6.0
8.0
23.0
1.0
43.0
3.0
6.0
8.0
75.0
1.0
8.0
10.0
3.0
596.0
22.0
1018.0
638.0
2.0
19.0
4.0
3.0
425.0
20.0
2.0
3.0
4.0
3.0
5.0
60.0
22.0
157.0
137.0
1.0
16.0
110.0
1015.0
7.0
35.0
30.0
3.0
3.0
1018.0
2.0
1.0
2.0
1.0
24.0
2.0
66.0
7.0
1.0
2.0
4.0
1.0
4.0
330.0
1.0
13.0
5.0
1.0
5.0
27.0
4.0
1027.0
111.0
3.0
114.0
4.0
8.0
3.0
87.0
4.0
2.0
8.0
2.0
1.0
9.0
3.0
1225.0
22.0
55.0
2.0
1.0
3.0
1.0
17.0
18.0
60.0
2.0
47.0
1.0
3.0
1.0
1.0
789.0
7.0
1.0
433.0
24.0
1.0
7.0
2.0
3.0
4.0
2.0
3.0
184.0
35.0
3.0
5.0
178.0
3829.0
1.0
2.0
516.0
2.0
14385.0
5.0
13.0
3232.0
351.0
20.0
1.0
2.0
174.0
3.0
1427.0
112.0
10.0
5.0
3.0
7.0
3.0
20.0
1015.0
2.0
1.0
1.0
1.0
21.0
1.0
186.0
157.0
7.0
1.0
43.0
1.0
69.0
3.0
1.0
1.0
28.0
1300.0
19.0
1.0
8.0
33.0
7.0
1.0
7.0
5.0
1.0
8.0
1.0
1740.0
1.0
13.0
131.0
2.0
708.0
1.0
2.0
1.0
4.0
1.0
1.0
2782.0
1.0
1.0
2.0
5.0
3.0
712.0
1.0
1.0
1.0
3.0
1.0
3.0
2.0
3.0
1.0
201.0
916.0
87.0
3.0
1.0
24.0
3.0
3.0
161.0
4519.0
22.0
4919.0
121.0
253.0
2.0
4.0
1517.0
525.0
4.0
1.0
1.0
4.0
1.0
3.0
23.0
17.0
2.0
24.0
47.0
1.0
2.0
16.0
3.0
19.0
616.0
1.0
1.0
1.0
6.0
4970.0
1303.0
1.0
629.0
1.0
18.0
4.0
4032.0
1.0
685.0
7.0
4.0
1422.0
3.0
1.0
1312.0
156.0
75.0
3.0
1.0
2.0
1.0
1.0
8.0
15.0
3.0
2.0
1.0
23.0
1.0
61.0
3.0
57.0
344.0
3.0
25.0
7.0
1.0
2.0
3.0
2.0
1.0
1.0
14.0
7.0
2.0
2.0
26.0
3.0
51.0
2.0
1.0
908.0
6.0
135.0
99.0
97.0
3.0
2.0
59.0
1.0
3.0
2.0
12.0
2.0
3.0
1.0
1.0
4.0
16.0
1.0
21.0
5033.0
3.0
54.0
3.0
1.0
1.0
1.0
29.0
8164.0
96.0
1.0
116.0
5.0
181.0
26.0
17.0
2.0
2.0
3.0
3.0
2.0
1.0
3.0
11.0
17.0
35.0
3.0
79.0
11.0
3.0
3.0
5.0
15.0
1.0
25.0
1.0
3.0
20.0
4.0
5.0
2.0
2.0
1398.0
51.0
3.0
2.0
59.0
2.0
9.0
1.0
2.0
3.0
1268.0
126.0
3472.0
4.0
3.0
34.0
1.0
14.0
64.0
2.0
1.0
97.0
1612.0
554.0
12.0
4.0
544.0
2.0
1.0
6.0
2.0
1.0
24.0
1.0
4.0
2.0
7.0
3.0
7.0
27.0
7.0
58.0
130.0
1.0
3.0
1.0
3.0
21.0
3.0
1.0
2.0
1500.0
649.0
243.0
1.0
4.0
8.0
14.0
2.0
5.0
16.0
1333.0
1.0
33.0
1.0
3.0
3.0
3164.0
1700.0
3.0
9.0
16.0
19.0
3.0
1.0
24.0
3.0
1.0
2.0
1.0
2.0
2.0
2.0
292.0
3.0
6.0
20.0
1.0
1.0
525.0
30.0
3.0
2.0
5.0
1.0
1.0
71.0
3.0
2.0
4.0
2.0
5.0
3.0
165.0
5.0
1.0
2.0
3.0
665.0
1.0
1.0
3.0
576.0
1.0
86.0
3.0
2.0
2.0
22.0
47.0
4.0
1.0
1055.0
102.0
1.0
1913.0
6.0
3.0
3.0
10.0
3.0
41.0
138.0
1.0
208.0
14.0
347.0
135.0
5.0
1246.0
1.0
47.0
1.0
1.0
1.0
2.0
1.0
17.0
196.0
2.0
736.0
2.0
26.0
409.0
1.0
10.0
1.0
3.0
5.0
1.0
1.0
14.0
26.0
289.0
1.0
11.0
3.0
89.0
3.0
2.0
34.0
131.0
289.0
944.0
3.0
735.0
3.0
2.0
12.0
207.0
1.0
101.0
401.0
1.0
46.0
596.0
3.0
2.0
1.0
3.0
1.0
4.0
118.0
14385.0
1.0
2.0
3.0
24.0
39.0
3.0
19.0
351.0
82.0
1.0
94763.0
282.0
686.0
3.0
42.0
188.0
3.0
7.0
6.0
16.0
1.0
178.0
6.0
19.0
691.0
3.0
1.0
1.0
229.0
1.0
5.0
2.0
109.0
9.0
5.0
370.0
1.0
1.0
9.0
370.0
112.0
3.0
8.0
2.0
1277.0
1.0
16.0
3.0
3.0
3.0
1.0
10.0
1.0
3.0
14.0
1.0
1.0
3.0
17.0
22.0
2.0
375.0
2.0
58.0
1.0
10.0
1.0
3.0
3.0
71.0
3.0
71.0
8.0
6.0
71.0
6.0
1.0
2.0
3.0
1114.0
1.0
8123.0
121.0
1.0
1.0
942.0
294.0
5.0
49.0
1.0
1.0
2.0
2.0
1.0
7.0
11.0
138.0
1.0
29.0
2.0
3.0
1.0
3.0
250.0
1.0
27288.0
55.0
7.0
1913.0
8.0
3.0
4.0
7.0
23.0
17165.0
3.0
1.0
351.0
19.0
122.0
3.0
847.0
6.0
1.0
23.0
1.0
1.0
53.0
5.0
1.0
6.0
3.0
1.0
6015.0
2.0
23.0
8.0
114.0
1.0
1.0
1.0
487.0
97.0
1.0
2.0
5.0
3.0
38.0
1.0
2.0
1129.0
1.0
4.0
2.0
21.0
190.0
33.0
1.0
3.0
6.0
3.0
1.0
101.0
1.0
3.0
1.0
1.0
41.0
1.0
58.0
46.0
1.0
2.0
24.0
2.0
9.0
16.0
3.0
217.0
6.0
191.0
3.0
1.0
84.0
3.0
30.0
1.0
3.0
892.0
3.0
2.0
3.0
1.0
2421.0
3.0
3290.0
8.0
225.0
3.0
1.0
82.0
10.0
428.0
132.0
2.0
3.0
3.0
11588.0
3.0
2.0
30.0
14189.0
3.0
1662.0
351.0
104.0
267.0
9.0
81.0
1.0
2.0
2.0
1.0
24.0
2.0
3.0
1.0
1619.0
1.0
66.0
35.0
25.0
3.0
3.0
1479.0
12.0
3.0
1.0
9.0
1.0
569.0
981.0
2.0
6.0
33.0
2.0
288.0
6.0
3.0
7.0
20.0
23.0
7.0
50.0
4.0
6.0
3.0
15.0
9.0
1.0
4.0
2.0
3.0
1.0
7.0
7.0
3.0
370.0
3.0
23.0
2.0
30.0
39.0
2.0
7.0
3.0
1.0
1.0
3.0
21.0
18.0
8.0
1.0
24.0
160.0
69.0
1181.0
3.0
1.0
443.0
2140.0
9.0
18.0
1514.0
12.0
183.0
581.0
1.0
44.0
27.0
1.0
1.0
1.0
6.0
512.0
38.0
3.0
3.0
1.0
1.0
1.0
2.0
6.0
1.0
1.0
1.0
1.0
2.0
7.0
205.0
3.0
1.0
39.0
3.0
33.0
2.0
44.0
5.0
2.0
33.0
7.0
16.0
14.0
1.0
1.0
1.0
2.0
292.0
3.0
137.0
3.0
3.0
1.0
1.0
19.0
19.0
5.0
5.0
26671.0
10.0
1.0
1018.0
683.0
57.0
35.0
229.0
13.0
2.0
1.0
22.0
1.0
3.0
1.0
3.0
182.0
1080.0
1.0
586.0
1.0
1.0
1.0
7.0
9.0
23.0
2.0
3.0
1.0
2.0
1.0
1.0
10.0
14.0
13.0
3.0
17.0
1.0
336.0
5.0
1.0
1.0
4.0
1.0
5.0
4.0
19.0
3.0
3.0
32.0
3.0
12.0
2.0
3.0
6.0
11.0
2.0
565.0
3.0
76.0
6.0
3.0
846.0
1.0
7.0
1.0
3.0
3.0
3.0
1.0
565.0
9.0
1.0
7.0
292.0
445.0
88786.0
1.0
1.0
4.0
10.0
1.0
2.0
3.0
2.0
1.0
1.0
1.0
478.0
1.0
2.0
1.0
110.0
322.0
3.0
1.0
7.0
2.0
5.0
1.0
3404.0
1987.0
1.0
44.0
3.0
22.0
44.0
370.0
1.0
1.0
1.0
6.0
2.0
1.0
779.0
1.0
1.0
3.0
13.0
7.0
1.0
1.0
9.0
13.0
1.0
1.0
3.0
5.0
114.0
13.0
351.0
2.0
3.0
3.0
344.0
45.0
1.0
3.0
3.0
79.0
5.0
2.0
183.0
209.0
596.0
2473.0
2.0
4.0
3.0
5.0
596.0
125.0
275.0
313.0
9.0
886.0
703.0
1018.0
14.0
800.0
3.0
31.0
1.0
2.0
875.0
1.0
608.0
204.0
2.0
1.0
1.0
3.0
4.0
1.0
9.0
1.0
1.0
3.0
35.0
49.0
1.0
7.0
1.0
396.0
2049.0
2.0
3.0
1.0
9.0
21110.0
13.0
1.0
3.0
27.0
1.0
1.0
3.0
17.0
61.0
11843.0
3.0
12.0
7.0
2.0
1.0
2.0
3.0
2.0
1.0
1.0
17.0
964.0
5.0
1.0
2.0
1.0
3.0
1.0
3.0
1.0
1.0
1.0
1.0
50.0
10.0
1.0
4.0
3.0
1.0
73.0
2.0
99.0
10.0
3.0
7.0
1.0
1.0
829.0
242.0
3.0
26.0
3.0
60.0
3.0
3.0
66.0
1.0
3.0
1.0
7.0
8.0
1.0
129.0
20.0
3.0
3.0
14.0
1.0
3.0
3.0
4.0
1.0
1.0
237.0
55.0
16.0
2.0
1.0
1.0
10.0
1.0
2.0
5.0
37.0
1.0
3.0
1.0
2.0
6.0
69.0
4.0
24.0
33.0
3.0
1.0
4013.0
32.0
492.0
1.0
4.0
1.0
18.0
2.0
1.0
3.0
1.0
71.0
3.0
8.0
151.0
113.0
3.0
38.0
3.0
7.0
10.0
11.0
2.0
2.0
1.0
8.0
10.0
1.0
3.0
7.0
4.0
14.0
1.0
10.0
3871.0
16.0
1.0
2440.0
111.0
1.0
1.0
3.0
535.0
162.0
2.0
3.0
1.0
3600.0
11.0
14.0
2.0
22.0
7.0
51.0
97.0
1.0
45.0
7.0
678.0
1.0
142.0
91.0
1.0
1018.0
19.0
1.0
3.0
6.0
5.0
430.0
1.0
3.0
1.0
1.0
13.0
64.0
8.0
3.0
48.0
1.0
157.0
1.0
1831.0
3.0
4.0
3.0
6.0
2.0
5.0
2.0
137.0
1.0
15.0
1.0
5.0
3.0
401.0
112.0
1.0
9.0
1.0
2.0
23.0
3.0
5.0
1.0
1.0
351.0
2.0
3.0
1.0
8.0
29.0
793.0
1.0
6.0
69.0
4.0
2.0
4.0
1.0
324.0
2.0
1.0
50.0
4.0
5.0
1.0
1.0
1.0
1.0
10.0
1.0
4878.0
3.0
1.0
3.0
66.0
66.0
9.0
339.0
22.0
1.0
3.0
395.0
1.0
8.0
94.0
5.0
12.0
6.0
401.0
25.0
3.0
4.0
1.0
18.0
6.0
85.0
1.0
1.0
65.0
2.0
1.0
2.0
70.0
24.0
65.0
2.0
1.0
1.0
3.0
192.0
8.0
4.0
1.0
1.0
62.0
69.0
4.0
4.0
57.0
2.0
3.0
1.0
203.0
377.0
1.0
1.0
35.0
1.0
20.0
1.0
2.0
2.0
3.0
1.0
3.0
34.0
1.0
1.0
35.0
2.0
419.0
27.0
7.0
6.0
2.0
3.0
5.0
889.0
1.0
2.0
2.0
1.0
1.0
3.0
7.0
2.0
3.0
24.0
2.0
6.0
145.0
10.0
23.0
2.0
3.0
1.0
8.0
7411.0
1247.0
3.0
170.0
12.0
18.0
75.0
1.0
29.0
1.0
14.0
1.0
17.0
1.0
3.0
1.0
152.0
101.0
3.0
829.0
745.0
3.0
10.0
1.0
1.0
25.0
1.0
3.0
22.0
1.0
127.0
72.0
1.0
2.0
3.0
14.0
14.0
27.0
124.0
1.0
823.0
1.0
1.0
1.0
10.0
8.0
31.0
1.0
2.0
2.0
5798.0
3.0
4.0
8.0
3.0
4.0
3.0
1.0
187.0
6.0
1.0
3.0
3.0
2397.0
2.0
69.0
2.0
26.0
97.0
2.0
8.0
1.0
3.0
64.0
3.0
1064.0
14.0
315.0
69.0
4.0
3.0
14.0
11.0
1.0
1.0
1.0
103.0
3.0
1.0
3.0
17.0
1.0
3.0
1.0
1.0
3.0
167.0
1.0
2.0
3.0
67.0
313.0
211.0
24.0
176.0
3.0
20.0
9.0
2.0
18.0
1.0
30.0
22.0
8.0
8.0
1.0
18.0
2.0
12.0
4445.0
9.0
136.0
62.0
10.0
72.0
524.0
3.0
1.0
58.0
9.0
19.0
1520.0
23.0
3.0
58.0
4.0
507.0
102.0
51.0
3.0
1.0
12.0
1.0
5.0
2.0
328.0
1.0
444.0
21.0
2412.0
670.0
2.0
33.0
394.0
3.0
1.0
101.0
338.0
1.0
21.0
1.0
90.0
1414.0
61.0
37.0
42.0
1.0
1580.0
1.0
20.0
21.0
554.0
3.0
1931.0
1.0
22.0
8.0
60.0
1.0
1.0
169.0
3.0
1.0
1.0
2.0
24.0
131.0
42.0
3.0
1.0
8.0
1.0
124.0
4.0
1.0
3.0
7.0
1249.0
322.0
4.0
101.0
9.0
1.0
2.0
2.0
14.0
4.0
44.0
8.0
1.0
10.0
1.0
3.0
1.0
4.0
1.0
89.0
43.0
2.0
109.0
7.0
3.0
15.0
641.0
10.0
837.0
4.0
1.0
20.0
292.0
3.0
2.0
1251.0
71.0
6.0
316.0
2.0
3.0
2.0
10.0
3.0
1.0
118.0
2.0
101.0
2.0
576.0
1.0
1.0
1.0
1.0
3.0
3.0
3.0
1.0
117.0
457.0
535.0
21.0
102.0
288.0
24.0
5.0
3.0
2.0
1.0
55.0
1.0
1619.0
6.0
3.0
2.0
2.0
189.0
14.0
2.0
411.0
3.0
1.0
288.0
5.0
834.0
2.0
1.0
1.0
119.0
9725.0
3.0
2.0
1.0
222.0
8.0
1.0
76.0
268.0
136.0
82.0
2.0
444.0
1.0
1.0
3.0
3.0
17.0
3.0
421.0
10.0
1.0
1.0
246.0
2.0
940.0
91.0
75.0
13.0
456.0
16.0
75.0
1.0
4.0
2.0
3.0
1.0
15.0
344.0
102.0
11.0
1.0
3.0
5.0
3.0
3.0
1.0
1.0
440.0
3.0
3.0
2.0
444.0
3.0
3.0
3.0
117.0
1.0
3.0
2.0
3.0
8.0
1.0
4.0
3.0
10.0
65.0
2.0
5.0
650.0
1.0
59.0
3.0
1.0
114.0
59.0
2.0
6.0
1.0
1044.0
48.0
959.0
24.0
10.0
590.0
3.0
3.0
10.0
3.0
16.0
1009.0
14.0
691.0
1.0
2.0
13.0
1.0
48.0
961.0
26.0
1.0
1.0
6.0
2.0
1.0
908.0
2.0
3.0
25.0
1055.0
1.0
4.0
1.0
2.0
144.0
3.0
1.0
8.0
200.0
2.0
3.0
7.0
2.0
12.0
4.0
1.0
3150.0
1.0
2.0
17.0
1.0
351.0
1.0
3.0
2.0
4.0
10.0
4.0
6.0
5.0
3.0
10.0
1210.0
1.0
6.0
1.0
9.0
217.0
2.0
11.0
5.0
2.0
4.0
10.0
4661.0
1.0
563.0
26.0
401.0
1.0
1.0
1707.0
135.0
67.0
4.0
268.0
1.0
6.0
2.0
2.0
5.0
3.0
3.0
1.0
2130.0
1.0
1.0
44.0
3.0
11.0
9.0
12.0
2.0
2.0
1.0
3.0
3.0
1.0
1029.0
75.0
236.0
5.0
1.0
1172.0
61.0
292.0
4.0
31.0
410.0
69.0
576.0
2.0
3.0
3.0
1.0
2.0
1.0
1.0
34.0
1.0
1.0
8.0
1117.0
292.0
1225.0
3.0
1.0
2.0
1.0
3.0
1.0
1.0
3.0
1.0
1.0
272.0
1.0
3.0
3.0
5.0
206.0
533.0
2468.0
4.0
6.0
3.0
395.0
1165.0
48.0
3.0
3.0
41.0
4214.0
3.0
1183.0
4334.0
1.0
1.0
4.0
36.0
3.0
3.0
801.0
1.0
1.0
33.0
8.0
338.0
1.0
3.0
55.0
1.0
75.0
2.0
25.0
36.0
1.0
1.0
1.0
4.0
80.0
3.0
3.0
2.0
7.0
132.0
1.0
3.0
4.0
2.0
20.0
1.0
1.0
1.0
752.0
1.0
1.0
80.0
2.0
228.0
3.0
31.0
1.0
21.0
882.0
3.0
722.0
10.0
48.0
1.0
3.0
3.0
29.0
1.0
1.0
34.0
1.0
140.0
1.0
351.0
7.0
11.0
1493.0
1.0
3.0
1.0
3.0
2.0
1571.0
2.0
50.0
1.0
2.0
1.0
9.0
3.0
220.0
29.0
1.0
1.0
3.0
1.0
2.0
4.0
102.0
1.0
6.0
35.0
3.0
52.0
8.0
632.0
4.0
7.0
393.0
5.0
36.0
1.0
288.0
102.0
1009.0
3.0
3.0
1703.0
51.0
6.0
2.0
7.0
55.0
1.0
6.0
60.0
31.0
4.0
6.0
1755.0
232.0
1.0
15.0
45.0
69.0
1.0
1.0
1174.0
6.0
58.0
91.0
1.0
38.0
12.0
35.0
3.0
24.0
34.0
1.0
28.0
8.0
7.0
45.0
1.0
1.0
3.0
3.0
5.0
4.0
3.0
23.0
4.0
3.0
4.0
1.0
1.0
1.0
1.0
3.0
350.0
2.0
273.0
20.0
1.0
1.0
85.0
6.0
1.0
211.0
1.0
1.0
3.0
2.0
16.0
162.0
529.0
1110.0
9.0
1.0
19.0
2.0
91.0
2.0
10.0
6.0
3.0
138.0
107.0
1.0
1.0
1.0
1.0
4.0
2.0
3.0
15.0
2.0
878.0
2.0
1.0
2.0
20.0
474.0
6.0
3.0
1.0
1.0
2.0
2.0
1.0
3.0
1.0
3.0
50.0
1.0
1.0
1.0
3.0
5.0
1.0
6.0
118.0
1.0
31.0
1.0
17.0
94.0
90.0
2224.0
10.0
1.0
3.0
3.0
2.0
6.0
7.0
5.0
2.0
17.0
3319.0
1.0
3.0
1.0
57.0
2.0
14.0
727.0
1.0
3.0
1.0
3.0
36.0
522.0
65.0
2.0
1.0
97.0
1.0
93.0
7.0
7.0
3.0
11.0
1.0
2.0
2.0
207.0
9.0
694.0
5.0
9.0
26.0
27.0
5.0
25.0
3.0
157.0
278.0
232.0
1.0
27.0
1225.0
3.0
10.0
1.0
5.0
3.0
7.0
1.0
1.0
3.0
214.0
1.0
2.0
1.0
3.0
23.0
1.0
2.0
55.0
2.0
4.0
6.0
6.0
2.0
256.0
5.0
7.0
8.0
29.0
167.0
6.0
9.0
6.0
174.0
251.0
1.0
1.0
1.0
24250.0
2.0
1.0
2.0
160.0
3.0
1.0
10.0
2.0
7.0
3.0
1.0
4.0
1.0
1.0
4.0
3.0
42.0
4.0
1.0
6.0
50.0
45.0
69.0
2473.0
1.0
46.0
13.0
3.0
70.0
3.0
23.0
3.0
20.0
41.0
34.0
1.0
1.0
24.0
3.0
10.0
3.0
1.0
25.0
564.0
1.0
3.0
5.0
1642.0
722.0
1.0
99.0
593.0
4.0
3.0
3.0
1.0
9.0
2.0
5515.0
3.0
1.0
1.0
17.0
2.0
5.0
44.0
4.0
51.0
1.0
3.0
4.0
1.0
1.0
1.0
8.0
24.0
1340.0
2.0
23.0
1.0
10.0
38.0
3.0
1078.0
1.0
1.0
1.0
1.0
3.0
2.0
1366.0
1.0
1.0
2.0
6.0
1.0
2.0
1.0
122.0
15.0
3452.0
3.0
8.0
9.0
1546.0
65.0
1.0
50.0
9.0
19.0
106.0
2.0
1.0
1.0
1462.0
1.0
4.0
2.0
12.0
1.0
15.0
1.0
2.0
5.0
27.0
797.0
1.0
3.0
1.0
70.0
1.0
5.0
1.0
1522.0
671.0
2.0
3.0
6.0
1.0
1362.0
5.0
1.0
2.0
1.0
1.0
1.0
696.0
932.0
102.0
5.0
1.0
83.0
1.0
1.0
17.0
59.0
2.0
96.0
3.0
1.0
4.0
1.0
584.0
9.0
9.0
18.0
634.0
1.0
1.0
50.0
46.0
1.0
3.0
538.0
1.0
44.0
65.0
19.0
1617.0
1.0
25.0
24.0
8.0
45.0
1.0
1.0
527.0
9.0
3.0
3.0
8.0
3.0
33.0
1.0
5261.0
3.0
3.0
5.0
7.0
2.0
35.0
1.0
1.0
1356.0
36.0
2.0
1.0
1.0
1303.0
66.0
338.0
6.0
14.0
3.0
9.0
1606.0
16.0
4.0
1.0
1.0
816.0
1.0
1.0
25.0
2.0
6.0
13.0
2.0
132.0
3.0
4.0
1.0
101.0
1.0
600.0
17.0
3.0
1.0
2.0
2.0
40.0
2.0
3.0
2.0
3.0
1.0
1.0
2.0
3.0
3.0
30.0
1.0
1494.0
1.0
2.0
6.0
1.0
3.0
2.0
3.0
1.0
5.0
1.0
22.0
1632.0
24.0
955.0
1.0
19.0
1.0
669.0
3.0
28.0
21.0
1.0
1343.0
1030.0
1.0
48.0
1.0
1.0
1381.0
6.0
105.0
16.0
466.0
5.0
1.0
3.0
3.0
2.0
16.0
1.0
44.0
8.0
1.0
509.0
2.0
8.0
25.0
7.0
9.0
3.0
1.0
1.0
6.0
172.0
17.0
1.0
7.0
17.0
5.0
3.0
12.0
5.0
1.0
7.0
4.0
27.0
27.0
21.0
1.0
3.0
1.0
1.0
3.0
15.0
16.0
3.0
5.0
1.0
13000.0
7.0
2180.0
9.0
6.0
2628.0
202.0
1.0
1.0
1663.0
3.0
1.0
38.0
7.0
349.0
22.0
1.0
2.0
2.0
8.0
65.0
1.0
1.0
4.0
4.0
421.0
3.0
1.0
2.0
3.0
615.0
242.0
3.0
1.0
1.0
2.0
2.0
32.0
362.0
1.0
6541.0
1.0
1.0
4.0
1.0
2.0
3.0
2.0
10.0
2.0
1.0
1.0
117.0
7.0
1.0
2.0
5.0
22.0
16.0
78.0
3.0
58.0
1273.0
4.0
7.0
596.0
1.0
3.0
2.0
7.0
1.0
3.0
1515.0
19.0
3.0
3.0
3.0
2.0
38.0
1.0
28.0
3.0
14.0
12.0
1.0
1.0
3.0
7.0
3.0
3.0
17.0
1.0
18.0
6.0
2.0
3.0
9.0
23.0
2.0
12.0
351.0
1.0
3.0
351.0
3.0
32.0
24.0
1.0
12.0
49.0
1423.0
2.0
3.0
2735.0
152.0
1.0
1.0
1101.0
1073.0
8.0
1.0
4.0
5.0
31.0
1.0
21.0
3.0
2.0
18.0
420.0
15.0
1.0
3.0
55.0
11.0
20.0
282.0
9.0
2.0
76.0
1.0
586.0
1.0
3.0
1.0
3.0
3.0
84.0
276.0
3.0
24.0
13641.0
3.0
1.0
1.0
4.0
1.0
1.0
7.0
2.0
39.0
1.0
71.0
21.0
2.0
17.0
1.0
1.0
2.0
3780.0
4.0
3.0
1.0
9.0
3.0
1.0
10.0
1.0
14863.0
1.0
33.0
1.0
2.0
341.0
3.0
4.0
171.0
2.0
1.0
1.0
396.0
3.0
1.0
8.0
1.0
1.0
4.0
1268.0
6.0
1.0
7.0
1.0
2.0
204.0
4.0
13.0
17.0
4.0
123.0
5.0
1.0
3.0
3.0
7.0
4.0
1.0
111.0
3.0
3.0
15.0
1.0
1.0
7.0
784.0
596.0
119.0
4.0
346.0
1.0
1.0
13.0
3574.0
1.0
11.0
5.0
5.0
3.0
14.0
1.0
17.0
1.0
1.0
244.0
1.0
14.0
3.0
3.0
68.0
1.0
2.0
7.0
3.0
3.0
2.0
8.0
848.0
3.0
1.0
1.0
2.0
11.0
338.0
1.0
3.0
9.0
2.0
3.0
5.0
4.0
3.0
1.0
3.0
2.0
6.0
1.0
351.0
42.0
60.0
9354.0
3.0
3.0
1.0
713.0
1.0
747.0
6.0
1.0
1.0
1379.0
1.0
56.0
490.0
1.0
10.0
2.0
432.0
1.0
1.0
8.0
1.0
1.0
5.0
1.0
2.0
2.0
4684.0
6.0
1.0
1.0
2.0
113.0
119.0
1.0
1.0
10.0
83.0
1.0
5.0
1626.0
1.0
14.0
1.0
79.0
14.0
3.0
19.0
1.0
3.0
1.0
1.0
190.0
13116.0
3.0
1.0
2.0
40.0
3.0
1.0
103.0
948.0
1.0
1475.0
3.0
38.0
12.0
8.0
874.0
1.0
1.0
28.0
1.0
3.0
4.0
1.0
8.0
20.0
59.0
3.0
213.0
1.0
1.0
3.0
2.0
60.0
1045.0
15.0
1.0
1.0
1.0
13182.0
2.0
1712.0
7.0
106.0
5.0
8874.0
6.0
7.0
4.0
1.0
1.0
266.0
10.0
4.0
5.0
3.0
388.0
22.0
213.0
2.0
111.0
585.0
3.0
5.0
3.0
3.0
14385.0
3.0
6.0
152.0
39.0
2.0
3.0
1.0
1.0
6.0
351.0
133.0
24.0
14.0
1.0
14.0
14.0
4.0
14.0
36.0
1.0
5.0
116.0
1.0
3.0
3.0
7.0
3.0
1.0
2.0
46.0
4.0
123.0
1.0
2.0
115.0
3.0
161.0
2.0
19.0
79.0
3.0
84.0
245.0
2.0
1.0
1.0
2477.0
1.0
3.0
2.0
3.0
3.0
3.0
167.0
1944.0
1.0
76.0
3.0
12.0
800.0
1041.0
2.0
14.0
432.0
3.0
3.0
1.0
1.0
1.0
1.0
802.0
137.0
2.0
536.0
1.0
19.0
1.0
2.0
1.0
1.0
1.0
4.0
2.0
11.0
6.0
1.0
4.0
2.0
313.0
138.0
3.0
3.0
3.0
105.0
1.0
1.0
12.0
2.0
11.0
849.0
1.0
3.0
1.0
4.0
633.0
4.0
2.0
55.0
288.0
1.0
2404.0
3.0
3.0
3.0
1.0
109.0
491.0
37.0
3.0
1.0
63.0
3.0
16.0
116.0
3.0
52.0
1.0
14.0
3.0
3.0
2.0
1.0
84.0
1.0
6.0
2.0
1.0
3.0
1.0
2.0
17.0
262.0
33.0
469.0
4.0
1942.0
914.0
1.0
7.0
1.0
3.0
2.0
2.0
407.0
277.0
3.0
18.0
4.0
58.0
4.0
1.0
11.0
1.0
4.0
2.0
3.0
30.0
1.0
9.0
52.0
128.0
13.0
2.0
2.0
8.0
1.0
11.0
3.0
3.0
8.0
1012.0
1.0
20.0
1.0
58.0
26.0
806.0
39.0
3.0
2.0
1047.0
1496.0
3.0
10.0
1.0
5.0
1.0
2.0
396.0
121.0
3.0
322.0
2.0
1015.0
39.0
4.0
1342.0
1.0
1.0
4.0
80.0
56.0
127.0
4.0
685.0
1.0
12.0
110.0
3.0
86.0
1.0
6.0
3.0
2.0
27.0
20.0
57.0
2.0
1220.0
55.0
23.0
30.0
172.0
1.0
2.0
73.0
9.0
3.0
4.0
18.0
1560.0
1.0
9.0
292.0
1.0
4.0
3.0
1899.0
177.0
2.0
11.0
1.0
1.0
1.0
23104.0
127.0
5.0
2.0
1.0
2.0
23.0
4.0
4421.0
1.0
1.0
17.0
12.0
2.0
5.0
58.0
1.0
1.0
149.0
50.0
1.0
6.0
5.0
125.0
1.0
3.0
186.0
67.0
30.0
31.0
1.0
15.0
14.0
1.0
10.0
26.0
3.0
3.0
4.0
186.0
3.0
11.0
369.0
8.0
1.0
1.0
3.0
3.0
4.0
1.0
3.0
3.0
1.0
2.0
135.0
4452.0
7.0
636.0
1.0
9.0
2.0
10.0
4.0
17.0
1.0
1043.0
14.0
1.0
1.0
19.0
1.0
53.0
9.0
2.0
177.0
1.0
3.0
1.0
2.0
17.0
6.0
4.0
43.0
191.0
1.0
322.0
483.0
5.0
10.0
208.0
9.0
39.0
1.0
4.0
10.0
1.0
3.0
1.0
2.0
27.0
164.0
1.0
9.0
5.0
2.0
2.0
1.0
3.0
1.0
3.0
1.0
3.0
65.0
11.0
1.0
3.0
3.0
1.0
3.0
5.0
3.0
56.0
2.0
609.0
156.0
3.0
10.0
9.0
4.0
19.0
1.0
1371.0
5.0
1.0
1.0
5.0
640.0
9.0
1.0
3.0
59.0
932.0
1.0
2.0
2.0
1.0
1.0
1767.0
9.0
65.0
2.0
1.0
1.0
6.0
3.0
2.0
1.0
9.0
3.0
3.0
3.0
6.0
1.0
6.0
19.0
1.0
40.0
5.0
1.0
3.0
266.0
3.0
1.0
1500.0
3.0
27.0
6.0
2.0
8.0
1.0
1.0
292.0
3.0
2435.0
1.0
1.0
3.0
1.0
1777.0
8.0
1.0
1.0
21.0
268.0
12.0
1.0
13.0
8.0
1.0
1.0
5.0
38.0
3.0
80.0
1.0
8.0
7.0
78.0
1.0
31.0
3.0
1574.0
1.0
1.0
732.0
1.0
1.0
2.0
2.0
1.0
3.0
3000.0
4.0
1.0
12.0
1.0
1822.0
71.0
3.0
13.0
1.0
1.0
52.0
847.0
34.0
3.0
1.0
1481.0
4.0
1.0
1.0
121.0
1.0
3.0
1.0
101.0
5.0
1.0
3.0
1251.0
7.0
34.0
1.0
3.0
36.0
632.0
1.0
3.0
3.0
39.0
15.0
2961.0
11.0
1.0
1.0
1.0
47.0
4.0
4.0
9.0
2.0
6.0
14385.0
1.0
53.0
7.0
34.0
1.0
25.0
1.0
8.0
3.0
1.0
3.0
17.0
3.0
1.0
1.0
1.0
1.0
14.0
3.0
1063.0
30.0
1.0
4.0
1.0
2.0
39.0
2.0
1.0
22.0
3.0
14.0
52.0
4.0
11.0
2.0
1.0
5.0
1833.0
9.0
3.0
1.0
25.0
697.0
8675.0
1.0
7.0
1347.0
2.0
40.0
29.0
62.0
1019.0
282.0
103.0
6.0
2.0
3.0
187.0
1.0
1.0
1.0
6.0
12.0
1.0
117.0
4.0
213.0
1.0
19.0
292.0
3.0
200.0
63.0
2.0
3.0
1.0
1048.0
1.0
14.0
2.0
2.0
1.0
2.0
5.0
1.0
59.0
1.0
3.0
18.0
3.0
3.0
3.0
1.0
1.0
4.0
403.0
1.0
1.0
1.0
2.0
1.0
4.0
2.0
114.0
4.0
2.0
674.0
3.0
2.0
2.0
40.0
8.0
58.0
1.0
3.0
2.0
19.0
8.0
1.0
3.0
3.0
1.0
1.0
5.0
3.0
16.0
2.0
7.0
1.0
77.0
1.0
3.0
33.0
5.0
11.0
390.0
3.0
1.0
173.0
2.0
60.0
16.0
4.0
4.0
1.0
2.0
265.0
208.0
3.0
9.0
645.0
3.0
7.0
18.0
15.0
948.0
1.0
292.0
5.0
7.0
1.0
404.0
3.0
3.0
351.0
2766.0
13.0
103.0
358.0
292.0
2.0
3.0
790.0
11.0
2.0
949.0
11.0
19.0
3623.0
23.0
2.0
89.0
31.0
59.0
1.0
2.0
2.0
1.0
17.0
2.0
2.0
640.0
1405.0
3.0
3.0
1.0
1.0
3.0
3.0
2.0
4.0
3.0
95.0
9.0
3.0
912.0
1.0
3.0
633.0
102.0
10.0
5.0
281.0
3.0
209.0
426.0
9.0
3.0
5.0
127.0
3.0
9.0
9.0
2.0
2.0
22.0
34.0
8.0
226.0
3.0
3.0
1.0
23.0
1.0
1.0
8.0
444.0
3.0
1.0
149.0
66.0
640.0
144.0
57.0
39.0
36.0
1.0
178.0
6.0
1.0
15.0
4.0
2.0
3.0
4.0
1.0
1.0
1.0
18.0
2668.0
3.0
1.0
1.0
5.0
2.0
1.0
33.0
24.0
2.0
3.0
12.0
66.0
612.0
8.0
7.0
3.0
2.0
19.0
3.0
34.0
182.0
1.0
444.0
3.0
1.0
11.0
1.0
3.0
1.0
36.0
9.0
941.0
7.0
3.0
1.0
387.0
1.0
2.0
45.0
8.0
3.0
2.0
6.0
24.0
101.0
2.0
4.0
8.0
1530.0
2.0
4.0
20247.0
3.0
5.0
3.0
1.0
3.0
41.0
4.0
315.0
1.0
4.0
411.0
8.0
30.0
24.0
4.0
1.0
27.0
9.0
5.0
1.0
1.0
401.0
1.0
107.0
1.0
3.0
28.0
1262.0
27.0
3.0
1.0
2100.0
8.0
31.0
3622.0
267.0
1.0
5.0
1.0
11.0
1.0
1.0
64.0
516.0
2.0
3.0
146.0
3.0
15.0
65.0
2.0
1.0
58.0
9.0
23.0
8.0
1018.0
3.0
87.0
8.0
8.0
311.0
230.0
11896.0
1.0
36.0
948.0
1.0
3.0
1.0
1.0
3.0
1.0
4.0
75.0
1.0
2.0
3.0
2.0
7.0
173.0
3.0
950.0
2.0
3.0
1.0
602.0
1.0
1.0
4796.0
8.0
2.0
1.0
12.0
9.0
102.0
1.0
3.0
1.0
43.0
3.0
1.0
1.0
25.0
859.0
183.0
7.0
3.0
6.0
1.0
1.0
1.0
1.0
1.0
1.0
12.0
54.0
638.0
4.0
431.0
11.0
5.0
1.0
2.0
61.0
1.0
87.0
1.0
2.0
16.0
1.0
1.0
4.0
1.0
1.0
1.0
538.0
4.0
4.0
3.0
1.0
3.0
1.0
5.0
1.0
3.0
4.0
1.0
12.0
3.0
5.0
6.0
5.0
3.0
1.0
1.0
3.0
3.0
2.0
1.0
511.0
6.0
138.0
3.0
7.0
1.0
2242.0
5045.0
17.0
1.0
3.0
1.0
404.0
3.0
1.0
2.0
3.0
1.0
1.0
1.0
1.0
1203.0
14.0
4.0
79.0
2.0
1.0
1.0
46.0
2.0
576.0
2.0
2.0
374.0
36.0
1.0
1.0
1.0
1.0
1.0
133.0
1.0
2.0
4.0
61.0
179.0
4.0
3.0
1.0
228.0
3.0
54.0
4.0
1487.0
3.0
22.0
18.0
717.0
3.0
1.0
1.0
319.0
1.0
3.0
3.0
31.0
1.0
1.0
2.0
1.0
1.0
44.0
3.0
1.0
17.0
3.0
14.0
2.0
1.0
4.0
214.0
3.0
428.0
2.0
16.0
376.0
70.0
1.0
3.0
6.0
11.0
2.0
37.0
5.0
1.0
2.0
24.0
2.0
407.0
2.0
1.0
54.0
3.0
33.0
1.0
90.0
87.0
3.0
8.0
17.0
2.0
1.0
3.0
4.0
1.0
3.0
315.0
24.0
1.0
1.0
1.0
3.0
81.0
2.0
839.0
3.0
1.0
4.0
164.0
1.0
9.0
5.0
284.0
1.0
1.0
3.0
6.0
3.0
1.0
1.0
3.0
1.0
7.0
2.0
3.0
11.0
12.0
2.0
2.0
2.0
4.0
1.0
455.0
1.0
10.0
1.0
3.0
1.0
5555.0
524.0
104.0
1.0
1.0
5.0
1.0
1.0
3673.0
1893.0
3.0
1.0
43.0
10.0
10.0
160.0
24.0
4.0
3.0
506.0
24.0
23.0
543.0
1.0
970.0
239.0
2.0
1.0
1838.0
1.0
279.0
1.0
19.0
8.0
17.0
2.0
3.0
36.0
3.0
1.0
41.0
10.0
1.0
129.0
3.0
1.0
3.0
1.0
4.0
4056.0
1.0
127.0
1.0
64.0
3.0
22.0
6.0
1.0
1464.0
2.0
1.0
65.0
14.0
3.0
2.0
1.0
2.0
3.0
3.0
12.0
3.0
13.0
1.0
1.0
10.0
203.0
3.0
369.0
3.0
81.0
32.0
108.0
3.0
64.0
4.0
937.0
1.0
3.0
1.0
242.0
2.0
1.0
1.0
1.0
1.0
1.0
1.0
1.0
172.0
1.0
542.0
1845.0
11.0
10.0
3.0
30.0
3.0
3.0
2431.0
20.0
1.0
351.0
24.0
1.0
1.0
1.0
16.0
330.0
2.0
3.0
7.0
84.0
1.0
127.0
23.0
2.0
26.0
1.0
1.0
2.0
3.0
1.0
1.0
8.0
4.0
765.0
1.0
3.0
118.0
2.0
117.0
1.0
3.0
438.0
1.0
3.0
40661.0
3.0
1.0
1.0
32.0
1.0
972.0
2.0
1.0
1.0
81.0
1.0
1.0
1.0
12.0
6.0
1.0
1.0
9.0
1.0
2.0
1.0
5.0
3.0
65.0
6.0
18.0
1.0
2.0
6.0
11.0
12.0
5.0
422.0
1.0
1.0
24.0
1.0
3.0
384.0
124.0
216.0
16.0
9081.0
3.0
28.0
1.0
1.0
103.0
2.0
416.0
593.0
2.0
1.0
26.0
2.0
2.0
22.0
13.0
7.0
87.0
240.0
69.0
8.0
300.0
2.0
1466.0
1.0
1.0
5.0
1.0
41.0
23.0
1.0
1.0
696.0
20.0
2.0
251.0
530.0
19.0
54.0
3.0
4.0
7.0
8.0
4.0
7.0
1616.0
22.0
658.0
2.0
1.0
22.0
1.0
152.0
878.0
131.0
1.0
4.0
282.0
8.0
8.0
13.0
1.0
103.0
1.0
116.0
1.0
1.0
3.0
1.0
61.0
130.0
3.0
447.0
2.0
5.0
19.0
4.0
3.0
5.0
1514.0
2.0
84.0
2.0
450.0
5.0
1.0
10.0
1.0
9.0
12.0
1.0
3.0
22.0
242.0
1.0
3.0
31.0
3.0
1.0
1.0
59.0
1.0
339.0
2.0
1.0
5.0
3.0
20.0
7073.0
3.0
1229.0
2.0
1.0
4.0
288.0
1.0
359.0
57.0
3.0
3.0
1.0
23.0
1.0
5.0
2.0
1.0
4.0
980.0
96.0
565.0
169.0
3.0
112.0
1.0
3.0
4.0
3.0
1.0
344.0
3.0
102.0
1.0
32.0
2.0
3.0
1.0
1.0
3.0
24.0
16.0
160.0
37.0
33238.0
1.0
2.0
22.0
4.0
5782.0
344.0
1.0
3.0
3.0
3.0
74.0
2.0
3.0
2.0
9.0
32.0
1743.0
2.0
178.0
1.0
3.0
2.0
14189.0
341.0
83.0
9.0
3.0
1.0
351.0
2038.0
91.0
1.0
3.0
30.0
67.0
6.0
3.0
1.0
737.0
93.0
242.0
15.0
8.0
92.0
43.0
11.0
50.0
3.0
24.0
33.0
89.0
4.0
9.0
29.0
76.0
1.0
1.0
937.0
3.0
59.0
611.0
11.0
16.0
2287.0
31.0
1.0
3.0
2.0
4.0
4.0
10.0
9.0
2.0
1.0
2.0
5.0
2.0
1.0
69.0
1.0
1.0
261.0
5.0
1.0
1.0
3.0
5.0
3.0
1.0
70.0
884.0
690.0
3.0
21.0
33.0
29.0
218.0
1.0
3.0
5.0
3.0
1.0
2.0
1.0
1430.0
1.0
1.0
1018.0
18.0
7.0
1.0
258.0
1.0
3.0
1.0
282.0
965.0
1.0
3.0
1.0
3.0
216.0
3.0
457.0
221.0
5.0
1.0
1.0
1.0
19.0
14.0
21.0
1.0
1.0
1544.0
4.0
436.0
1.0
2.0
3.0
9.0
1.0
19.0
2.0
1.0
69.0
31.0
13.0
351.0
32.0
3.0
1.0
3.0
3.0
5657.0
7.0
2.0
3.0
8.0
1.0
3.0
1735.0
60.0
92.0
3.0
23.0
628.0
1.0
66.0
2.0
3.0
1.0
1.0
3.0
43.0
29.0
421.0
1529.0
33.0
6.0
11.0
250.0
1.0
19.0
2.0
1.0
1.0
492.0
2.0
3.0
1.0
22.0
2.0
355.0
3.0
37.0
2.0
1.0
16.0
49.0
3.0
1.0
1.0
1.0
3.0
19.0
1.0
3.0
3.0
3.0
9.0
1486.0
2.0
1.0
1114.0
1.0
1.0
8.0
1.0
5.0
521.0
3.0
1.0
6.0
3.0
1.0
9.0
1.0
11.0
118.0
334.0
77.0
19.0
135.0
1018.0
36.0
931.0
5.0
14.0
20.0
2.0
4.0
313.0
117.0
2.0
1.0
18.0
12.0
48.0
19.0
4.0
1.0
1.0
76.0
3.0
152.0
1.0
2280.0
9.0
1.0
53.0
2.0
2.0
386.0
1155.0
875.0
139.0
3.0
2.0
4.0
1.0
3.0
1.0
28.0
3.0
155.0
3.0
17.0
993.0
200.0
3.0
20.0
1.0
4.0
160.0
61.0
724.0
3.0
20.0
366.0
1.0
22.0
5.0
8.0
1.0
4.0
1.0
6.0
83.0
3.0
3.0
11.0
3.0
9.0
3.0
111.0
2.0
99.0
1.0
2.0
1.0
10.0
16.0
5045.0
1.0
17.0
4.0
4.0
2.0
34.0
1.0
8.0
177.0
674.0
3.0
4.0
3.0
33.0
3.0
1229.0
3.0
1.0
3.0
1113.0
3.0
961.0
1.0
9.0
1.0
2.0
1.0
1.0
1.0
4.0
14.0
85.0
6.0
1.0
4.0
189.0
22.0
2.0
3.0
4.0
1.0
9.0
3.0
3.0
161.0
1.0
10.0
1.0
9.0
1.0
2.0
1.0
6.0
247.0
4.0
1.0
396.0
1.0
6.0
4.0
1.0
7.0
22.0
3.0
292.0
5.0
3.0
22.0
4.0
1.0
24.0
1.0
43.0
18.0
5.0
1.0
17.0
1.0
1.0
64.0
2.0
1.0
3.0
32.0
1.0
2.0
351.0
5.0
2.0
1.0
18.0
1.0
3.0
1.0
24.0
7.0
14.0
3.0
85.0
3.0
1.0
1.0
400.0
5.0
2.0
4.0
1.0
1.0
3.0
282.0
1.0
1.0
101.0
1.0
242.0
876.0
1.0
3.0
58.0
241.0
3.0
128.0
3.0
288.0
3.0
2.0
1.0
50.0
1.0
1.0
1.0
40.0
103.0
3.0
308.0
3.0
1.0
52.0
13.0
45.0
1.0
1.0
2.0
5.0
4.0
1.0
1.0
5.0
2.0
1.0
1.0
1.0
1693.0
1.0
2.0
11.0
1.0
648.0
3.0
3.0
1.0
53.0
1.0
32.0
1.0
2.0
351.0
70.0
591.0
2.0
64.0
32.0
1.0
3.0
17.0
3.0
4.0
1843.0
2.0
5.0
3.0
3.0
60.0
2.0
2.0
262.0
16.0
2.0
1.0
6.0
1.0
2.0
1.0
3.0
577.0
1.0
3.0
632.0
2.0
44.0
1.0
7926.0
1.0
1.0
4.0
471.0
1.0
2.0
3.0
3.0
4.0
3.0
2.0
796.0
3.0
1.0
3.0
3.0
9.0
1.0
11.0
1.0
8.0
3.0
2.0
31.0
7.0
3728.0
4.0
2.0
11.0
3.0
1588.0
1.0
4.0
3.0
2.0
9.0
1.0
2.0
12.0
2.0
58.0
11624.0
2.0
17.0
27.0
21.0
378.0
60.0
3.0
1.0
5.0
1413.0
19.0
1500.0
6.0
3323.0
7.0
3.0
3.0
2.0
2.0
11.0
1.0
4.0
285.0
3.0
6.0
1095.0
2.0
3.0
1.0
3.0
1.0
3.0
1.0
30.0
1.0
4.0
2.0
2014.0
2.0
599.0
1.0
3.0
1.0
2.0
3.0
1.0
2.0
1.0
58.0
143.0
12.0
1.0
4.0
2.0
312.0
3.0
1.0
3.0
437.0
1.0
1.0
1.0
3.0
2.0
5.0
2.0
3.0
9.0
15.0
6.0
2.0
7.0
1.0
132.0
288.0
137.0
4.0
1.0
130.0
3.0
1.0
3.0
3.0
1.0
80.0
9.0
3.0
3.0
1.0
4.0
69.0
2.0
3.0
2.0
24.0
1.0
1.0
4.0
1.0
1.0
40.0
3.0
2.0
1.0
5.0
3.0
3.0
83.0
173.0
3.0
1.0
1.0
1.0
1.0
23.0
7.0
24.0
2.0
5.0
55.0
362.0
1.0
76.0
1.0
3.0
140.0
2.0
1.0
1.0
454.0
51.0
1.0
4.0
3.0
292.0
3.0
33.0
3.0
142.0
32.0
5.0
4000.0
28.0
16.0
73.0
1432.0
5.0
2.0
2.0
3.0
13.0
1.0
1360.0
1.0
138.0
109.0
696.0
1638.0
41.0
38.0
19.0
618.0
5.0
3.0
9.0
2.0
19.0
3.0
1.0
3.0
1.0
1.0
1.0
2.0
4.0
1.0
8.0
2.0
1.0
1.0
5.0
2.0
3.0
2.0
398.0
4.0
1.0
65.0
1.0
3.0
23.0
1.0
2.0
13.0
4383.0
1.0
2.0
1.0
1.0
931.0
1.0
29.0
4.0
3.0
6.0
13.0
17.0
18.0
1.0
49.0
1.0
142.0
1.0
1.0
1.0
1.0
1.0
743.0
13.0
596.0
1.0
736.0
17.0
2.0
4.0
2.0
1.0
3.0
1.0
370.0
3.0
1.0
3.0
10.0
32.0
413.0
562.0
5.0
2.0
76.0
682.0
318.0
176.0
1.0
1.0
1.0
1.0
1.0
3.0
3.0
3.0
3.0
1.0
1.0
2.0
2.0
3.0
3.0
14.0
1474.0
4.0
24.0
85.0
49.0
25.0
1.0
42.0
3.0
9.0
7.0
3000.0
3.0
1010.0
1.0
24.0
1.0
3.0
1.0
1.0
8.0
351.0
2.0
3.0
440.0
581.0
159.0
1.0
1.0
17.0
2.0
288.0
12.0
990.0
313.0
3.0
2.0
2.0
1.0
205.0
2.0
1.0
3.0
1.0
3.0
3.0
1.0
549.0
3.0
1.0
3.0
2.0
1.0
1.0
1.0
1.0
6.0
46.0
29.0
2.0
1.0
1.0
14.0
2.0
10.0
18.0
3.0
76.0
3.0
121.0
67.0
2.0
3.0
338.0
1.0
1.0
6.0
1.0
24.0
5.0
11.0
1.0
24.0
1.0
6.0
3.0
5.0
14.0
3.0
1367.0
106.0
45.0
1.0
15.0
501.0
13.0
3.0
1.0
1.0
1.0
3.0
62.0
673.0
4.0
18.0
42.0
1.0
3.0
1018.0
311.0
591.0
1.0
78.0
149.0
2.0
1.0
27.0
1.0
148.0
3.0
1049.0
1.0
2.0
2.0
2.0
80.0
3.0
2.0
8.0
43.0
689.0
3.0
15.0
5.0
3.0
15.0
1.0
19.0
9.0
19.0
3.0
1.0
8.0
448.0
207.0
61.0
2.0
21.0
43.0
1.0
1.0
2.0
19.0
3.0
6.0
24.0
32.0
1.0
1.0
51.0
2.0
1043.0
4.0
8.0
3.0
4.0
1.0
3.0
15.0
1.0
1529.0
1.0
16.0
1.0
3.0
47.0
3.0
7.0
8.0
9.0
6.0
3.0
3.0
117.0
6.0
2.0
200.0
90.0
6.0
2.0
5.0
6.0
4.0
3.0
1.0
3.0
4.0
112.0
306.0
1.0
3.0
4351.0
16.0
9.0
115.0
42.0
9.0
11.0
881.0
11.0
1.0
24.0
1.0
1.0
1.0
3173.0
4.0
9.0
11.0
20.0
3.0
8.0
36.0
3.0
40.0
1238.0
8.0
305.0
7.0
51.0
87.0
1.0
22.0
75.0
11.0
409.0
3.0
10.0
2.0
1.0
303.0
8.0
1.0
7.0
1.0
88.0
3.0
1.0
1.0
420.0
1.0
1.0
36.0
78.0
3.0
21.0
2.0
3.0
2.0
1.0
1.0
495.0
74.0
3.0
1.0
3.0
2.0
36.0
1.0
3.0
2.0
5.0
1.0
963.0
10.0
2.0
3.0
3.0
1.0
25.0
1513.0
5.0
22.0
1.0
43.0
32.0
62.0
19.0
8.0
1.0
3.0
367.0
24.0
545.0
1753.0
3.0
6.0
3.0
1.0
406.0
1.0
396.0
214.0
10.0
1.0
596.0
5.0
6.0
5.0
13.0
1.0
4.0
3.0
2.0
18.0
1.0
1.0
18.0
3.0
1.0
7.0
2.0
1.0
3.0
3.0
4.0
4.0
13.0
2.0
1.0
201.0
46.0
53.0
1.0
3.0
24.0
2.0
3.0
9.0
4.0
392.0
9.0
2.0
1.0
527.0
2.0
14.0
1.0
611.0
2.0
3.0
3.0
4.0
3.0
1.0
17.0
8.0
1.0
1.0
1121.0
1.0
6.0
1883.0
3.0
99.0
10.0
4.0
1.0
1.0
455.0
1.0
2.0
3.0
1.0
22.0
12.0
1.0
1498.0
1.0
9.0
7.0
7.0
3.0
2.0
28.0
3.0
9.0
3.0
17.0
2.0
1.0
45.0
4.0
1.0
4.0
72.0
4.0
2.0
3.0
75.0
1.0
1.0
1631.0
49.0
2.0
270.0
24.0
11.0
292.0
1.0
2.0
1.0
1.0
1.0
132.0
23.0
15.0
8.0
3.0
3.0
3.0
19.0
7.0
16.0
1.0
18.0
101.0
3660.0
798.0
40.0
3.0
2.0
61.0
496.0
343.0
172.0
351.0
176.0
10.0
2.0
961.0
1904.0
1.0
8.0
75.0
2.0
4.0
4.0
9.0
10.0
1.0
5.0
2.0
5.0
1.0
7.0
665.0
2.0
11.0
2.0
99.0
1.0
203.0
20.0
2.0
1.0
6.0
158.0
49.0
1.0
3.0
59.0
14.0
1.0
274.0
2.0
1.0
3.0
59.0
4538.0
8.0
4.0
1.0
3.0
2.0
7.0
1.0
17.0
1219.0
1.0
1.0
5.0
375.0
9.0
1.0
32.0
4.0
1.0
1.0
4.0
2.0
1.0
4.0
3.0
2.0
148.0
1.0
4.0
5931.0
1.0
4.0
3.0
1.0
1.0
1.0
6.0
5.0
5.0
2.0
1.0
27.0
74.0
21.0
157.0
3.0
3.0
389.0
129.0
11.0
283.0
1.0
282.0
130.0
206.0
2265.0
5.0
1.0
17.0
229.0
9.0
858.0
2.0
5.0
4.0
5.0
3.0
1.0
1.0
14.0
3.0
4.0
3.0
11.0
4.0
5.0
1.0
1.0
2.0
351.0
1.0
64.0
1.0
5.0
1.0
570.0
133.0
2.0
523.0
16.0
10.0
1.0
2.0
1.0
2.0
70.0
1.0
10412.0
1.0
6.0
1.0
1.0
3.0
1.0
3.0
3.0
3.0
282.0
1029.0
1.0
8.0
3.0
596.0
1445.0
9.0
578.0
103.0
49.0
3.0
3.0
3.0
17.0
1.0
242.0
1.0
134.0
1.0
1.0
4.0
972.0
468.0
1.0
6.0
3.0
2.0
11.0
3.0
1.0
6.0
20.0
1536.0
47.0
25.0
384.0
797.0
11.0
1.0
3.0
3.0
8.0
2.0
1.0
4.0
103.0
5.0
63.0
2.0
1.0
492.0
4.0
5.0
1.0
1.0
3.0
11.0
5.0
11.0
4.0
2.0
262.0
2.0
1.0
4.0
1.0
65.0
2.0
1.0
12.0
1198.0
3.0
1.0
6.0
106.0
3.0
12.0
1.0
1.0
34.0
73.0
4.0
28.0
1.0
1.0
1031.0
2.0
2.0
55.0
56.0
3.0
3.0
1018.0
3.0
126.0
66.0
4.0
138.0
2.0
1.0
1.0
6.0
3.0
1.0
5.0
305.0
79.0
238.0
1.0
3.0
9.0
19.0
4.0
4.0
2.0
2.0
3.0
2.0
2.0
2.0
3.0
396.0
1.0
3.0
61.0
3.0
3.0
63.0
248.0
4.0
74.0
3.0
102.0
1.0
1.0
21.0
1.0
2008.0
1.0
5.0
4.0
1.0
2.0
254.0
1.0
57.0
15.0
1.0
1.0
463.0
3.0
16.0
1.0
262.0
2.0
17.0
104.0
3.0
524.0
1.0
60.0
27.0
1.0
4.0
6.0
1.0
96.0
1.0
375.0
3.0
9.0
211.0
288.0
2299.0
35.0
13.0
61.0
6.0
2.0
157.0
4.0
1.0
1.0
59.0
1.0
4.0
635.0
1.0
1.0
3.0
543.0
8.0
2.0
4.0
232.0
1.0
27.0
701.0
2.0
22.0
71.0
6.0
4.0
3.0
4.0
1.0
1.0
11.0
3.0
1.0
123.0
22.0
3.0
7.0
1.0
22.0
3.0
3.0
523.0
932.0
26.0
1.0
3.0
2.0
3.0
1.0
2.0
1.0
88.0
33.0
79.0
4.0
51.0
3.0
9.0
25.0
3.0
3.0
78.0
338.0
2.0
1.0
1.0
24.0
1.0
1.0
25.0
1.0
2.0
768.0
121.0
21.0
3.0
1.0
1.0
5.0
21.0
3.0
2.0
13.0
113.0
1.0
5.0
3.0
3.0
152.0
4.0
2.0
21.0
4.0
20063.0
2.0
18.0
3.0
218.0
4453.0
2.0
172.0
331.0
3.0
8.0
1.0
65.0
1.0
5.0
1.0
5.0
1.0
1.0
1.0
5.0
2.0
1.0
5.0
173.0
561.0
7412.0
3.0
1.0
1.0
84.0
3.0
3.0
19.0
78.0
32.0
5059.0
3.0
8.0
1001.0
276.0
8.0
323.0
30.0
22.0
4.0
3.0
6.0
1.0
102.0
158.0
15.0
2.0
3.0
6.0
15.0
4.0
1.0
6.0
5.0
1.0
2.0
33.0
3.0
7.0
3.0
387.0
1.0
2.0
4.0
7.0
1.0
43.0
4.0
8.0
1.0
2.0
4.0
1.0
2.0
1.0
1.0
2.0
2440.0
24.0
8.0
1370.0
1.0
1.0
2.0
2.0
2.0
1.0
1.0
19.0
1.0
3.0
668.0
2.0
1.0
1.0
32.0
8.0
53.0
4.0
31.0
20336.0
1.0
4.0
9.0
4.0
3.0
7.0
3.0
5.0
1.0
3.0
1.0
97.0
12.0
3.0
634.0
746.0
24.0
5.0
313.0
9.0
14.0
31.0
2.0
1.0
1.0
159.0
1.0
17.0
278.0
335.0
2.0
424.0
1.0
2.0
1.0
1.0
4.0
762.0
1.0
8.0
8.0
20.0
1.0
1.0
696.0
5.0
2.0
1.0
166.0
1.0
1.0
231.0
3.0
4.0
61.0
5.0
69.0
818.0
153.0
2416.0
18.0
1.0
41.0
1.0
1018.0
9.0
19.0
38.0
2.0
3.0
1.0
3.0
8.0
1.0
1.0
4.0
1.0
15.0
1.0
579.0
2.0
14.0
4.0
2.0
4.0
13.0
1.0
8.0
3.0
2.0
337.0
791.0
12.0
358.0
1.0
1.0
5.0
2.0
61.0
35.0
306.0
1.0
1.0
14.0
2.0
1.0
99.0
1.0
3.0
4.0
4.0
1.0
1.0
2.0
55.0
3.0
1.0
423.0
3.0
908.0
110.0
1.0
44.0
1269.0
1.0
7.0
3.0
1.0
638.0
123.0
4.0
9.0
4.0
17.0
1117.0
2.0
1.0
7.0
9.0
1.0
1.0
1.0
3.0
1203.0
102.0
1.0
21.0
1.0
3.0
336.0
133.0
1.0
174.0
13.0
4.0
22.0
1.0
9.0
342.0
1.0
1.0
1.0
5.0
6.0
1.0
19.0
310.0
23.0
57.0
64.0
97.0
10.0
3.0
1.0
272.0
3.0
8.0
1987.0
5.0
1.0
3.0
1.0
24.0
4.0
205.0
407.0
1.0
2.0
231.0
3.0
187.0
1.0
1.0
4.0
3.0
1078.0
889.0
445.0
363.0
45.0
2.0
1.0
31.0
1.0
1.0
323.0
3.0
24.0
1405.0
574.0
5.0
1.0
4.0
2.0
2.0
2.0
3326.0
1.0
1.0
11565.0
38.0
4.0
8.0
4.0
1.0
23.0
19.0
1.0
3.0
4.0
166.0
1.0
1.0
1899.0
6.0
3.0
2.0
1.0
1.0
196.0
8.0
1.0
1.0
542.0
10.0
3.0
763.0
3.0
563.0
1.0
6.0
3.0
4.0
1084.0
163.0
2.0
6.0
1.0
3.0
3.0
5.0
1.0
24.0
3.0
119.0
2.0
8.0
1.0
37.0
4.0
48.0
111.0
42.0
149.0
1.0
5.0
19.0
2.0
2.0
3.0
145.0
1.0
1.0
4.0
1.0
2.0
207.0
3.0
1.0
1.0
3.0
5.0
2.0
1.0
19.0
405.0
92.0
1.0
1.0
1.0
4.0
1.0
1.0
3.0
1.0
658.0
6.0
72.0
2.0
1.0
1.0
3.0
1.0
3.0
1.0
20.0
43.0
936.0
62.0
2.0
87.0
3.0
5.0
731.0
2.0
22.0
2.0
2.0
772.0
2616.0
3.0
4784.0
157.0
707.0
1.0
5.0
12.0
1.0
201.0
3.0
1.0
521.0
1.0
1.0
1.0
8.0
1.0
3.0
7.0
1.0
13212.0
2.0
3.0
1.0
15.0
4.0
3.0
743.0
16.0
7.0
34.0
52.0
6.0
3.0
8.0
1.0
70.0
6.0
3.0
1.0
2.0
1.0
8.0
16.0
2.0
1.0
5.0
7.0
4.0
6.0
118.0
3.0
46.0
1.0
9.0
333.0
4.0
3.0
1.0
16.0
266.0
1.0
1.0
2.0
2.0
132.0
4.0
1.0
1.0
17.0
2.0
19.0
9.0
3.0
1216.0
95.0
1.0
4.0
50.0
2.0
2.0
5.0
131.0
16.0
4.0
116.0
1.0
2.0
46.0
1.0
1.0
3.0
1.0
4.0
83.0
2.0
3.0
1.0
3.0
1.0
48.0
4.0
3.0
191.0
19.0
2.0
99.0
1.0
1.0
4470.0
5.0
1.0
1.0
3.0
1.0
34.0
31.0
73359.0
3.0
1578.0
5.0
1.0
1.0
106.0
44.0
31.0
3.0
1546.0
7.0
114.0
3.0
9.0
1.0
2.0
9.0
1.0
3.0
2.0
18.0
3.0
1.0
516.0
1.0
623.0
49.0
3.0
46255.0
43.0
9.0
2.0
30.0
33.0
1.0
107.0
6.0
7.0
129.0
1.0
15.0
40.0
9316.0
40.0
9.0
4.0
2.0
1.0
3.0
542.0
5.0
2.0
1311.0
2.0
3.0
2.0
71.0
14.0
1.0
4.0
336.0
3.0
2.0
10.0
6.0
2.0
7.0
1565.0
746.0
1.0
1.0
668.0
5.0
9.0
10.0
1775.0
1053.0
1.0
19.0
1.0
2.0
2.0
420.0
3.0
24.0
1.0
1.0
1.0
3.0
32.0
2.0
1.0
1.0
2.0
21.0
3.0
1.0
816.0
750.0
1.0
1.0
69.0
9.0
3.0
1.0
1.0
3.0
1.0
3.0
2.0
6.0
334.0
2.0
6.0
1.0
3.0
23.0
5.0
1671.0
3.0
4.0
115.0
87.0
181.0
971.0
4.0
2.0
55.0
1.0
1.0
380.0
34.0
464.0
1.0
1.0
52.0
3.0
1.0
119.0
1.0
22.0
4.0
1.0
1.0
351.0
217.0
3.0
351.0
6.0
10163.0
1.0
1.0
3.0
3.0
2.0
3.0
22.0
2155.0
1.0
1.0
15.0
706.0
20.0
3.0
549.0
1.0
1.0
1.0
1.0
77.0
1.0
66.0
2.0
3.0
4.0
5.0
3.0
17.0
1.0
3.0
4.0
254.0
282.0
19.0
645.0
1.0
101573.0
3.0
35.0
1.0
35.0
3.0
541.0
3.0
1.0
6.0
1.0
1.0
6153.0
3.0
15.0
9.0
3.0
6.0
3.0
239.0
1.0
3.0
3.0
1.0
1.0
15.0
1.0
3.0
1.0
12.0
351.0
27.0
11.0
1845.0
3.0
586.0
3.0
8.0
46.0
294.0
4.0
5.0
10.0
5.0
5.0
668.0
19.0
1379.0
340.0
198.0
11.0
1.0
4.0
1.0
3.0
40.0
3.0
1.0
2.0
3.0
1.0
798.0
3.0
1.0
47.0
1.0
725.0
32.0
1.0
2.0
1.0
51.0
1.0
3.0
1.0
5.0
2.0
6.0
3.0
1.0
1.0
3.0
1.0
2.0
638.0
19.0
108.0
43.0
1.0
129.0
1.0
3659.0
15.0
3.0
1.0
7.0
8.0
6.0
2.0
1.0
1.0
1.0
6.0
1.0
87.0
557.0
289.0
3.0
348.0
2.0
113.0
1.0
36.0
29.0
2.0
1.0
451.0
8.0
2.0
3.0
889.0
28.0
6.0
1.0
24.0
1.0
2.0
58.0
4485.0
1.0
1932.0
1.0
1.0
1.0
138.0
1.0
22.0
1.0
48.0
3.0
7.0
278.0
3.0
13.0
3.0
1.0
1.0
152.0
596.0
16.0
13000.0
1.0
1117.0
11.0
1.0
248.0
2.0
1.0
7.0
2.0
1.0
2.0
23.0
4.0
2.0
20.0
1.0
961.0
3.0
831.0
4.0
16.0
140.0
24.0
2.0
3.0
3.0
1.0
1.0
1.0
2.0
1.0
17.0
11.0
1385.0
3.0
1.0
38.0
1.0
386.0
3.0
6.0
1.0
31.0
338.0
1637.0
1.0
58.0
2.0
2.0
3.0
1.0
1.0
3.0
50.0
36.0
2.0
8.0
763.0
3.0
4.0
92.0
1.0
3.0
2.0
157.0
596.0
3.0
18.0
1.0
395.0
363.0
1.0
5.0
66.0
943.0
2.0
1.0
3.0
2.0
56.0
1.0
1.0
132.0
1.0
77.0
13.0
1.0
3.0
1.0
1.0
52.0
1.0
1.0
1.0
1.0
50.0
127.0
1.0
1.0
1.0
33.0
9.0
1.0
619.0
1.0
1.0
3.0
1185.0
48.0
1.0
76.0
3.0
1.0
337.0
492.0
1.0
1.0
24.0
666.0
3.0
52.0
3.0
197.0
1.0
1.0
2.0
4.0
2.0
4.0
39.0
36.0
3.0
1117.0
1.0
1.0
473.0
3.0
6.0
19.0
7.0
2.0
548.0
1.0
74.0
1.0
4.0
1.0
2.0
9.0
19.0
2.0
9.0
543.0
18.0
1.0
1.0
1.0
341.0
1.0
9.0
1.0
4.0
15.0
14.0
83.0
4.0
1.0
3.0
7.0
36.0
1.0
4.0
3.0
1.0
1.0
1.0
1.0
1.0
1.0
1.0
3.0
6.0
2.0
18.0
164.0
10.0
4.0
23.0
20.0
2.0
1.0
5.0
237.0
257.0
8.0
1.0
3.0
9.0
3.0
240.0
1.0
2.0
1.0
40.0
57.0
4.0
21.0
88.0
3.0
559.0
3.0
1.0
3.0
4045.0
3.0
1.0
2.0
1.0
1.0
63.0
45.0
1.0
24.0
3.0
129.0
1.0
1.0
61.0
552.0
1310.0
4.0
1888.0
76.0
628.0
6.0
6.0
1.0
4.0
2.0
3.0
50.0
202.0
10.0
9.0
1.0
4.0
17.0
3.0
4.0
605.0
19.0
2.0
4.0
198.0
1.0
401.0
211.0
1.0
1.0
516.0
2.0
1.0
1.0
1.0
3.0
1374.0
1.0
981.0
725.0
1115.0
9.0
179.0
1.0
3.0
3.0
380.0
1.0
510.0
16.0
144.0
1.0
8.0
18.0
1.0
1.0
1.0
6.0
1.0
108.0
454.0
148.0
3.0
3.0
404.0
20.0
60.0
2.0
3.0
93.0
3.0
1.0
20.0
20.0
7.0
1.0
65.0
5.0
524.0
2.0
1.0
3.0
1.0
9.0
1.0
2.0
10.0
3.0
3.0
2.0
7.0
3.0
5.0
8.0
475.0
3.0
2.0
102.0
638.0
1.0
116.0
2.0
1.0
521.0
1.0
1.0
7.0
5.0
2415.0
1.0
1.0
22.0
216.0
94.0
1.0
11.0
1.0
1.0
1265.0
74.0
2.0
68.0
1.0
61.0
6.0
152.0
1.0
1.0
3.0
2.0
8.0
44.0
16.0
1.0
6.0
1.0
3.0
1018.0
1.0
16.0
65.0
1.0
1.0
320.0
2.0
9.0
8.0
1.0
17.0
2.0
1.0
49.0
25.0
3.0
1193.0
6.0
1.0
3.0
3.0
555.0
15.0
665.0
4.0
4.0
3.0
8.0
112.0
11.0
24.0
5.0
2.0
3595.0
2.0
1.0
24.0
4.0
1.0
47.0
39.0
103.0
32.0
7.0
1.0
47.0
2.0
12.0
19.0
1.0
118.0
367.0
1.0
4.0
1004.0
169.0
9.0
1.0
5.0
7.0
1.0
9.0
1.0
3.0
3.0
5.0
1.0
1.0
1.0
47.0
2.0
3.0
1.0
1.0
1.0
7.0
3.0
15.0
292.0
4.0
2.0
16.0
31.0
1.0
45.0
51.0
17.0
17.0
3.0
6.0
180.0
12.0
3.0
1.0
2.0
473.0
1575.0
6.0
3.0
389.0
1.0
2.0
729.0
1.0
43.0
2.0
24.0
131.0
2.0
3.0
2.0
1.0
6.0
27.0
79.0
1.0
769.0
17.0
4.0
71.0
1.0
3.0
15.0
1.0
17.0
2.0
4.0
2.0
894.0
3.0
1.0
16.0
77.0
133.0
2232.0
1621.0
3.0
3.0
49.0
27.0
4546.0
2.0
69.0
3.0
397.0
1.0
2.0
1.0
4.0
254.0
4.0
2.0
116.0
2.0
1.0
1.0
1117.0
1.0
1.0
111.0
1.0
288.0
30.0
3.0
5464.0
1.0
10.0
1.0
2.0
1.0
122.0
1.0
1.0
1.0
8.0
1.0
3606.0
34.0
2.0
3.0
1.0
1.0
2.0
4.0
3.0
132.0
3.0
5.0
1.0
1.0
1.0
13.0
10.0
71.0
3.0
3.0
5.0
1.0
6.0
236.0
262.0
7.0
3.0
147.0
1.0
5.0
146.0
190.0
4.0
5027.0
1.0
3.0
3.0
1208.0
162.0
1.0
1.0
1.0
3.0
20.0
3.0
4.0
2.0
1.0
2019.0
4.0
3.0
1.0
2.0
2.0
3.0
4.0
1.0
1.0
1.0
1.0
109.0
3.0
3.0
1.0
1.0
2.0
284.0
3.0
322.0
3.0
3.0
1.0
3.0
3.0
1.0
1.0
143.0
2711.0
1.0
6.0
44.0
3.0
1.0
80.0
4.0
7.0
4.0
3.0
1.0
16.0
31.0
2.0
2.0
38491.0
39.0
2.0
35.0
3.0
11.0
65.0
3.0
184.0
15.0
1.0
3.0
118.0
27.0
71.0
1.0
20.0
3.0
25.0
21.0
571.0
1.0
3.0
7.0
3.0
25.0
1402.0
1.0
1.0
1.0
1027.0
3.0
1.0
3.0
70.0
4.0
761.0
1.0
281.0
1.0
4.0
3.0
1504.0
9.0
579.0
5.0
174.0
3.0
4.0
1.0
9.0
126.0
11.0
35.0
8.0
114.0
2430.0
338.0
17.0
83.0
2.0
5.0
1.0
1.0
47.0
2.0
3.0
1.0
1.0
1.0
63.0
1.0
24.0
2.0
2.0
9.0
30.0
3.0
38269.0
4.0
19.0
59.0
3.0
3.0
15.0
8.0
2.0
1960.0
1.0
1.0
3.0
6.0
87.0
5.0
3.0
1.0
1409.0
1.0
1.0
3.0
1.0
1676.0
1.0
13.0
1244.0
3.0
14.0
2.0
3.0
1.0
3.0
1.0
6.0
28.0
1.0
3.0
1.0
27.0
4.0
51.0
1.0
56.0
12.0
3.0
961.0
1.0
3.0
1.0
1018.0
1.0
3.0
2.0
1.0
240.0
3.0
1.0
368.0
85.0
2.0
6.0
9.0
4.0
2.0
10.0
29.0
3.0
626.0
1.0
42.0
1.0
1.0
945.0
1631.0
1.0
1.0
1.0
1.0
8.0
3.0
2.0
51.0
1.0
193.0
89.0
228.0
10.0
24.0
3.0
650.0
8.0
1.0
2.0
1.0
3.0
8.0
3.0
57.0
890.0
1.0
2.0
3.0
4.0
143.0
4.0
4.0
3.0
2.0
17.0
1.0
3.0
7.0
1.0
5.0
4.0
2.0
2.0
15.0
2.0
7.0
1018.0
11.0
2.0
1.0
2.0
4.0
3.0
19.0
9.0
1.0
274.0
74.0
2.0
2139.0
14.0
20.0
1.0
6.0
61.0
1.0
58.0
414.0
1.0
3.0
2888.0
5.0
29.0
4.0
6.0
3.0
5.0
160.0
3.0
1.0
7.0
1265.0
3.0
3.0
66.0
5.0
52.0
2.0
7.0
1.0
159.0
3.0
1.0
552.0
5143.0
1.0
1.0
555.0
3.0
1.0
31.0
1.0
5.0
34.0
4.0
1.0
288.0
1.0
1.0
4.0
20.0
1.0
1.0
12.0
3.0
9.0
2.0
67.0
3.0
699.0
1.0
19.0
1.0
8.0
2.0
3.0
1.0
3.0
3.0
4.0
6.0
1.0
6.0
512.0
1.0
1.0
157.0
3.0
1.0
2.0
736.0
3320.0
498.0
1.0
1.0
1.0
1.0
2.0
7.0
1.0
3.0
6.0
10.0
540.0
47.0
12.0
2.0
3.0
3.0
3.0
5.0
33.0
32.0
52.0
2.0
108.0
4.0
584.0
1.0
30.0
6.0
729.0
11.0
12.0
288.0
126.0
2.0
2.0
79.0
102.0
1.0
411.0
1.0
1.0
145.0
1.0
1.0
2.0
637.0
3.0
29.0
10.0
16.0
3.0
8.0
23.0
3.0
351.0
6.0
62.0
2.0
3.0
2.0
463.0
3.0
165.0
1.0
1.0
1.0
1.0
2.0
2.0
1.0
1.0
3.0
3.0
1.0
1.0
3.0
1.0
187.0
14385.0
9.0
1.0
67.0
1.0
1.0
1.0
6.0
121.0
1.0
3.0
316.0
1.0
1.0
567.0
1.0
351.0
10.0
1.0
2.0
2.0
1.0
9.0
17.0
141.0
10.0
3.0
3.0
2711.0
103.0
3.0
39.0
1463.0
2.0
542.0
3.0
8.0
1.0
104.0
1.0
6.0
3.0
1.0
155.0
2.0
1.0
27.0
4.0
172.0
1.0
3.0
5.0
1.0
2.0
1.0
24.0
2.0
1.0
3.0
728.0
5.0
1.0
1.0
3.0
38.0
1.0
12.0
31.0
14.0
5.0
1.0
24.0
1018.0
204.0
12.0
3.0
1.0
19.0
1.0
13.0
3.0
67.0
1.0
2232.0
10.0
3.0
273.0
1.0
4.0
1.0
313.0
1.0
11.0
3.0
619.0
17.0
1.0
2.0
589.0
405.0
5.0
4.0
1.0
4.0
5.0
677.0
1.0
36.0
425.0
1.0
3.0
148.0
9.0
45.0
1.0
11.0
5.0
1311.0
1.0
1268.0
5.0
180.0
2.0
2.0
3.0
2.0
1.0
1.0
3.0
1.0
3.0
961.0
1.0
3.0
6.0
3.0
1.0
1.0
2.0
3.0
4.0
52.0
1.0
507.0
930.0
1.0
38.0
6.0
3.0
6.0
26.0
1.0
3.0
1.0
23.0
18.0
1.0
12.0
1.0
3.0
31.0
3.0
3.0
3.0
3.0
105.0
1.0
177.0
2.0
4.0
15.0
2.0
23.0
3.0
28.0
3.0
1.0
66.0
5.0
12.0
172.0
71.0
7.0
3.0
4.0
14189.0
2.0
6.0
3.0
3.0
2.0
3.0
365.0
21.0
1.0
1.0
2.0
4.0
9.0
1.0
3.0
19.0
22.0
8.0
3.0
2.0
3.0
589.0
3.0
1.0
1.0
18.0
43.0
16.0
3.0
206.0
243.0
368.0
3.0
12.0
5.0
3.0
2.0
1.0
1346.0
16.0
3.0
19.0
1.0
17.0
1.0
10.0
300.0
1216.0
13.0
5.0
8.0
87.0
1.0
1.0
1.0
9312.0
2.0
22.0
76.0
1.0
8.0
1.0
1.0
42.0
2.0
58.0
1.0
158.0
5.0
9.0
1.0
163.0
3.0
24.0
27.0
209.0
85.0
3.0
2.0
11.0
2.0
80.0
10.0
27.0
1.0
4.0
1.0
11.0
5.0
2.0
1.0
3.0
1.0
3.0
1.0
8.0
3.0
13.0
20.0
1.0
4.0
13308.0
2.0
240.0
631.0
3.0
1.0
3.0
1.0
1.0
3.0
1.0
1.0
1.0
112.0
1.0
1.0
323.0
41.0
2.0
1.0
1.0
1.0
937.0
33.0
3.0
4.0
3.0
8.0
8.0
3.0
240.0
1.0
1.0
3.0
1.0
2.0
10.0
74.0
2.0
658.0
72.0
9.0
3.0
3.0
1.0
2.0
3.0
129.0
3.0
22.0
7.0
10.0
1.0
3.0
8.0
1.0
3.0
2.0
100.0
1755.0
1.0
3.0
18.0
32.0
4.0
15.0
28.0
268.0
3.0
3.0
1.0
18.0
84.0
13.0
53.0
1.0
7.0
2.0
2.0
512.0
3.0
1.0
8.0
2.0
3.0
6.0
1.0
3.0
90.0
655.0
5.0
12.0
2.0
39.0
4.0
1.0
7.0
1.0
1.0
1.0
87.0
1.0
1.0
2.0
560.0
25.0
1.0
439.0
2.0
1.0
3000.0
453.0
2.0
7.0
1.0
3.0
4.0
55.0
32.0
1.0
157.0
7.0
3.0
31.0
14.0
3.0
2.0
3.0
5.0
3.0
60.0
1.0
3.0
10.0
15.0
4.0
10.0
2.0
420.0
3.0
4.0
53.0
1.0
2.0
1.0
1.0
1185.0
17.0
5.0
15.0
7.0
6.0
3.0
8.0
85.0
2.0
14.0
9956.0
350.0
1.0
2.0
1.0
576.0
26.0
596.0
32.0
94.0
7.0
1.0
1.0
6.0
1.0
1.0
1.0
1.0
123.0
33.0
19001.0
1.0
141.0
1.0
1.0
72.0
2.0
8.0
5.0
8.0
2376.0
118.0
5.0
3.0
3.0
48.0
2.0
8.0
3.0
4.0
351.0
24.0
23.0
2.0
1.0
3.0
18.0
5.0
387.0
1.0
2.0
737.0
165.0
1.0
43.0
47.0
10.0
25.0
5.0
2.0
1.0
27.0
2.0
22.0
27.0
3000.0
220.0
3.0
1.0
7622.0
218.0
1.0
3.0
79.0
1281.0
12.0
3.0
3.0
11.0
2.0
1.0
85.0
24.0
13.0
1.0
1.0
512.0
1.0
1.0
1.0
24.0
3.0
1.0
8.0
2.0
3.0
13.0
2302.0
2.0
2.0
1.0
21.0
3.0
3.0
1.0
19.0
3.0
1.0
1.0
9.0
244.0
41.0
999.0
2.0
3.0
1.0
14.0
386.0
3.0
3.0
1.0
596.0
19.0
3575.0
8.0
1.0
2.0
11.0
89.0
3.0
3.0
3.0
4.0
4.0
3.0
8.0
889.0
3.0
273.0
1.0
43.0
3.0
73.0
65.0
1.0
920.0
2.0
563.0
9.0
47.0
3.0
3.0
3.0
1.0
1.0
2.0
1.0
10.0
183.0
83.0
57.0
1.0
1.0
3.0
1.0
1.0
1.0
2.0
288.0
96.0
4.0
75.0
79.0
5.0
882.0
2.0
613.0
919.0
1.0
1.0
5.0
6.0
1.0
1.0
9.0
63.0
1.0
1.0
27.0
3.0
1.0
108.0
1.0
1.0
1.0
813.0
3.0
6.0
6.0
8.0
3.0
76.0
457.0
1512.0
1.0
3.0
3.0
1.0
24.0
1.0
1.0
223.0
10.0
3.0
4.0
626.0
2.0
267.0
7.0
44.0
9.0
3.0
6.0
2.0
1.0
30.0
1.0
16.0
232.0
1.0
1.0
1.0
37.0
1.0
1.0
1.0
1.0
168.0
7.0
2.0
16.0
1.0
12.0
4.0
216.0
3.0
3.0
3.0
34.0
10.0
119.0
3.0
18.0
72.0
17.0
101.0
1.0
11.0
403.0
4.0
74.0
11.0
360.0
45.0
12.0
154.0
2.0
2.0
1.0
1.0
13.0
4.0
478.0
128.0
3.0
1.0
9.0
1.0
2.0
1.0
8.0
4.0
547.0
2.0
297.0
38.0
1.0
1.0
2.0
3.0
3.0
2.0
4.0
102.0
1.0
44.0
372.0
1.0
462.0
6.0
1865.0
5.0
30.0
2.0
263.0
3.0
1.0
29.0
1.0
313.0
2.0
9.0
8.0
28.0
24.0
28.0
3.0
417.0
1.0
25.0
1.0
292.0
14.0
1.0
1.0
7.0
7.0
115.0
1.0
3.0
3.0
2.0
571.0
3.0
35.0
1.0
19.0
1.0
3.0
2.0
4.0
2.0
1.0
12.0
1.0
100.0
36.0
242.0
2.0
3.0
1.0
1189.0
133.0
3.0
21358.0
24.0
1.0
4.0
1.0
288.0
1019.0
1.0
3.0
9.0
1.0
526.0
441.0
2.0
969.0
351.0
1.0
1.0
291.0
1.0
1.0
1.0
39.0
3.0
3.0
1.0
1.0
1.0
9.0
1.0
313.0
3.0
1.0
1.0
590.0
1.0
5.0
1.0
3.0
3021.0
1015.0
63.0
1.0
5.0
278.0
1.0
1.0
19.0
1.0
7.0
3.0
3.0
66.0
120.0
2.0
14.0
6.0
1.0
50.0
41.0
2.0
949.0
358.0
1.0
357.0
14.0
16.0
1.0
3.0
4.0
50.0
1.0
3.0
1.0
301.0
661.0
1.0
3.0
497.0
1.0
3.0
9.0
1.0
1814.0
2.0
25.0
1.0
2703.0
1111.0
16.0
3.0
54.0
53.0
74.0
1.0
68.0
6.0
1.0
27.0
4.0
1163.0
2.0
1032.0
1.0
4.0
1.0
1.0
3.0
1.0
254.0
1.0
4.0
2.0
15.0
3.0
18.0
1.0
2.0
4.0
12.0
2.0
3.0
17.0
1.0
3.0
3.0
9.0
1.0
3.0
24.0
8.0
4.0
3.0
4.0
7.0
1.0
1.0
3.0
1.0
1.0
1.0
2.0
1.0
2567.0
115.0
1.0
18.0
3.0
3.0
868.0
5.0
15.0
24.0
1.0
138.0
1.0
245.0
3.0
2.0
73.0
6.0
1.0
1.0
1.0
10.0
1.0
1.0
3.0
1.0
1.0
1.0
381.0
7.0
1.0
351.0
3.0
1.0
6.0
1.0
1.0
1.0
2.0
28.0
43.0
3.0
2.0
665.0
2.0
2.0
29.0
3.0
9.0
2.0
14.0
8.0
26.0
3.0
1.0
4.0
1.0
3787.0
3.0
14.0
23.0
6.0
261.0
118.0
1.0
36.0
1.0
1.0
1.0
581.0
2.0
12.0
1444.0
3.0
1.0
1340.0
2.0
3.0
1.0
1.0
24.0
3.0
292.0
3.0
1.0
1.0
1.0
4922.0
1115.0
1.0
1.0
56.0
106.0
2.0
3.0
3.0
1.0
3.0
3.0
11.0
3.0
24.0
18.0
51.0
3.0
28.0
14.0
4.0
16.0
1.0
9.0
1.0
1.0
1.0
1.0
1.0
24.0
1.0
344.0
3.0
1.0
11.0
1.0
2.0
1.0
1.0
608.0
16398.0
40.0
3.0
4853.0
310.0
69.0
1.0
1.0
296.0
1.0
3.0
18.0
3.0
3.0
78.0
9.0
874.0
19.0
118.0
9.0
37.0
6.0
8.0
2358.0
1899.0
1.0
24.0
2599.0
2.0
96.0
2.0
3.0
2.0
2.0
2760.0
1.0
1040.0
3.0
14.0
3.0
4.0
1.0
4.0
7824.0
12.0
895.0
20.0
1.0
1.0
1.0
80.0
12.0
25.0
3.0
2.0
23.0
3.0
1.0
1.0
4.0
477.0
3.0
6.0
1.0
3.0
1.0
29.0
1.0
2.0
2.0
46.0
5.0
1.0
7.0
977.0
3.0
9.0
65.0
4.0
4612.0
262.0
4.0
17.0
1.0
2.0
27.0
1.0
97.0
1.0
2.0
1366.0
44.0
9.0
4.0
3.0
1.0
3.0
2.0
1.0
1.0
3.0
3.0
285.0
18.0
313.0
119.0
9.0
62.0
5.0
5.0
4.0
3448.0
2.0
3270.0
1.0
886.0
1.0
410.0
3.0
1.0
103.0
334.0
2.0
49.0
2.0
15.0
3.0
1.0
17.0
8.0
8.0
1.0
6.0
2.0
49.0
1.0
3.0
1147.0
1.0
11.0
33.0
9.0
563.0
4.0
3.0
1.0
1.0
1.0
3.0
1.0
1.0
1.0
2.0
3.0
1.0
4.0
1.0
1.0
134.0
6.0
1.0
24.0
1.0
12.0
1.0
1.0
1.0
826.0
3.0
202.0
1.0
282.0
3.0
55.0
282.0
1.0
8245.0
2.0
11.0
25.0
2.0
1.0
9.0
1.0
14.0
112.0
76.0
677.0
74.0
1.0
11.0
19.0
3.0
1.0
3.0
3.0
1.0
1.0
2.0
1.0
1.0
3.0
1.0
1.0
79.0
3.0
1.0
1.0
1.0
1.0
3.0
288.0
1.0
1.0
3.0
6.0
89.0
22.0
1.0
15.0
2094.0
1.0
493.0
4509.0
4.0
303.0
2.0
1.0
1.0
1.0
2.0
30.0
26.0
9.0
719.0
2.0
5.0
3.0
1.0
2.0
1.0
20.0
1.0
961.0
4.0
3.0
4.0
1.0
1.0
4.0
1.0
1.0
3.0
3.0
5633.0
1.0
5.0
3.0
1.0
742.0
3.0
1244.0
8.0
4.0
1.0
1.0
15.0
4.0
1.0
3.0
2.0
152.0
3.0
2140.0
3.0
1.0
90.0
655.0
6.0
3.0
7.0
3.0
5.0
480.0
3.0
1.0
3.0
2.0
149.0
237.0
3.0
89.0
3.0
11.0
4.0
201.0
4.0
3.0
2.0
19.0
8.0
15.0
3.0
565.0
3.0
29.0
2.0
2.0
1.0
1.0
1.0
1.0
3.0
1289.0
3.0
3.0
21.0
9.0
10.0
1.0
1.0
31.0
3.0
1.0
1.0
7.0
1.0
4.0
2.0
9.0
3.0
1.0
12.0
3.0
2.0
3.0
18.0
2.0
1.0
1.0
2.0
3.0
3.0
1.0
2970.0
4.0
1.0
3.0
2.0
2.0
1.0
3.0
3.0
2.0
1.0
1.0
1.0
3.0
7524.0
32.0
1.0
2.0
2.0
2.0
1.0
1.0
3.0
3.0
3.0
15.0
288.0
2.0
16.0
1444.0
11.0
4.0
1.0
19.0
3.0
1691.0
596.0
80.0
11.0
1.0
7.0
4.0
2798.0
38.0
1.0
668.0
5.0
118.0
1.0
1.0
3.0
1.0
1.0
3.0
28.0
3.0
3.0
2.0
2.0
4.0
3.0
35.0
22.0
1.0
78.0
1.0
107.0
18.0
1.0
7.0
1.0
18.0
3.0
2.0
25.0
1.0
337.0
32.0
1539.0
371.0
1.0
3.0
3.0
1.0
1.0
3.0
24.0
6.0
8.0
1.0
73.0
21.0
34.0
1.0
685.0
3.0
1.0
3.0
4.0
1.0
262.0
3.0
10.0
3.0
20.0
1.0
398.0
860.0
121.0
10.0
47.0
3.0
3.0
545.0
1.0
2.0
1442.0
1246.0
4.0
1.0
387.0
40.0
4.0
157.0
17.0
1.0
3.0
1.0
23.0
477.0
1.0
45.0
4.0
270.0
4.0
15.0
805.0
31.0
853.0
1.0
1.0
1.0
2.0
379.0
3.0
219.0
2.0
16.0
1.0
2.0
607.0
1.0
3.0
262.0
1.0
1.0
278.0
73.0
17.0
1.0
737.0
1.0
8.0
10.0
1.0
71.0
3.0
395.0
1.0
2.0
1.0
1.0
80.0
6.0
22.0
4.0
9.0
8.0
12.0
3482.0
2.0
3.0
2.0
1.0
3.0
1.0
1.0
1.0
90.0
207.0
2.0
1.0
1.0
14.0
2.0
2.0
2.0
450.0
2.0
7.0
2.0
1.0
1.0
126.0
1.0
566.0
3.0
1.0
126.0
3.0
2.0
3.0
17.0
2.0
3.0
6.0
2.0
88.0
3.0
445.0
1.0
3.0
17.0
1.0
1.0
17.0
10.0
3.0
1927.0
3.0
811.0
2.0
1.0
1303.0
3.0
3.0
737.0
174.0
26.0
297.0
1.0
1.0
10.0
1.0
282.0
2064.0
6.0
4.0
15.0
24.0
2.0
2.0
3.0
1.0
697.0
1179.0
8.0
3.0
68.0
278.0
1.0
1116.0
5.0
3.0
1.0
692.0
1609.0
1288.0
52.0
4.0
2.0
2.0
3.0
38.0
14385.0
1.0
3.0
11.0
36.0
1.0
7.0
3.0
1.0
62.0
3.0
58.0
2.0
1.0
2.0
262.0
887.0
2.0
4.0
7.0
1.0
492.0
1.0
110.0
1.0
1.0
53.0
1.0
8.0
2.0
512.0
13.0
2.0
189.0
227.0
2.0
1.0
20.0
22.0
24.0
1.0
12.0
2.0
1.0
1.0
3.0
1.0
1.0
407.0
60.0
16.0
2.0
1.0
1.0
44.0
1.0
3.0
1.0
16.0
3.0
2.0
3.0
3.0
117.0
5.0
2.0
6.0
24.0
3.0
10.0
1.0
1.0
18.0
25.0
5.0
3.0
3.0
1.0
1.0
1.0
45.0
66.0
20.0
2.0
2.0
17.0
1.0
235.0
2.0
1.0
50.0
6.0
1.0
4.0
1.0
24.0
2.0
3.0
1.0
53.0
2.0
314.0
2973.0
103.0
2.0
3.0
5.0
1.0
16.0
51.0
3.0
2.0
2.0
1.0
3.0
1.0
3.0
7.0
742.0
109.0
17.0
1.0
128.0
1.0
1.0
335.0
10.0
4.0
69.0
1.0
1.0
1.0
1.0
1.0
2.0
1.0
1.0
1661.0
112.0
105.0
43.0
7.0
584.0
1.0
4.0
1.0
1503.0
13.0
232.0
1.0
3.0
2.0
20.0
5.0
3.0
1.0
2.0
4.0
1.0
1.0
351.0
585.0
4.0
3.0
657.0
4.0
55.0
1.0
3.0
6.0
31.0
2.0
117.0
1.0
2.0
1.0
11.0
116.0
4.0
8.0
1.0
28.0
3.0
36.0
1.0
1.0
1.0
604.0
362.0
6.0
3.0
2.0
1.0
57.0
1.0
3.0
4.0
274.0
9.0
362.0
2.0
50.0
8.0
1.0
2.0
33.0
19.0
9.0
19.0
6.0
3.0
1.0
3.0
3.0
1.0
6.0
54.0
57.0
1.0
4.0
1.0
4.0
1136.0
158.0
32.0
2.0
7668.0
700.0
3.0
2.0
9.0
1596.0
535.0
2266.0
7.0
2.0
1.0
126.0
62.0
64977.0
519.0
3.0
1.0
65.0
1.0
54.0
2.0
1.0
3.0
1.0
2.0
6.0
4.0
2.0
1371.0
3.0
3.0
30.0
171.0
111.0
1.0
7.0
38.0
3.0
2.0
6.0
21971.0
4.0
16.0
5778.0
10001.0
126.0
64.0
6.0
3.0
4.0
23.0
11.0
14385.0
1.0
2.0
1.0
34.0
1.0
4.0
5.0
1.0
2.0
3.0
1.0
1.0
2.0
297.0
2.0
1.0
1.0
19.0
4.0
1.0
10.0
1.0
9.0
2.0
190.0
1.0
3.0
3.0
2.0
351.0
3.0
7.0
512.0
4.0
2.0
17.0
1.0
14.0
2.0
102.0
1.0
1.0
60.0
1.0
8.0
1.0
1.0
113.0
333.0
10.0
1.0
17.0
4.0
55.0
10.0
75.0
3.0
1.0
20.0
154.0
542.0
2.0
150.0
7.0
3.0
25.0
18.0
20.0
4.0
43.0
1.0
1.0
3.0
15.0
57554.0
7.0
1.0
1.0
1.0
2.0
9.0
1.0
10.0
38.0
10.0
3.0
1.0
18.0
17.0
7.0
1.0
2.0
5.0
3.0
1.0
17.0
3.0
1.0
741.0
19.0
38.0
5.0
2.0
20.0
86.0
65.0
2.0
274.0
228.0
1.0
4.0
36.0
3370.0
34.0
1.0
1.0
3414.0
3.0
134.0
11.0
116.0
84.0
6.0
3.0
1.0
83.0
3.0
3.0
1.0
364.0
73.0
44.0
3.0
1.0
3.0
1904.0
3.0
10.0
8.0
75.0
1.0
3.0
1.0
1176.0
3.0
19.0
1.0
11.0
1165.0
1.0
1.0
1.0
1.0
1.0
3.0
35920.0
6.0
65.0
23.0
486.0
4.0
3.0
7.0
1.0
1.0
3.0
1.0
1.0
1.0
3.0
5.0
474.0
2.0
3.0
6.0
1.0
1.0
1.0
1.0
11.0
1.0
8.0
8682.0
10.0
4.0
921.0
1.0
1655.0
3.0
2.0
2.0
1.0
3.0
3.0
51.0
1.0
1.0
2.0
1.0
2.0
2.0
183.0
1.0
1.0
3.0
3.0
3.0
8.0
4125.0
144.0
150.0
1.0
5.0
2.0
3.0
711.0
2.0
117.0
2.0
1.0
2.0
65.0
3.0
16.0
1.0
1.0
1.0
2.0
139.0
24.0
5.0
241.0
5.0
7447.0
2.0
1.0
576.0
3.0
8.0
7.0
1.0
16.0
4.0
3.0
1.0
65.0
2.0
96.0
242.0
2.0
69.0
1.0
3.0
737.0
85.0
2.0
5.0
30.0
1.0
3.0
349.0
1.0
145.0
39.0
1.0
1.0
66.0
9.0
2.0
1.0
20.0
6.0
292.0
2.0
1498.0
3.0
17.0
1189.0
3.0
2.0
1.0
17.0
3.0
2.0
39.0
2.0
4.0
1.0
3.0
3.0
51.0
1.0
3.0
17.0
1.0
435.0
102.0
3.0
1.0
1.0
1.0
4.0
2.0
4.0
1.0
66.0
1.0
6.0
5.0
40.0
8.0
1.0
279.0
22.0
6.0
8.0
3.0
17.0
1.0
4.0
2.0
9.0
2.0
1.0
2.0
1.0
1.0
13.0
3.0
2.0
3.0
608.0
4.0
277.0
1.0
1.0
3.0
1351.0
2.0
1.0
1.0
1.0
3.0
17.0
3.0
2.0
8.0
3.0
68.0
3.0
79.0
2.0
6.0
171.0
2.0
14.0
1.0
1762.0
8.0
3.0
3.0
9.0
1649.0
10.0
1.0
835.0
2146.0
2.0
1.0
1.0
75.0
2.0
2.0
4.0
3.0
1.0
1.0
2.0
135.0
1.0
272.0
1.0
9.0
3.0
3.0
28.0
15.0
7.0
1.0
332.0
8.0
68.0
2.0
3.0
1.0
1.0
1.0
1.0
1.0
4.0
3.0
110.0
2.0
2.0
1.0
4.0
4.0
522.0
65.0
3.0
7197.0
15.0
3.0
3.0
704.0
26.0
87.0
306.0
48.0
47.0
4.0
3.0
1398.0
1.0
5.0
1.0
1.0
2.0
1.0
2.0
1468.0
1.0
240.0
3.0
3.0
4.0
2.0
1.0
1.0
3.0
1.0
1.0
27.0
596.0
1.0
3.0
1.0
1.0
4.0
649.0
3580.0
3.0
1.0
2.0
3.0
1.0
3.0
4.0
9.0
1.0
3.0
59.0
9.0
1.0
9.0
4.0
2.0
1.0
1.0
8.0
1.0
3489.0
3.0
12.0
95.0
13.0
9.0
103.0
2.0
1.0
1.0
7.0
12.0
1.0
1.0
2.0
731.0
22.0
15.0
3.0
2.0
3.0
5.0
2.0
2.0
10.0
23.0
28.0
3.0
2.0
1.0
71.0
1.0
33.0
1.0
3.0
12.0
20.0
4.0
4.0
2.0
1.0
7.0
2.0
6200.0
1.0
2.0
15.0
28.0
3.0
24.0
1.0
1.0
1018.0
1.0
1.0
10.0
116.0
121.0
87.0
2.0
1.0
16.0
66.0
3.0
2.0
52.0
2.0
1.0
1.0
1.0
367.0
16.0
2.0
33.0
3.0
19.0
16.0
20.0
23.0
7.0
1.0
14.0
1.0
9.0
1.0
1.0
1.0
1.0
273.0
47.0
1.0
1.0
74.0
1.0
1.0
1.0
3.0
1.0
14.0
155.0
1.0
9.0
36.0
1.0
4.0
94.0
4.0
138.0
1.0
1.0
5.0
1438.0
830.0
2.0
2.0
3.0
4.0
132.0
4.0
1.0
9.0
2.0
1.0
16.0
1.0
1.0
2.0
1.0
574.0
75.0
516.0
87.0
2.0
132.0
1.0
3.0
496.0
8.0
1.0
1.0
3.0
3.0
3.0
1.0
24.0
3.0
1.0
3.0
316.0
4.0
5.0
3.0
62.0
1225.0
22.0
15.0
1.0
717.0
6.0
145.0
3.0
2.0
2.0
1.0
961.0
11652.0
1.0
4508.0
4.0
7.0
3.0
8.0
2.0
5.0
3.0
28.0
1.0
1.0
1.0
1.0
769.0
350.0
1.0
78.0
1.0
2.0
3.0
10.0
2.0
1.0
6.0
2293.0
5.0
36.0
15.0
4.0
27.0
47.0
217.0
8.0
3.0
1.0
7.0
315.0
1.0
19.0
3.0
3.0
2.0
8.0
1.0
3.0
21.0
1.0
3.0
7.0
8.0
3.0
1.0
5.0
1246.0
1.0
1.0
5.0
200.0
1.0
3136.0
3.0
1374.0
1.0
11.0
3.0
2.0
1.0
1.0
690.0
27.0
4.0
1961.0
59.0
1950.0
10.0
194.0
5.0
1.0
3.0
3.0
48.0
13.0
2.0
1.0
9.0
5.0
1634.0
1.0
14.0
9.0
10.0
1.0
2.0
55.0
1.0
4.0
5.0
2.0
3.0
1.0
3.0
42.0
1.0
2.0
4.0
1113.0
5.0
962.0
1.0
6.0
8.0
5.0
3.0
1.0
370.0
338.0
1.0
597.0
457.0
9.0
180.0
16.0
3.0
1.0
44.0
9.0
117.0
20.0
1.0
3.0
389.0
1.0
99.0
61.0
5.0
2.0
121.0
4.0
4.0
1.0
11.0
16.0
1.0
55.0
15.0
2.0
3.0
224.0
23.0
6.0
3.0
1303.0
1.0
1.0
1.0
18.0
1.0
1.0
17.0
1.0
1.0
20.0
69.0
29.0
3.0
19.0
1.0
1.0
77.0
69.0
1.0
946.0
3.0
1.0
2.0
1.0
351.0
5.0
1.0
1.0
251.0
2.0
1.0
16.0
1.0
870.0
229.0
10.0
1.0
67.0
6.0
506.0
1.0
299.0
1.0
3.0
3.0
1.0
15.0
42.0
1.0
2.0
179.0
2.0
7.0
1.0
3.0
1.0
3.0
1.0
8.0
32.0
1212.0
13.0
2.0
3.0
14275.0
5.0
3.0
1.0
2.0
1.0
1128.0
3.0
1.0
1.0
1.0
7.0
1.0
220.0
9.0
1.0
1.0
19.0
1.0
120.0
1.0
1.0
3.0
1.0
1.0
2.0
4.0
2.0
6.0
3.0
637.0
3.0
148.0
3.0
13.0
8.0
4.0
19.0
14.0
3.0
3.0
605.0
1.0
1.0
2.0
3.0
1.0
3.0
7.0
2.0
3.0
1.0
404.0
3.0
1.0
242.0
2862.0
805.0
1.0
3.0
1.0
5.0
1.0
1.0
3.0
182.0
7.0
1.0
3.0
18.0
9.0
664.0
42.0
2.0
1.0
1.0
393.0
1180.0
1.0
423.0
1.0
1.0
2.0
7.0
44.0
1.0
40.0
2.0
1.0
3.0
22.0
3.0
3.0
1.0
113.0
22.0
10.0
973.0
1.0
1.0
47.0
1.0
324.0
1441.0
1.0
1.0
1.0
1.0
313.0
1.0
2.0
1.0
1.0
4.0
25.0
1.0
1.0
3.0
1.0
1.0
2.0
1.0
1.0
150.0
421.0
14.0
36.0
3.0
1.0
2.0
950.0
24.0
4.0
2.0
263.0
1.0
40.0
3.0
1.0
12.0
3.0
3.0
1.0
4.0
3.0
1082.0
1.0
78.0
288.0
1.0
4.0
55.0
3.0
1.0
36.0
310.0
862.0
23.0
4.0
3.0
1.0
1.0
3.0
484.0
1.0
48.0
3.0
4.0
3.0
1.0
338.0
3.0
1.0
5561.0
3.0
843.0
1.0
3.0
1.0
4.0
1.0
20.0
3.0
1.0
10.0
51.0
14.0
15.0
3.0
3.0
3.0
11.0
959.0
3.0
5.0
27.0
3.0
1.0
2.0
1.0
1.0
11.0
2.0
19.0
3.0
3.0
3.0
3.0
3.0
3.0
4.0
4.0
3.0
4.0
4.0
1.0
55.0
30.0
45.0
23.0
1.0
20.0
15.0
1.0
8.0
9.0
1.0
1.0
8.0
2.0
2.0
6584.0
109.0
1.0
3.0
36.0
596.0
16.0
1.0
550.0
6.0
565.0
1.0
3.0
1038.0
9.0
2.0
25.0
1.0
165.0
961.0
8.0
3.0
300.0
402.0
1.0
1.0
2.0
3.0
10.0
1.0
3.0
9.0
3.0
4.0
2.0
382.0
1.0
69.0
2.0
1.0
31556.0
7.0
4803.0
2.0
1.0
1.0
3.0
75.0
3.0
4.0
292.0
2.0
520.0
17.0
3.0
1.0
2.0
2.0
39.0
37.0
1.0
31.0
3.0
17.0
3.0
1.0
2.0
1.0
1.0
3.0
2.0
1.0
206.0
1.0
1.0
1.0
3.0
3.0
2.0
24.0
1.0
260.0
611.0
86.0
1.0
3.0
10.0
473.0
107.0
3.0
9.0
2.0
2328.0
3.0
1.0
5.0
1.0
3.0
3122.0
1.0
2044.0
2.0
2.0
9.0
9.0
20.0
106.0
751.0
1.0
1.0
1.0
2.0
2.0
152.0
4.0
6.0
1.0
183.0
4.0
3.0
2.0
1.0
2.0
224.0
421.0
5.0
1.0
1.0
36.0
1016.0
1.0
2.0
19.0
51.0
3.0
1.0
3.0
21.0
886.0
7.0
3.0
4.0
2.0
1225.0
19.0
3.0
16.0
2.0
1.0
3.0
2.0
21.0
2.0
2.0
70.0
11.0
5.0
214.0
1.0
3.0
1.0
835.0
1.0
2319.0
1.0
1.0
1.0
1.0
18.0
1.0
1.0
9.0
54.0
31.0
23.0
2345.0
822.0
24.0
3.0
3.0
19.0
3.0
1352.0
1.0
16.0
5.0
14.0
14.0
279.0
1.0
1.0
1.0
1.0
1.0
4.0
292.0
1677.0
1.0
1.0
3.0
7.0
1.0
25.0
1.0
3.0
3.0
22.0
12.0
3.0
6.0
36.0
9.0
3.0
76.0
1110.0
3.0
15.0
248.0
1.0
4.0
8.0
1.0
3.0
1.0
3306.0
292.0
1.0
1.0
3.0
3.0
1579.0
3.0
614.0
1.0
431.0
154.0
2.0
666.0
1.0
3.0
3.0
603.0
288.0
6281.0
32.0
270.0
1907.0
1.0
1.0
288.0
2.0
13.0
5.0
651.0
4.0
3.0
261.0
3.0
1.0
2.0
26.0
1.0
3.0
3.0
1.0
31.0
1.0
3.0
19.0
1.0
1.0
640.0
340.0
20.0
14.0
3.0
1.0
1.0
65.0
1.0
17.0
1.0
5.0
3.0
2.0
105.0
78.0
1.0
3.0
1.0
4.0
34.0
3.0
2.0
1.0
19.0
1.0
19.0
1.0
16.0
24.0
23.0
1.0
3.0
4.0
24.0
1.0
7.0
1.0
2.0
8.0
2204.0
1.0
2.0
6.0
5.0
2.0
1.0
98.0
10.0
1.0
4.0
3.0
1058.0
3.0
338.0
1.0
1.0
2.0
10.0
199.0
351.0
8.0
1.0
10.0
1.0
15.0
109.0
187.0
1093.0
1.0
9.0
57.0
1.0
3.0
24.0
29.0
1.0
1.0
3.0
288.0
4083.0
1.0
3.0
4.0
1.0
5.0
5.0
2.0
31.0
1092.0
3.0
17.0
1.0
230.0
3.0
63.0
1.0
6.0
351.0
36.0
1.0
190.0
1.0
2.0
113.0
1.0
2.0
22.0
1.0
1.0
3.0
519.0
1.0
1.0
1.0
2.0
21.0
48.0
5.0
291.0
1.0
1225.0
5.0
941.0
1.0
4.0
1.0
259.0
6.0
1.0
1.0
316.0
1.0
1.0
2.0
126.0
14.0
3.0
3.0
3.0
4.0
1.0
8.0
1.0
22.0
3.0
9.0
1.0
2.0
15.0
4.0
1.0
3.0
129.0
228.0
5.0
2.0
1.0
1.0
5.0
70.0
1.0
8.0
2.0
1.0
164.0
2.0
24.0
2.0
128.0
225.0
74.0
8.0
2.0
3.0
1.0
68.0
3.0
1.0
1.0
3.0
1.0
12.0
4.0
1.0
2.0
6840.0
3.0
1.0
3.0
313.0
1.0
1.0
3.0
12.0
3.0
4.0
1.0
3.0
232.0
3.0
7.0
4.0
3.0
1.0
59.0
513.0
143.0
21.0
16.0
1.0
3.0
2.0
1.0
538.0
1.0
10.0
2.0
7.0
8.0
74.0
2.0
2.0
8.0
1.0
337.0
55.0
4.0
3.0
3.0
1.0
1.0
2.0
4.0
2.0
2.0
3.0
2.0
3.0
512.0
3.0
1.0
1.0
3.0
537.0
1.0
1.0
8.0
118.0
6.0
1.0
3.0
5.0
1.0
33.0
38.0
23.0
57.0
3.0
351.0
351.0
4.0
1.0
27.0
3.0
8.0
288.0
1.0
7.0
16.0
4.0
3.0
46.0
926.0
48.0
1.0
1.0
2.0
1.0
3.0
2.0
2.0
1.0
4.0
4.0
1.0
1.0
3.0
35.0
3.0
3.0
282.0
9.0
6.0
3.0
1070.0
3.0
11.0
3.0
1.0
15.0
19.0
3.0
245.0
31.0
903.0
3.0
9.0
33.0
1.0
4.0
3.0
17.0
15.0
8.0
1.0
2.0
1.0
16.0
98.0
2.0
3.0
322.0
92.0
4.0
23.0
54.0
274.0
700.0
7.0
14.0
9.0
225.0
2.0
7.0
1.0
11.0
1.0
1.0
3.0
5.0
219.0
965.0
1.0
5.0
1.0
1.0
3.0
1.0
3.0
1.0
3.0
651.0
28.0
1.0
1.0
374.0
3.0
21.0
3.0
114.0
1.0
251.0
285.0
27.0
1.0
1.0
6383.0
251.0
1.0
25.0
1.0
9.0
19.0
67.0
13634.0
1.0
1.0
5.0
8.0
1230.0
1.0
3.0
591.0
512.0
1.0
1.0
3.0
1.0
2.0
2.0
1155.0
1.0
1.0
2.0
297.0
1.0
2.0
3.0
3.0
21.0
25.0
1.0
3.0
4.0
3.0
6.0
2.0
1.0
3.0
3.0
1.0
2.0
24.0
1.0
7.0
2.0
166.0
758.0
3.0
4.0
243.0
1.0
4.0
222.0
1.0
1.0
7337.0
114.0
2.0
4.0
5.0
2070.0
3.0
19.0
3.0
421.0
3601.0
2.0
3.0
55.0
85.0
114.0
62.0
1.0
5.0
2.0
16.0
8.0
14.0
1.0
1.0
70.0
3.0
15.0
1.0
3.0
1.0
13.0
8.0
15785.0
14354.0
2.0
3.0
236.0
1.0
1.0
1.0
9.0
1.0
172.0
422.0
2.0
1.0
140.0
4.0
7.0
1.0
1.0
1.0
176.0
1.0
4.0
3.0
1.0
3.0
3564.0
2098.0
1.0
3.0
2.0
70.0
2.0
3.0
3.0
3.0
94.0
1.0
2.0
140.0
44.0
1.0
6.0
4.0
1.0
2.0
31.0
75.0
1.0
4.0
3.0
43.0
71.0
38.0
697.0
2.0
291.0
1.0
2.0
6.0
36.0
7.0
3.0
1.0
1.0
1.0
19.0
169.0
2.0
1.0
44.0
3.0
6.0
67.0
267.0
3.0
484.0
280.0
1.0
596.0
323.0
364.0
1.0
1018.0
1.0
1.0
97.0
2.0
2.0
20.0
123.0
3.0
23.0
313.0
10.0
3.0
5.0
2.0
11.0
3.0
45.0
3.0
3.0
260.0
3.0
2.0
1.0
1.0
15.0
45.0
2.0
466.0
4.0
119.0
2.0
83.0
32.0
812.0
74.0
1.0
4.0
5.0
11.0
1.0
57.0
3.0
1.0
2.0
14.0
3.0
4.0
88.0
3.0
8.0
5.0
3.0
10.0
10.0
2.0
739.0
1908.0
4.0
1.0
9.0
4.0
2.0
1.0
11.0
8.0
2.0
39064.0
2.0
1.0
4.0
4.0
3.0
1.0
51.0
2.0
1375.0
1.0
1686.0
24.0
6.0
3.0
1.0
9.0
2.0
2.0
2.0
14.0
27.0
4.0
33.0
4.0
1.0
55.0
288.0
1.0
667.0
3.0
3.0
9.0
258.0
3.0
31.0
61.0
25.0
1.0
2.0
12.0
1570.0
3.0
1800.0
8.0
1.0
8.0
1.0
1.0
3.0
1.0
1976.0
7.0
2.0
2.0
362.0
157.0
1.0
4.0
4.0
3.0
6.0
9.0
420.0
3.0
1.0
3.0
1.0
3.0
2.0
12.0
3.0
124.0
12.0
5.0
1.0
9.0
7.0
4.0
24.0
30.0
3.0
2.0
131.0
1.0
17.0
3.0
2.0
3.0
72.0
1.0
4133.0
4.0
8.0
1.0
1.0
1.0
22.0
3.0
2.0
351.0
1.0
1.0
1.0
3.0
1449.0
5.0
3.0
22.0
4.0
1.0
1.0
460.0
6.0
4.0
8.0
1.0
9.0
1.0
909.0
106.0
1.0
1.0
1.0
19.0
2.0
63.0
4.0
5515.0
3.0
1.0
4270.0
9.0
2.0
2.0
73.0
1.0
3.0
1.0
338.0
5.0
40.0
14.0
3.0
888.0
4.0
8.0
421.0
16.0
1012.0
6.0
3.0
1.0
1.0
2.0
4.0
70.0
103.0
3.0
4.0
4.0
50.0
1.0
20.0
11.0
2.0
3.0
1.0
8.0
1.0
3.0
1.0
3.0
584.0
253.0
30.0
4.0
1.0
1.0
2.0
576.0
3.0
3.0
4.0
2.0
8.0
2.0
203.0
123.0
5.0
1431.0
1.0
4.0
3.0
13.0
3.0
24.0
1.0
1628.0
3.0
1.0
2.0
27.0
12.0
3.0
3.0
4.0
1.0
1.0
9.0
2.0
240.0
9.0
3.0
15.0
332.0
9.0
9.0
1.0
271.0
139.0
35265.0
1.0
1.0
65.0
2.0
3.0
56.0
47.0
350.0
577.0
1.0
37.0
18.0
36.0
1420.0
3.0
73.0
4.0
8.0
181.0
72.0
46.0
3.0
1.0
1.0
21.0
9.0
3.0
1.0
15.0
35.0
38406.0
44.0
3.0
2.0
3.0
1.0
2.0
957.0
1.0
8.0
24.0
1.0
3.0
1.0
1.0
8.0
2.0
8.0
1.0
283.0
1.0
7.0
68.0
2034.0
336.0
105.0
38.0
1.0
2.0
1.0
3.0
3.0
1.0
2.0
5.0
135.0
324.0
2.0
159.0
3.0
1.0
49.0
288.0
24.0
5.0
20.0
10.0
1.0
4.0
1.0
1.0
1.0
1.0
6.0
1.0
2.0
4.0
1.0
2.0
17.0
1.0
2.0
3.0
1.0
275.0
3.0
10.0
1.0
20.0
1.0
81.0
75.0
1.0
1.0
1.0
1.0
1.0
1018.0
1.0
351.0
1.0
3.0
609.0
1.0
1.0
95.0
8.0
3.0
3.0
1427.0
2.0
3.0
1.0
3932.0
1.0
1.0
442.0
2.0
6.0
32.0
24.0
296.0
81.0
25.0
1.0
1.0
25.0
5.0
1045.0
1.0
158.0
31.0
4.0
3.0
28.0
1.0
86.0
1.0
2142.0
2.0
5.0
1.0
3.0
17.0
2.0
201.0
1.0
3.0
1.0
28.0
4.0
14.0
1.0
1.0
1.0
977.0
7.0
66.0
4.0
3.0
4.0
749.0
1.0
1207.0
11.0
3.0
638.0
221.0
339.0
9.0
3.0
1.0
3.0
897.0
3.0
3.0
1.0
1.0
4.0
22.0
3.0
8.0
3.0
2.0
1.0
2.0
1.0
3.0
2.0
19.0
2.0
3.0
1.0
224.0
405.0
2.0
2753.0
1021.0
4.0
2.0
3.0
2.0
13.0
1.0
1.0
1.0
3.0
2.0
233.0
128.0
3.0
1.0
2.0
1.0
16.0
24.0
14385.0
974.0
2.0
3.0
13.0
9.0
20.0
1.0
3.0
3.0
2.0
202.0
4.0
2.0
14.0
3.0
4.0
3.0
3.0
1.0
1.0
7.0
32.0
6.0
21.0
3.0
3.0
2.0
7.0
106.0
3.0
1.0
5.0
2.0
2.0
59.0
9.0
512.0
32.0
6.0
1.0
1.0
3.0
34.0
2.0
61.0
16.0
1.0
292.0
6.0
5.0
5.0
1.0
606.0
42.0
2.0
1.0
4.0
1.0
3.0
20.0
3940.0
1.0
2.0
1246.0
33.0
3.0
946.0
2.0
18.0
5.0
3.0
4.0
407.0
1.0
22.0
19.0
2.0
3.0
2.0
1.0
375.0
7.0
4.0
3.0
2307.0
1.0
4.0
299.0
1.0
1.0
5.0
2.0
4.0
1.0
341.0
407.0
2.0
6.0
3.0
743.0
3.0
1526.0
13.0
2.0
693.0
3.0
19.0
17.0
10.0
1.0
3.0
3.0
818.0
93.0
1.0
1.0
20.0
3.0
1.0
20.0
3.0
1461.0
1.0
3.0
7.0
1.0
5.0
35.0
351.0
1.0
354.0
172.0
41.0
3.0
2.0
11.0
2.0
3.0
9.0
3.0
12.0
202.0
1.0
65.0
14.0
2.0
3.0
25.0
3.0
2.0
286.0
13151.0
1.0
1.0
1.0
3.0
142.0
1.0
30.0
3.0
6.0
3.0
2.0
3.0
3.0
7.0
2.0
798.0
3.0
8.0
1623.0
1.0
1.0
1.0
4.0
1.0
91.0
4.0
6.0
7.0
8.0
3.0
3.0
9.0
3.0
6.0
1.0
241.0
11.0
5.0
277.0
1.0
9.0
16.0
515.0
1.0
1.0
65.0
1.0
15.0
3.0
60.0
1.0
1.0
1.0
76.0
9.0
1.0
14.0
7.0
7.0
298.0
1.0
5.0
2.0
111.0
1.0
218.0
3.0
6.0
1.0
5.0
9.0
3.0
265.0
33.0
13.0
1.0
1.0
692.0
2.0
2.0
149.0
3.0
39.0
7.0
2651.0
7.0
1.0
1.0
35.0
914.0
1.0
8.0
3.0
22.0
3.0
1.0
1.0
1.0
418.0
62.0
23.0
1.0
2.0
37.0
3.0
308.0
24.0
78.0
3.0
12.0
4.0
3.0
2.0
1.0
1.0
327.0
3.0
3.0
8.0
23.0
5.0
1102.0
80.0
3.0
282.0
5070.0
45.0
166.0
10.0
1.0
3.0
15.0
1.0
7.0
282.0
26.0
449.0
1.0
40.0
83.0
12.0
2.0
1610.0
2.0
4.0
22.0
2.0
611.0
17.0
1.0
3.0
5346.0
779.0
188.0
16.0
24.0
1.0
1.0
1.0
3.0
1.0
118.0
3.0
3.0
2.0
1.0
3.0
1.0
1.0
2.0
19.0
5.0
1.0
349.0
1.0
1.0
1236.0
7.0
2.0
1.0
38.0
20.0
104.0
8.0
1.0
4.0
9.0
1.0
4.0
46.0
686.0
35.0
19.0
3.0
18.0
972.0
40925.0
3.0
17.0
1.0
3.0
3.0
1.0
1.0
3.0
1.0
2.0
1.0
1056.0
65.0
6.0
7.0
24.0
4.0
14772.0
3.0
10.0
3.0
6.0
2.0
4.0
2.0
3.0
2.0
9.0
1077.0
25.0
2.0
1.0
452.0
3.0
2.0
4907.0
178.0
1.0
3.0
1303.0
16.0
1184.0
1.0
1.0
1.0
8.0
4.0
3.0
2.0
3.0
3.0
3.0
3.0
1.0
19.0
1.0
19.0
5.0
15.0
4.0
3354.0
1.0
30.0
1.0
1.0
13.0
3.0
3.0
5.0
19.0
19.0
11.0
686.0
3.0
1448.0
1.0
32.0
22.0
1.0
2.0
316.0
5.0
3.0
5.0
3.0
2.0
1.0
12.0
2.0
22.0
1.0
10.0
14.0
2.0
1.0
1.0
1.0
8.0
1.0
40.0
1.0
232.0
3.0
3.0
1.0
3.0
6.0
1.0
8.0
3.0
3.0
11.0
3.0
1.0
1.0
4.0
517.0
638.0
2.0
292.0
1.0
1.0
1.0
1.0
62.0
247.0
1.0
174.0
5.0
3.0
3.0
961.0
3.0
6.0
1.0
14.0
4.0
3233.0
1.0
10.0
1111.0
3.0
1.0
2.0
1.0
1.0
2.0
1.0
8.0
1.0
5.0
4.0
19.0
5.0
2.0
1.0
1.0
117.0
1.0
2.0
7.0
950.0
28.0
3.0
3.0
866.0
86.0
2.0
7.0
7.0
1.0
89.0
4.0
2.0
8.0
27.0
3.0
10.0
19.0
2.0
30.0
27.0
54.0
1.0
21.0
1.0
135.0
2.0
12.0
3.0
35.0
1.0
12.0
2.0
460.0
8.0
44.0
1.0
1270.0
2.0
92.0
2.0
5.0
77.0
6.0
429.0
1.0
64.0
2.0
2.0
1.0
14.0
48.0
1.0
1.0
1.0
1.0
2.0
1.0
1637.0
8.0
3.0
1.0
176.0
3.0
2.0
16.0
1.0
66.0
4.0
16.0
800.0
288.0
2.0
6348.0
19.0
1.0
1.0
4.0
5.0
3.0
8.0
2.0
732.0
3.0
1.0
3.0
2.0
5.0
963.0
7.0
2.0
55.0
1.0
47.0
3.0
6821.0
17.0
5.0
305.0
1.0
2.0
1.0
367.0
41.0
3.0
2.0
6.0
9.0
2.0
3.0
351.0
4.0
2.0
370.0
14.0
1.0
9.0
95.0
400.0
29.0
1.0
2.0
72.0
5.0
59.0
25.0
444.0
492.0
1.0
1.0
1.0
1.0
280.0
2.0
5.0
3.0
861.0
697.0
2.0
20.0
21.0
5.0
3.0
3.0
2.0
1.0
2.0
1.0
13.0
292.0
1.0
2.0
111.0
113.0
138.0
19.0
13.0
17.0
2.0
3.0
13214.0
39.0
4.0
1142.0
1.0
20.0
1141.0
3.0
1.0
1.0
1.0
46.0
5.0
1.0
3.0
282.0
33.0
6.0
57.0
1.0
2.0
13.0
1.0
9.0
1.0
5.0
19.0
1.0
578.0
13.0
7.0
6.0
4.0
2000.0
12.0
27853.0
2.0
56.0
686.0
1096.0
3.0
1.0
12119.0
259.0
1.0
1.0
596.0
7.0
1250.0
2.0
2640.0
1776.0
1903.0
23.0
55.0
57.0
2.0
564.0
3.0
3.0
1.0
1.0
3.0
383.0
4.0
1.0
74.0
1.0
4.0
3.0
1067.0
1.0
2.0
17.0
1.0
3.0
64.0
55.0
6.0
220.0
83.0
8.0
13.0
1.0
4.0
7.0
1.0
16.0
52.0
8.0
1.0
2.0
1.0
3.0
401.0
3.0
3.0
130.0
5.0
4109.0
248.0
9479.0
7.0
1.0
3.0
62.0
2.0
8.0
5.0
11.0
28562.0
1.0
3.0
2.0
7.0
8.0
1.0
8.0
7.0
3.0
36.0
753.0
1.0
242.0
24.0
2.0
29.0
4.0
1.0
46.0
1.0
3.0
5.0
5.0
1.0
152.0
1.0
10.0
4.0
75.0
3.0
5.0
64.0
5389.0
1.0
4.0
1.0
1.0
3.0
14.0
30.0
3.0
3.0
1.0
10.0
689.0
1.0
2.0
20.0
172.0
2.0
33.0
7.0
22.0
1.0
2.0
1.0
2361.0
4.0
57.0
1.0
1.0
3.0
776.0
3.0
3.0
4.0
2352.0
2.0
3.0
1.0
19.0
1.0
2.0
1.0
1.0
1.0
1.0
468.0
13.0
678.0
19.0
17.0
3.0
3.0
9.0
20.0
10.0
5.0
300.0
8.0
8.0
3.0
1.0
5.0
40.0
1.0
167.0
159.0
1.0
1.0
65.0
3.0
2.0
20.0
13703.0
41.0
133.0
4.0
3.0
2.0
37.0
2.0
1.0
360.0
3.0
19.0
59.0
3.0
2.0
3.0
9.0
936.0
1.0
1.0
1.0
1.0
1.0
1.0
1.0
3.0
9.0
4.0
15.0
1.0
12.0
4.0
241.0
102.0
4.0
15.0
1.0
5.0
3.0
5.0
3.0
1.0
103.0
1586.0
7.0
39.0
6.0
3.0
2.0
1.0
1.0
2.0
109.0
1.0
137.0
6.0
6.0
1.0
6.0
6.0
3.0
2.0
1.0
3.0
2.0
3.0
596.0
2.0
2.0
188.0
1.0
801.0
17.0
3.0
2.0
21.0
9.0
3.0
19.0
1.0
1.0
1.0
364.0
1.0
3.0
105.0
22.0
16.0
3.0
104.0
2.0
4.0
3.0
71.0
9.0
3.0
105.0
5.0
3.0
350.0
2.0
784.0
157.0
2.0
157.0
2.0
13.0
3.0
1.0
7884.0
2.0
8.0
5.0
7.0
5.0
2651.0
3.0
52.0
2.0
19.0
2.0
110.0
6.0
1.0
3.0
4.0
28.0
5.0
1.0
16885.0
11.0
2.0
1111.0
5.0
2.0
59.0
103.0
1.0
2.0
282.0
50.0
1.0
3.0
6.0
6.0
5.0
3.0
7.0
3.0
55.0
9.0
13.0
1038.0
2.0
7.0
1.0
4.0
1.0
1.0
1.0
144.0
138.0
1.0
1.0
1.0
1.0
127.0
159.0
2.0
3.0
3.0
2.0
87.0
3.0
591.0
1.0
1.0
1.0
4.0
3.0
2.0
1.0
822.0
4.0
201.0
9.0
3.0
3.0
4.0
2.0
3.0
1.0
1.0
3.0
3.0
4.0
13.0
430.0
6.0
17.0
1.0
3.0
1.0
23.0
2.0
147.0
2.0
3.0
4.0
8.0
5.0
14.0
30.0
355.0
37.0
30.0
835.0
3.0
24.0
1.0
2.0
3.0
5.0
630.0
3.0
419.0
5.0
1027.0
1102.0
1.0
2.0
24.0
1.0
8.0
1.0
1.0
2.0
1.0
1796.0
3.0
3.0
2.0
12.0
6.0
38.0
3.0
338.0
142.0
3.0
1.0
142.0
9.0
5.0
469.0
2.0
8.0
3.0
2.0
3.0
298.0
13.0
2.0
1.0
1.0
3.0
1.0
299.0
102.0
4.0
797.0
2.0
4.0
452.0
3.0
1.0
3.0
13.0
1.0
25.0
1.0
3.0
12.0
74.0
3.0
131.0
1.0
1.0
4.0
1.0
1210.0
3.0
8.0
6.0
13.0
22.0
3.0
1.0
2.0
59.0
20.0
421.0
3.0
1.0
1.0
17.0
212.0
23.0
30.0
7.0
514.0
7.0
32.0
157.0
2.0
9.0
74.0
950.0
3.0
345.0
3.0
1.0
1.0
1432.0
1.0
1496.0
9.0
11.0
1.0
3.0
1.0
8.0
6.0
18.0
43.0
2.0
14.0
4.0
7.0
10.0
4.0
21.0
9.0
9.0
1.0
2.0
102.0
33.0
886.0
8.0
1.0
3.0
3.0
1.0
1.0
184.0
1.0
4.0
52.0
516.0
1.0
2.0
5.0
4.0
45.0
1.0
3.0
1.0
1.0
7.0
7.0
31.0
1.0
20.0
4.0
3.0
74.0
9.0
142.0
102.0
6.0
21.0
2.0
31.0
2.0
8.0
2.0
1.0
292.0
4.0
12.0
324.0
11.0
1225.0
1.0
3.0
1.0
2.0
21.0
51.0
3.0
100.0
1888.0
2.0
1.0
1.0
89.0
2.0
3.0
1.0
2.0
3.0
3.0
2.0
2.0
46.0
2.0
2.0
3.0
559.0
4.0
3.0
6.0
24.0
3522.0
108.0
12.0
202.0
3.0
202.0
1.0
1.0
2.0
621.0
849.0
8.0
16.0
14.0
1.0
2.0
457.0
5.0
3.0
5.0
18.0
9.0
1.0
313.0
4.0
3.0
19.0
8.0
282.0
1.0
3.0
3.0
4.0
210.0
2.0
2.0
2.0
7.0
4.0
49.0
7.0
5.0
10.0
19.0
3.0
1.0
8.0
2.0
1.0
7.0
1.0
149.0
426.0
1.0
32733.0
31.0
9.0
1.0
4.0
1.0
4.0
1.0
6.0
1.0
1.0
1.0
24.0
1.0
2.0
8876.0
3.0
3.0
1.0
596.0
1.0
10.0
1.0
23.0
618.0
3.0
2.0
4.0
313.0
11.0
6.0
171.0
85.0
3.0
6.0
1.0
8.0
1.0
58.0
141.0
14.0
206.0
33.0
93.0
2.0
1.0
1087.0
50.0
132.0
1.0
4.0
1.0
873.0
24.0
1.0
43.0
12.0
14385.0
278.0
3.0
15.0
3.0
10.0
1.0
3.0
3.0
9.0
50.0
1.0
3.0
3.0
3.0
1.0
7.0
1601.0
31.0
6.0
24.0
139.0
2.0
3.0
46.0
2.0
1.0
4.0
7.0
3.0
1.0
313.0
1.0
3.0
192.0
19.0
116.0
1.0
744.0
55.0
1.0
3.0
7.0
294.0
4.0
49.0
5.0
3.0
157.0
4664.0
8.0
8.0
1.0
1.0
3.0
19.0
28.0
2.0
14.0
2.0
8.0
7.0
3.0
1.0
1.0
3.0
1042.0
3.0
5.0
8.0
154.0
5.0
3.0
57.0
2.0
2.0
5.0
535.0
1.0
3.0
2.0
374.0
6.0
1.0
1678.0
2.0
1496.0
1.0
4.0
11157.0
1.0
77.0
1.0
3.0
9.0
1.0
19.0
13.0
1.0
529.0
3.0
1.0
2.0
1.0
4.0
194.0
3.0
1.0
15.0
2.0
68.0
6.0
3.0
18.0
992.0
2.0
2.0
674.0
1.0
3.0
37.0
35.0
44.0
209.0
239.0
4.0
55.0
10.0
1.0
3.0
108.0
1.0
1.0
3.0
4.0
1.0
24.0
5.0
1.0
171.0
1.0
6.0
873.0
16.0
1.0
3.0
1.0
1.0
2.0
2.0
369.0
891.0
1.0
64.0
102.0
31.0
5.0
6.0
13.0
48.0
8.0
313.0
631.0
6.0
1.0
13.0
1911.0
67.0
60.0
21.0
45.0
421.0
1.0
29.0
51.0
1.0
1.0
37.0
79.0
1.0
3.0
1.0
1.0
8.0
1.0
9.0
3.0
1.0
1.0
2.0
1.0
596.0
1449.0
46.0
1.0
27.0
282.0
313.0
1.0
1.0
175.0
2.0
1.0
55.0
130.0
6.0
3.0
3.0
71.0
6.0
2.0
1.0
19.0
4.0
6.0
1.0
452.0
379.0
1.0
9.0
18.0
3.0
2.0
10.0
1.0
329.0
1.0
3.0
1183.0
1099.0
1457.0
1.0
1.0
18.0
3.0
167.0
2.0
3.0
3.0
2.0
5.0
2.0
3.0
22.0
21.0
1051.0
2.0
3.0
75.0
35.0
3.0
835.0
269.0
19.0
241.0
3.0
2.0
2.0
8.0
1.0
3.0
3.0
36.0
3.0
1.0
72.0
6.0
3.0
3.0
334.0
3.0
1111.0
2.0
101.0
120.0
1.0
26.0
25.0
83.0
67.0
2.0
960.0
635.0
1.0
451.0
3.0
1.0
3.0
26.0
1.0
2.0
19.0
2.0
5.0
280.0
12.0
31.0
943.0
4.0
8.0
12.0
1.0
2.0
18.0
1.0
7.0
20.0
21953.0
49.0
1.0
65.0
1.0
8.0
102.0
3.0
4.0
12.0
1.0
3.0
1.0
87.0
5.0
3.0
611.0
1.0
13.0
1.0
20.0
1.0
1.0
1.0
8.0
4.0
2349.0
5.0
32.0
3.0
2.0
3.0
18.0
1.0
2.0
288.0
36.0
66.0
23.0
2.0
3.0
37.0
3.0
4.0
870.0
235.0
3.0
1.0
1.0
388.0
6.0
2.0
4.0
19.0
2.0
15.0
2.0
8.0
2.0
19.0
54.0
1.0
3.0
1.0
1.0
3.0
2.0
530.0
1172.0
1.0
52.0
15.0
1.0
5.0
3391.0
1.0
1.0
3.0
1.0
223.0
1.0
1.0
2.0
5.0
14.0
1.0
1.0
1.0
1.0
97.0
13.0
288.0
2.0
1.0
1.0
6.0
197.0
3.0
1.0
831.0
1.0
1.0
26.0
9.0
275.0
9.0
3.0
14.0
379.0
1.0
1.0
7.0
2.0
124.0
9.0
9.0
1044.0
161.0
4.0
3.0
10.0
3.0
4.0
1.0
1255.0
1.0
23157.0
4.0
614.0
154.0
9.0
1.0
2.0
3.0
1.0
1.0
2.0
3.0
1.0
102.0
4.0
1.0
1.0
1.0
25.0
1.0
9.0
1.0
1182.0
1.0
16.0
2.0
1.0
370.0
3.0
2577.0
842.0
4.0
2.0
214.0
446.0
5.0
3.0
24.0
1.0
4453.0
537.0
1.0
363.0
1.0
668.0
6.0
3.0
338.0
3.0
461.0
3.0
7.0
43.0
8.0
209.0
3.0
92.0
4.0
12.0
3.0
2.0
282.0
1.0
1.0
1.0
7.0
16.0
19.0
1330.0
1.0
134.0
3.0
35.0
3.0
3.0
3.0
758.0
33.0
3.0
1612.0
10.0
1113.0
2.0
16.0
103.0
2.0
3.0
1.0
492.0
1047.0
12.0
5.0
1.0
1.0
1.0
87.0
1.0
2.0
1.0
85.0
305.0
2083.0
24.0
4.0
443.0
2.0
3.0
2.0
2.0
17.0
20.0
33.0
71.0
11.0
2.0
87.0
542.0
2.0
14.0
4.0
1.0
14.0
1.0
5.0
5.0
183.0
394.0
1.0
1.0
8.0
104.0
4.0
3.0
1.0
2.0
2.0
13.0
1.0
1.0
426.0
4.0
1.0
31.0
41.0
6.0
1080.0
1.0
2.0
5.0
24.0
24.0
56.0
1.0
4.0
1.0
3.0
5.0
1.0
7.0
2.0
1.0
9.0
362.0
1.0
6.0
3.0
3.0
12.0
65.0
1.0
11.0
1.0
48.0
1.0
16.0
3.0
1.0
55.0
18.0
1.0
3.0
39.0
7.0
1.0
1.0
834.0
129.0
2.0
1.0
2.0
503.0
1.0
12.0
8.0
1.0
1403.0
1.0
2.0
3.0
1.0
1.0
4.0
1.0
42.0
3.0
2.0
6.0
1.0
8.0
62.0
1355.0
86.0
963.0
603.0
410.0
14.0
2.0
3.0
3.0
1.0
4.0
1.0
1.0
30.0
1810.0
7.0
1.0
1.0
1.0
5.0
1.0
2.0
39.0
3.0
3.0
4.0
28.0
24.0
201.0
3.0
2066.0
2.0
1.0
59.0
143.0
13.0
5.0
1.0
3.0
2.0
1.0
6.0
1.0
1.0
51.0
7.0
31.0
386.0
5491.0
1.0
1.0
8.0
1018.0
17.0
1.0
2045.0
30.0
1.0
2.0
3.0
7.0
6.0
3.0
4597.0
24.0
7.0
1.0
1.0
1.0
2.0
10.0
3.0
1.0
57.0
3.0
21358.0
20.0
6.0
4.0
3.0
1.0
5618.0
743.0
20.0
1.0
98.0
1.0
2651.0
3.0
316.0
93.0
2.0
1.0
1.0
2.0
7.0
1.0
1.0
2840.0
455.0
1057.0
7.0
41.0
3.0
1.0
9.0
30.0
336.0
3.0
16.0
6.0
1.0
313.0
11.0
523.0
1.0
1.0
3308.0
340.0
1.0
3.0
3.0
4.0
1.0
1.0
451.0
61.0
1.0
1.0
4.0
10.0
2.0
8.0
1.0
1.0
16.0
2.0
1.0
2.0
596.0
44.0
2040.0
4.0
2.0
4612.0
4.0
3.0
1.0
1208.0
2.0
1.0
19.0
9.0
839.0
2.0
32.0
166.0
1.0
4.0
1.0
4.0
3.0
2.0
4.0
7.0
1.0
5.0
6.0
3.0
1.0
6.0
1.0
1.0
7.0
10.0
45.0
31.0
1.0
1.0
9535.0
87.0
15.0
3.0
3.0
15.0
29.0
7892.0
452.0
4.0
9.0
2.0
1.0
4.0
1.0
4.0
6.0
1.0
10.0
3.0
1.0
9.0
3.0
2.0
2.0
3.0
4.0
4.0
11.0
1.0
951.0
4.0
4.0
1.0
1.0
51.0
4.0
1.0
1.0
37.0
1.0
1.0
1.0
2.0
2.0
3.0
1.0
1.0
2.0
1.0
3.0
1.0
1814.0
622.0
2.0
3.0
4.0
36.0
1.0
17.0
7.0
1.0
74.0
1.0
2.0
565.0
3.0
2.0
25.0
1.0
3.0
232.0
2.0
961.0
1.0
1.0
1.0
1.0
839.0
1276.0
4.0
218.0
24.0
5599.0
1.0
43.0
1.0
1.0
2.0
3.0
1.0
9.0
3.0
17.0
2.0
1.0
75.0
3.0
153.0
60.0
1.0
23.0
24.0
1.0
1.0
8.0
19.0
1.0
18.0
32.0
145.0
1.0
1.0
4.0
2.0
3.0
1.0
3.0
1.0
1.0
17.0
22.0
12.0
5.0
17.0
4.0
3.0
45.0
32.0
19.0
576.0
1.0
1.0
45.0
8.0
8.0
2.0
16.0
1672.0
3.0
25.0
1.0
5.0
66.0
5.0
10.0
6.0
1.0
4600.0
2.0
8.0
2.0
4.0
3.0
17.0
1.0
1.0
3.0
1.0
1.0
24.0
9.0
1.0
3.0
24.0
3.0
3.0
3.0
2.0
3.0
30.0
3.0
1.0
1.0
8.0
3.0
1.0
29.0
1442.0
842.0
310.0
8.0
14385.0
278.0
3.0
17.0
1.0
13.0
1.0
3.0
38.0
42.0
8.0
4018.0
8264.0
1.0
12.0
10.0
1.0
2.0
1.0
14.0
1.0
1.0
6.0
1.0
21.0
3.0
1.0
107.0
1.0
1.0
3.0
1901.0
105.0
1.0
412.0
10.0
7.0
3.0
3682.0
23.0
2.0
1.0
1.0
3.0
136.0
1.0
1.0
3.0
1.0
4.0
3.0
31.0
7.0
2.0
1.0
382.0
1.0
1.0
57.0
16.0
2.0
10.0
1.0
77.0
1018.0
27.0
1.0
21.0
100.0
3.0
132.0
3.0
1214.0
3.0
2.0
14.0
3.0
2.0
3.0
1.0
3.0
3.0
8.0
22.0
2.0
576.0
1.0
6.0
1.0
14.0
15.0
62.0
2.0
1.0
27.0
3.0
23.0
1320.0
44.0
50.0
2.0
1.0
1.0
1.0
14.0
3.0
26.0
1.0
7.0
964.0
1039.0
3.0
7.0
1.0
18.0
1.0
1.0
18.0
462.0
2.0
2.0
28.0
539.0
2.0
75.0
3.0
1.0
2.0
2.0
1.0
3.0
66.0
346.0
8.0
33.0
3.0
58.0
13.0
1873.0
2.0
1.0
13.0
3.0
26.0
1.0
3.0
2.0
161.0
6.0
1.0
5.0
70.0
1.0
22.0
4.0
2.0
3.0
3.0
2.0
4.0
8.0
1136.0
3.0
1.0
2.0
779.0
19.0
1.0
80.0
1012.0
721.0
3.0
13.0
58.0
62.0
10.0
19.0
1.0
1.0
590.0
22.0
1.0
1.0
1.0
2.0
3.0
3978.0
4.0
9.0
1.0
1.0
1.0
6.0
7.0
3.0
3.0
13.0
7.0
1.0
1.0
157.0
2.0
79.0
2.0
1.0
3.0
1.0
1497.0
48.0
32.0
1.0
1.0
1.0
2.0
313.0
8.0
10.0
2.0
2.0
1.0
413.0
1.0
1598.0
3.0
21.0
4.0
4.0
3.0
1.0
2.0
1.0
21.0
2.0
1.0
5.0
1.0
2.0
23.0
1.0
4.0
41.0
4.0
1.0
199.0
4.0
8.0
4.0
64.0
1.0
282.0
3.0
19.0
2.0
4.0
788.0
4.0
3.0
2.0
1.0
1.0
22939.0
8686.0
106.0
3.0
1.0
1.0
55.0
2.0
5.0
2.0
1.0
24.0
19.0
7.0
1.0
21.0
1.0
3.0
1.0
3.0
2.0
3.0
2.0
3965.0
3.0
33.0
2434.0
1.0
359.0
23.0
3.0
3.0
1.0
3.0
1.0
1.0
3.0
2.0
3.0
1.0
20.0
1669.0
4.0
6.0
1.0
1.0
91.0
17.0
13.0
39.0
1.0
283.0
17.0
112.0
1.0
161.0
2.0
2.0
13.0
128.0
3.0
1.0
2.0
2.0
1.0
2.0
2.0
2674.0
2.0
3.0
1.0
2.0
1.0
4.0
1.0
6.0
1.0
2.0
2.0
2.0
3.0
7.0
2.0
1.0
103.0
3.0
2.0
32.0
3.0
92.0
2.0
3.0
3.0
5.0
55.0
7.0
18.0
3.0
40.0
13.0
4.0
1.0
9.0
699.0
2.0
3.0
1.0
3.0
797.0
101.0
30.0
2.0
3.0
21.0
5.0
42.0
76.0
1.0
8.0
3.0
3.0
3.0
6.0
58.0
22.0
4.0
12.0
3.0
26.0
961.0
1.0
457.0
17.0
3.0
39.0
1.0
246.0
1.0
16.0
422.0
4.0
25.0
1.0
351.0
1.0
1178.0
2.0
1.0
1.0
3.0
330.0
6.0
3.0
5.0
4.0
1.0
3.0
2.0
10.0
102.0
2.0
806.0
8.0
1.0
1.0
1.0
3.0
46.0
3.0
3.0
575.0
1.0
761.0
1.0
1.0
5.0
113.0
2.0
1.0
15.0
15.0
492.0
4.0
4.0
1.0
1.0
3.0
24.0
3.0
3.0
3.0
2.0
2.0
3.0
7.0
5.0
1.0
1.0
19.0
3.0
1.0
1.0
1.0
1.0
3.0
3.0
3.0
23.0
1.0
3.0
4.0
1.0
11.0
8.0
2.0
1943.0
1.0
194.0
106.0
685.0
1.0
3.0
1.0
13311.0
24.0
1.0
5.0
6.0
6.0
120.0
596.0
3.0
701.0
5.0
2.0
961.0
103.0
8.0
87.0
1.0
1.0
40258.0
1.0
3.0
2.0
3.0
3.0
1.0
267.0
1.0
36.0
4.0
1.0
1.0
2.0
3.0
2.0
3.0
4.0
1.0
8.0
1.0
2.0
1.0
40.0
1.0
1.0
1.0
12.0
1.0
21.0
35.0
40.0
6.0
1.0
1.0
3.0
138.0
3.0
20.0
9.0
2.0
81.0
3.0
8.0
9.0
4.0
2.0
3.0
1.0
54.0
1.0
2.0
9.0
19.0
1.0
127.0
41.0
1.0
87.0
2.0
12.0
8.0
3.0
21.0
3.0
5.0
2.0
1.0
2.0
47.0
1.0
3.0
8.0
1.0
19.0
2.0
1.0
4.0
45.0
11.0
4.0
351.0
5.0
3.0
32.0
1.0
1.0
1.0
5.0
54.0
33.0
1.0
118.0
3.0
11.0
1.0
14.0
85.0
2.0
1018.0
3.0
1.0
1.0
1.0
1530.0
3.0
1.0
360.0
3.0
2.0
346.0
1.0
24.0
697.0
4.0
2.0
3.0
3.0
1.0
1.0
853.0
1.0
28.0
1.0
993.0
3.0
1.0
2.0
5.0
4.0
1.0
3.0
5865.0
1.0
1006.0
1961.0
3.0
2.0
44.0
40.0
1.0
288.0
9.0
199.0
9.0
28.0
3.0
1.0
1.0
20.0
288.0
1970.0
90.0
32.0
3.0
351.0
6.0
3.0
1.0
4.0
1078.0
1.0
30.0
2.0
24.0
1.0
1.0
2.0
50.0
54.0
3.0
4.0
2.0
1.0
797.0
4.0
2.0
9.0
1.0
1.0
6.0
1.0
12.0
37.0
2.0
3.0
4.0
2.0
5291.0
4.0
7.0
4.0
1.0
1.0
7.0
696.0
2.0
3.0
3.0
2.0
3.0
1.0
7.0
9.0
3.0
726.0
18.0
2.0
11.0
835.0
1.0
3.0
5909.0
2671.0
2.0
356.0
12.0
1.0
1.0
9.0
18.0
20.0
99.0
29.0
3.0
1.0
93.0
2.0
1.0
13.0
1.0
1104.0
4.0
5.0
1.0
19.0
456.0
2.0
24.0
1.0
13.0
6.0
98.0
137.0
1.0
3.0
2.0
3.0
60.0
2.0
2.0
1.0
1.0
2.0
3.0
1618.0
1.0
3.0
3.0
19.0
3.0
3.0
1.0
75.0
5.0
29.0
8.0
1.0
1.0
1.0
1.0
58.0
2.0
1.0
4.0
1.0
1.0
2.0
1070.0
17.0
3.0
1.0
1.0
3.0
20.0
3.0
56.0
2.0
82.0
2.0
1.0
1.0
3.0
4.0
65.0
1.0
1.0
5.0
2.0
1.0
9.0
8.0
55.0
2000.0
1.0
1.0
1.0
1.0
1.0
12.0
1.0
1.0
10163.0
16.0
8.0
344.0
347.0
1.0
20.0
1.0
86.0
4.0
259.0
1.0
9.0
12.0
1.0
875.0
93.0
33.0
1.0
57.0
1.0
30.0
924.0
2.0
2.0
13.0
3.0
240.0
5.0
1.0
65.0
4.0
454.0
3.0
4.0
1.0
3.0
4.0
1.0
224.0
358.0
6.0
148.0
1.0
4.0
1.0
1.0
91.0
3.0
10.0
1599.0
3.0
138.0
2.0
2.0
1.0
68.0
4.0
2.0
1.0
4.0
1.0
3.0
161.0
2.0
224.0
7.0
2.0
2.0
5988.0
4.0
645.0
134.0
965.0
55.0
6.0
10.0
23.0
3.0
524.0
72.0
9.0
3.0
19.0
38.0
1.0
152.0
401.0
41.0
673.0
24.0
19.0
3.0
1.0
1.0
345.0
3.0
18.0
160.0
2.0
3.0
4.0
1.0
17.0
61.0
1.0
7.0
88.0
1.0
11.0
1.0
2.0
1.0
149.0
8.0
1.0
5.0
2.0
961.0
22.0
12.0
24.0
1314.0
1.0
74.0
5.0
86.0
1.0
2.0
8.0
202.0
8.0
1.0
2.0
3.0
1.0
1.0
1018.0
1.0
57.0
9.0
24.0
1.0
3.0
3.0
3.0
14.0
1.0
1.0
870.0
1.0
3.0
1.0
1.0
24.0
4.0
1.0
2.0
3.0
4.0
512.0
2.0
3.0
3.0
19.0
1.0
3.0
10.0
32.0
293.0
1.0
1.0
3.0
9.0
29.0
2.0
3.0
2.0
234.0
117.0
15.0
7.0
1746.0
16.0
212.0
3.0
3.0
1.0
1.0
8.0
2.0
1.0
803.0
1899.0
9.0
1094.0
3.0
1187.0
47.0
1.0
3.0
3.0
3.0
108.0
3.0
3.0
48.0
2.0
4.0
10001.0
1.0
3.0
8.0
51.0
3.0
2.0
3.0
6.0
1.0
8.0
7.0
19.0
1.0
4.0
14.0
1.0
2.0
2.0
5.0
338.0
3.0
187.0
3.0
3.0
1.0
14.0
2.0
1.0
1.0
4.0
1.0
3.0
3.0
3.0
1.0
1.0
1.0
1.0
2.0
3.0
7.0
1.0
4.0
9.0
8.0
4.0
993.0
5.0
2.0
27.0
67.0
3.0
1.0
1932.0
1.0
3.0
25.0
6.0
77.0
1.0
878.0
2.0
44.0
1086.0
9.0
72.0
2.0
519.0
3.0
1.0
1.0
2.0
2.0
9.0
3875.0
9.0
2.0
116.0
41.0
21.0
70.0
38.0
1.0
5.0
6.0
12.0
3.0
1.0
1888.0
2.0
1.0
1951.0
1.0
4.0
3.0
3.0
4.0
4.0
3223.0
1.0
4.0
4.0
4.0
2.0
8.0
5.0
3.0
312.0
566.0
1.0
2.0
1.0
1.0
14.0
40.0
89.0
36.0
3003.0
1.0
1.0
2017.0
12.0
1.0
1.0
9.0
12.0
9.0
3.0
1.0
1.0
3.0
27.0
3.0
3.0
4.0
4.0
31.0
3.0
3.0
3.0
2.0
1.0
3.0
18.0
3.0
1.0
1.0
13.0
1.0
4.0
19.0
1.0
6.0
3.0
596.0
3.0
1.0
1.0
3.0
123.0
1572.0
288.0
1.0
348.0
3.0
8.0
9.0
5.0
23.0
8.0
5.0
1.0
7.0
2.0
4.0
3.0
1.0
1.0
1.0
14.0
15.0
19.0
1.0
3.0
724.0
4.0
3.0
1414.0
660.0
3.0
824.0
1.0
351.0
19.0
2751.0
3.0
113.0
4.0
3.0
1.0
5.0
1.0
4.0
1.0
1.0
3.0
3.0
868.0
116.0
3.0
2.0
1.0
4.0
1.0
7265.0
2.0
26.0
3202.0
2.0
1.0
3.0
1.0
1.0
13.0
194.0
1.0
9.0
14.0
3.0
1.0
1018.0
133.0
2.0
4.0
102.0
4.0
3.0
351.0
1.0
74.0
3.0
1.0
9070.0
1.0
3.0
18.0
2100.0
3.0
288.0
1.0
3.0
2.0
196.0
3.0
106.0
2.0
2.0
1.0
4.0
508.0
8.0
1.0
56.0
102.0
12.0
1.0
3.0
3.0
112.0
1.0
29.0
3.0
1700.0
685.0
23.0
1.0
3.0
133.0
16.0
1.0
1.0
2.0
88.0
1.0
4346.0
2.0
5.0
91.0
1.0
346.0
1.0
1.0
33.0
2.0
1.0
112.0
2.0
3.0
2.0
2.0
1255.0
2.0
8.0
3.0
1.0
117.0
547.0
1.0
515.0
4.0
2.0
2.0
2.0
6.0
2.0
7.0
126.0
3667.0
2.0
3.0
23.0
1.0
77.0
3.0
2.0
2896.0
1172.0
2.0
158.0
1.0
79.0
2.0
1.0
4.0
4.0
108.0
16.0
3.0
217.0
31.0
457.0
1.0
5644.0
7.0
74.0
3.0
20.0
1.0
1.0
3.0
24.0
213.0
418.0
1530.0
1147.0
6.0
2.0
3.0
10.0
3.0
57.0
3.0
1.0
236.0
844.0
1.0
3.0
1.0
3.0
3.0
1.0
10.0
124.0
1.0
1.0
9.0
9.0
193.0
1.0
1.0
1.0
1.0
3.0
313.0
99.0
184.0
1.0
3.0
48.0
12.0
1.0
32.0
21.0
1.0
9.0
20.0
1.0
1085.0
2.0
3.0
1.0
163.0
168.0
82.0
849.0
884.0
2.0
787.0
23.0
4337.0
58.0
25.0
19.0
1.0
5.0
1.0
13.0
22.0
697.0
1.0
2.0
3.0
3.0
56.0
1.0
1.0
1.0
1130.0
124.0
49.0
1.0
846.0
2.0
1.0
2.0
5.0
243.0
1646.0
8.0
17.0
215.0
1.0
1.0
73.0
3.0
3.0
3.0
1.0
1964.0
3.0
128.0
3.0
10.0
46.0
1.0
1.0
23.0
4.0
7.0
183.0
3.0
1.0
101.0
655.0
55.0
18.0
1.0
2.0
23.0
2.0
3.0
120.0
16.0
4.0
3.0
907.0
40.0
610.0
2.0
34.0
3.0
19.0
2.0
2.0
1.0
1.0
2.0
7.0
3.0
248.0
3.0
14.0
4.0
13.0
1.0
1.0
8.0
1.0
1.0
209.0
1.0
71.0
2.0
1.0
1.0
3.0
1019.0
2.0
839.0
1.0
1.0
4.0
33.0
1.0
1.0
1602.0
7.0
45.0
92.0
2.0
4.0
3.0
10.0
3.0
2.0
1.0
4.0
3.0
1.0
8.0
1.0
3.0
4.0
282.0
1.0
1.0
312.0
75.0
3.0
6.0
3.0
1.0
40.0
2.0
1.0
3.0
2.0
3.0
3.0
340.0
1.0
19.0
3.0
1.0
1.0
25.0
1.0
2.0
1.0
3.0
2.0
3.0
1.0
2.0
47.0
1.0
4.0
7.0
1.0
65.0
1.0
1.0
14.0
5.0
1.0
24.0
1.0
200.0
6.0
13.0
5.0
8.0
3.0
292.0
5.0
1.0
18.0
54.0
2.0
6.0
3.0
3.0
1282.0
50.0
29.0
1.0
1.0
21.0
3.0
2.0
15.0
3.0
10.0
12.0
6.0
156.0
10.0
85.0
1071.0
615.0
15187.0
1.0
3.0
1.0
39.0
4.0
164.0
993.0
5632.0
8.0
2.0
2.0
3.0
1.0
3.0
177.0
100.0
1.0
1.0
4.0
14.0
3.0
8.0
3.0
3.0
3.0
64.0
1707.0
351.0
4.0
3.0
18.0
69.0
3.0
2.0
1.0
2.0
21.0
1.0
4.0
1.0
24.0
591.0
1.0
5.0
8.0
3.0
3.0
2.0
965.0
1.0
98.0
96.0
2.0
3.0
1.0
41.0
4.0
215.0
97.0
542.0
74.0
1.0
361.0
2.0
6.0
617.0
1.0
1395.0
737.0
1.0
1.0
2.0
40.0
2.0
7.0
1.0
75.0
5.0
1.0
91.0
6.0
2.0
4.0
1.0
14109.0
1.0
2.0
1.0
4.0
41.0
1.0
1.0
24.0
2.0
1888.0
2.0
91.0
3.0
1.0
1.0
1.0
90.0
3.0
1.0
3.0
62.0
1.0
1.0
1.0
3.0
27.0
8.0
104.0
1.0
7.0
1.0
1.0
2.0
1.0
3.0
102.0
1.0
1.0
3.0
1948.0
24.0
19.0
5.0
1.0
216.0
21.0
1.0
351.0
298.0
1.0
3.0
3.0
41.0
3.0
1.0
1.0
1.0
23.0
2.0
1.0
3.0
1.0
1.0
2.0
4.0
40.0
46.0
1.0
2.0
1.0
218.0
4.0
17.0
9.0
3.0
18.0
3.0
12.0
4.0
2.0
5.0
7.0
1.0
555.0
2.0
46.0
1.0
79.0
1.0
1.0
2.0
1425.0
6.0
64.0
2.0
2666.0
1.0
1256.0
4.0
9.0
1.0
1.0
1.0
31.0
60.0
7.0
9.0
24.0
225.0
1265.0
1.0
594.0
2.0
1734.0
1.0
6.0
3.0
3.0
2.0
25.0
1.0
3.0
2.0
80.0
12.0
18.0
142.0
3.0
366.0
353.0
1.0
63.0
16.0
1.0
20.0
3.0
307.0
1.0
4.0
5.0
2.0
4.0
1.0
1.0
45.0
48.0
12.0
4.0
1.0
2.0
13.0
1.0
1.0
3.0
1.0
2.0
2.0
9.0
20.0
6.0
1.0
1.0
288.0
66.0
59.0
1453.0
2.0
995.0
2.0
6.0
5.0
8.0
4.0
46.0
8.0
10.0
516.0
26.0
19.0
13.0
107.0
2.0
5.0
1.0
146.0
14.0
1.0
21.0
3.0
4.0
2.0
4.0
3.0
6.0
2.0
3.0
463.0
55.0
1323.0
3.0
2.0
3.0
4.0
14.0
1.0
2.0
2.0
1.0
16.0
6.0
1.0
5.0
15.0
12.0
1.0
3.0
75.0
3.0
152.0
1.0
1.0
24.0
1.0
255.0
3.0
1.0
5.0
3.0
10.0
97.0
920.0
7.0
1.0
1.0
2.0
1137.0
3.0
1.0
351.0
66.0
8.0
2.0
3.0
2.0
1.0
699.0
7.0
1.0
47.0
3.0
1.0
66.0
14.0
48.0
3.0
1.0
12.0
1.0
2.0
1.0
3.0
3378.0
2.0
61.0
1.0
1.0
1.0
6.0
3.0
220.0
18.0
4.0
2026.0
2.0
102.0
394.0
783.0
3.0
3.0
1.0
1.0
934.0
2894.0
569.0
75.0
1.0
2.0
1.0
1.0
2.0
1.0
8.0
1.0
1.0
3.0
2.0
4.0
4.0
1.0
996.0
320.0
1.0
1.0
261.0
3.0
40.0
424.0
12.0
1162.0
3.0
351.0
16.0
1.0
1746.0
6.0
1.0
2.0
193.0
1.0
4.0
3791.0
3.0
1.0
1.0
54.0
2.0
53.0
218.0
6.0
174.0
3.0
10.0
8.0
1.0
1.0
162.0
2.0
9.0
8.0
1.0
4.0
3.0
2264.0
9.0
3.0
1.0
3.0
9.0
1.0
10.0
1.0
346.0
50.0
5116.0
4.0
5.0
1.0
3.0
34.0
3.0
1.0
24.0
2.0
5.0
3.0
9.0
3.0
129.0
2.0
1.0
24.0
38.0
5.0
3.0
1.0
4225.0
33.0
11.0
31.0
3.0
3.0
11.0
5.0
7.0
1.0
8.0
5.0
8.0
20.0
1.0
147.0
9.0
1.0
3.0
3.0
6.0
2.0
64.0
1.0
1.0
1.0
1.0
3.0
1.0
24.0
1.0
1.0
1.0
1.0
12.0
435.0
1.0
3.0
5.0
672.0
3453.0
7.0
182.0
1.0
40.0
2.0
1.0
3.0
4.0
16.0
1.0
3.0
1.0
5.0
3.0
1.0
18.0
13.0
1.0
18.0
1.0
838.0
17.0
15.0
2.0
3131.0
132.0
515.0
7.0
16.0
6.0
1.0
1.0
3.0
1.0
18.0
1.0
2.0
81.0
1.0
1.0
3.0
323.0
8.0
8.0
1.0
3.0
118.0
25.0
984.0
6.0
3.0
1.0
2.0
1.0
2.0
2.0
3.0
1.0
3.0
4.0
17.0
282.0
1.0
1049.0
1.0
2.0
3.0
23781.0
1.0
3.0
1.0
13.0
9.0
1.0
1.0
12.0
1.0
59.0
3.0
787.0
685.0
451.0
430.0
1.0
7.0
83.0
10.0
26.0
3.0
23.0
2.0
7.0
3.0
140.0
18.0
2.0
490.0
508.0
1.0
4.0
4635.0
1.0
2.0
29.0
3.0
149.0
19.0
1.0
1.0
8.0
1.0
378.0
251.0
1.0
2.0
24.0
16.0
14.0
2.0
17.0
1.0
278.0
1.0
722.0
472.0
579.0
2.0
2.0
45.0
429.0
3.0
2.0
6.0
3.0
4.0
19.0
5.0
1.0
1.0
4394.0
13.0
66.0
39.0
3.0
285.0
22.0
3.0
307.0
771.0
5.0
22.0
2.0
11.0
79.0
3.0
1.0
17.0
1.0
801.0
3.0
1046.0
1515.0
1309.0
590.0
2.0
1.0
2.0
1.0
4.0
1.0
4.0
1.0
11.0
1.0
3.0
1010.0
24.0
9.0
3.0
2.0
1.0
1.0
18.0
2.0
466.0
7.0
52.0
3.0
1.0
4.0
172.0
102.0
9.0
6.0
1224.0
55.0
4.0
40.0
1.0
3.0
9.0
5.0
4.0
41.0
5.0
121.0
1.0
4.0
66461.0
3.0
3.0
2.0
33.0
1.0
60.0
2.0
9.0
2.0
1538.0
54.0
1.0
4.0
1.0
18.0
22.0
3.0
24.0
6.0
1.0
1.0
70.0
1.0
4.0
2.0
48.0
96.0
3.0
1.0
2534.0
3.0
4.0
1.0
62.0
1.0
9.0
2.0
3.0
14.0
4.0
1.0
6.0
8.0
27.0
685.0
653.0
343.0
3.0
4.0
2.0
1.0
1.0
3.0
4.0
1.0
1.0
209.0
4.0
1.0
1.0
65.0
160.0
1.0
3.0
2.0
18.0
1.0
1.0
1.0
9.0
687.0
67.0
5.0
669.0
128.0
3.0
46.0
1.0
3.0
22.0
7.0
140.0
1.0
2.0
2.0
94.0
52.0
154.0
623.0
249.0
256.0
1441.0
8.0
2.0
2.0
8.0
965.0
1602.0
1.0
1.0
4.0
1097.0
3.0
1.0
12.0
3.0
9.0
1.0
1.0
1.0
8.0
24.0
4.0
41.0
19.0
264.0
2.0
302.0
3.0
2.0
20.0
45.0
135.0
3.0
2.0
6.0
3.0
1.0
1.0
23.0
1.0
643.0
2.0
1.0
1.0
5.0
164.0
6.0
3.0
52.0
2.0
1.0
1.0
75.0
1.0
1.0
8.0
1.0
8.0
3.0
1.0
8.0
171.0
1944.0
1.0
3.0
4.0
1638.0
1.0
4794.0
1.0
90.0
5.0
5.0
5211.0
9.0
1.0
669.0
3.0
13.0
1.0
1169.0
1761.0
4.0
1.0
559.0
29.0
24.0
1.0
3.0
2.0
3.0
24.0
11.0
2.0
1.0
23.0
2.0
2.0
2.0
1.0
19.0
1.0
1.0
9.0
39.0
1.0
1.0
7.0
1.0
1.0
1.0
3.0
251.0
8.0
1.0
2.0
5.0
3.0
742.0
1.0
39.0
1.0
2.0
2.0
1.0
1.0
87.0
3.0
1.0
5.0
14353.0
1.0
4.0
2.0
1.0
1441.0
10.0
1.0
274.0
1.0
75.0
3.0
208.0
253.0
1.0
9.0
239.0
1.0
7.0
5.0
214.0
52.0
1.0
1.0
1270.0
3.0
2.0
2.0
2.0
3.0
1.0
2.0
3.0
5.0
55.0
26.0
580.0
3.0
9.0
1.0
20.0
129.0
948.0
65.0
1.0
2.0
1.0
55.0
1.0
3.0
1.0
71.0
24.0
426.0
38.0
11.0
27.0
3.0
1.0
1.0
3.0
2.0
5926.0
2.0
3.0
3.0
1.0
4.0
1.0
66.0
1834.0
1.0
1027.0
1.0
1.0
6.0
3.0
3.0
3.0
23.0
3.0
4.0
2.0
2.0
2.0
94.0
1.0
1271.0
3.0
353.0
17.0
1.0
67.0
1.0
3.0
65.0
502.0
115.0
1.0
41.0
23.0
1.0
33.0
1.0
1.0
3.0
16.0
3.0
12.0
1.0
2.0
4.0
1.0
197.0
6.0
1.0
3.0
2.0
98.0
1.0
13.0
15.0
454.0
134.0
4.0
46.0
8.0
1.0
3.0
1.0
74.0
3.0
44.0
16.0
1.0
2.0
2.0
4.0
3.0
2.0
3.0
8.0
5.0
3.0
2.0
4.0
1.0
3.0
1.0
20.0
2.0
41.0
6.0
137.0
5.0
76.0
1.0
757.0
47.0
1564.0
2.0
3.0
1.0
1.0
3.0
2.0
615.0
17.0
30.0
39.0
10.0
779.0
30.0
28.0
2.0
1.0
13.0
1.0
59.0
4.0
3.0
659.0
539.0
3.0
1.0
2.0
2.0
138.0
3.0
1163.0
3.0
6.0
5.0
7.0
638.0
148.0
161.0
1.0
33.0
212.0
1.0
3.0
948.0
390.0
3.0
1.0
118.0
8.0
2.0
16.0
1.0
2.0
3.0
1.0
1.0
7.0
1.0
1.0
2.0
52.0
3.0
2.0
3.0
3.0
1.0
3.0
2.0
1.0
24.0
2.0
16.0
176.0
2.0
1.0
174.0
1.0
2.0
165.0
13.0
61.0
1.0
129.0
3.0
2.0
2.0
52.0
2.0
222.0
1.0
3.0
3.0
3.0
43.0
62.0
3.0
3.0
9.0
4.0
522.0
6.0
17.0
3.0
1.0
1.0
94.0
138.0
1.0
942.0
1.0
105.0
2.0
341.0
1.0
561.0
1.0
3.0
1.0
72.0
2.0
1.0
5946.0
17.0
26.0
44.0
1.0
3.0
1.0
3.0
24.0
1.0
9.0
3.0
3.0
7.0
12.0
345.0
2.0
11.0
5.0
261.0
54.0
90.0
3.0
1.0
1310.0
72.0
4.0
2.0
3.0
4.0
1.0
1.0
479.0
29.0
15.0
24.0
1.0
2.0
3.0
695.0
3511.0
1554.0
66.0
4.0
1.0
2.0
3.0
696.0
50.0
7.0
1681.0
3.0
2.0
1.0
5.0
1.0
54.0
3.0
116.0
5.0
2.0
2.0
1.0
1.0
1.0
14.0
3.0
2.0
324.0
9.0
9.0
1.0
1.0
2.0
14.0
1.0
25.0
11.0
1366.0
1.0
3.0
18.0
65.0
2.0
1.0
188.0
240.0
3.0
1.0
1.0
84.0
1.0
5214.0
3.0
1.0
18.0
1.0
3.0
1.0
660.0
3.0
388.0
773.0
12.0
4.0
47.0
3.0
3.0
1.0
1.0
1.0
5.0
1427.0
2.0
9.0
2.0
1.0
9.0
1.0
1.0
24.0
50.0
13161.0
744.0
9.0
35.0
62.0
4.0
1924.0
3.0
75.0
2.0
2.0
15321.0
8.0
2.0
2.0
22.0
4.0
278.0
1.0
1.0
14.0
3.0
1.0
1.0
1.0
1.0
1864.0
1.0
1.0
1.0
3.0
3.0
3.0
3.0
1.0
3.0
58.0
13.0
152.0
961.0
2.0
1355.0
2.0
2.0
148.0
1.0
6.0
288.0
1.0
3.0
12.0
19.0
881.0
7.0
2.0
194.0
749.0
932.0
7.0
4.0
1099.0
943.0
5.0
170.0
1.0
19.0
1.0
1.0
1.0
138.0
3.0
4.0
2.0
1.0
1.0
169.0
2.0
1129.0
433.0
1.0
3.0
3.0
1.0
288.0
18.0
2.0
1.0
5.0
3.0
3.0
1.0
3.0
1.0
10.0
3.0
28.0
5.0
22.0
1.0
2.0
18.0
102.0
2.0
3.0
1.0
105.0
17.0
12.0
5.0
3.0
1635.0
4.0
3.0
3.0
2.0
1.0
34.0
1.0
25.0
1.0
2.0
8.0
1.0
60.0
3.0
18.0
3.0
10.0
34.0
1.0
2.0
19.0
1.0
2.0
1.0
56.0
3.0
6.0
3.0
173.0
2.0
3.0
2.0
8.0
59.0
14.0
110.0
1.0
1.0
4.0
18.0
1.0
652.0
113.0
3.0
475.0
983.0
14.0
2.0
359.0
12.0
1.0
3.0
351.0
1.0
115.0
8.0
30.0
184.0
1.0
1.0
695.0
6.0
245.0
1.0
1.0
2.0
14.0
3.0
3.0
1.0
1.0
4.0
35.0
3000.0
723.0
86.0
158.0
1.0
2.0
2.0
3.0
1.0
2.0
282.0
357.0
2.0
1621.0
460.0
24.0
19.0
8.0
1672.0
4.0
3.0
1.0
143.0
87.0
1.0
7.0
63.0
211.0
1.0
151.0
24.0
1.0
1.0
35.0
3.0
6.0
124.0
1.0
1.0
104.0
19.0
2.0
3.0
65.0
12.0
104.0
12.0
436.0
1.0
7.0
14.0
172.0
1.0
1616.0
1.0
5.0
3.0
1898.0
62.0
30.0
1.0
1.0
9.0
2.0
24.0
4.0
23.0
1.0
3.0
2.0
4.0
1.0
3.0
2.0
2.0
101.0
6.0
7.0
1.0
2.0
1.0
8.0
9.0
2.0
3.0
3.0
19.0
40.0
1.0
1.0
8.0
2.0
449.0
1026.0
1.0
3.0
2.0
24.0
1.0
407.0
1.0
3.0
203.0
355.0
64.0
4.0
39.0
1.0
20.0
4131.0
24.0
7.0
7.0
1080.0
3.0
1.0
1.0
4.0
6.0
11.0
1.0
5.0
3.0
1.0
2374.0
3.0
36.0
1.0
2.0
2.0
4307.0
1.0
1.0
131.0
3.0
9.0
1.0
866.0
1.0
11.0
1001.0
1.0
307.0
70.0
2.0
1.0
13.0
1.0
3.0
292.0
2819.0
1.0
34.0
1.0
5.0
6.0
338.0
5.0
5.0
3.0
112.0
17.0
20.0
56.0
1.0
2.0
1.0
24.0
779.0
1.0
109.0
105.0
1.0
346.0
2.0
2.0
76.0
9.0
3.0
1.0
23.0
29.0
3.0
69.0
14.0
1.0
17.0
27.0
6.0
4.0
3.0
1.0
7.0
2.0
368.0
4414.0
2.0
3544.0
4.0
409.0
24.0
4.0
3.0
37.0
4.0
10.0
1.0
13.0
5.0
5.0
827.0
1.0
2.0
2.0
313.0
9.0
145.0
747.0
9.0
4.0
16.0
1.0
1.0
13.0
36.0
23.0
53.0
33108.0
71.0
3.0
2.0
1.0
1.0
1018.0
3.0
3.0
4.0
3.0
22.0
1.0
1.0
1.0
72.0
869.0
1.0
1.0
6.0
1.0
3322.0
1.0
212.0
1.0
2.0
186.0
9.0
5.0
611.0
47.0
55.0
1.0
7.0
40.0
1.0
355.0
46.0
576.0
863.0
26.0
17.0
1.0
8.0
3.0
3.0
12.0
3.0
429.0
17.0
1.0
46.0
3383.0
1.0
2.0
7.0
4.0
15.0
1.0
1.0
1589.0
1.0
185.0
2.0
1.0
43.0
1439.0
140.0
2.0
5.0
626.0
3.0
15.0
3.0
117.0
3.0
1.0
1997.0
3.0
4.0
607.0
1.0
3.0
3.0
3.0
1.0
1.0
3.0
3.0
25.0
1302.0
5.0
9.0
18.0
24.0
1.0
1.0
9.0
4.0
3.0
977.0
2.0
16.0
2405.0
1.0
13.0
5.0
313.0
23.0
1263.0
3.0
2.0
1.0
1.0
1.0
24.0
15.0
27.0
1.0
3.0
7.0
26.0
1.0
943.0
11.0
1.0
351.0
21.0
579.0
2.0
1.0
14.0
16.0
1.0
13.0
62.0
1.0
1.0
4.0
21.0
1.0
1.0
1.0
3.0
157.0
6.0
22.0
1.0
27.0
40.0
101.0
3.0
16.0
1.0
3.0
3.0
1.0
3.0
1.0
1.0
3.0
422.0
1.0
21.0
2.0
3.0
17.0
3.0
3.0
16.0
1238.0
3.0
5.0
3.0
200.0
87.0
1.0
14.0
315.0
2.0
3.0
88.0
47.0
40.0
1.0
2.0
97.0
870.0
4.0
23.0
20944.0
71.0
3.0
1.0
2.0
2.0
2.0
4.0
1.0
437.0
18.0
1.0
1.0
5.0
1.0
1.0
17.0
33.0
1.0
4.0
2.0
114.0
4.0
2.0
2.0
3.0
17.0
1553.0
19.0
279.0
89.0
632.0
553.0
15.0
1.0
9.0
1.0
548.0
2.0
93.0
2.0
37.0
15.0
1.0
31.0
19.0
5.0
1.0
3.0
3.0
1.0
1398.0
64.0
35.0
4.0
2.0
5.0
1.0
6.0
112.0
1.0
42.0
512.0
892.0
1.0
8.0
11.0
2.0
21.0
1.0
5.0
1.0
1.0
1.0
730.0
1.0
222.0
1.0
1.0
1.0
3.0
1.0
4.0
4.0
2.0
1.0
402.0
1.0
10.0
10.0
11.0
12.0
84.0
2.0
420.0
24.0
2415.0
24.0
1.0
7.0
296.0
1.0
1.0
30.0
1.0
119.0
88.0
394.0
555.0
36.0
3.0
3.0
1.0
1.0
2.0
84.0
13978.0
1.0
42.0
2.0
3.0
3.0
3.0
1.0
125.0
1872.0
3.0
2.0
3.0
1.0
2.0
1.0
1.0
2.0
3.0
3.0
1.0
23.0
8.0
323.0
242.0
657.0
5.0
1.0
1.0
32.0
2.0
63.0
1.0
2.0
1.0
15.0
4.0
8.0
7.0
2.0
3.0
74.0
3.0
2375.0
5.0
122.0
359.0
3.0
967.0
3.0
3.0
39.0
9.0
1.0
10.0
6.0
52.0
463.0
156.0
3.0
1.0
1470.0
3.0
2.0
3.0
21.0
1.0
66.0
961.0
14.0
1.0
4.0
1.0
278.0
3.0
24.0
54.0
1.0
140.0
11.0
1.0
1.0
3.0
4.0
1.0
142.0
33.0
417.0
15.0
8.0
6.0
3.0
144.0
23.0
351.0
24.0
10.0
516.0
3.0
424.0
2.0
33.0
3.0
12.0
3.0
3.0
37.0
1.0
1004.0
616.0
3.0
1.0
1.0
444.0
1.0
351.0
1.0
33.0
4841.0
324.0
1.0
596.0
1.0
1.0
1.0
2.0
1.0
3.0
386.0
3.0
1.0
3.0
336.0
3.0
1741.0
6.0
3.0
3.0
6.0
3.0
614.0
1.0
114.0
5.0
26.0
103.0
1.0
5.0
1.0
471.0
1.0
665.0
4.0
1.0
2.0
3.0
1.0
3.0
7168.0
3.0
706.0
5.0
1.0
7.0
40.0
63.0
247.0
2.0
3.0
1.0
3.0
19.0
1.0
11.0
654.0
93.0
1.0
12.0
59.0
3.0
2.0
1921.0
3.0
3.0
24.0
6.0
2.0
1.0
7.0
3.0
40.0
3.0
1029.0
12.0
1497.0
16.0
1.0
1.0
123.0
61.0
55.0
3.0
3.0
737.0
1.0
1.0
4.0
2.0
1.0
12.0
17.0
1.0
1.0
3.0
1.0
1.0
2360.0
98.0
160.0
1.0
2.0
3.0
12.0
1.0
1.0
889.0
15.0
7.0
2.0
3.0
42.0
14385.0
1.0
24.0
295.0
1.0
2.0
52.0
3.0
1.0
62.0
13.0
48.0
81.0
289.0
3.0
1.0
2.0
93.0
66.0
1.0
1.0
2.0
1.0
32.0
1647.0
1.0
3.0
24.0
15.0
1.0
1.0
2.0
1.0
1.0
313.0
4.0
19.0
1.0
178.0
1.0
3.0
1.0
258.0
6.0
3.0
32.0
24.0
241.0
1.0
3.0
376.0
2.0
274.0
2.0
2.0
5.0
1.0
4.0
1.0
1.0
5.0
944.0
280.0
1.0
30.0
1.0
27.0
3.0
2.0
3.0
3.0
1.0
1.0
1.0
3.0
1.0
11.0
1.0
1.0
73.0
1.0
1.0
6.0
2041.0
25.0
636.0
1.0
1.0
1.0
2.0
1.0
3.0
665.0
2.0
31.0
1.0
1.0
14189.0
8.0
4.0
6.0
4.0
3.0
1.0
2.0
288.0
3.0
9.0
4.0
24.0
9.0
5.0
242.0
1.0
2.0
1252.0
31370.0
314.0
4.0
26.0
17.0
1.0
3.0
88.0
3.0
7.0
1.0
1.0
3.0
4.0
6.0
69.0
1.0
3.0
1.0
6.0
1.0
6.0
9.0
1.0
1.0
27.0
18.0
9.0
82.0
20.0
1.0
1.0
3.0
2.0
3.0
1.0
25.0
1032.0
1.0
1.0
3.0
1.0
840.0
1.0
3.0
4351.0
1.0
4.0
3.0
5.0
1.0
98.0
272.0
3.0
44.0
357.0
140.0
3.0
1.0
6.0
1.0
1.0
2.0
1.0
1.0
2.0
596.0
3.0
47.0
9510.0
4.0
6.0
1.0
1362.0
89.0
3.0
1198.0
2.0
1.0
4031.0
1.0
13.0
7.0
65.0
1.0
4.0
25.0
2.0
2.0
14.0
1.0
2.0
4.0
3.0
3.0
94.0
25.0
1.0
1.0
122.0
6.0
1079.0
3.0
2375.0
68.0
315.0
6.0
631.0
2.0
24.0
2.0
153.0
8.0
3.0
1.0
15.0
14.0
17.0
4.0
43.0
2.0
70.0
1032.0
2.0
1.0
22.0
1.0
5.0
1.0
3.0
1.0
9.0
56.0
40.0
1.0
1.0
3.0
10.0
64.0
4.0
1166.0
2.0
1032.0
3.0
1018.0
16.0
32.0
1.0
3.0
1.0
62.0
3.0
1.0
3.0
6.0
1.0
2.0
3.0
3.0
2.0
2.0
9.0
4.0
33.0
1.0
3.0
3.0
4.0
3.0
1.0
4.0
3.0
10.0
7.0
47.0
309.0
20.0
5.0
3.0
56.0
1.0
2.0
2.0
123.0
2.0
1.0
58.0
9.0
3.0
1.0
60.0
3.0
256.0
3.0
332.0
1.0
309.0
7.0
6.0
1.0
1.0
1219.0
178.0
4.0
4.0
3.0
1.0
65.0
94.0
172.0
14974.0
1.0
4.0
5.0
119.0
356.0
1.0
11.0
2.0
1.0
4.0
1.0
3.0
1707.0
6.0
28.0
8.0
100.0
5.0
2.0
2.0
2.0
4.0
3.0
3.0
2.0
258.0
3.0
4.0
769.0
4.0
1.0
181.0
2.0
11.0
2.0
4.0
10.0
1.0
200.0
3.0
1.0
4.0
6.0
1.0
66.0
3.0
1.0
301.0
5.0
4.0
2.0
5.0
5.0
3.0
1.0
2.0
9.0
5.0
17.0
1.0
1.0
338.0
8.0
3.0
3.0
1.0
1.0
1.0
1.0
118.0
3.0
1.0
64.0
3.0
8.0
5.0
1.0
9.0
758.0
11.0
698.0
13.0
3.0
1.0
3.0
2.0
49.0
1.0
1.0
5.0
2.0
29.0
1.0
3.0
4.0
1613.0
1.0
3.0
1.0
44.0
2.0
3.0
17.0
3523.0
2.0
3.0
6.0
507.0
3.0
665.0
22.0
3.0
353.0
20.0
101.0
1.0
6.0
190.0
4.0
2.0
2.0
1.0
7.0
463.0
7.0
6.0
6076.0
1.0
3.0
76.0
61.0
282.0
12631.0
219.0
3.0
2.0
11.0
10.0
1.0
4.0
1.0
1.0
1.0
7.0
123.0
5.0
2.0
5.0
32.0
253.0
31.0
2.0
960.0
1.0
50.0
9.0
16.0
2.0
2.0
5.0
21.0
5.0
32.0
5.0
3.0
2.0
120.0
133.0
2.0
123.0
1.0
9.0
36.0
36.0
16.0
315.0
47.0
3.0
1.0
1.0
9.0
4.0
25.0
1.0
159.0
305.0
3.0
66.0
2.0
3.0
4.0
2.0
1.0
1.0
651.0
10.0
41.0
3.0
1.0
1.0
18.0
801.0
2.0
11.0
62.0
1.0
9.0
128.0
1.0
14.0
7.0
340.0
1.0
959.0
3.0
12.0
3.0
1.0
49.0
3.0
24.0
1.0
7.0
4.0
9.0
2385.0
56.0
3.0
2585.0
1.0
18.0
40.0
3.0
3.0
2.0
54.0
145.0
8.0
3.0
1120.0
1.0
2.0
22.0
1.0
5.0
341.0
1.0
4.0
3.0
1.0
1.0
1113.0
351.0
20.0
1670.0
7.0
3.0
2.0
21.0
1.0
1.0
5.0
58.0
2.0
3.0
4.0
2.0
3.0
31.0
8.0
1.0
279.0
2.0
87.0
8.0
4.0
125.0
8.0
24.0
46.0
31.0
6.0
4.0
109.0
1.0
2.0
15.0
19.0
449.0
8.0
4780.0
18.0
1.0
4.0
1.0
1.0
18.0
17.0
15.0
1724.0
1.0
265.0
56.0
3.0
1.0
4.0
4.0
59.0
1958.0
3.0
1.0
1.0
108.0
1.0
6.0
3.0
2.0
262.0
1.0
292.0
1.0
21.0
1.0
1.0
3.0
9.0
1.0
3.0
1.0
48.0
3.0
1.0
4.0
1054.0
2.0
3.0
238.0
125.0
1765.0
9.0
3.0
2473.0
89.0
1.0
2.0
4.0
1.0
1.0
2435.0
3.0
3.0
2.0
1.0
3.0
23.0
156.0
1.0
17.0
27.0
1889.0
3.0
13.0
23.0
1225.0
1148.0
9.0
2.0
2.0
19.0
5.0
2.0
4.0
1059.0
1.0
3.0
1.0
292.0
3.0
12.0
2.0
10968.0
2.0
1.0
2.0
3.0
1.0
1.0
2.0
12.0
3.0
3704.0
1.0
2.0
300.0
1028.0
1.0
25.0
2.0
2.0
1222.0
3.0
1.0
1.0
1.0
4.0
460.0
1166.0
1.0
19.0
24.0
709.0
2.0
1.0
9.0
3.0
2.0
6080.0
308.0
2.0
1793.0
92.0
1.0
12.0
4.0
4.0
3.0
5.0
8.0
9.0
1.0
3.0
280.0
46.0
832.0
4612.0
1.0
86.0
25.0
1018.0
968.0
65.0
3.0
1.0
1.0
69.0
9.0
56.0
6.0
6.0
31.0
92.0
50.0
1.0
152.0
2.0
2.0
49703.0
1.0
2.0
2.0
2.0
965.0
288.0
4.0
2.0
24.0
3.0
622.0
2.0
5.0
696.0
75.0
3111.0
4.0
4.0
1.0
1.0
24.0
2.0
315.0
1.0
1.0
8.0
3.0
9.0
1.0
1.0
75.0
2.0
453.0
11.0
1.0
16.0
1.0
923.0
3.0
20.0
1.0
73.0
17.0
17.0
2.0
16.0
2.0
3.0
50.0
2.0
26.0
1027.0
10.0
1.0
2.0
712.0
24.0
2.0
31.0
3.0
7.0
4.0
2.0
2.0
5.0
1.0
3.0
16.0
344.0
2.0
28.0
62.0
23.0
6.0
4.0
6.0
199.0
2.0
1.0
886.0
3.0
1.0
3.0
376.0
9.0
1.0
47.0
2.0
1.0
1.0
3.0
4.0
1.0
4.0
1.0
1.0
17.0
2.0
2.0
64.0
2.0
5.0
16.0
50.0
106.0
2.0
1668.0
4.0
1.0
5.0
8.0
8.0
29.0
18.0
26.0
87.0
1.0
9.0
3.0
12.0
1306.0
1.0
23.0
1.0
2.0
1.0
9.0
2.0
40.0
17.0
2.0
3.0
3.0
11.0
3.0
1.0
1.0
1.0
1.0
1.0
4.0
565.0
35.0
1.0
45.0
1.0
87.0
1878.0
282.0
2.0
3.0
6.0
110.0
15.0
6.0
425.0
15.0
4.0
7.0
1.0
51.0
64.0
2.0
1.0
3.0
232.0
288.0
3.0
67.0
117.0
1.0
6.0
5.0
1.0
93.0
3.0
3.0
27.0
1.0
1.0
1.0
2.0
1.0
29.0
16.0
1.0
9.0
1.0
4.0
1.0
144.0
4073.0
1779.0
10.0
1.0
28.0
16.0
2.0
37.0
3.0
1062.0
15.0
9.0
3.0
2025.0
279.0
1.0
3.0
3.0
5.0
29.0
4.0
1.0
48.0
2.0
12.0
6.0
7.0
20.0
5.0
5.0
110.0
1.0
1.0
3.0
2.0
1.0
3.0
64.0
406.0
3.0
1.0
1.0
24.0
3.0
8.0
3.0
2.0
1.0
1.0
766.0
7.0
1.0
587.0
56.0
9.0
3.0
1.0
8.0
2.0
3.0
1.0
3.0
5.0
2.0
18.0
3.0
28.0
2.0
15.0
2.0
2.0
24.0
1.0
1.0
1.0
1.0
1.0
1.0
2.0
96.0
1.0
1.0
1.0
10.0
39.0
5.0
3.0
3.0
1.0
1.0
3.0
9.0
2.0
4.0
2.0
3.0
30.0
4.0
434.0
9900.0
7.0
1.0
7.0
3.0
1.0
3.0
1.0
351.0
3.0
3.0
436.0
8.0
2.0
7.0
1.0
1.0
3.0
60.0
374.0
104.0
2.0
3.0
496.0
15.0
3.0
1.0
45.0
76.0
3.0
3.0
3.0
62.0
1.0
230.0
14.0
3.0
24.0
612.0
10.0
771.0
5.0
1.0
1.0
96.0
1.0
6.0
2.0
8.0
6.0
1.0
239.0
3.0
24.0
1.0
6.0
7.0
1.0
19.0
8.0
2.0
3.0
3.0
3.0
1.0
61.0
1.0
10.0
1.0
25.0
3.0
957.0
188.0
22.0
3.0
118.0
5.0
1.0
3.0
14.0
31.0
1.0
1290.0
1.0
8.0
3.0
56.0
69.0
29.0
64.0
4.0
2.0
3.0
8.0
1.0
99.0
74.0
10.0
3.0
3.0
12.0
3.0
19.0
929.0
6.0
3.0
61.0
1.0
2.0
19.0
584.0
1.0
13.0
7.0
1.0
3.0
5.0
670.0
832.0
1.0
3.0
7.0
1.0
188.0
1.0
1.0
1.0
5.0
14.0
1.0
3.0
843.0
3.0
24.0
1.0
4597.0
925.0
1.0
1.0
9.0
5.0
145.0
2.0
1.0
1.0
57.0
68.0
1.0
4015.0
2.0
10.0
429.0
1.0
57.0
8.0
49.0
1.0
3.0
1.0
48.0
2.0
1.0
1.0
1.0
8.0
1.0
4.0
3.0
2.0
4.0
3.0
2.0
4.0
3.0
45.0
7.0
3.0
4.0
2.0
70.0
21583.0
12.0
133.0
1.0
1951.0
41.0
14.0
3.0
1.0
88.0
5.0
865.0
130.0
2.0
17.0
1.0
8.0
4.0
3.0
19.0
2.0
73.0
3.0
1.0
2.0
25.0
2.0
4.0
116.0
108.0
723.0
22.0
12.0
1.0
2.0
1.0
9.0
2.0
24.0
30.0
3.0
2.0
6.0
19.0
2.0
11.0
8.0
296.0
1290.0
1.0
513.0
6.0
1.0
10.0
4.0
3.0
946.0
70.0
28.0
7.0
9.0
5.0
4.0
3.0
3.0
3.0
1.0
2.0
3.0
1.0
1.0
3.0
3.0
7.0
11.0
1.0
1.0
1.0
1.0
1.0
282.0
1.0
1.0
775.0
97.0
3.0
14.0
2.0
47.0
36.0
3.0
4.0
8.0
207.0
1.0
144.0
2.0
3.0
844.0
2.0
1.0
3.0
5.0
1.0
3.0
146.0
22.0
1.0
5.0
2667.0
3.0
4.0
1.0
7.0
2.0
1.0
1.0
2.0
3.0
201.0
3.0
43.0
111.0
60.0
1.0
288.0
1.0
2.0
1.0
1.0
1.0
6.0
1.0
2.0
1.0
85.0
4.0
2.0
11.0
13.0
1.0
95.0
1.0
99.0
838.0
3.0
1.0
14.0
15.0
1.0
2.0
1.0
3.0
16.0
4.0
4.0
1.0
3.0
144.0
1.0
20.0
172.0
166.0
1.0
1.0
197.0
1.0
58.0
288.0
3.0
1594.0
933.0
11.0
3.0
1.0
2.0
3.0
5125.0
9.0
1.0
1.0
5.0
1.0
5.0
1042.0
1.0
7.0
4068.0
66.0
7.0
11.0
1.0
598.0
21.0
1.0
1308.0
2.0
7.0
1.0
1.0
1236.0
68.0
7.0
3.0
4.0
10.0
1.0
2.0
35.0
1.0
1.0
167.0
1.0
1533.0
1.0
2.0
75.0
704.0
2.0
541.0
1.0
3.0
60.0
164.0
3.0
61.0
3.0
4.0
7.0
3.0
5.0
1.0
1.0
3.0
9.0
3.0
12.0
1.0
3.0
262.0
2.0
164.0
40.0
1.0
24.0
1.0
67.0
1.0
2.0
17.0
3.0
6.0
1.0
49.0
1.0
2466.0
3.0
772.0
3.0
1.0
1.0
4.0
1970.0
3.0
3.0
12.0
236.0
1.0
1.0
4.0
1.0
3.0
105.0
948.0
120.0
1.0
55.0
3.0
313.0
26.0
1.0
168.0
3.0
1436.0
157.0
8.0
1.0
60.0
1.0
1198.0
25.0
24.0
1.0
1.0
10.0
1.0
73.0
113.0
2.0
24.0
2.0
24.0
1117.0
7.0
197.0
1.0
5652.0
8.0
8.0
29.0
6.0
3.0
23.0
1.0
477.0
2.0
2.0
1.0
12.0
17.0
1.0
4998.0
7.0
512.0
1.0
3.0
1.0
665.0
3.0
1.0
23.0
2.0
1.0
3.0
1.0
2.0
1.0
84.0
1.0
2.0
445.0
43.0
24.0
76.0
1.0
13.0
3.0
1.0
10.0
4.0
779.0
1.0
2.0
7.0
2.0
1.0
299.0
3.0
25.0
2.0
2.0
8.0
47.0
1.0
4.0
3.0
8.0
6.0
1.0
3.0
3.0
1.0
1568.0
4.0
1.0
242.0
16.0
1.0
2.0
3.0
3.0
4.0
7.0
3.0
27.0
113.0
1.0
3.0
3.0
15.0
16.0
1018.0
5.0
35.0
15.0
3.0
83.0
28.0
20.0
1.0
25.0
24.0
64.0
3.0
1.0
28.0
5.0
2.0
1.0
3.0
1.0
1.0
19238.0
1.0
8.0
2.0
1.0
1.0
3.0
1.0
200.0
6.0
1.0
6.0
71.0
2.0
19.0
3.0
4.0
1.0
88.0
1120.0
1.0
3.0
799.0
6.0
1137.0
300.0
1.0
3.0
1.0
8.0
3.0
3.0
5.0
102.0
166.0
1608.0
123.0
37.0
3.0
159.0
2.0
2.0
3.0
2.0
4.0
1.0
4.0
2.0
1.0
351.0
1.0
16.0
99.0
4.0
15.0
3.0
731.0
3.0
2.0
1.0
1.0
1.0
5.0
1.0
1.0
12.0
4.0
6.0
10.0
1.0
3.0
9.0
290.0
14.0
1.0
2.0
1.0
1.0
2.0
689.0
3.0
4.0
2217.0
2.0
1.0
56.0
24.0
7.0
19.0
3.0
68.0
11.0
2.0
4.0
3.0
419.0
4.0
1431.0
1.0
2.0
2.0
2.0
220.0
77.0
193.0
694.0
1.0
117.0
121.0
681.0
1.0
1.0
34.0
9.0
65.0
1.0
6.0
1.0
1.0
8.0
1.0
3.0
6.0
7.0
1.0
3.0
18.0
3.0
2.0
27.0
1.0
2.0
3.0
2.0
515.0
723.0
4.0
50.0
1.0
1.0
1.0
961.0
2.0
10.0
1.0
185.0
14189.0
2.0
68.0
359.0
2.0
1.0
10.0
1.0
658.0
7.0
60.0
7.0
1565.0
1.0
8.0
3.0
1927.0
1427.0
2.0
1.0
83.0
1.0
39063.0
666.0
31.0
66.0
1.0
4.0
3.0
97.0
3.0
1.0
1.0
5.0
64.0
1.0
2.0
1.0
2.0
33.0
7.0
1.0
1.0
2.0
3.0
1.0
14.0
1.0
463.0
65.0
4.0
2.0
3.0
1.0
14.0
8.0
17.0
1.0
7.0
950.0
1.0
1.0
31.0
1.0
52.0
1.0
1.0
1846.0
1.0
1.0
9.0
2440.0
5.0
2.0
3.0
16.0
1.0
14.0
1.0
17.0
1.0
16.0
7.0
168.0
3.0
1.0
4.0
43.0
3.0
25.0
1.0
1.0
70.0
1.0
168.0
7.0
870.0
62.0
31.0
2.0
3.0
13.0
19.0
62.0
3.0
3.0
25.0
17.0
2.0
3.0
11.0
1.0
9.0
1.0
596.0
500.0
3.0
292.0
1.0
278.0
193.0
3.0
640.0
428.0
45.0
5.0
1.0
100.0
288.0
2.0
1.0
73.0
45.0
9.0
3.0
88.0
5.0
1.0
2.0
680.0
1.0
238.0
6.0
1.0
3.0
101.0
1.0
3.0
95.0
3.0
3.0
1.0
1.0
1.0
9.0
10.0
9.0
70.0
3.0
531.0
46.0
3.0
38.0
1293.0
10.0
4613.0
4.0
3.0
4.0
2.0
1.0
883.0
4.0
233.0
258.0
3.0
4.0
69.0
4.0
9.0
1.0
1.0
1.0
1.0
39.0
40.0
24.0
3.0
1.0
6.0
335.0
10.0
1.0
47.0
1703.0
3.0
10.0
2.0
3.0
3.0
7.0
1.0
172.0
1.0
2.0
43.0
1.0
1.0
1.0
40.0
9.0
1.0
24.0
3.0
2.0
267.0
4.0
2.0
3.0
3.0
16.0
209.0
4.0
14385.0
3.0
1117.0
48.0
1.0
1.0
4.0
8.0
1.0
1137.0
1.0
2.0
8.0
1.0
2.0
1.0
3.0
1.0
180.0
3.0
159.0
1.0
368.0
65.0
304.0
159.0
2.0
612.0
13.0
2.0
261.0
2.0
3.0
2.0
2.0
1.0
60.0
250.0
1.0
3.0
3176.0
3754.0
3.0
5.0
1303.0
57.0
1.0
2.0
3.0
55.0
3.0
2019.0
591.0
16.0
3.0
1161.0
697.0
1.0
1.0
87.0
3.0
2.0
1.0
1.0
2.0
4.0
4.0
1.0
2.0
33.0
3.0
24.0
4347.0
19.0
39.0
1.0
1.0
1.0
494.0
1.0
10.0
350.0
565.0
26.0
19.0
3.0
183.0
1.0
117.0
134.0
1.0
166.0
163.0
2.0
2.0
105.0
801.0
1.0
31.0
1309.0
2.0
4.0
1.0
5.0
5.0
8.0
116.0
86.0
499.0
87.0
3.0
3.0
7.0
3.0
115.0
2.0
3.0
21.0
3.0
596.0
10.0
10.0
8.0
36.0
1.0
3.0
4.0
17.0
709.0
1119.0
1.0
3.0
180.0
1.0
2.0
4.0
1.0
1.0
3.0
3.0
7.0
1884.0
558.0
75.0
1.0
2.0
14.0
3.0
8.0
2.0
1.0
1.0
10.0
14.0
3.0
56.0
4.0
109.0
1.0
3.0
1.0
272.0
1034.0
3.0
1.0
2.0
3.0
405.0
650.0
33.0
2.0
1.0
4452.0
1.0
11.0
3.0
11.0
7.0
1.0
2.0
1.0
3.0
1.0
74.0
1.0
1.0
1.0
504.0
5.0
1.0
3.0
1.0
3.0
24.0
17.0
4.0
10.0
4.0
6.0
1.0
1.0
11.0
3.0
157.0
4.0
2.0
810.0
1.0
3.0
1.0
2.0
3.0
3.0
35.0
7.0
19.0
3.0
2.0
1.0
1.0
2.0
1.0
1.0
2.0
44.0
40.0
3.0
13.0
2.0
7.0
17.0
2.0
2.0
5.0
1436.0
26.0
1.0
8.0
2.0
82.0
1.0
1.0
4.0
5.0
3.0
1.0
29.0
302.0
2.0
15.0
2.0
3.0
2.0
25.0
102.0
1.0
1.0
2.0
3.0
1.0
509.0
1.0
1.0
4.0
3.0
2.0
1.0
1.0
7.0
13.0
1.0
3.0
1.0
1.0
1.0
355.0
3.0
477.0
2.0
2.0
9.0
3.0
1.0
1.0
5.0
281.0
24.0
1.0
1.0
4.0
1179.0
3.0
3.0
1.0
3.0
1.0
1.0
1.0
17.0
1.0
3.0
1.0
1.0
2.0
22.0
621.0
9.0
1.0
79.0
3107.0
31.0
3153.0
11.0
421.0
4.0
1117.0
12.0
3.0
9.0
7.0
1.0
959.0
31.0
82.0
220.0
1.0
18.0
3.0
1785.0
7.0
3.0
3.0
14.0
561.0
19.0
1.0
3.0
10.0
7.0
1.0
3.0
3.0
6.0
8.0
3.0
16.0
1.0
126.0
3.0
20.0
1275.0
2.0
14.0
1.0
34.0
1.0
869.0
1.0
2.0
1072.0
3.0
1.0
1.0
19.0
25.0
31.0
2.0
3.0
6.0
4.0
2.0
1.0
3.0
3.0
34.0
3.0
2.0
90.0
2.0
1.0
1.0
9.0
10.0
1.0
292.0
3944.0
1.0
10.0
19.0
4.0
3.0
23.0
3.0
30.0
58.0
572.0
1.0
33.0
1.0
4.0
1.0
3.0
576.0
1.0
3.0
5.0
542.0
3.0
19.0
3.0
9.0
1458.0
8.0
4.0
253.0
8.0
213.0
1.0
2.0
47.0
1.0
3.0
9.0
9.0
6.0
14.0
351.0
3.0
3.0
3.0
6.0
17.0
3.0
5.0
17.0
2.0
1.0
419.0
16.0
281.0
1.0
13.0
70.0
1.0
1.0
148.0
330.0
1.0
47.0
1.0
5.0
9.0
4.0
7.0
1.0
74.0
375.0
356.0
12.0
5.0
16.0
1190.0
82.0
1.0
41.0
115.0
9.0
5.0
2.0
1.0
1.0
8.0
1.0
1.0
583.0
1.0
14.0
9.0
2.0
1.0
1.0
3.0
1.0
1.0
6.0
1.0
1069.0
50.0
573.0
7.0
616.0
107.0
78.0
3.0
4.0
5.0
132.0
1.0
3.0
2.0
3.0
25.0
13903.0
18.0
3.0
348.0
1.0
306.0
3.0
3.0
4.0
1.0
1.0
9.0
3.0
2.0
82.0
7.0
33.0
68.0
14.0
1.0
1.0
596.0
1.0
1.0
1158.0
238.0
16.0
1.0
3.0
4.0
8.0
7.0
1.0
858.0
1726.0
1.0
3.0
1.0
3.0
1.0
894.0
287.0
1.0
65.0
2.0
1.0
5.0
4.0
1.0
232.0
3.0
6.0
1.0
1004.0
1.0
1.0
63.0
42.0
1.0
73.0
3.0
1.0
4.0
1.0
961.0
1.0
1.0
14.0
2.0
8.0
292.0
1.0
1.0
1.0
7.0
5.0
169.0
1437.0
1.0
7.0
110.0
4.0
2.0
2.0
1.0
619.0
12.0
1.0
24.0
5.0
1.0
1.0
1.0
17.0
4.0
1571.0
39.0
1.0
34.0
1.0
4.0
40.0
5.0
2280.0
1.0
17.0
2032.0
26.0
1.0
9.0
1.0
15.0
2.0
3.0
170.0
2.0
4.0
1.0
3.0
1.0
1143.0
3.0
3.0
1.0
11.0
2.0
11.0
1.0
1.0
92.0
27.0
3.0
87.0
5.0
4.0
4.0
269.0
10.0
2.0
14.0
1.0
638.0
2.0
21.0
3.0
2.0
22.0
8.0
2.0
10.0
3.0
12.0
34.0
27.0
21.0
4.0
1.0
3.0
7.0
3.0
9.0
19.0
102.0
220.0
2.0
49.0
42.0
1.0
474.0
5.0
1.0
1.0
1.0
1.0
1.0
77.0
3.0
5.0
9.0
10.0
54.0
1.0
9.0
122.0
9.0
56.0
33.0
298.0
1.0
1.0
3.0
1.0
4.0
3.0
2.0
1.0
18.0
1.0
1659.0
3158.0
52.0
1.0
2.0
18.0
9.0
15.0
1.0
1256.0
58.0
21.0
3.0
4068.0
3.0
13.0
4.0
3.0
1.0
1.0
10.0
1.0
18.0
79.0
2.0
10.0
1.0
1.0
1.0
1.0
83.0
8.0
1.0
316.0
9.0
3.0
4.0
1.0
9.0
1.0
4.0
7.0
3136.0
24.0
5.0
24.0
564.0
5.0
1.0
1.0
10.0
3.0
3.0
8.0
4.0
3.0
2.0
18.0
3.0
2.0
3.0
4.0
45.0
5.0
1.0
2.0
313.0
1.0
18.0
9.0
49.0
6.0
1.0
13.0
1.0
2.0
18.0
1.0
1117.0
1.0
1.0
1.0
1.0
1.0
2682.0
401.0
1.0
25.0
127.0
19.0
1.0
4.0
2.0
1.0
74.0
3.0
3.0
1.0
1.0
10.0
1.0
5.0
2.0
5.0
1.0
20.0
2.0
995.0
4.0
18.0
8.0
17.0
9.0
1.0
1.0
577.0
1.0
2.0
2.0
1.0
7.0
1.0
3.0
4.0
1.0
264.0
6.0
17.0
1.0
222.0
424.0
2.0
9.0
757.0
9.0
3.0
3.0
467.0
11.0
20.0
50.0
1.0
102.0
7.0
3.0
71.0
1.0
542.0
1.0
1.0
3.0
2.0
4.0
251.0
1.0
2.0
132.0
1.0
1.0
362.0
484.0
47.0
3.0
2.0
710.0
34.0
39.0
152.0
1.0
3.0
3.0
3.0
499.0
1.0
1.0
1.0
17.0
3.0
7.0
1.0
2.0
7.0
1.0
30.0
2.0
20.0
3.0
23.0
2464.0
1.0
1.0
2.0
18.0
288.0
2891.0
5.0
845.0
3119.0
5.0
3.0
11.0
4.0
88.0
4.0
50.0
1.0
14.0
7.0
760.0
4.0
1.0
3.0
1.0
12.0
7.0
4.0
66.0
99.0
3.0
30.0
2.0
12.0
4.0
1.0
1.0
2.0
1.0
1.0
34.0
1.0
177.0
8.0
8.0
35.0
3.0
1.0
2.0
2.0
1.0
1.0
1.0
1.0
5.0
3.0
8.0
1.0
81.0
3.0
2.0
1.0
15.0
246.0
1.0
1.0
65.0
38.0
1148.0
1.0
3.0
1.0
5.0
12.0
1.0
1350.0
2.0
1.0
1.0
2.0
44.0
9.0
753.0
50.0
4.0
4.0
1.0
2.0
1.0
3.0
754.0
2279.0
3.0
9.0
909.0
793.0
3.0
8.0
2.0
1.0
329.0
1.0
2.0
123.0
9.0
2.0
4.0
5.0
5.0
3.0
1.0
3.0
3.0
5.0
51.0
1.0
288.0
2.0
1.0
2.0
3.0
1.0
4.0
1.0
11.0
82.0
1.0
1.0
1.0
5.0
2.0
31.0
1.0
1.0
10.0
2.0
3.0
82.0
4.0
3.0
24.0
1.0
3.0
8.0
1.0
65.0
4484.0
5.0
41.0
5.0
37.0
1.0
73.0
3.0
3.0
75.0
49.0
3.0
873.0
1.0
6.0
80.0
3.0
878.0
1.0
9.0
685.0
3.0
3.0
63.0
3.0
5.0
24.0
3.0
1.0
2.0
25.0
172.0
2.0
1.0
1.0
4.0
18.0
14.0
1.0
3.0
2.0
11.0
1.0
3.0
33.0
18.0
36.0
2.0
75.0
1.0
546.0
386.0
1.0
7.0
5.0
3.0
2.0
36.0
1.0
3.0
270.0
2.0
28.0
82.0
2.0
27.0
282.0
22.0
2.0
59.0
3.0
216.0
38.0
18.0
5.0
1.0
1.0
1.0
66.0
30.0
1.0
119.0
1.0
3.0
3.0
3.0
685.0
1.0
15.0
3.0
1.0
1.0
4612.0
706.0
1.0
3.0
1.0
119.0
1.0
218.0
1.0
6.0
1.0
1.0
1.0
2.0
1.0
3225.0
3.0
1.0
6.0
3.0
1.0
3.0
2.0
3.0
38.0
3.0
34.0
172.0
117.0
448.0
26.0
5.0
4.0
241.0
2.0
1.0
2.0
3.0
25.0
33.0
1.0
4.0
2521.0
62.0
10.0
37.0
19.0
53.0
1.0
2.0
79.0
31.0
2.0
2.0
1.0
9.0
9.0
3.0
1.0
5.0
797.0
1.0
3.0
1.0
9.0
102.0
361.0
1.0
3.0
32.0
694.0
3.0
3.0
17.0
5.0
7.0
1.0
3.0
2.0
9.0
2.0
4.0
1.0
4.0
1.0
1.0
7.0
254.0
3.0
1.0
3.0
100.0
1.0
10.0
339.0
1.0
1856.0
100.0
3.0
2.0
3.0
9.0
1.0
40.0
696.0
4.0
1.0
2.0
1.0
779.0
1.0
968.0
16.0
77.0
3.0
4.0
1.0
2106.0
1346.0
4.0
7.0
3.0
3.0
3.0
1.0
63.0
1.0
28.0
5.0
1.0
1.0
924.0
351.0
215.0
1.0
1.0
3.0
3.0
55.0
1738.0
41.0
1.0
1.0
1.0
1.0
1.0
1.0
1707.0
23.0
25.0
257.0
2.0
10.0
1.0
31.0
1.0
1.0
1.0
216.0
1.0
8.0
1.0
21.0
2.0
3.0
3.0
3.0
3.0
18.0
1.0
516.0
13.0
6.0
1.0
2.0
727.0
2.0
3932.0
58.0
39.0
1.0
6.0
150.0
3.0
39.0
4.0
3.0
3.0
1.0
5.0
3.0
22.0
3.0
757.0
149.0
1.0
3.0
2134.0
1.0
1.0
1.0
1.0
10.0
2.0
1.0
1.0
1.0
1.0
1.0
164.0
1.0
29.0
1.0
1070.0
2.0
3.0
3.0
61.0
3.0
1.0
1.0
12.0
3.0
32.0
12.0
376.0
6.0
3.0
27.0
44.0
1.0
6.0
3.0
14.0
3297.0
3.0
1.0
2.0
7.0
48.0
1.0
32.0
11.0
7.0
7.0
9.0
3.0
102.0
1.0
1033.0
1.0
19.0
1.0
197.0
3.0
4.0
17.0
2642.0
5.0
421.0
5.0
32.0
8.0
1135.0
386.0
1.0
697.0
1.0
1.0
110.0
19.0
687.0
3.0
12.0
1.0
3200.0
17.0
15.0
813.0
1530.0
2.0
112.0
1.0
3.0
3.0
26.0
2.0
3.0
2.0
2.0
1204.0
61.0
6.0
3.0
1.0
613.0
1.0
4.0
4.0
2.0
7.0
21.0
267.0
3829.0
3.0
63.0
1.0
9.0
16.0
45.0
3.0
1304.0
1.0
3.0
8.0
1.0
39.0
59.0
1.0
3.0
1.0
2.0
3.0
1.0
1.0
3.0
3.0
14.0
4.0
1.0
1.0
45.0
1.0
323.0
5.0
1.0
560.0
11.0
4.0
64.0
1.0
1.0
83.0
3.0
201.0
456.0
62.0
2302.0
5.0
1174.0
1.0
9.0
46.0
1.0
4.0
22.0
88.0
7.0
3.0
1121.0
2.0
1.0
2.0
11.0
3.0
38.0
6605.0
356.0
4.0
351.0
5.0
879.0
3.0
53.0
33.0
2.0
2.0
282.0
3.0
3.0
2.0
10.0
3.0
9.0
3.0
62.0
3.0
4.0
18.0
4.0
1.0
16.0
1.0
5.0
282.0
1.0
247.0
5.0
63.0
3.0
1.0
4.0
2.0
1.0
3.0
6.0
2.0
218.0
3.0
473.0
8.0
1.0
5.0
1.0
55.0
2.0
2.0
1.0
288.0
63.0
121.0
638.0
2.0
1.0
6.0
37.0
15.0
815.0
3.0
1.0
36.0
104.0
3.0
3.0
21.0
1.0
3.0
9.0
1137.0
3167.0
7.0
11.0
11.0
1.0
3.0
14.0
5.0
1238.0
1.0
1.0
63.0
269.0
4.0
295.0
14437.0
23.0
3.0
11.0
2.0
54.0
9.0
2.0
2.0
2.0
2.0
1.0
2.0
1.0
11.0
2.0
6.0
4.0
20.0
90.0
2.0
9.0
21.0
3.0
1.0
8.0
1.0
1.0
539.0
1.0
1378.0
3.0
6.0
5.0
138.0
1.0
31.0
3.0
2.0
52.0
3.0
161.0
1.0
49.0
1.0
1.0
3.0
1.0
7.0
1.0
2.0
32.0
3.0
1.0
23.0
104.0
13.0
5.0
1.0
95.0
1.0
4.0
2.0
1.0
1.0
1.0
102.0
2.0
5.0
5.0
2.0
1.0
10.0
1.0
68.0
2.0
10.0
6.0
8860.0
1000.0
28.0
2.0
2132.0
1.0
7.0
1070.0
3.0
9.0
14.0
111.0
600.0
1.0
1512.0
3.0
3.0
3.0
3.0
3.0
14537.0
5.0
7.0
2.0
17.0
12.0
1.0
2.0
3.0
5.0
2.0
3.0
3.0
3.0
19.0
4.0
3.0
1.0
4.0
3.0
1.0
1334.0
1.0
1.0
11.0
73.0
512.0
3.0
5.0
1.0
5.0
1.0
1.0
3.0
3.0
2.0
2.0
3.0
4.0
2.0
4.0
1047.0
3.0
3.0
2.0
24.0
89.0
1.0
80.0
1.0
3.0
542.0
2.0
23.0
21.0
24.0
1.0
76.0
1.0
55.0
1.0
1.0
1.0
7.0
3.0
10.0
1.0
896.0
6.0
114.0
2.0
1.0
619.0
3.0
24.0
40.0
11.0
3.0
1.0
12.0
2.0
34.0
46.0
10.0
5.0
15.0
1686.0
8.0
67.0
2.0
1.0
8.0
79.0
495.0
3.0
9.0
464.0
1.0
877.0
65.0
421.0
110.0
3.0
2.0
9.0
17.0
34.0
10.0
1.0
24.0
33.0
3.0
7388.0
3.0
1.0
1.0
288.0
8.0
75.0
239.0
140.0
2.0
1.0
7.0
60.0
2578.0
4.0
6.0
8.0
2.0
9.0
2277.0
1.0
1.0
1.0
47.0
1.0
22.0
16.0
390.0
359.0
1314.0
1.0
34.0
4.0
65.0
18.0
657.0
1.0
1.0
1.0
1.0
3.0
18.0
209.0
2.0
5.0
1.0
14.0
1.0
3.0
1481.0
55.0
14.0
2.0
1.0
66.0
1.0
522.0
55.0
1.0
3.0
1.0
1.0
1.0
163.0
6.0
19.0
195.0
2.0
9.0
34.0
2.0
1.0
24.0
33.0
18.0
182.0
3.0
3.0
1.0
1.0
1.0
7.0
3849.0
9.0
1.0
1.0
1.0
3.0
3.0
23.0
3.0
5.0
2.0
1.0
4.0
2.0
102.0
112.0
22.0
31.0
1.0
40.0
3.0
2.0
2.0
1.0
1.0
3.0
3.0
1.0
1.0
2.0
5.0
18.0
829.0
382.0
1.0
420.0
8046.0
10.0
100.0
2.0
5.0
7.0
7.0
16.0
2.0
22.0
6.0
75.0
1.0
4.0
3382.0
4.0
68.0
533.0
16.0
42.0
4.0
2.0
4.0
5.0
2.0
11.0
7.0
1.0
4.0
2.0
3.0
397.0
1.0
344.0
5.0
319.0
22.0
2.0
10.0
174.0
1.0
1.0
27.0
93.0
1.0
2.0
17.0
4.0
3.0
4.0
2.0
1.0
3.0
14189.0
173.0
2.0
1.0
3.0
14.0
2.0
1.0
1.0
1.0
1245.0
1.0
17.0
296.0
66.0
10.0
417.0
19.0
282.0
3.0
4.0
639.0
3.0
7.0
1.0
242.0
1.0
1.0
1.0
181.0
1.0
1.0
6.0
1.0
3.0
104.0
1.0
1280.0
535.0
1.0
3.0
6.0
2.0
2.0
1.0
72.0
132.0
3.0
1.0
3.0
3.0
2.0
19.0
4.0
3.0
4.0
1.0
9.0
15.0
1.0
3.0
1.0
927.0
58.0
6.0
2.0
7083.0
6.0
2435.0
924.0
118.0
305.0
50.0
83.0
1.0
1.0
1.0
15.0
11.0
4.0
115.0
1.0
2392.0
18.0
1.0
1.0
6.0
2.0
7.0
1.0
5.0
141.0
1.0
19.0
62.0
2.0
1.0
549.0
3.0
5.0
1.0
1.0
114.0
1.0
351.0
91.0
3.0
1.0
5.0
9.0
3.0
3.0
12.0
1.0
24.0
1.0
20.0
8.0
1.0
4.0
4.0
18.0
3.0
3.0
508.0
4.0
4.0
30.0
103.0
1.0
2.0
1.0
2.0
1.0
1.0
19.0
2.0
504.0
1.0
1.0
1.0
4.0
39.0
1.0
1.0
125.0
923.0
1262.0
1.0
9.0
4.0
7.0
1155.0
1.0
3.0
8.0
1484.0
3.0
3.0
493.0
16.0
4.0
1.0
4.0
19.0
1311.0
8.0
271.0
1006.0
142.0
5.0
3.0
2.0
36.0
1.0
4.0
1.0
26.0
482.0
3.0
68.0
4.0
51.0
15.0
1091.0
727.0
3.0
32.0
1.0
18.0
446.0
3.0
6.0
3.0
449.0
1099.0
1.0
6.0
2.0
6.0
13.0
8.0
767.0
19.0
70.0
1763.0
3.0
1.0
3.0
1.0
1.0
6.0
3.0
2.0
1100.0
120.0
24.0
1027.0
54.0
168.0
1.0
2.0
65.0
8.0
3.0
41.0
4.0
3.0
1.0
339.0
9.0
2.0
15.0
1.0
21.0
2.0
3.0
15.0
1.0
2.0
1.0
1.0
1.0
3.0
97.0
69.0
1.0
9.0
9.0
3.0
1.0
1.0
1.0
3.0
2.0
3.0
1.0
128.0
2.0
3.0
3.0
17.0
295.0
85.0
1.0
1564.0
2.0
3.0
9.0
8.0
1.0
4.0
1.0
65.0
4.0
33.0
8.0
697.0
1.0
9.0
1.0
1.0
2.0
40.0
6.0
3.0
16.0
7.0
25.0
1.0
3.0
3519.0
991.0
1.0
1.0
5.0
4.0
5.0
3.0
142.0
12.0
17.0
6881.0
32.0
4.0
15.0
1.0
31.0
6.0
6.0
65.0
1.0
1.0
5.0
32.0
2.0
1.0
253.0
1.0
1041.0
7.0
17.0
9.0
25.0
441.0
2.0
3.0
502.0
31.0
6.0
37.0
1.0
2.0
2.0
9.0
8.0
288.0
9.0
8.0
3.0
24.0
1.0
28.0
132.0
11.0
3.0
1.0
11.0
2.0
1202.0
191.0
7.0
10.0
13.0
1.0
4.0
3.0
2.0
2.0
1862.0
1.0
4.0
17.0
187.0
54.0
117.0
120.0
3.0
4.0
14.0
4.0
4.0
5.0
16.0
1.0
4.0
1.0
9.0
19.0
2.0
1.0
65.0
11.0
1018.0
1.0
1.0
6.0
15.0
1.0
1.0
2.0
3.0
1.0
4.0
166.0
45.0
564.0
429.0
9.0
9.0
97.0
335.0
261.0
2.0
22.0
869.0
4.0
6.0
3483.0
59.0
3.0
1.0
101.0
44.0
5.0
7.0
3.0
17.0
1.0
1.0
2.0
9.0
1.0
471.0
1.0
478.0
65.0
1.0
640.0
5.0
185.0
1.0
2.0
932.0
1.0
2.0
3.0
2.0
3.0
1.0
18.0
1483.0
1.0
1.0
19.0
2.0
13.0
63.0
2.0
15.0
14.0
2.0
5.0
1.0
4.0
3.0
4.0
2.0
15.0
2.0
41.0
3.0
6.0
6530.0
490.0
3.0
2.0
292.0
1.0
835.0
3.0
1.0
2.0
22.0
65.0
2.0
2.0
19.0
24.0
5.0
835.0
24.0
1.0
850.0
1.0
102.0
3.0
4.0
50.0
1.0
3.0
1.0
2.0
2.0
3.0
1.0
1.0
12.0
2.0
7.0
154.0
1.0
2.0
12.0
1.0
3.0
4.0
1.0
1.0
50.0
2.0
1.0
4.0
351.0
16.0
4.0
1.0
11.0
1875.0
1.0
122.0
1.0
1.0
88.0
44.0
42.0
33.0
17.0
1.0
1.0
1.0
1988.0
1.0
11.0
351.0
56.0
4.0
20.0
2.0
11.0
2040.0
550.0
351.0
1.0
4.0
3.0
1.0
5.0
3.0
9.0
1.0
69.0
211.0
4.0
2.0
336.0
1.0
29.0
615.0
14.0
1.0
1.0
9.0
2.0
1.0
2.0
2.0
2.0
1.0
2.0
150.0
3.0
29.0
8.0
151.0
24.0
2.0
2.0
6.0
28.0
12.0
5.0
14354.0
1.0
1.0
4.0
12.0
1.0
1.0
10.0
714.0
5.0
31.0
184.0
122.0
3.0
1.0
1.0
1.0
4.0
1.0
16.0
429.0
4.0
24.0
2.0
1.0
3.0
2.0
2324.0
21.0
26.0
3.0
3.0
82.0
338.0
2.0
1.0
1.0
3.0
1.0
2.0
1.0
194.0
1.0
23.0
2.0
3.0
3.0
2.0
7.0
2.0
1.0
4.0
3.0
180.0
3.0
193.0
58.0
66.0
3.0
1.0
1.0
1276.0
3.0
2.0
2.0
1.0
18.0
1.0
18.0
444.0
6072.0
1.0
1.0
1047.0
2.0
288.0
19.0
1.0
1.0
362.0
560.0
2.0
152.0
1.0
3.0
2.0
1.0
764.0
18.0
70.0
3.0
122.0
8.0
93.0
49.0
8.0
1.0
14.0
201.0
48.0
5.0
1.0
1.0
3.0
1.0
61.0
1124.0
77.0
1.0
40.0
33.0
1225.0
1.0
1.0
24.0
2.0
1.0
2.0
1.0
1598.0
39.0
1.0
1.0
2.0
1.0
1.0
9.0
8.0
9.0
3.0
8.0
3.0
1.0
3.0
64.0
1.0
19.0
3.0
17.0
374.0
37.0
4.0
3.0
24.0
8.0
1.0
56.0
512.0
1.0
3.0
3.0
42.0
4.0
37.0
1.0
87.0
75.0
1.0
2.0
13.0
2.0
45.0
1.0
3.0
115.0
5.0
4.0
171.0
3.0
13.0
1.0
13.0
4.0
2.0
3.0
886.0
2.0
3.0
1.0
33.0
25.0
1440.0
2.0
2.0
321.0
3.0
5.0
31.0
29.0
83.0
3.0
1.0
1.0
3.0
7.0
1.0
1.0
7.0
20.0
1.0
827.0
3.0
1.0
3.0
58.0
2.0
24.0
5.0
179.0
2.0
7.0
1.0
16.0
3.0
165.0
2.0
1.0
2.0
2.0
1.0
3.0
2.0
1.0
16.0
17.0
3.0
63.0
1.0
24.0
2.0
375.0
3.0
2.0
3.0
3.0
1.0
27.0
417.0
33.0
97.0
376.0
932.0
78.0
17.0
5.0
39.0
5.0
2.0
1.0
835.0
12.0
1.0
13.0
1.0
9.0
3.0
124.0
29.0
1.0
1.0
16.0
6.0
3.0
28.0
63.0
132.0
51.0
1670.0
51.0
5.0
1.0
3.0
65.0
1.0
3.0
3.0
1.0
5.0
772.0
113.0
180.0
30.0
13.0
522.0
6.0
12.0
20.0
1.0
226.0
1.0
115.0
24.0
38.0
17.0
4.0
1.0
9.0
11510.0
1.0
40.0
3.0
2.0
6.0
3.0
480.0
9.0
4.0
3.0
5.0
218.0
2272.0
4.0
7.0
7.0
1.0
1081.0
69.0
50.0
5.0
1.0
1.0
191.0
34.0
3.0
1.0
9.0
1.0
4.0
3.0
249.0
1.0
1.0
11.0
282.0
1.0
1.0
446.0
1.0
3.0
3.0
3.0
52.0
1.0
8.0
1.0
445.0
4.0
1.0
271.0
2299.0
3.0
17.0
6063.0
8.0
13.0
1.0
1.0
1.0
18.0
1.0
1.0
111.0
3.0
2924.0
1.0
6.0
1.0
918.0
1.0
1.0
1.0
1526.0
2.0
53.0
1.0
3.0
9.0
16.0
33.0
1.0
4973.0
15.0
1.0
2.0
891.0
3.0
29.0
3.0
3.0
1.0
2.0
2.0
1.0
512.0
18.0
73.0
1.0
282.0
2.0
351.0
24.0
20.0
1.0
9.0
6.0
14189.0
7.0
3.0
7.0
1.0
41.0
3.0
946.0
454.0
17.0
1.0
1.0
711.0
1.0
20.0
17.0
35.0
3.0
56.0
154.0
5.0
17.0
16.0
72.0
4.0
3.0
293.0
2.0
1018.0
71.0
2.0
1.0
143.0
17.0
1183.0
13.0
24.0
1.0
1.0
9.0
11.0
3.0
2.0
3.0
2.0
1116.0
1473.0
55.0
24.0
37.0
2.0
1031.0
3.0
3.0
1.0
5.0
5.0
1.0
8.0
3.0
2.0
1.0
19.0
1.0
2.0
75.0
2.0
3.0
1.0
886.0
8.0
26.0
3.0
22.0
2.0
1.0
3.0
1027.0
313.0
1921.0
1.0
677.0
1.0
1216.0
1.0
32.0
13.0
136.0
1.0
12.0
1.0
30.0
1.0
5.0
1.0
2.0
13.0
9.0
6.0
534.0
1.0
171.0
1.0
3.0
9.0
158.0
327.0
1.0
6.0
7.0
5.0
1642.0
565.0
1.0
2.0
3.0
3.0
3.0
105.0
66.0
3.0
15.0
40.0
2.0
11.0
3.0
1.0
720.0
288.0
495.0
889.0
1.0
1.0
1.0
9.0
91.0
1.0
19.0
1.0
5.0
1.0
2.0
16.0
2.0
1.0
2.0
129.0
26.0
1.0
1.0
1.0
66.0
106.0
2198.0
3.0
1.0
303.0
40.0
4.0
930.0
1.0
9.0
4.0
3.0
1083.0
11.0
3.0
137.0
16.0
344.0
8.0
2.0
1.0
1.0
2.0
3.0
4.0
3.0
3.0
1.0
2.0
2.0
24.0
29.0
235.0
1.0
4.0
25.0
104.0
1.0
3.0
37.0
14.0
50.0
1.0
338.0
19.0
1.0
5.0
3.0
1.0
9.0
3.0
528.0
2.0
9.0
1.0
4.0
3.0
1.0
114.0
1.0
10.0
3.0
1.0
5.0
200.0
58.0
370.0
26.0
29.0
4.0
1003.0
23.0
228.0
79.0
1019.0
38.0
4.0
16.0
11.0
3.0
186.0
1.0
1.0
8.0
9.0
5.0
1.0
66.0
3.0
16.0
3.0
884.0
70.0
2.0
23.0
1512.0
19.0
14189.0
3.0
4.0
5.0
17.0
2.0
5.0
2.0
1.0
2.0
6.0
3.0
1.0
5.0
3.0
1.0
2.0
8.0
31.0
24.0
3.0
29.0
1.0
2.0
1.0
79.0
512.0
3.0
1.0
7.0
1.0
15.0
1.0
555.0
2.0
65.0
4.0
347.0
2.0
2.0
14.0
2.0
4.0
1.0
1.0
282.0
3.0
1.0
2.0
1.0
2.0
132.0
3.0
293.0
249.0
23.0
5.0
24.0
43.0
3.0
2.0
33.0
3.0
1.0
3.0
74.0
1.0
4.0
10.0
1.0
2.0
1.0
1.0
2483.0
1.0
1.0
24.0
34.0
1.0
7.0
4.0
1.0
1.0
1.0
38.0
2.0
21.0
3.0
11.0
66.0
200.0
62.0
11.0
3.0
1613.0
3.0
2.0
5.0
2.0
370.0
3.0
1.0
3.0
6.0
53.0
1.0
2.0
195.0
2.0
2.0
1018.0
3.0
2.0
1.0
3.0
52.0
219.0
2.0
1.0
1.0
3.0
793.0
1.0
5.0
1.0
1.0
3.0
1.0
2.0
1.0
1.0
2.0
1.0
1.0
3.0
1.0
104.0
846.0
26.0
18.0
29.0
1018.0
563.0
17.0
1.0
1.0
27.0
1.0
1.0
1.0
24.0
1.0
235.0
12.0
2.0
915.0
1.0
288.0
1.0
33.0
8.0
6.0
20.0
1.0
2.0
19.0
4.0
2.0
7.0
1.0
1.0
2.0
4.0
1.0
3.0
1.0
2.0
10.0
5.0
2.0
22.0
8.0
3.0
2.0
135.0
7.0
9.0
14189.0
5.0
313.0
2.0
1.0
1825.0
1.0
3.0
1.0
1.0
2.0
7.0
8.0
3.0
1.0
1.0
9.0
158.0
1.0
1.0
50.0
2.0
1.0
18.0
3.0
31.0
1.0
1.0
2536.0
159.0
12.0
1114.0
1.0
65.0
1.0
26.0
3.0
14.0
6.0
3.0
3.0
1.0
1.0
1.0
11.0
1.0
3.0
19.0
1488.0
859.0
1.0
1.0
1.0
145.0
8.0
3.0
107.0
13.0
3.0
3.0
4.0
2.0
100.0
18.0
1265.0
3.0
3.0
138.0
191.0
57.0
1.0
3.0
1.0
14.0
19.0
69.0
464.0
10.0
20.0
3.0
8.0
3.0
3.0
40.0
1704.0
20.0
7.0
172.0
21.0
5.0
1085.0
1.0
5.0
1.0
3.0
75.0
1.0
4.0
74.0
1.0
1.0
5.0
1.0
1.0
30.0
421.0
7.0
2.0
28.0
10.0
2.0
3.0
19.0
2.0
3.0
121.0
4.0
3.0
9.0
14.0
1.0
3.0
4.0
1332.0
3.0
3.0
3.0
36.0
39.0
452.0
14.0
4.0
1.0
1.0
1.0
1.0
972.0
36.0
7.0
3.0
13.0
132.0
3.0
1225.0
1.0
109.0
554.0
3.0
2.0
296.0
3.0
1081.0
1.0
3.0
5.0
18.0
3.0
1.0
4.0
218.0
1.0
1.0
3.0
2.0
1.0
2.0
3.0
4.0
7.0
1.0
9.0
3.0
2.0
26.0
2.0
3.0
19.0
20.0
4.0
189.0
2.0
288.0
1.0
1.0
638.0
57.0
591.0
1.0
5573.0
4.0
2.0
3.0
87.0
17.0
35.0
6.0
2.0
4.0
1438.0
351.0
3.0
796.0
16528.0
5.0
1.0
1.0
3.0
2.0
58.0
6.0
2844.0
19.0
73.0
169.0
4.0
1.0
550.0
30.0
433.0
1.0
2.0
1.0
6.0
1002.0
1.0
87.0
4.0
29.0
31.0
139.0
1.0
1.0
2.0
23.0
83.0
4.0
3.0
5.0
6.0
2.0
1.0
2.0
147.0
3.0
6.0
1.0
1.0
5.0
4.0
717.0
62.0
74.0
1388.0
1.0
16.0
25.0
347.0
273.0
1.0
1.0
1.0
3.0
3.0
98.0
65.0
678.0
1.0
764.0
6.0
1.0
1470.0
3.0
24.0
112.0
3.0
26.0
594.0
21.0
2.0
24.0
1755.0
2.0
16.0
3.0
1.0
26.0
3.0
475.0
2.0
17.0
563.0
51.0
4.0
2.0
4.0
3.0
6.0
107.0
172.0
2.0
5.0
5.0
1.0
6.0
1.0
35.0
2.0
2.0
2196.0
1.0
3.0
14.0
8.0
2.0
7.0
1.0
2.0
1824.0
1.0
3.0
3.0
3.0
1.0
3.0
1.0
1.0
3.0
37858.0
1.0
1.0
345.0
10.0
2.0
1.0
1.0
11565.0
9.0
2.0
3.0
6.0
3205.0
27.0
1.0
1627.0
3.0
3.0
5.0
2.0
6.0
2.0
24.0
2.0
3.0
3.0
24.0
1.0
3.0
3.0
1213.0
79.0
6.0
11.0
1203.0
2.0
3.0
7.0
12.0
20.0
16.0
1.0
48.0
3.0
1.0
8.0
44.0
8.0
606.0
1.0
53.0
297.0
1.0
138.0
1.0
22.0
339.0
27.0
1440.0
3.0
3.0
3.0
3.0
3.0
15.0
6.0
3.0
3.0
4.0
1.0
248.0
2.0
64.0
4.0
351.0
3.0
23.0
1.0
1.0
1.0
33.0
16.0
2.0
3.0
1.0
3.0
6.0
1.0
4.0
3.0
8.0
1187.0
1.0
1.0
1.0
15.0
5.0
1.0
245.0
3.0
11.0
105.0
3.0
4.0
39.0
1.0
18.0
1.0
157.0
2.0
1.0
3.0
3.0
1.0
2.0
1.0
9.0
8.0
17.0
28.0
2.0
5.0
2.0
1.0
1.0
22.0
366.0
1.0
1.0
146.0
7.0
4.0
1.0
1.0
1.0
78.0
10.0
16.0
7.0
1.0
950.0
1.0
78.0
1.0
1.0
6.0
3.0
1.0
3.0
326.0
1299.0
12300.0
1.0
3.0
2.0
3.0
1.0
1.0
753.0
24.0
59.0
19.0
1.0
22.0
75.0
1.0
1.0
3.0
6.0
1.0
5.0
3.0
6.0
1008.0
3.0
1.0
9.0
30.0
1.0
1.0
14.0
2.0
1.0
3.0
15.0
13.0
2.0
1.0
3.0
2.0
7.0
1.0
11.0
3.0
1.0
4.0
1.0
429.0
1.0
1.0
3.0
1269.0
4.0
4.0
1.0
1.0
9.0
65.0
2.0
2.0
1.0
171.0
3.0
58.0
278.0
9.0
4.0
1246.0
2.0
3574.0
707.0
16519.0
3.0
1.0
17.0
98.0
6.0
1.0
8.0
3.0
288.0
32.0
81.0
3.0
8.0
1.0
30.0
2.0
920.0
3.0
4.0
1.0
3.0
1.0
3.0
2.0
6.0
3.0
1.0
10.0
1.0
3.0
2.0
7.0
487.0
4.0
1.0
3.0
3.0
16.0
195.0
2.0
3.0
3.0
3.0
3.0
1.0
1.0
1.0
3.0
4.0
6.0
1.0
516.0
31.0
2.0
3.0
305.0
3.0
1.0
1.0
1.0
4.0
4.0
19.0
664.0
3.0
1.0
1.0
2.0
11.0
1.0
162.0
3.0
3.0
88.0
36.0
10187.0
9.0
1.0
1.0
1.0
3.0
1.0
9.0
5.0
4.0
351.0
1.0
3.0
1.0
25.0
22.0
8166.0
1.0
3119.0
1.0
8.0
1156.0
18.0
3.0
2.0
1.0
3.0
1.0
1.0
100.0
2.0
1.0
19.0
4.0
3.0
11.0
9.0
7.0
26.0
224.0
6.0
2947.0
3.0
1.0
1.0
1.0
24.0
3.0
1984.0
5.0
4.0
77.0
1.0
6.0
1055.0
3.0
195.0
6.0
2.0
1.0
1.0
1.0
19.0
1934.0
2.0
3.0
1.0
18.0
1.0
7.0
27481.0
2.0
3.0
1.0
1.0
1.0
1.0
1.0
359.0
13818.0
32.0
3.0
48.0
30.0
3.0
1.0
4.0
3.0
1.0
1.0
1.0
3.0
1.0
1.0
21.0
1.0
1.0
76.0
3.0
14.0
4.0
2.0
8.0
227.0
1.0
5.0
3.0
282.0
2201.0
84.0
2.0
1.0
125.0
665.0
1.0
1958.0
631.0
335.0
2.0
45.0
9.0
1.0
2.0
3.0
169.0
19.0
298.0
1.0
167.0
3.0
2.0
12.0
3.0
25.0
3.0
1.0
2.0
254.0
1.0
2.0
1.0
1.0
241.0
7.0
4.0
1.0
74.0
2.0
7.0
2.0
1.0
1.0
8046.0
1.0
3316.0
2.0
3.0
5.0
81.0
1.0
1078.0
229.0
1.0
12.0
1.0
3.0
548.0
164.0
3.0
1.0
1.0
4.0
1.0
3.0
1.0
358.0
3.0
3.0
1.0
3.0
1.0
1.0
25.0
26.0
61.0
17.0
7.0
4.0
14.0
2.0
13.0
1.0
3.0
3.0
1.0
1.0
3.0
99.0
2.0
1.0
4.0
24.0
696.0
4.0
63.0
1.0
13.0
35.0
2.0
1.0
1.0
3.0
1.0
4.0
2.0
4.0
609.0
3.0
3.0
4.0
10.0
8.0
1.0
77.0
3.0
46.0
596.0
3.0
1.0
6.0
19.0
25.0
1.0
9.0
2.0
1.0
24.0
29.0
1.0
1.0
1.0
15.0
2.0
279.0
2.0
8.0
32.0
896.0
2.0
75.0
4.0
2.0
104.0
30.0
8.0
3.0
15.0
3.0
12.0
2.0
1.0
2.0
307.0
8.0
1.0
8.0
280.0
3.0
1.0
281.0
98.0
2.0
510.0
3.0
2.0
5.0
2.0
3.0
62.0
2.0
984.0
3.0
3.0
14.0
1.0
1.0
1064.0
1.0
3.0
1.0
1.0
1.0
17.0
20.0
1.0
39.0
1.0
2025.0
1.0
34.0
52.0
1.0
1.0
135.0
3.0
1.0
1.0
75.0
1.0
2.0
499.0
1.0
2.0
3.0
1.0
30.0
166.0
1.0
1.0
1.0
5.0
143.0
3.0
277.0
6.0
3.0
596.0
119.0
1.0
1.0
4.0
626.0
3.0
232.0
2.0
3.0
1.0
14.0
1.0
1367.0
249.0
3.0
351.0
1.0
3.0
961.0
26.0
34.0
56.0
99.0
1.0
4.0
45.0
3.0
18.0
1.0
789.0
171.0
1.0
5.0
1.0
102.0
7.0
17.0
1253.0
436.0
21.0
2.0
40.0
3.0
13.0
1.0
4.0
3.0
24.0
3.0
3.0
2.0
48.0
3.0
2.0
9.0
1.0
1.0
1.0
5.0
3.0
3.0
4.0
9.0
58.0
14.0
4.0
1.0
292.0
61.0
4.0
34.0
1.0
282.0
7.0
1.0
3.0
1.0
6.0
5.0
3.0
1.0
27.0
14.0
1.0
7.0
2083.0
490.0
576.0
67.0
6.0
2.0
96.0
2.0
3.0
1.0
172.0
3.0
8.0
1.0
1.0
1634.0
504.0
7.0
3.0
1466.0
41.0
7.0
56.0
1.0
1.0
1.0
1.0
3.0
5.0
24.0
1.0
3.0
1.0
1.0
51.0
1668.0
3.0
1.0
4.0
1.0
33.0
27.0
5.0
1.0
101.0
12.0
3.0
2.0
74.0
6.0
8.0
59.0
1618.0
23.0
1.0
4.0
1.0
103.0
3.0
1.0
27.0
3.0
607.0
3.0
82.0
3.0
3.0
798.0
3.0
1019.0
90.0
1.0
1.0
1867.0
14.0
1.0
2.0
1.0
1.0
11.0
1.0
2.0
3.0
3.0
1.0
8.0
2.0
1.0
60.0
1.0
19.0
20.0
3.0
351.0
65.0
4.0
1.0
1.0
1.0
13.0
34.0
8.0
5.0
18.0
41.0
1618.0
11.0
3.0
1116.0
4.0
3.0
7598.0
274.0
1.0
1.0
1.0
4.0
1.0
1.0
628.0
250.0
697.0
1.0
1.0
1.0
1.0
1.0
1.0
2.0
4.0
6.0
193.0
73.0
1.0
7.0
248.0
26.0
1.0
941.0
19.0
3.0
142.0
2.0
43.0
2.0
25.0
143.0
18.0
1.0
946.0
3.0
3.0
17.0
3.0
129.0
2.0
5.0
1.0
6.0
3.0
1.0
1.0
102.0
3.0
1.0
56.0
3.0
104.0
8.0
1.0
1.0
1.0
2.0
1.0
1.0
3.0
113.0
569.0
1.0
9.0
5.0
1.0
6.0
1.0
1.0
11.0
2.0
9.0
5.0
2.0
21.0
3.0
4.0
45.0
1.0
25.0
22.0
1.0
3.0
36.0
1.0
8.0
60.0
3.0
1.0
10.0
3.0
740.0
1.0
305.0
6.0
1.0
1.0
1948.0
1.0
4.0
37.0
4.0
512.0
201.0
902.0
1.0
1.0
865.0
1.0
1.0
1.0
3.0
25.0
1493.0
340.0
38.0
1.0
1.0
4.0
3.0
2.0
3.0
2.0
10.0
2.0
134.0
1.0
2.0
2.0
2.0
3.0
19.0
8.0
1.0
605.0
1.0
48.0
132.0
7.0
1.0
1.0
1.0
46.0
492.0
151.0
4.0
107.0
513.0
7.0
5.0
1897.0
860.0
23.0
4.0
4.0
3.0
2134.0
3859.0
3.0
2.0
2.0
207.0
1.0
878.0
3.0
131.0
3.0
2.0
1.0
1.0
2.0
51.0
339.0
2.0
1.0
1.0
2.0
1.0
12.0
1.0
1.0
11.0
10.0
1.0
1.0
3.0
2.0
5022.0
9313.0
1.0
29.0
12.0
2.0
20.0
149.0
18.0
1.0
3.0
3415.0
1.0
2.0
2.0
3.0
17.0
635.0
3.0
3.0
1.0
1.0
29.0
1.0
49.0
2.0
1.0
2008.0
18.0
2.0
1.0
5.0
286.0
189.0
1.0
24.0
4.0
1.0
7.0
3.0
1.0
3.0
19.0
4351.0
3.0
130.0
3.0
1.0
1.0
1018.0
1.0
1.0
1.0
1.0
1.0
1.0
3.0
3.0
24.0
2.0
208.0
36.0
1175.0
2.0
19.0
6822.0
3.0
145.0
1636.0
421.0
3.0
6.0
902.0
185.0
1.0
1.0
81.0
1.0
3.0
1.0
1.0
17.0
5.0
2.0
1.0
4.0
2.0
3.0
115.0
2.0
23.0
1.0
17.0
16479.0
292.0
4.0
80.0
311.0
1.0
65.0
4.0
1.0
1649.0
2.0
21.0
84.0
3.0
44.0
1.0
28.0
1284.0
80.0
7.0
382.0
1517.0
1066.0
9.0
114.0
4.0
2.0
1.0
15.0
37.0
1.0
271.0
4.0
1.0
2.0
1697.0
70.0
7.0
24.0
3.0
2.0
1.0
1.0
2.0
2.0
2.0
1.0
3.0
4.0
611.0
3.0
1.0
3.0
1.0
2.0
34.0
2.0
596.0
30.0
3.0
2.0
9.0
1.0
1.0
1.0
13.0
24.0
1.0
3.0
1.0
1.0
164.0
3.0
55.0
6.0
103.0
1.0
1.0
5.0
3.0
1.0
73.0
2.0
5.0
2.0
1.0
44.0
1.0
1.0
1195.0
10.0
440.0
2148.0
1.0
1.0
1.0
1.0
247.0
1.0
24.0
1.0
1.0
221.0
2.0
711.0
26.0
17.0
2.0
1.0
9.0
16.0
622.0
3.0
2.0
3.0
3.0
961.0
3.0
1.0
2.0
2.0
3.0
9.0
4.0
1029.0
15.0
3843.0
24.0
1.0
14.0
3.0
1.0
2.0
4.0
9.0
3.0
3.0
7.0
4.0
88152.0
3.0
2.0
2.0
5.0
76.0
985.0
10.0
147.0
2.0
119.0
45.0
2.0
1724.0
9.0
9.0
3.0
236.0
1290.0
8.0
3.0
1.0
2.0
2.0
1.0
2472.0
1.0
1.0
1.0
1.0
1.0
3.0
3.0
7.0
31.0
6.0
10.0
4.0
1.0
6.0
1.0
1.0
1358.0
101.0
7.0
1.0
1.0
65.0
23.0
3.0
292.0
3.0
24.0
1.0
1.0
6915.0
1.0
1.0
8.0
3.0
3.0
13.0
3.0
1.0
4.0
596.0
3.0
27.0
7.0
1.0
45.0
1.0
3.0
6.0
2.0
1.0
3.0
101.0
3.0
23.0
32.0
960.0
2.0
1.0
2.0
4.0
2.0
24.0
103.0
3.0
5.0
11.0
1.0
288.0
5.0
3.0
14385.0
4.0
1.0
8.0
3.0
371.0
1.0
127.0
61.0
1.0
17.0
364.0
4.0
134.0
16.0
4.0
3.0
4.0
14.0
298.0
2.0
3.0
2.0
6.0
4.0
4.0
4.0
1.0
8.0
1.0
3.0
1.0
1.0
2.0
1.0
22.0
238.0
252.0
13.0
316.0
1523.0
2.0
137.0
3240.0
3.0
283.0
14.0
2.0
2.0
8.0
5.0
1.0
3.0
1.0
3.0
3.0
136.0
2.0
1.0
1.0
3.0
1.0
3.0
2.0
43.0
87.0
3.0
2.0
3.0
1.0
1.0
1.0
202.0
177.0
1.0
1.0
3.0
1.0
1.0
4.0
44.0
3.0
1.0
17.0
1.0
4890.0
5.0
3714.0
5.0
24.0
292.0
1.0
3.0
9.0
3.0
18.0
1.0
2.0
7.0
3.0
1.0
1.0
1.0
2.0
2.0
605.0
351.0
36.0
1.0
48.0
1018.0
3.0
8.0
67.0
1315.0
24.0
2.0
5.0
4.0
8.0
352.0
3.0
3.0
2.0
3.0
3.0
181.0
10.0
240.0
4.0
122.0
1.0
8.0
417.0
46.0
75.0
1.0
14.0
3.0
1.0
33.0
528.0
1.0
1.0
5.0
4.0
1.0
14.0
364.0
1.0
17.0
66.0
11.0
4.0
3.0
143.0
61.0
43.0
4758.0
3.0
70.0
4.0
1.0
722.0
1.0
1.0
1.0
121.0
18.0
4.0
1.0
39.0
71.0
3.0
3.0
2.0
1.0
938.0
3.0
3.0
1.0
1.0
2.0
3.0
28.0
2.0
1.0
2.0
1.0
12.0
53.0
9.0
3.0
3.0
3.0
75.0
4513.0
12.0
3.0
3.0
1.0
244.0
9.0
3.0
1.0
2194.0
73.0
61.0
1.0
1.0
2.0
430.0
6.0
94.0
1499.0
1068.0
209.0
24.0
1.0
14.0
1.0
3.0
702.0
3.0
1.0
351.0
3.0
18.0
1.0
288.0
17.0
1.0
3.0
79.0
65.0
123.0
1.0
1.0
3.0
47.0
5.0
1.0
21.0
3.0
3.0
1849.0
17.0
282.0
1.0
34.0
1.0
7.0
3.0
3.0
20.0
1184.0
17.0
2.0
725.0
1.0
2.0
4.0
10.0
1.0
1.0
3.0
157.0
93.0
6.0
5.0
7.0
4.0
1.0
2.0
5.0
2.0
1.0
2.0
1.0
4.0
3.0
147.0
1.0
2.0
1.0
456.0
1.0
1.0
52.0
31.0
66.0
2095.0
543.0
1.0
2.0
26.0
3.0
130.0
337.0
5.0
288.0
788.0
4.0
1.0
4.0
67.0
1.0
9.0
54.0
2.0
383.0
65.0
3.0
70.0
1.0
1.0
2.0
15.0
3.0
1.0
1.0
1.0
8.0
1.0
6983.0
3.0
1.0
44.0
1.0
3.0
2.0
4.0
1.0
1.0
7.0
1.0
1.0
2.0
9.0
23.0
7.0
1.0
1.0
12.0
3.0
977.0
1.0
278.0
16.0
74.0
1.0
2.0
9.0
3.0
1.0
1.0
3.0
731.0
163.0
14.0
3438.0
1.0
7.0
1.0
72.0
11.0
6.0
14.0
17.0
29.0
1.0
24.0
6.0
107.0
1.0
675.0
4.0
24.0
38.0
1.0
28.0
3.0
1.0
3.0
5.0
8.0
1102.0
747.0
208.0
681.0
10.0
1.0
1.0
1361.0
3.0
6.0
9.0
3.0
1.0
13000.0
3.0
1.0
2.0
3.0
7.0
42.0
3.0
5.0
1315.0
1.0
1.0
1.0
1.0
1.0
2.0
24.0
1.0
1.0
2.0
4.0
16.0
1.0
11.0
514.0
1.0
2.0
114.0
3.0
1.0
755.0
1.0
3.0
444.0
3.0
3.0
1.0
2.0
42.0
21.0
9.0
60.0
3.0
2.0
199.0
1.0
1.0
260.0
5.0
2.0
3.0
103.0
1.0
1.0
22.0
2.0
87.0
3.0
9.0
246.0
5.0
2.0
3.0
1.0
100.0
3.0
12.0
36.0
2.0
1.0
1.0
11.0
3.0
1.0
878.0
8.0
4.0
2.0
4.0
5.0
1.0
17.0
565.0
884.0
9.0
3.0
965.0
3.0
1.0
1.0
78.0
18.0
8.0
4.0
2.0
2.0
1.0
5.0
1.0
89.0
18.0
1.0
1.0
1.0
31.0
2.0
15.0
1.0
770.0
2.0
697.0
3.0
66.0
172.0
5.0
4.0
1.0
5.0
1.0
3.0
3.0
800.0
3.0
59.0
1.0
2.0
2.0
9.0
3.0
5.0
14.0
19.0
3.0
3.0
29.0
351.0
1.0
1.0
1.0
1.0
5.0
1.0
8.0
125.0
701.0
3.0
1.0
1.0
69.0
288.0
3.0
1.0
4.0
6.0
3.0
1088.0
2.0
1.0
3.0
4.0
254.0
4.0
33.0
5.0
1297.0
33.0
351.0
11.0
40.0
278.0
343.0
5.0
1.0
3.0
425.0
2.0
2.0
24.0
5.0
1.0
12.0
1.0
5469.0
12.0
6.0
856.0
2.0
3.0
1.0
1.0
1.0
9.0
390.0
3683.0
873.0
3.0
1.0
1.0
2.0
232.0
14.0
895.0
17.0
1.0
3.0
19.0
3.0
3.0
1.0
292.0
1.0
318.0
4.0
65.0
24.0
19.0
588.0
613.0
4497.0
1352.0
3.0
1.0
1.0
3.0
4.0
4.0
3.0
1.0
6.0
17.0
5.0
1.0
7.0
1.0
524.0
3.0
4.0
65.0
3.0
4.0
38.0
1.0
1.0
1.0
2.0
51.0
3.0
477.0
8.0
1.0
1.0
82.0
273.0
1.0
2.0
17.0
199.0
75.0
2582.0
1780.0
1.0
5.0
2.0
3.0
1.0
8.0
5.0
3.0
3.0
1.0
2.0
516.0
3.0
2.0
2.0
3.0
68.0
967.0
1.0
3.0
407.0
20.0
2.0
19292.0
236.0
135.0
1.0
3.0
3586.0
2.0
1055.0
3.0
9.0
83.0
1.0
32.0
1903.0
93.0
1.0
3.0
3.0
968.0
8.0
23.0
2.0
3.0
1.0
525.0
1117.0
2.0
2.0
19.0
134.0
1.0
1.0
1.0
1.0
2.0
1.0
3.0
2.0
1.0
1.0
5.0
73.0
8.0
1.0
1.0
292.0
5.0
15.0
75.0
26.0
1.0
3.0
1.0
2.0
1.0
65.0
1.0
4.0
2.0
4.0
1.0
4.0
3.0
3.0
2.0
1.0
46.0
4.0
1.0
4.0
638.0
15.0
1.0
2.0
7.0
2.0
835.0
148.0
1.0
2.0
15.0
353.0
3.0
4.0
56.0
4.0
147.0
3.0
697.0
3.0
1.0
3.0
14980.0
119.0
11.0
3.0
8.0
1.0
1.0
1079.0
1.0
2.0
5.0
1.0
1.0
3.0
1.0
7.0
1086.0
1231.0
10.0
2.0
1981.0
1.0
496.0
5.0
7.0
33.0
641.0
27.0
24.0
1.0
19.0
79.0
3.0
1.0
2.0
1.0
1.0
1108.0
218.0
4.0
4.0
2.0
1.0
1116.0
509.0
34.0
1.0
1.0
10.0
3.0
18.0
3.0
301.0
6.0
2.0
1.0
44.0
1.0
24.0
15675.0
77.0
39.0
158.0
146.0
282.0
30.0
2.0
155.0
1.0
3.0
2.0
844.0
3.0
1.0
2.0
79.0
9.0
1.0
3.0
2.0
7.0
3.0
60.0
1.0
3.0
13.0
1.0
1.0
2506.0
1.0
2.0
3.0
1166.0
1.0
1.0
10.0
2.0
10.0
3.0
8.0
3.0
859.0
9.0
2.0
179.0
8.0
1.0
17.0
1.0
3.0
157.0
1.0
12.0
123.0
1.0
106.0
2.0
17.0
1.0
38.0
1.0
1.0
316.0
5.0
1.0
600.0
8.0
1.0
2.0
1.0
2.0
1.0
1.0
17.0
3.0
42.0
15.0
10.0
3.0
1.0
3.0
5.0
105.0
1.0
2.0
24.0
3.0
1.0
10.0
2.0
632.0
8677.0
1.0
3.0
3.0
1.0
3.0
1246.0
1.0
15.0
6.0
288.0
3.0
1.0
2.0
3.0
501.0
4.0
7.0
2.0
1.0
2.0
2.0
1.0
4.0
2.0
2.0
781.0
17.0
1.0
1.0
1536.0
3.0
1.0
17.0
2.0
3.0
957.0
3.0
2.0
3.0
65.0
263.0
108.0
3.0
1.0
149.0
7.0
7282.0
2.0
267.0
5.0
611.0
14.0
3.0
5.0
15.0
12.0
18.0
3.0
62.0
223.0
3.0
3006.0
6.0
1.0
24.0
1.0
3.0
11.0
1.0
2.0
102.0
24.0
1.0
1.0
33.0
3.0
13.0
9.0
5.0
3.0
36.0
2.0
13.0
4.0
3.0
3.0
3.0
140.0
222.0
7.0
3.0
2.0
977.0
76.0
1763.0
3.0
2.0
3.0
7.0
3.0
2.0
118.0
1.0
4.0
1.0
3.0
2.0
2.0
28.0
1.0
3.0
1.0
2.0
2.0
10.0
338.0
2.0
1.0
3.0
1.0
8.0
1.0
1.0
401.0
1.0
2.0
3.0
4.0
7.0
3.0
24.0
49.0
3.0
9.0
1.0
2.0
5.0
9.0
38.0
5.0
1.0
1.0
21.0
961.0
61.0
24.0
11.0
3.0
83.0
48.0
13.0
2.0
563.0
2.0
1.0
3.0
2.0
149.0
36.0
264.0
3.0
1.0
1.0
5.0
6.0
1.0
1.0
1.0
2.0
15.0
269.0
4199.0
16.0
88.0
2.0
1.0
5.0
6.0
459.0
1.0
4.0
43.0
341.0
399.0
1.0
1.0
102.0
5.0
76.0
1941.0
2.0
4.0
1.0
1.0
2.0
4.0
7.0
4.0
4.0
1.0
5.0
1888.0
2.0
47.0
4761.0
1.0
26.0
74.0
1.0
458.0
3.0
4.0
546.0
1.0
4.0
4.0
1.0
3.0
91.0
2.0
3.0
26.0
1.0
9.0
2.0
1.0
1.0
6.0
4.0
3.0
1.0
17.0
1.0
3.0
69.0
4.0
3.0
3.0
1.0
2.0
1.0
7.0
2.0
1.0
3.0
43.0
9.0
4.0
4.0
14.0
1.0
50.0
58.0
20.0
1.0
7.0
34.0
3.0
7.0
1.0
3.0
289.0
2.0
3.0
1.0
3.0
2.0
29.0
32.0
1.0
1.0
2.0
24.0
4040.0
54.0
3.0
10.0
153.0
18.0
1.0
7852.0
46.0
1.0
7.0
2.0
20.0
1.0
14.0
61.0
1.0
2.0
1.0
30.0
1.0
3.0
46.0
1.0
2.0
1.0
1.0
213.0
3.0
6.0
27.0
1.0
5.0
17.0
3.0
1.0
2.0
1.0
1055.0
950.0
2.0
1.0
1261.0
29.0
2.0
2.0
17.0
9.0
311.0
1.0
21.0
484.0
189.0
11772.0
1.0
11.0
7.0
1198.0
43.0
1303.0
3.0
1.0
1.0
1.0
7.0
13.0
3.0
2.0
4.0
3.0
3.0
1.0
4.0
3.0
81.0
2.0
2.0
13.0
8.0
13.0
1.0
3.0
9.0
59.0
1.0
2.0
1.0
2.0
3.0
338.0
56.0
4368.0
13.0
1.0
31.0
1.0
2.0
97.0
3.0
3.0
81.0
10.0
704.0
17.0
1.0
2.0
17.0
596.0
4.0
24.0
2.0
17.0
43.0
2.0
4.0
1.0
39.0
149.0
3.0
29.0
3.0
1.0
8.0
866.0
1487.0
1.0
282.0
8.0
2.0
7.0
3.0
1.0
3.0
1.0
717.0
58.0
1.0
5.0
1.0
17.0
2.0
1.0
596.0
2.0
860.0
3.0
1.0
17.0
225.0
3.0
1.0
14.0
34.0
1.0
4.0
104.0
1.0
1.0
1434.0
1.0
292.0
4.0
173.0
3.0
110.0
338.0
3302.0
3.0
10.0
23.0
12.0
6.0
19.0
2.0
1.0
7.0
1.0
1.0
11.0
41.0
401.0
351.0
5.0
41.0
835.0
42.0
1.0
1.0
13.0
329.0
6.0
2.0
9.0
1.0
1.0
1.0
6.0
6.0
832.0
1.0
45.0
2.0
110.0
113.0
802.0
11.0
1.0
972.0
3.0
3.0
1.0
1.0
4.0
1.0
1.0
3050.0
3.0
2196.0
1.0
3.0
2.0
22.0
3.0
1.0
1.0
1.0
2.0
2.0
1.0
1.0
66.0
1.0
3.0
1.0
235.0
1.0
2.0
1.0
2.0
1.0
18.0
42.0
3.0
9.0
1.0
1324.0
110.0
1.0
1.0
133.0
7.0
1.0
1.0
14.0
1.0
1.0
17.0
16.0
8.0
8.0
8.0
442.0
1.0
61.0
92.0
2.0
1.0
12.0
1.0
39.0
50.0
5.0
1070.0
94.0
1.0
1.0
3.0
4.0
943.0
15.0
1.0
10.0
2.0
2.0
3.0
1.0
1.0
308.0
464.0
15.0
3.0
7.0
4.0
99625.0
2.0
2.0
8.0
717.0
1.0
31.0
2.0
3.0
1.0
200.0
138.0
2.0
1.0
221.0
8.0
548.0
1.0
21.0
2.0
1.0
106.0
2.0
3.0
3.0
6.0
19.0
4.0
7.0
1.0
1.0
77.0
4.0
917.0
1.0
3.0
8.0
5.0
836.0
9.0
114.0
183.0
3.0
3.0
8.0
2.0
2.0
49.0
123.0
3.0
3.0
8.0
5.0
5.0
81.0
8.0
1.0
1.0
788.0
14.0
1130.0
641.0
1.0
529.0
2.0
4.0
1.0
3.0
10.0
20.0
716.0
3.0
2.0
2.0
3.0
7.0
6.0
3.0
305.0
1.0
1.0
458.0
1.0
453.0
1.0
1.0
1.0
1.0
2.0
15.0
980.0
2.0
1.0
458.0
20.0
4.0
10.0
19.0
1.0
1.0
2.0
10.0
1.0
346.0
1.0
1.0
1.0
7.0
685.0
12.0
89.0
1188.0
1.0
1.0
1225.0
1.0
2.0
5.0
289.0
4.0
7.0
3.0
5.0
3.0
1.0
8.0
3.0
4.0
7.0
96.0
3.0
23.0
1.0
13840.0
95.0
1.0
152.0
1.0
41.0
2.0
377.0
2.0
23.0
17.0
20.0
3.0
9.0
3.0
1.0
273.0
4.0
328.0
9.0
73.0
4.0
1.0
3421.0
103.0
1.0
1.0
18.0
6.0
759.0
1.0
5.0
1.0
7.0
1.0
95.0
1.0
2.0
75.0
60.0
3.0
12.0
38.0
23.0
4.0
3056.0
268.0
1.0
514.0
1.0
1.0
1.0
2.0
10.0
3.0
9.0
1.0
1000.0
1.0
3.0
3.0
15.0
3.0
14.0
1.0
3.0
3.0
435.0
1.0
2.0
65.0
1762.0
3.0
2.0
13.0
9.0
7.0
2.0
3.0
21.0
2.0
67.0
1.0
1.0
1.0
267.0
3.0
27.0
1.0
1299.0
694.0
1.0
2.0
1116.0
1.0
185.0
44.0
3.0
2.0
489.0
2.0
3.0
42.0
2.0
5.0
152.0
16.0
5.0
6802.0
1.0
3.0
14385.0
455.0
1.0
3.0
3.0
2.0
1.0
132.0
1.0
4.0
356.0
1.0
3.0
3.0
90.0
6.0
484.0
35.0
2.0
75.0
1.0
1.0
124.0
6.0
3.0
20.0
3.0
4.0
1.0
1.0
6.0
4.0
1.0
7.0
1.0
1.0
7.0
1.0
1.0
16.0
1.0
1.0
2.0
3.0
1.0
5.0
81.0
25.0
1.0
58.0
3.0
351.0
9.0
35.0
8.0
1.0
3.0
2.0
897.0
338.0
7.0
1.0
3.0
1977.0
1.0
425.0
21.0
429.0
4.0
685.0
3.0
1.0
3.0
13.0
2.0
3.0
21.0
20.0
1.0
3.0
2.0
1.0
1.0
20.0
24.0
57.0
1.0
2048.0
118.0
1.0
1.0
43.0
3.0
2.0
1.0
5.0
86.0
3.0
3.0
1621.0
1.0
2.0
3.0
12.0
7.0
1.0
5.0
1.0
1.0
2.0
55.0
3.0
6.0
11.0
1.0
7.0
3.0
1.0
32.0
313.0
3.0
24.0
1.0
85.0
3.0
5.0
10324.0
3.0
789.0
1.0
4.0
188.0
71.0
67.0
4.0
25.0
1.0
47.0
5.0
4.0
212.0
292.0
24.0
3.0
176.0
24.0
7.0
1.0
10.0
3.0
8.0
2.0
24.0
12.0
9.0
37.0
2.0
6.0
65.0
6600.0
1.0
1.0
489.0
977.0
3.0
1.0
2.0
1.0
10.0
953.0
2.0
1.0
1.0
10.0
4.0
3.0
2.0
1.0
13.0
3.0
2.0
42.0
3.0
105.0
1.0
1.0
15.0
288.0
1.0
1.0
5.0
5.0
15.0
3.0
90.0
1.0
5.0
8.0
24.0
1.0
3.0
1.0
1.0
288.0
614.0
1.0
2170.0
15.0
22.0
2121.0
2.0
2.0
1.0
329.0
1.0
1.0
3.0
1.0
105.0
1.0
1.0
194.0
5.0
1.0
1.0
1.0
3.0
298.0
1.0
867.0
4.0
33.0
45.0
45.0
1.0
3.0
8.0
8.0
1.0
4.0
1026.0
1.0
214.0
1.0
6.0
1214.0
4.0
2.0
49.0
1.0
3.0
1.0
2.0
1.0
3.0
20.0
1.0
370.0
1021.0
71.0
1.0
312.0
18.0
779.0
12.0
3.0
1.0
1.0
2.0
870.0
16.0
1.0
1.0
2.0
1.0
8.0
1575.0
282.0
9.0
27.0
50.0
3.0
1.0
3.0
44.0
3.0
5.0
3.0
1.0
36.0
2.0
2.0
1.0
1.0
5.0
1.0
2.0
19.0
5.0
810.0
71.0
3.0
1.0
6.0
1.0
1.0
3.0
1.0
5.0
2.0
3.0
6.0
2.0
5.0
3.0
3.0
1.0
3.0
4.0
129.0
180.0
46.0
74.0
4.0
944.0
1260.0
1.0
48.0
3.0
3.0
1.0
6.0
169.0
94.0
1136.0
6.0
4.0
12.0
3.0
1.0
72.0
1.0
3.0
1.0
1.0
1.0
87.0
10863.0
1.0
1.0
272.0
70.0
2.0
1.0
1.0
457.0
9.0
22.0
2253.0
1.0
9.0
1.0
8.0
2.0
3.0
177.0
187.0
10.0
9.0
9.0
3.0
86.0
32.0
2.0
24.0
10.0
35.0
1.0
9.0
1.0
1.0
3.0
1720.0
3.0
1.0
24.0
1.0
1.0
1.0
2.0
2.0
1.0
3.0
50.0
3.0
2.0
19.0
3.0
3.0
1.0
1.0
1.0
2.0
16.0
16.0
3.0
23.0
3.0
840.0
82.0
3.0
1.0
3.0
86.0
6.0
47.0
1.0
470.0
48.0
1.0
3.0
1.0
1.0
1.0
1.0
4.0
880.0
4.0
58.0
2.0
3.0
9.0
3.0
4.0
1.0
1.0
1.0
1972.0
18.0
3.0
270.0
2.0
2.0
3.0
1.0
1.0
50.0
2.0
14.0
3.0
524.0
3.0
1.0
52.0
1.0
78.0
4.0
3811.0
2.0
9.0
3.0
547.0
29.0
152.0
165.0
1.0
1.0
1.0
2186.0
1.0
11.0
5.0
114.0
2.0
14.0
17.0
2.0
1.0
1.0
5.0
2.0
3.0
3.0
1.0
92.0
1.0
24.0
1.0
1.0
655.0
3.0
1.0
1.0
1.0
3.0
1.0
1.0
169.0
950.0
1.0
221.0
2.0
1.0
3.0
30.0
1.0
11.0
2.0
15.0
1021.0
397.0
3785.0
151.0
3.0
1.0
19.0
10.0
1.0
7.0
88.0
1.0
28.0
1.0
1.0
9.0
19.0
3.0
5.0
55312.0
1.0
69.0
3.0
1.0
1798.0
2.0
4.0
1.0
3.0
483.0
1.0
3.0
2.0
7.0
4.0
1.0
1.0
2.0
240.0
1.0
2.0
1.0
10.0
5.0
65.0
1056.0
232.0
1.0
1.0
12.0
3.0
1.0
288.0
9.0
306.0
4.0
2613.0
198.0
24.0
2.0
14.0
1018.0
278.0
2.0
5.0
3.0
1.0
4.0
1.0
1.0
74.0
668.0
17.0
1.0
5.0
1.0
1.0
1.0
9.0
3.0
6.0
3.0
19.0
10.0
1.0
3.0
1940.0
944.0
3.0
3.0
1.0
13.0
3.0
4.0
1.0
1.0
7.0
3.0
3.0
5.0
1.0
3.0
101.0
313.0
3.0
5.0
674.0
8.0
1.0
56.0
7.0
1.0
9.0
4.0
59.0
1.0
6.0
1.0
1.0
1.0
9.0
4.0
1.0
3.0
3.0
12.0
2.0
34.0
200.0
1.0
5.0
4.0
25.0
168.0
6.0
1.0
11.0
1.0
3.0
1.0
15.0
2.0
1.0
3.0
66.0
457.0
10.0
1.0
22.0
469.0
855.0
1.0
116.0
6.0
107.0
3.0
4.0
25.0
64.0
3337.0
3.0
1.0
263.0
4304.0
1.0
576.0
108.0
2.0
1.0
542.0
3.0
1111.0
32.0
17.0
3.0
3.0
12.0
2.0
2.0
1.0
3.0
21.0
2.0
1114.0
15.0
38.0
701.0
3.0
2.0
195.0
222.0
17.0
48.0
6.0
4.0
3.0
1.0
1.0
2.0
1.0
1.0
551.0
7.0
1.0
1.0
12.0
1.0
16.0
8.0
1.0
2.0
2.0
1.0
882.0
11.0
3.0
10.0
1.0
1.0
1.0
355.0
1.0
3.0
1.0
3.0
1.0
2.0
17.0
20.0
1.0
18.0
1.0
4.0
24.0
2.0
2.0
2428.0
1.0
1.0
1.0
1.0
85.0
1704.0
7.0
2037.0
2.0
16.0
3.0
1.0
1.0
6.0
6.0
109.0
1.0
8.0
1.0
2.0
622.0
20.0
2.0
1.0
54.0
1.0
7.0
3.0
1723.0
3.0
5.0
12.0
14.0
2.0
19.0
1.0
158.0
288.0
3.0
2.0
3.0
741.0
35.0
5.0
5.0
12.0
1.0
4.0
1.0
1.0
1.0
24.0
1.0
4.0
1.0
2.0
1.0
1.0
827.0
1.0
157.0
3.0
1.0
7.0
3.0
3.0
39.0
8.0
630.0
4.0
8.0
1.0
2802.0
959.0
8.0
1.0
12.0
1072.0
2.0
4.0
4.0
12.0
9.0
3.0
1302.0
1.0
742.0
1.0
114.0
4.0
1.0
1.0
1.0
1519.0
62.0
1.0
560.0
1.0
3.0
12.0
9.0
3.0
2.0
3.0
4551.0
143.0
3.0
5.0
1.0
2.0
3.0
1078.0
1.0
1.0
8.0
168.0
5.0
336.0
14.0
1.0
838.0
701.0
3.0
3.0
256.0
3.0
1.0
2.0
1.0
3.0
1.0
25.0
2.0
7.0
5.0
1.0
15.0
3.0
6.0
19.0
1.0
5.0
37.0
10.0
3.0
2.0
7.0
75.0
1.0
3.0
1.0
482.0
1.0
1.0
282.0
3.0
111.0
3.0
5.0
12.0
3.0
24.0
3.0
1.0
883.0
24.0
2.0
1.0
2.0
3.0
1.0
1.0
1.0
1.0
1.0
278.0
1.0
3.0
23.0
213.0
4.0
4.0
1.0
15.0
1.0
371.0
3.0
696.0
106.0
3.0
1.0
1.0
2.0
1.0
1.0
22.0
19.0
78.0
2.0
1309.0
3.0
4.0
14.0
2.0
3.0
5.0
21.0
45.0
489.0
1.0
32.0
3.0
1.0
3.0
1.0
1.0
21.0
1.0
3.0
3.0
54.0
2.0
4.0
86.0
19.0
1.0
900.0
3.0
1.0
2.0
3.0
1.0
1.0
20.0
1.0
6.0
1.0
2.0
9.0
109.0
1.0
1.0
1.0
3.0
1.0
3.0
3.0
2.0
1.0
960.0
1.0
9.0
1.0
1.0
2.0
2.0
6.0
3.0
760.0
8.0
3.0
3.0
47.0
1.0
2.0
18.0
153.0
24.0
9.0
3.0
2.0
5.0
102.0
1.0
14.0
2.0
11.0
1.0
47.0
172.0
259.0
1470.0
3.0
2.0
944.0
6.0
7.0
2.0
296.0
566.0
12.0
3.0
66.0
162.0
1.0
19.0
6.0
7.0
3.0
663.0
1.0
8.0
31.0
3.0
292.0
23.0
2.0
1.0
1.0
75.0
138.0
19.0
52.0
1294.0
554.0
26.0
12.0
24.0
3.0
5.0
635.0
209.0
46.0
9.0
292.0
1.0
52.0
2.0
2.0
4.0
3.0
149.0
19.0
3.0
1.0
2.0
3.0
2.0
1.0
5.0
5.0
1.0
1.0
1.0
1.0
2.0
385.0
1.0
10.0
4.0
2.0
43.0
3.0
5.0
30.0
1.0
24.0
129.0
3.0
4.0
4.0
9.0
95.0
8.0
234.0
1.0
1.0
1.0
2303.0
3.0
1.0
3.0
1416.0
755.0
64.0
4.0
407.0
17.0
2.0
351.0
3.0
2.0
1.0
8.0
1.0
2.0
10.0
3.0
2.0
4.0
2.0
9.0
687.0
4.0
3.0
118.0
8.0
1.0
3263.0
2.0
1.0
69.0
51.0
4.0
3.0
1091.0
1.0
3.0
5.0
3.0
3.0
17.0
4.0
1.0
1.0
894.0
50.0
1.0
6.0
3.0
11.0
672.0
1.0
19004.0
3.0
8.0
3.0
1.0
3.0
1.0
19.0
3.0
1.0
2.0
1.0
2.0
2.0
277.0
56.0
3.0
3.0
2.0
3.0
7.0
3.0
3.0
2.0
5.0
515.0
3.0
5.0
9.0
1198.0
21.0
1.0
9.0
4.0
7.0
6.0
82.0
135.0
6.0
1.0
55.0
1.0
4.0
19.0
58.0
15.0
1.0
9.0
4.0
1.0
1.0
978.0
4.0
94.0
4.0
1.0
1.0
24.0
34.0
3.0
188.0
2.0
120.0
46.0
1.0
3.0
7.0
1.0
3.0
2.0
1.0
15.0
2.0
836.0
11.0
27.0
7.0
1.0
3.0
1.0
3.0
761.0
12.0
3.0
1.0
1.0
39.0
8.0
1.0
1.0
48.0
7.0
46.0
1.0
1.0
609.0
1.0
17.0
19.0
1.0
42.0
1.0
37.0
1.0
2.0
3045.0
152.0
7.0
232.0
32.0
38.0
1.0
3922.0
896.0
3.0
4.0
47.0
1.0
3.0
1.0
1.0
80.0
5.0
9.0
2.0
1.0
5.0
774.0
3.0
1.0
2.0
3.0
1.0
1.0
1.0
25.0
5.0
1.0
3.0
4.0
24.0
7.0
10.0
3.0
3.0
4.0
3.0
1.0
1.0
3.0
1276.0
4.0
1308.0
1.0
2.0
1.0
53.0
779.0
5.0
16.0
1.0
2.0
3.0
39.0
37.0
121.0
1301.0
660.0
1514.0
14.0
1.0
39.0
665.0
7.0
3.0
2.0
4.0
3.0
4.0
20.0
1127.0
1.0
5.0
6.0
1.0
2.0
2.0
79.0
1157.0
2.0
3.0
19.0
12.0
1.0
95.0
1.0
400.0
1064.0
2.0
105.0
3.0
37.0
1.0
1.0
3.0
2.0
91.0
3.0
4.0
1.0
3.0
4.0
2.0
5.0
37.0
94.0
1.0
66.0
22.0
3.0
1.0
1.0
2.0
1.0
2240.0
489.0
19.0
12.0
1.0
8.0
4.0
3.0
2.0
1.0
1.0
58.0
1.0
3.0
2.0
1.0
35.0
8.0
2.0
370.0
2.0
7.0
367.0
428.0
3.0
3.0
1.0
7.0
58.0
13.0
3.0
1.0
103.0
236.0
16.0
9.0
1876.0
1.0
9.0
2.0
4.0
386.0
1.0
72.0
4.0
1.0
8.0
1.0
15.0
3479.0
76.0
1.0
1.0
2.0
18.0
752.0
4.0
1.0
2.0
166.0
1.0
1.0
1.0
1.0
1321.0
1.0
24.0
1.0
8.0
4.0
1.0
3.0
9.0
24.0
364.0
6.0
404.0
349.0
1.0
2400.0
1.0
3220.0
17.0
4.0
2.0
132.0
1.0
3.0
7.0
3.0
1.0
1.0
161.0
1.0
20.0
21.0
2.0
4.0
916.0
696.0
7.0
3.0
11.0
1.0
5.0
2.0
9.0
1.0
144.0
2.0
1.0
1.0
14.0
1715.0
1.0
3.0
2.0
7.0
5.0
1.0
1.0
3.0
3.0
1.0
1.0
3.0
112.0
61.0
2.0
1.0
1.0
9.0
1.0
444.0
2.0
12.0
1.0
1.0
66.0
5.0
51.0
18.0
261.0
2.0
3.0
1081.0
9.0
2.0
1.0
76.0
5.0
3.0
7.0
4.0
2.0
17.0
12.0
6.0
3.0
39.0
4.0
1.0
4.0
4.0
1.0
2.0
44.0
215.0
1.0
1.0
1.0
244.0
14.0
1.0
1.0
5157.0
1.0
1.0
2.0
3.0
6.0
9.0
2.0
1018.0
20.0
86.0
102.0
1.0
2.0
4.0
4.0
1.0
2.0
814.0
317.0
36.0
34.0
97.0
1.0
4.0
28.0
3.0
1.0
3.0
25.0
2.0
1.0
578.0
1.0
569.0
4.0
15.0
3.0
6.0
1.0
3.0
2.0
1.0
71.0
9.0
13.0
1.0
1.0
3.0
2.0
2.0
3.0
1.0
3.0
45.0
3.0
19.0
2.0
2.0
14.0
2.0
7.0
1.0
3.0
1.0
1.0
7.0
9.0
1.0
3.0
86.0
719.0
9.0
3.0
1.0
2.0
175.0
10.0
14.0
7.0
22.0
3.0
1.0
3.0
2.0
1.0
5.0
1.0
119.0
519.0
695.0
1018.0
49.0
3.0
2.0
9.0
5.0
1642.0
268.0
2.0
2440.0
2.0
14.0
4.0
24.0
1.0
25.0
4.0
1.0
9.0
3.0
3.0
10.0
1.0
288.0
1.0
2.0
3.0
1.0
282.0
2.0
59.0
206.0
677.0
2.0
31.0
282.0
3.0
1121.0
8.0
1757.0
7.0
16.0
697.0
1.0
8.0
13.0
31.0
1.0
123.0
2.0
1.0
4.0
3.0
1.0
292.0
404.0
1.0
2.0
3.0
1.0
4.0
2.0
1.0
16.0
3.0
11.0
3.0
13.0
4.0
1.0
5.0
1.0
156.0
1300.0
3.0
102.0
15.0
3.0
3.0
36.0
5.0
22.0
3.0
2.0
3.0
2.0
7.0
5.0
33.0
4.0
3.0
8.0
2.0
1.0
797.0
3.0
1.0
246.0
16.0
216.0
1.0
166.0
107.0
9541.0
3.0
1.0
2.0
2.0
9.0
1.0
1.0
3.0
1.0
18.0
51.0
3.0
37.0
4.0
1.0
77.0
1.0
1.0
4.0
1462.0
11.0
3.0
1.0
1.0
2.0
1.0
13832.0
2.0
1.0
255.0
1.0
19.0
3.0
281.0
7.0
9.0
1047.0
6.0
1.0
3.0
1.0
105.0
1.0
1.0
1.0
32.0
148.0
972.0
4.0
16.0
83.0
6.0
1.0
8.0
2.0
3604.0
8.0
1.0
5.0
1.0
12.0
10.0
274.0
2336.0
2.0
16.0
3.0
7.0
1.0
7.0
3.0
1.0
1985.0
46.0
152.0
1492.0
1.0
6.0
1.0
15.0
3.0
42.0
2.0
1.0
119.0
3.0
574.0
2.0
1.0
6686.0
2.0
3.0
14385.0
1.0
39.0
1.0
1111.0
4351.0
17.0
1.0
17.0
8.0
9.0
26.0
3.0
1.0
7.0
3.0
3.0
1403.0
7.0
16.0
1.0
19.0
1.0
3.0
1.0
22.0
9.0
2.0
3.0
2.0
1047.0
8.0
1.0
3.0
1.0
32.0
5.0
1.0
1.0
3818.0
3.0
1.0
11.0
242.0
4.0
1.0
3.0
2.0
2830.0
1.0
3.0
1.0
959.0
2.0
2.0
1.0
1.0
99.0
1.0
22.0
215.0
1.0
1653.0
3.0
2.0
24.0
6.0
57.0
2.0
534.0
1.0
1.0
2.0
7.0
3.0
1065.0
609.0
131.0
1.0
1.0
1.0
72.0
1.0
10.0
3.0
19.0
76.0
778.0
3.0
27.0
10.0
937.0
264.0
102.0
3.0
1.0
19.0
1.0
351.0
9.0
1.0
9.0
3.0
3.0
1.0
4.0
4.0
14.0
1.0
1.0
1.0
3.0
2.0
40.0
2.0
1.0
90.0
424.0
18.0
75.0
40.0
3.0
3.0
3.0
1.0
3.0
14.0
3.0
60.0
2.0
591.0
92.0
140.0
697.0
195.0
4.0
50.0
9.0
1.0
1.0
308.0
2.0
3.0
1.0
3.0
7934.0
422.0
1.0
1.0
3.0
1.0
2.0
1.0
68.0
49.0
5.0
1.0
33.0
1.0
5.0
3.0
3.0
1.0
1.0
40.0
12.0
3.0
1.0
1.0
55.0
3.0
99.0
2.0
22.0
28.0
542.0
619.0
2.0
12.0
1.0
1.0
1.0
64.0
34.0
6.0
6.0
677.0
1.0
5.0
977.0
27.0
3.0
902.0
492.0
380.0
687.0
3.0
1.0
1.0
1.0
3.0
961.0
13.0
1559.0
1.0
2504.0
4.0
4.0
135.0
2.0
2.0
3082.0
1.0
1.0
2.0
1.0
375.0
901.0
18.0
1.0
1.0
242.0
90.0
3.0
1263.0
1.0
1.0
347.0
1.0
3.0
26.0
1.0
25.0
1.0
1.0
5665.0
177.0
2.0
2.0
3.0
2.0
41.0
964.0
9.0
1.0
1.0
58.0
1.0
58.0
55.0
849.0
7.0
1.0
3.0
3.0
21.0
1.0
92.0
95.0
4.0
1.0
1.0
1.0
5258.0
10.0
3.0
65.0
3.0
1.0
1.0
5.0
2.0
3.0
3.0
292.0
3.0
3.0
5.0
1.0
1.0
1.0
1.0
5.0
82.0
1.0
3.0
5.0
7.0
613.0
3.0
13.0
3.0
14.0
9.0
3.0
189.0
4.0
3.0
5.0
1.0
1.0
2.0
1.0
4.0
2.0
11.0
6.0
23.0
851.0
1.0
5.0
1.0
3.0
2.0
367.0
487.0
48.0
3.0
3.0
3.0
65.0
3.0
1.0
268.0
2.0
3001.0
5.0
12.0
10.0
1.0
1367.0
518.0
1.0
1.0
1.0
4.0
3.0
7.0
10.0
5.0
20.0
1.0
2.0
294.0
4.0
3.0
60.0
1.0
1.0
8.0
8.0
1.0
1.0
3.0
8.0
132.0
3.0
3.0
1.0
5.0
8.0
8.0
1.0
1.0
1.0
1084.0
13.0
102.0
3.0
5.0
1.0
24.0
1.0
7.0
3.0
1.0
7.0
2.0
4.0
2.0
3822.0
1.0
19.0
1.0
23.0
19.0
837.0
93.0
2.0
8.0
1.0
57.0
2815.0
2508.0
2.0
1100.0
1.0
2.0
46.0
282.0
6.0
3846.0
3.0
2.0
6.0
1.0
3.0
9.0
1.0
532.0
2.0
2.0
3416.0
15.0
2.0
93.0
1.0
7.0
2.0
1.0
2.0
4.0
3.0
2.0
9.0
154.0
2.0
302.0
2.0
5.0
19.0
80.0
1.0
2709.0
2.0
52.0
65.0
1.0
845.0
1.0
1.0
3.0
2.0
1.0
2.0
2.0
3.0
3.0
5906.0
8.0
9.0
1108.0
3.0
2.0
338.0
6.0
1.0
365.0
13.0
8.0
15.0
1.0
109.0
1226.0
19.0
1.0
8.0
1.0
8.0
22.0
1.0
2.0
9.0
3.0
20.0
1.0
3.0
765.0
24.0
3.0
1994.0
59.0
1.0
3.0
2.0
43.0
4.0
5.0
2.0
12.0
3.0
1.0
1.0
8.0
944.0
54.0
3.0
2.0
1.0
5.0
1.0
9.0
12.0
886.0
2.0
1.0
1.0
102.0
3.0
31.0
14.0
13116.0
75.0
1.0
573.0
3.0
19.0
1.0
292.0
3.0
11.0
5.0
3.0
36.0
35.0
28.0
3.0
1.0
57.0
1.0
45.0
1.0
2.0
11.0
1.0
4.0
3.0
74.0
3.0
1.0
1225.0
3.0
1.0
3940.0
1.0
8.0
1002.0
3.0
111.0
2.0
1.0
1.0
1.0
2.0
158.0
3.0
9.0
1.0
1.0
8.0
3.0
1.0
2.0
3.0
20.0
1.0
11.0
1.0
625.0
2.0
3.0
2.0
1.0
3.0
180.0
3.0
1.0
1.0
3.0
17.0
847.0
1.0
23.0
3.0
3.0
5.0
3.0
30.0
986.0
1.0
1608.0
1.0
29.0
1.0
7.0
70.0
134.0
172.0
1.0
13.0
466.0
1.0
10.0
5.0
4.0
3.0
4.0
10.0
290.0
972.0
2.0
4.0
1.0
44.0
1.0
3.0
1.0
4.0
11.0
4.0
140.0
1.0
3.0
1.0
1.0
1.0
48.0
2.0
7.0
17.0
794.0
1.0
2.0
3.0
4.0
1.0
14.0
3994.0
3.0
67.0
1.0
4.0
15.0
24.0
4.0
1.0
1.0
1.0
1.0
130.0
25.0
1.0
3.0
18.0
346.0
66.0
18.0
233.0
2.0
9.0
3.0
55.0
3.0
1129.0
4.0
1.0
92.0
823.0
2.0
3.0
9.0
151.0
48410.0
1.0
3.0
1.0
3.0
2.0
3.0
4.0
95722.0
3.0
1.0
18.0
61.0
4.0
1.0
1013.0
2.0
2.0
3634.0
1.0
1.0
1.0
39.0
5.0
3.0
13.0
5.0
1.0
77.0
4.0
1.0
1.0
2.0
265.0
4.0
6.0
1.0
145.0
3818.0
1.0
1.0
5.0
1.0
64.0
1.0
16.0
11.0
3.0
1761.0
1.0
1249.0
2097.0
3.0
2.0
576.0
6.0
8.0
62.0
439.0
336.0
4.0
3.0
351.0
10.0
3.0
3.0
7.0
614.0
3.0
3.0
6.0
1.0
4.0
429.0
2.0
1.0
1.0
14.0
2.0
11.0
767.0
7.0
10.0
287.0
5.0
1.0
9.0
101.0
12.0
3.0
1.0
1.0
1.0
7.0
3.0
9.0
2.0
3.0
1.0
34.0
12.0
1.0
1.0
3.0
9.0
2.0
1.0
12.0
9.0
1.0
2.0
13.0
47.0
2573.0
1.0
9.0
674.0
1536.0
1.0
1.0
318.0
13.0
6.0
4.0
5.0
282.0
1.0
212.0
1.0
56.0
1.0
4.0
278.0
3.0
158.0
3.0
190.0
1.0
6.0
2.0
4.0
20.0
1.0
14.0
62.0
717.0
1.0
1.0
1.0
3.0
4.0
3.0
1.0
17.0
11.0
3.0
9.0
2.0
1.0
1.0
1.0
120.0
1.0
10.0
49.0
10172.0
87.0
1325.0
2.0
6.0
166.0
351.0
3.0
19.0
3.0
19.0
1.0
2.0
1.0
1.0
1.0
1.0
14.0
1.0
45.0
1.0
3.0
4.0
4.0
3.0
4.0
680.0
1.0
2.0
2.0
1.0
20.0
1.0
32.0
9.0
4346.0
1.0
1.0
1.0
99.0
11565.0
96.0
96.0
14.0
2.0
1.0
536.0
1.0
2.0
3.0
2.0
24.0
2.0
9.0
5.0
1.0
1.0
5.0
1.0
1.0
3.0
3.0
9.0
1.0
27.0
9.0
3.0
6.0
17.0
2.0
14.0
2160.0
2.0
19.0
73.0
3.0
3.0
463.0
1.0
3.0
4.0
9.0
1244.0
1.0
1.0
1.0
1.0
9.0
6.0
4.0
3.0
14.0
3.0
1051.0
3.0
1.0
9.0
102.0
3.0
555.0
12.0
110.0
50.0
2.0
1.0
3.0
2.0
68.0
2.0
3.0
19.0
4.0
25.0
1.0
12.0
4.0
1.0
3.0
1.0
12.0
36.0
6.0
83.0
5.0
18.0
1516.0
3.0
3.0
197.0
1521.0
1.0
1.0
11.0
369.0
1018.0
103.0
360.0
1.0
6598.0
1.0
17.0
8.0
2.0
3.0
34.0
1.0
2.0
1.0
1.0
10.0
14.0
5.0
4.0
7.0
24.0
1.0
1.0
25.0
3.0
4.0
2.0
1.0
5.0
1.0
34.0
1120.0
4.0
2.0
13.0
58.0
3.0
1.0
961.0
4.0
3.0
219.0
4.0
2.0
24.0
1.0
1.0
1.0
1.0
3.0
1.0
2.0
3.0
77.0
7.0
10.0
33.0
2.0
15.0
1.0
4.0
6.0
1.0
23.0
1.0
1.0
3.0
1204.0
2.0
1.0
7.0
1.0
576.0
3.0
3.0
2.0
109.0
6.0
2.0
1.0
1.0
4.0
4.0
1.0
4.0
728.0
19.0
2.0
2.0
3.0
1.0
157.0
1.0
51.0
1.0
1.0
1.0
4.0
55.0
17.0
2.0
24.0
1.0
2.0
20.0
23.0
433.0
1.0
24.0
3.0
1.0
2.0
1.0
87.0
8.0
2.0
3.0
2.0
11.0
7.0
3.0
7.0
3.0
52.0
1.0
2.0
1759.0
22.0
799.0
3609.0
774.0
17.0
9.0
4.0
4.0
1.0
289.0
596.0
3.0
101.0
6.0
3.0
1.0
1.0
34.0
1.0
21.0
8.0
130.0
1.0
12.0
1.0
27.0
1.0
3.0
17.0
6.0
9.0
5.0
1.0
16.0
1.0
1.0
2.0
1.0
3850.0
1.0
16.0
1.0
5.0
2.0
4.0
43.0
15.0
2.0
285.0
3.0
3.0
4.0
1.0
3.0
2.0
1.0
3.0
92.0
1.0
1.0
2.0
49.0
569.0
3.0
4.0
1.0
1.0
706.0
1.0
1.0
9.0
1265.0
13764.0
2.0
1.0
2.0
1.0
1.0
3.0
440.0
269.0
2.0
4.0
1.0
55.0
2.0
60.0
48.0
2.0
1.0
63.0
1.0
33.0
8.0
216.0
1926.0
41.0
800.0
107.0
22871.0
3.0
3.0
8.0
481.0
149.0
1.0
467.0
2.0
3.0
3.0
1.0
46.0
3.0
1.0
1.0
1.0
1.0
3.0
940.0
3.0
24.0
161.0
1485.0
1.0
1.0
8.0
18153.0
27.0
3.0
1.0
1.0
2.0
1.0
6.0
914.0
1.0
1.0
23.0
40.0
5.0
1.0
1.0
1.0
5.0
27.0
353.0
3.0
3.0
22.0
3.0
130.0
1.0
1.0
1.0
1.0
3.0
4.0
8.0
313.0
11.0
12.0
1.0
1.0
3.0
3.0
1.0
1.0
3.0
1.0
19.0
2.0
5.0
2.0
1895.0
1.0
2.0
1.0
3.0
2.0
1.0
15.0
23.0
15.0
78.0
1.0
3.0
261.0
9.0
19.0
1.0
143.0
2.0
11.0
1.0
88.0
1.0
1.0
3782.0
167.0
3.0
3.0
1.0
1.0
3.0
2599.0
6.0
29.0
5.0
10.0
1.0
2.0
87.0
20.0
5.0
5.0
1.0
1.0
2.0
2.0
1.0
1.0
334.0
33.0
1.0
7.0
3.0
1.0
2.0
5.0
59.0
65.0
840.0
32.0
3.0
6.0
1.0
88.0
3665.0
2.0
12.0
132.0
9.0
2.0
2.0
1.0
6.0
86.0
1.0
3.0
51.0
1.0
2.0
3.0
3.0
1.0
22.0
9.0
11.0
937.0
9.0
3.0
1.0
1.0
1.0
105.0
1.0
1.0
24.0
2.0
137.0
697.0
719.0
4.0
45.0
4.0
3.0
18.0
2.0
60.0
1.0
1.0
1.0
972.0
1.0
35.0
52.0
1.0
223.0
1.0
3.0
65.0
6.0
1067.0
2.0
6.0
1.0
118.0
1.0
5.0
32.0
3.0
207.0
11.0
7.0
8.0
1.0
178.0
82.0
6.0
1.0
3.0
2.0
288.0
1.0
2.0
24.0
1.0
58.0
1.0
7.0
6.0
1.0
26.0
3.0
9.0
1.0
8.0
1.0
2146.0
2299.0
14.0
1528.0
1.0
9.0
123.0
94917.0
155.0
19.0
1.0
1.0
2.0
2.0
1.0
5.0
4.0
4.0
105.0
2.0
1.0
2.0
6.0
23.0
32.0
9.0
3.0
7.0
2.0
3.0
30.0
1.0
3.0
32.0
6.0
4.0
1.0
65.0
4.0
1.0
3.0
20.0
296.0
3.0
17.0
44.0
1.0
2.0
1.0
12.0
1.0
3.0
1288.0
3.0
2.0
65.0
108.0
2.0
3.0
1.0
8.0
9.0
3.0
7895.0
1.0
1.0
128.0
2.0
129.0
41.0
3.0
32.0
1.0
9.0
1.0
3.0
121.0
2.0
1.0
4.0
1.0
274.0
513.0
11.0
16.0
24.0
3.0
20.0
1.0
1.0
1.0
1018.0
16479.0
3.0
2.0
1.0
1.0
3.0
3.0
1.0
18.0
1.0
3.0
14005.0
1.0
2.0
3.0
573.0
3.0
126.0
3.0
3.0
1.0
619.0
2.0
26.0
114.0
1.0
6.0
29.0
1.0
1225.0
3.0
3.0
2.0
5909.0
117.0
8.0
9.0
1.0
36.0
4.0
1.0
16.0
6.0
1.0
1.0
17.0
22.0
6.0
1.0
214.0
39.0
1.0
1024.0
66.0
1.0
2.0
272.0
366.0
1.0
89.0
1.0
3.0
4351.0
53.0
60.0
1.0
8.0
1.0
2.0
1.0
18.0
2.0
27.0
9.0
6.0
1.0
2.0
207.0
18.0
2.0
71.0
3.0
9.0
1.0
8.0
33.0
198.0
2.0
3.0
16.0
94.0
2.0
3.0
1713.0
3.0
2.0
2.0
1.0
1.0
3.0
3.0
55.0
2.0
1.0
22.0
2.0
3.0
1.0
4.0
8.0
8.0
2.0
3.0
2.0
1.0
11.0
2.0
165.0
1.0
1.0
39.0
1.0
1041.0
133.0
1.0
14.0
1.0
3.0
4.0
2.0
55.0
5.0
1.0
5.0
106.0
351.0
1.0
8.0
103.0
2245.0
7.0
274.0
3.0
29.0
1.0
677.0
932.0
1.0
1.0
5.0
253.0
3.0
2.0
72.0
5.0
3.0
1.0
1.0
3.0
1.0
3.0
50.0
1.0
2.0
1.0
3.0
1.0
3.0
3.0
1.0
3.0
22.0
19.0
242.0
2056.0
2.0
2.0
3.0
1.0
1.0
462.0
1160.0
3.0
1.0
1.0
3.0
1.0
1494.0
24.0
714.0
1.0
1.0
77.0
67.0
1201.0
3.0
1.0
48.0
1.0
1.0
2.0
1.0
1.0
1.0
1.0
235.0
1.0
2.0
4.0
18.0
1.0
3.0
2.0
7.0
8.0
141.0
7220.0
1.0
5.0
282.0
2.0
2.0
3.0
9.0
8.0
469.0
3.0
1.0
3.0
1.0
3.0
1.0
2.0
3.0
7.0
6.0
12.0
3.0
2.0
3.0
36.0
52.0
2.0
1.0
1.0
90.0
45.0
1.0
1.0
97.0
266.0
155.0
4.0
1.0
1.0
1272.0
5.0
1.0
3.0
12.0
59.0
909.0
1.0
4.0
3.0
1.0
3.0
2.0
932.0
1.0
1.0
1.0
5.0
866.0
1.0
1.0
4.0
9.0
26.0
5832.0
443.0
258.0
2.0
4.0
1.0
11.0
1.0
1.0
122.0
4.0
3.0
8.0
1.0
1.0
1.0
3.0
1.0
1.0
7.0
1.0
432.0
3.0
34.0
1.0
1.0
4.0
9.0
3.0
12.0
1.0
9.0
351.0
12.0
6.0
19.0
2.0
7.0
5.0
6.0
1.0
1.0
3.0
1.0
2.0
193.0
1.0
1.0
1.0
450.0
2.0
1.0
48.0
3.0
3.0
18.0
1.0
117.0
3.0
3.0
1.0
19.0
1.0
4.0
16.0
2.0
72.0
7.0
97.0
5.0
65.0
542.0
4.0
3.0
1.0
3.0
1.0
34.0
5.0
5.0
1.0
1.0
1.0
13.0
3.0
3434.0
3.0
10.0
8.0
3.0
17.0
5707.0
4.0
145.0
10.0
9144.0
1.0
2.0
379.0
19.0
1.0
3.0
10.0
1.0
306.0
1.0
372.0
3.0
4.0
1.0
988.0
28.0
1.0
13.0
14.0
1.0
2.0
3.0
3.0
3.0
31.0
1.0
102.0
14.0
5723.0
1.0
1225.0
50.0
1.0
1.0
2.0
6.0
3.0
376.0
95.0
288.0
57.0
351.0
58.0
1.0
4.0
3.0
15.0
71.0
3.0
1.0
2.0
12.0
4.0
3.0
4.0
37.0
6.0
5.0
9.0
1.0
87.0
29.0
458.0
3.0
235.0
17.0
4.0
2.0
6.0
6.0
3.0
4.0
7.0
1.0
19.0
1.0
14.0
28.0
71.0
4.0
3.0
12.0
2.0
1.0
36.0
1.0
1.0
4.0
8.0
317.0
3.0
7.0
132.0
3.0
11.0
2.0
12.0
1.0
60.0
1.0
7.0
1.0
3.0
3.0
3.0
1.0
22.0
3.0
245.0
1.0
3.0
1.0
3.0
5330.0
7.0
2.0
16.0
1.0
2.0
3.0
181.0
1.0
3.0
40.0
2.0
1.0
2.0
1.0
41.0
60.0
7.0
3.0
1661.0
3.0
1.0
1.0
1.0
20.0
1.0
292.0
3.0
1.0
134.0
1.0
3.0
1.0
4.0
1.0
2.0
108.0
19.0
1.0
8.0
1.0
1.0
3.0
3.0
1.0
3.0
1.0
1.0
503.0
3.0
717.0
1.0
1703.0
279.0
1.0
1018.0
2.0
129.0
3.0
115.0
8.0
10.0
230.0
29.0
1.0
164.0
23.0
6.0
14.0
17.0
6.0
3.0
1.0
1.0
1.0
3.0
3.0
3.0
1.0
3.0
2.0
1.0
46.0
1.0
3.0
75.0
1.0
5.0
234.0
39.0
4.0
3.0
1.0
341.0
1.0
130.0
56.0
93.0
3.0
15.0
1.0
1.0
1007.0
5.0
1.0
131.0
1.0
1.0
299.0
1.0
4.0
1.0
1.0
2.0
801.0
106.0
1831.0
3.0
1.0
9.0
24.0
49.0
7.0
2.0
603.0
6.0
1.0
1.0
50.0
7.0
879.0
15.0
2.0
3.0
2.0
1349.0
5.0
10001.0
1.0
1.0
1.0
5.0
1.0
2.0
1.0
63.0
13.0
1.0
1.0
102.0
1.0
2.0
3.0
21.0
1.0
24.0
1.0
3.0
12.0
13.0
310.0
1.0
2.0
1.0
92.0
3.0
32.0
45.0
66.0
3.0
551.0
1.0
1.0
1.0
5.0
147.0
4.0
1.0
17.0
8.0
23.0
6.0
282.0
1.0
228.0
1.0
1.0
1.0
2.0
1.0
3.0
3.0
1.0
3.0
3.0
24.0
1.0
5.0
282.0
1.0
39.0
504.0
4.0
2994.0
2.0
26.0
16.0
12.0
512.0
40.0
3.0
3.0
4.0
370.0
9.0
23.0
312.0
1.0
1.0
1.0
6.0
3.0
3.0
5.0
5.0
1364.0
2.0
1.0
1500.0
132.0
11.0
5.0
8.0
3.0
15.0
16739.0
337.0
1.0
2.0
8.0
1.0
3516.0
2.0
15.0
11.0
3574.0
8.0
63.0
1.0
6.0
1.0
3.0
96.0
2.0
3.0
3.0
1.0
16.0
1.0
4306.0
3.0
9.0
23.0
11.0
3.0
176.0
1.0
2.0
396.0
3046.0
3.0
9.0
5.0
22.0
7.0
1.0
2.0
1.0
519.0
94.0
1.0
8.0
1.0
34.0
34.0
2.0
1.0
2.0
1.0
108.0
21.0
3.0
1.0
678.0
50.0
178.0
3.0
1.0
1648.0
13.0
2.0
2.0
101.0
3.0
156.0
252.0
5.0
3.0
1.0
7.0
3.0
590.0
55.0
2.0
976.0
3.0
1.0
1.0
3.0
1.0
74.0
1.0
176.0
2.0
3.0
6.0
692.0
540.0
6.0
65.0
309.0
1.0
7.0
1.0
3.0
24.0
20.0
4.0
1.0
17.0
72.0
15.0
10.0
52.0
12.0
1.0
1.0
9.0
412.0
1.0
99.0
169.0
4.0
2.0
36.0
129.0
248.0
3.0
1.0
3.0
1.0
7.0
40.0
99.0
36.0
1.0
3.0
2.0
3.0
266.0
198.0
60.0
1096.0
6.0
1.0
34.0
1.0
52.0
28.0
3.0
2.0
1.0
1.0
509.0
2.0
1832.0
1.0
1.0
282.0
1.0
33.0
3.0
457.0
1.0
1.0
10.0
309.0
6.0
1.0
1.0
13.0
2.0
2.0
3.0
15.0
60.0
22.0
3.0
31.0
3.0
289.0
38.0
71.0
75.0
1.0
1.0
298.0
1.0
37.0
3.0
3.0
328.0
4.0
472.0
4.0
5.0
2.0
13.0
19.0
2.0
5.0
101.0
140.0
729.0
37.0
2.0
2.0
31.0
19.0
3.0
18.0
3.0
1.0
2.0
816.0
1.0
28.0
1.0
1.0
2.0
1.0
420.0
15.0
1.0
1.0
108.0
2.0
6.0
21.0
1.0
3.0
1.0
1.0
1.0
2.0
5.0
1394.0
3.0
5.0
3.0
15.0
3.0
1.0
3.0
68.0
1.0
87.0
1.0
3.0
2.0
5.0
3.0
3.0
1075.0
3.0
12.0
1.0
1.0
1.0
3.0
35.0
4.0
173.0
1.0
313.0
3.0
1.0
23.0
1.0
1.0
5.0
104.0
1.0
2547.0
3.0
977.0
7.0
3.0
24.0
2040.0
1.0
8.0
4.0
38.0
3.0
44.0
1.0
2.0
7.0
35.0
2.0
30.0
1.0
4.0
1.0
2.0
1.0
3.0
7.0
211.0
20.0
133.0
611.0
2.0
19.0
19.0
1018.0
2.0
3.0
721.0
14.0
1468.0
1.0
1.0
3.0
1.0
4.0
100.0
64.0
3.0
3.0
1.0
4.0
11.0
3.0
1.0
1.0
7.0
222.0
299.0
311.0
3.0
166.0
31.0
4.0
23.0
1403.0
15.0
9.0
156.0
1.0
8.0
5.0
2.0
51.0
26.0
61.0
1.0
218.0
25.0
59.0
22.0
1.0
5.0
1.0
1317.0
1.0
3.0
1.0
69.0
1.0
8.0
1.0
1.0
3.0
3.0
1.0
1.0
291.0
3.0
1.0
3.0
1.0
1.0
7.0
3.0
121.0
3.0
3.0
54.0
1.0
1.0
8.0
4.0
1.0
3.0
4.0
13.0
2.0
17.0
3.0
5.0
1.0
1.0
1.0
5.0
5.0
1658.0
29.0
3.0
2.0
2.0
1.0
152.0
1.0
2.0
370.0
22.0
2.0
69.0
906.0
71.0
1075.0
1.0
1147.0
1270.0
1.0
9.0
1.0
1.0
1.0
9.0
14385.0
1.0
3.0
4.0
5.0
1.0
12.0
3.0
12.0
1.0
2.0
519.0
2819.0
1.0
1061.0
12.0
7.0
1.0
4.0
92270.0
301.0
24.0
2.0
28.0
1.0
1.0
1.0
1.0
1.0
1497.0
240.0
3.0
113.0
392.0
1.0
9.0
65.0
14.0
1.0
563.0
1.0
18.0
1.0
4.0
4.0
1.0
24.0
717.0
3436.0
102.0
2.0
1.0
11.0
3.0
35.0
8.0
433.0
2.0
1.0
835.0
2.0
1494.0
3.0
4.0
1.0
5.0
37.0
1.0
2.0
77.0
1.0
1.0
890.0
1267.0
7.0
13.0
5.0
7.0
3.0
10.0
7.0
313.0
1832.0
222.0
1.0
2.0
1.0
1.0
1.0
2.0
9.0
56.0
1.0
3.0
5.0
1.0
1.0
8.0
972.0
14.0
4.0
1.0
1.0
7.0
1.0
549.0
1.0
5.0
1.0
1.0
1.0
3.0
122.0
4.0
23.0
1.0
1.0
838.0
1.0
4.0
2.0
3.0
1.0
26.0
3.0
1.0
24.0
3.0
3.0
5.0
1.0
2.0
1.0
14.0
648.0
9.0
1.0
10.0
51.0
1487.0
15.0
1.0
28.0
3.0
48.0
3.0
4.0
3.0
39.0
3.0
4.0
3.0
4.0
292.0
12.0
191.0
22.0
1.0
3.0
3.0
1.0
17.0
10.0
7.0
50.0
2.0
19.0
4.0
295.0
1.0
1.0
1.0
1.0
211.0
3.0
1.0
10.0
201.0
1.0
19.0
3.0
1.0
24.0
33.0
1.0
1.0
1.0
3.0
1.0
19.0
1.0
1.0
3.0
246.0
221.0
69.0
1.0
476.0
7.0
47.0
4.0
178.0
1.0
1971.0
26.0
10.0
4.0
1.0
1.0
255.0
7.0
3.0
2.0
16.0
164.0
2.0
4.0
1.0
3.0
1.0
3.0
1.0
21.0
1.0
6.0
3.0
4.0
2.0
66810.0
3.0
22.0
27.0
5.0
282.0
1.0
1.0
768.0
1.0
2.0
9.0
12.0
5480.0
6.0
1.0
8.0
6.0
1.0
1.0
1.0
3710.0
1.0
24.0
1.0
43.0
2.0
3.0
7.0
3.0
1.0
1.0
17.0
2.0
257.0
2.0
1.0
3.0
1.0
23.0
2.0
1907.0
55.0
28.0
138.0
7.0
1.0
28.0
2.0
18.0
159.0
1.0
1.0
1.0
3.0
83.0
4.0
5.0
2.0
74.0
5.0
3.0
4.0
551.0
1.0
493.0
1.0
696.0
6.0
20.0
961.0
3.0
1.0
1467.0
9.0
12.0
3.0
1.0
33.0
2.0
1.0
1.0
4.0
508.0
1.0
2.0
13.0
351.0
1.0
3.0
1.0
1.0
3.0
1.0
2.0
15.0
129.0
3.0
1.0
1.0
126.0
19.0
24.0
70.0
859.0
2.0
243.0
1.0
4.0
1.0
1.0
44.0
1.0
3.0
3.0
11.0
3.0
1.0
303.0
1.0
2.0
1.0
1.0
135.0
1.0
68.0
2.0
1.0
20.0
609.0
1.0
121.0
1.0
1.0
7.0
23.0
1.0
4.0
561.0
1.0
7.0
2.0
1.0
176.0
89.0
2.0
1.0
65.0
7.0
34.0
34.0
1457.0
3.0
28.0
8.0
1.0
4.0
334.0
6.0
4.0
632.0
20.0
23.0
1.0
1179.0
12.0
3.0
7.0
2.0
1.0
55.0
4.0
3.0
3.0
3.0
319.0
77.0
1.0
1.0
2.0
3.0
234.0
4.0
3.0
73.0
1949.0
1.0
1.0
4.0
1.0
1.0
7.0
808.0
128.0
1.0
1.0
1.0
1.0
1.0
3.0
5.0
3.0
5.0
1.0
1.0
395.0
2.0
1608.0
112.0
3.0
1.0
3.0
3.0
1.0
1.0
3.0
49.0
3.0
62.0
1.0
80.0
1.0
8.0
207.0
14189.0
2.0
1.0
35.0
3.0
47.0
3.0
3.0
76.0
1.0
25.0
17.0
1.0
3.0
455.0
2.0
8.0
3.0
1.0
972.0
2.0
1.0
2.0
3.0
2.0
401.0
1.0
2.0
696.0
1.0
4.0
3.0
14.0
1.0
1.0
426.0
374.0
734.0
1.0
3.0
1.0
25.0
1.0
234.0
3.0
1.0
8.0
1.0
2.0
351.0
6.0
1.0
3.0
8.0
2.0
4.0
102.0
3.0
472.0
1.0
3.0
155.0
1.0
3.0
1.0
596.0
2.0
14.0
107.0
6.0
28.0
138.0
1.0
1.0
1791.0
983.0
1.0
14.0
705.0
53.0
3.0
22.0
8963.0
3.0
138.0
10.0
11.0
6.0
2.0
1.0
23.0
2.0
5.0
1704.0
15684.0
1.0
7.0
1.0
105.0
2.0
2.0
1.0
90.0
1.0
1.0
3.0
330.0
2.0
2440.0
1.0
23.0
31.0
13.0
46.0
1033.0
657.0
1.0
3.0
2.0
262.0
2363.0
8.0
1.0
20.0
1.0
7.0
2.0
759.0
1109.0
4.0
47.0
35.0
8.0
2.0
3.0
503.0
5.0
3.0
1.0
3.0
7.0
3.0
1107.0
1066.0
3.0
2.0
281.0
1660.0
1.0
8.0
3.0
401.0
377.0
1.0
76.0
1.0
10.0
3.0
8.0
1.0
1.0
18.0
1.0
2.0
1403.0
5.0
1.0
34.0
3.0
2.0
32.0
2.0
523.0
1018.0
1.0
4.0
43.0
1.0
2.0
3.0
3.0
5.0
765.0
82.0
1102.0
1.0
1111.0
3.0
22.0
1.0
1.0
3.0
3.0
6.0
462.0
1.0
2.0
5.0
21.0
2.0
3.0
8.0
4.0
2.0
4.0
17.0
13.0
3.0
3.0
9.0
10.0
1.0
8.0
790.0
1.0
1.0
227.0
1.0
139.0
17.0
41.0
21.0
24.0
1.0
50.0
837.0
2.0
2792.0
3.0
596.0
1420.0
432.0
11.0
49.0
1307.0
3.0
3.0
46.0
4.0
4.0
3.0
3.0
2.0
1.0
3.0
3.0
11617.0
338.0
1.0
4.0
373.0
1334.0
2.0
3.0
381.0
54.0
18.0
3.0
1.0
1.0
17.0
3.0
1.0
3.0
1.0
1.0
566.0
102.0
6.0
1.0
1.0
1.0
690.0
3.0
1.0
113.0
1.0
1.0
121.0
761.0
21.0
2.0
1.0
17.0
1.0
1.0
4.0
16.0
3.0
3.0
1.0
9.0
63.0
1.0
1.0
1.0
1.0
2.0
1.0
1.0
1.0
1.0
13.0
1.0
2.0
3057.0
1.0
3.0
8.0
8.0
175.0
9.0
4.0
1.0
1.0
41.0
4.0
101.0
1.0
17.0
1073.0
1.0
1.0
4.0
6.0
1.0
1.0
1.0
3.0
7.0
37.0
5.0
2.0
1.0
11.0
4453.0
4.0
3.0
288.0
3.0
1.0
3.0
2.0
3.0
433.0
236.0
5.0
8.0
1.0
2.0
7.0
53.0
3.0
3.0
1.0
1.0
7.0
2.0
4.0
596.0
4.0
1.0
5.0
9.0
1.0
3.0
69.0
4.0
678.0
3.0
2.0
1.0
1.0
2.0
1.0
256.0
3.0
3.0
7.0
14.0
6.0
22478.0
4.0
24.0
605.0
135.0
8.0
3.0
2.0
11.0
3.0
1.0
1.0
3.0
3.0
7.0
1.0
1.0
2.0
1615.0
8.0
1.0
4.0
5.0
1.0
4.0
1.0
3.0
13.0
1.0
49.0
4.0
951.0
374.0
3.0
2.0
516.0
3.0
1656.0
3.0
519.0
3.0
20.0
3.0
3.0
14385.0
52.0
282.0
7.0
278.0
47.0
1.0
1.0
1.0
4.0
3.0
4.0
1.0
3.0
7.0
278.0
6.0
24.0
3.0
3.0
3.0
1.0
49.0
3.0
415.0
2.0
481.0
19.0
1.0
4.0
3.0
3.0
2.0
1.0
435.0
2.0
1.0
10.0
6.0
261.0
1.0
2.0
7.0
375.0
1.0
2.0
765.0
4.0
1.0
28608.0
401.0
1.0
14.0
8669.0
31.0
118.0
3.0
1.0
1.0
2.0
3.0
3.0
31.0
292.0
1.0
294.0
209.0
2.0
3.0
3.0
172.0
3.0
1.0
1.0
2.0
8.0
3.0
8.0
3.0
16.0
18.0
3.0
1.0
111.0
3.0
396.0
1249.0
19.0
6.0
43.0
3.0
3.0
1.0
3.0
2.0
2.0
1.0
720.0
526.0
3.0
26.0
99.0
490.0
299.0
25.0
3.0
7.0
728.0
1.0
1.0
3.0
3.0
1632.0
459.0
156.0
1.0
14189.0
1660.0
20.0
1.0
1.0
3.0
1.0
65.0
1.0
1.0
3.0
1.0
421.0
8.0
1.0
4.0
74.0
1.0
2.0
3.0
3.0
6.0
1484.0
3.0
6.0
2.0
28.0
133.0
3.0
3.0
2.0
236.0
21.0
1.0
1.0
3.0
196.0
79.0
5.0
1.0
3.0
3.0
2.0
148.0
4.0
1027.0
10.0
2.0
4.0
2.0
59.0
2.0
2.0
1.0
1.0
5.0
48.0
288.0
27.0
1.0
3.0
5.0
5.0
2.0
4.0
1.0
3.0
29.0
1.0
3.0
4.0
11.0
24.0
1.0
2.0
826.0
7.0
69.0
13985.0
457.0
13.0
3.0
1.0
5.0
26.0
209.0
6.0
4.0
17.0
14.0
1.0
2.0
351.0
550.0
9.0
6.0
3.0
227.0
12.0
26.0
3.0
3.0
4.0
1.0
2.0
2.0
13.0
1.0
62.0
37.0
20.0
15.0
1.0
1.0
3.0
12.0
20.0
1.0
3.0
69.0
503.0
74.0
1877.0
8.0
3.0
9112.0
71.0
1.0
21.0
1.0
6.0
198.0
2768.0
11.0
19.0
4.0
42.0
1.0
3.0
1.0
10.0
8.0
1.0
1297.0
107.0
1.0
459.0
2.0
24.0
288.0
3.0
1.0
1.0
1.0
3.0
2.0
1.0
2.0
2575.0
33.0
1322.0
14.0
72.0
1.0
16.0
4.0
4.0
1.0
3.0
14.0
3.0
1.0
1.0
19.0
1.0
3.0
1.0
2.0
1.0
772.0
11.0
3.0
1.0
2.0
31.0
1.0
1.0
294.0
1.0
2.0
12.0
13.0
4.0
1.0
1.0
1.0
1.0
2.0
373.0
63.0
313.0
61.0
1.0
74.0
2.0
3.0
1.0
3.0
174.0
10.0
3.0
1.0
7.0
1.0
1509.0
1117.0
1.0
1.0
8.0
1.0
57.0
3.0
3.0
39.0
21.0
1.0
685.0
186.0
3.0
4.0
3.0
5.0
571.0
4.0
1.0
2.0
1.0
178.0
7.0
1236.0
8.0
1.0
687.0
3.0
1.0
3.0
1.0
1.0
25.0
1.0
3.0
24.0
9.0
6.0
5.0
62.0
1.0
1.0
1.0
2.0
14.0
2.0
10.0
16.0
1.0
3.0
2.0
111.0
445.0
2.0
18.0
9.0
2.0
4.0
743.0
2.0
1.0
1.0
2.0
4.0
2.0
3.0
553.0
200.0
3.0
3.0
2.0
190.0
3.0
31.0
1.0
12.0
3.0
3.0
3.0
674.0
1.0
3.0
24.0
14.0
11.0
1.0
108.0
4.0
1.0
10.0
256.0
2.0
5.0
410.0
2.0
7.0
2.0
44.0
13.0
1.0
1.0
197.0
2.0
4.0
16.0
3.0
2.0
7.0
1.0
1.0
1.0
638.0
17.0
3.0
6.0
19.0
548.0
2.0
2.0
32949.0
473.0
3.0
1.0
1.0
3.0
6.0
39.0
163.0
2.0
8.0
3.0
1.0
10.0
8.0
399.0
1.0
1.0
1.0
4.0
3.0
1.0
1.0
4.0
6.0
693.0
696.0
3.0
2.0
3.0
1.0
19.0
1.0
6.0
1.0
1.0
17.0
31.0
7.0
7.0
2.0
1.0
1.0
418.0
214.0
2.0
2.0
19.0
1243.0
3.0
835.0
7.0
40.0
3.0
11103.0
44.0
563.0
7.0
33.0
1.0
10.0
2.0
1341.0
104.0
3.0
1040.0
1.0
22.0
2.0
221.0
1.0
1.0
202.0
2.0
20.0
10.0
6.0
1.0
1.0
26.0
382.0
1.0
2.0
4320.0
336.0
3.0
3.0
9.0
26.0
3.0
26.0
2.0
19.0
368.0
2.0
52.0
2.0
1.0
1.0
9273.0
3.0
1018.0
218.0
56.0
145.0
2.0
1.0
53.0
3.0
7.0
13.0
5.0
5.0
3.0
282.0
2.0
8.0
3.0
22.0
116.0
2.0
17.0
2182.0
12.0
3.0
1.0
415.0
66.0
1.0
3.0
1.0
17.0
774.0
24.0
64.0
1.0
1.0
1.0
1.0
3.0
43.0
37.0
11.0
2.0
3.0
2.0
2.0
40.0
3.0
26.0
574.0
2.0
2.0
2870.0
19.0
684.0
1.0
3.0
7.0
116.0
1.0
3.0
3.0
1.0
36.0
1613.0
3.0
1.0
3.0
576.0
2.0
696.0
17.0
11.0
98.0
62.0
112.0
6.0
1.0
1.0
5.0
1.0
11.0
1645.0
1.0
1.0
38.0
11.0
2.0
34.0
1.0
1.0
30.0
458.0
2.0
2.0
2.0
2.0
696.0
18.0
1.0
41.0
5.0
10.0
4.0
50.0
34.0
24.0
1.0
1.0
1.0
97.0
8.0
8.0
14.0
50.0
281.0
1.0
5.0
1461.0
6189.0
1.0
1.0
878.0
183.0
3.0
10.0
73.0
4.0
17.0
506.0
1.0
15.0
806.0
4.0
2.0
171.0
1054.0
1.0
611.0
4.0
3.0
19.0
3.0
34.0
2.0
1.0
3.0
2.0
9.0
46.0
842.0
2543.0
1.0
47.0
3.0
3.0
288.0
1.0
3.0
1.0
86.0
24.0
3.0
2.0
22.0
1.0
1.0
1339.0
1.0
10.0
3.0
6.0
355.0
15.0
17.0
1.0
10.0
16.0
1.0
17.0
3.0
19.0
112.0
58.0
1.0
4302.0
27.0
6.0
1.0
2.0
1.0
1.0
1.0
77.0
2040.0
3.0
4340.0
19.0
6.0
1.0
463.0
72.0
144.0
3.0
1.0
1.0
1702.0
3.0
133.0
5.0
3.0
1.0
3.0
4.0
1.0
1.0
8.0
2.0
3.0
12.0
372.0
1.0
4738.0
727.0
38.0
35.0
1.0
1.0
1.0
2.0
262.0
1.0
17.0
18.0
29.0
505.0
24.0
391.0
3.0
1.0
10.0
546.0
4.0
8.0
1.0
1.0
19.0
3.0
1.0
18.0
102.0
1.0
1.0
2.0
5.0
1.0
1.0
3.0
16.0
1.0
82.0
29.0
1.0
1.0
77.0
17.0
1.0
1.0
1.0
2.0
17.0
3.0
1.0
1.0
6.0
14.0
1.0
52.0
14.0
27.0
3118.0
1.0
240.0
23.0
1.0
3.0
21.0
2.0
3.0
2.0
2.0
182.0
21.0
1.0
136.0
1.0
2.0
3.0
3.0
76.0
24.0
36.0
2.0
2.0
3.0
2.0
2.0
218.0
1.0
20.0
107.0
1.0
279.0
1.0
3.0
1.0
3.0
24.0
1.0
8.0
3.0
1.0
1.0
1.0
325.0
2.0
1.0
3.0
2.0
63.0
1262.0
11.0
1.0
1.0
3.0
2.0
12.0
1.0
22.0
85.0
23.0
3.0
251.0
1021.0
3.0
2.0
3.0
1.0
131.0
3.0
6.0
5.0
2.0
7.0
549.0
3.0
5782.0
1.0
1.0
3.0
1.0
10.0
77.0
2.0
3.0
5.0
5.0
70.0
108.0
1.0
1449.0
4.0
1.0
1.0
26.0
1.0
3.0
1.0
2.0
972.0
21.0
1.0
1.0
1.0
678.0
3.0
1.0
4.0
2.0
1.0
69.0
2.0
1.0
11.0
3.0
2.0
1.0
4.0
18.0
5.0
3.0
5.0
129.0
102.0
4.0
3.0
3.0
737.0
9.0
11.0
70.0
7.0
308.0
7.0
33.0
1.0
1.0
1.0
1.0
196.0
1.0
5.0
351.0
1.0
17.0
2.0
7.0
105.0
2.0
25.0
1.0
134.0
1.0
113.0
1.0
1.0
14.0
6.0
27.0
1.0
26.0
3513.0
24.0
2815.0
1.0
1.0
119.0
5.0
1.0
1.0
145.0
2.0
1.0
3.0
239.0
24.0
19.0
3.0
877.0
4.0
961.0
24.0
6.0
16.0
3.0
1.0
1.0
19.0
352.0
285.0
1.0
1.0
3.0
2.0
5.0
609.0
3.0
1.0
7.0
377.0
6.0
12.0
1.0
2.0
3.0
3.0
1.0
1.0
2.0
1.0
101.0
132.0
2.0
3.0
181.0
5.0
1.0
1.0
325.0
4.0
863.0
242.0
363.0
112.0
3.0
15.0
667.0
54.0
1.0
217.0
2717.0
3.0
69.0
58.0
71.0
1.0
307.0
1.0
913.0
31.0
19.0
42.0
1.0
8.0
2.0
4.0
1.0
1.0
917.0
117.0
15.0
1.0
1.0
3.0
18.0
566.0
2.0
3.0
1.0
1.0
139.0
9966.0
296.0
1.0
3.0
12.0
7.0
3.0
1.0
6.0
17.0
1.0
1.0
1.0
102.0
4.0
6.0
1.0
3.0
1.0
1.0
4.0
3142.0
29.0
3.0
3.0
37.0
1.0
3.0
3.0
21.0
1.0
1.0
11.0
689.0
1.0
13.0
25.0
2.0
2.0
14.0
24.0
22.0
3.0
1.0
48.0
9.0
17.0
1.0
3.0
31.0
4.0
2.0
5.0
1280.0
195.0
819.0
8.0
1.0
3.0
3203.0
71.0
2.0
11.0
1.0
1.0
601.0
17.0
2.0
1228.0
66.0
2.0
86.0
1.0
2.0
2.0
10.0
1.0
6.0
7.0
19.0
4.0
1.0
3.0
2.0
9.0
1.0
290.0
30.0
12.0
24.0
27.0
1.0
9.0
6.0
22.0
9.0
278.0
1.0
3.0
3.0
18.0
2.0
10.0
3.0
1.0
6.0
1.0
1.0
5.0
3401.0
39.0
1.0
4.0
1185.0
3.0
3.0
2.0
1.0
1.0
774.0
1.0
2.0
1.0
1.0
9.0
9.0
4.0
1.0
5.0
8.0
1.0
2.0
1.0
19.0
4.0
2.0
11.0
3.0
1.0
7.0
1.0
12.0
25.0
1.0
17.0
1.0
7.0
8.0
24.0
129.0
1.0
1.0
1.0
4.0
3.0
204.0
15.0
55.0
25.0
2.0
1.0
1.0
15.0
596.0
23.0
91.0
3.0
9.0
2.0
24.0
312.0
15.0
1.0
12276.0
16567.0
4.0
3.0
2.0
64.0
470.0
43.0
1.0
1911.0
1.0
4.0
351.0
1.0
3.0
1033.0
93.0
3883.0
17.0
1.0
5.0
1.0
4.0
1.0
347.0
5.0
3.0
1.0
1.0
3.0
3.0
1.0
1.0
23.0
4.0
1.0
3.0
278.0
2.0
1.0
14.0
211.0
3.0
1.0
1.0
139.0
3.0
10.0
17.0
997.0
2.0
3.0
14.0
1.0
1.0
25061.0
92.0
3.0
510.0
2.0
1.0
214.0
3.0
10.0
1080.0
2.0
13.0
3.0
8.0
2.0
3.0
3.0
2.0
34.0
2555.0
5.0
1.0
489.0
112.0
3.0
1.0
1.0
78.0
221.0
66.0
8.0
6.0
46.0
5.0
1.0
1.0
59.0
1.0
9.0
2.0
1157.0
1.0
9.0
3.0
24.0
23.0
12.0
13.0
1.0
34.0
1.0
3.0
15.0
2.0
18.0
189.0
2.0
3.0
2.0
70.0
2613.0
3.0
124.0
19.0
4.0
72.0
90.0
50.0
2745.0
18.0
833.0
2.0
60.0
2.0
65.0
3.0
29.0
4.0
1.0
5.0
2355.0
1.0
3.0
57.0
73.0
9.0
73.0
3.0
696.0
1378.0
160.0
1.0
44.0
2.0
2.0
1.0
3.0
1.0
87.0
1.0
3.0
1.0
66.0
254.0
1.0
1.0
1.0
292.0
1.0
1.0
11.0
1.0
323.0
281.0
56.0
1.0
11.0
17.0
1.0
1.0
1.0
1.0
28.0
2.0
69.0
1.0
1281.0
75.0
2946.0
111.0
1.0
31.0
28.0
5.0
3.0
3.0
1.0
4.0
8.0
1.0
13.0
27.0
3.0
5.0
1.0
1.0
1.0
158.0
9.0
2.0
2.0
1.0
2.0
351.0
97.0
7839.0
1.0
74.0
881.0
2123.0
1.0
16.0
23.0
96.0
10.0
19.0
4858.0
3.0
3.0
3.0
1.0
4.0
42.0
3.0
1.0
22.0
1.0
3.0
20.0
102.0
75.0
2.0
3.0
1763.0
1.0
3.0
7.0
1.0
123.0
5.0
1899.0
60.0
1.0
174.0
3.0
5.0
9.0
1.0
36.0
4.0
1575.0
1.0
1.0
1.0
9.0
1.0
376.0
2.0
3.0
1.0
1.0
145.0
192.0
3.0
448.0
697.0
1.0
8.0
3.0
1.0
65.0
1.0
34.0
12.0
1.0
86.0
1.0
1.0
2.0
3.0
1.0
1.0
3.0
1.0
7.0
26.0
1.0
7.0
2.0
10.0
1.0
8.0
3.0
4.0
6.0
5.0
1.0
5.0
47.0
8.0
122.0
3.0
1.0
129.0
91.0
9.0
1.0
4.0
10.0
1.0
2.0
1.0
3.0
3.0
207.0
2.0
24.0
8.0
157.0
1.0
2.0
83.0
16.0
1.0
2.0
7.0
350.0
9.0
2.0
6.0
1.0
17.0
3.0
1.0
17.0
1.0
8.0
2.0
41.0
761.0
2103.0
593.0
3.0
3.0
8.0
21.0
1.0
3.0
2.0
3.0
3.0
10.0
3.0
311.0
5034.0
718.0
3.0
1179.0
8.0
19.0
1.0
3.0
2.0
7.0
2097.0
133.0
1.0
6.0
3.0
4.0
1.0
1.0
696.0
1153.0
2.0
1.0
8.0
468.0
1086.0
1.0
1.0
299.0
7.0
88.0
3.0
1.0
44.0
4.0
1.0
1656.0
1.0
10.0
3.0
3.0
8.0
3.0
56.0
4.0
648.0
49.0
3.0
1.0
59.0
2.0
3.0
1.0
2241.0
613.0
27.0
1.0
1.0
23.0
2.0
9.0
1.0
1.0
199.0
555.0
19.0
1.0
440.0
31.0
3.0
3.0
331.0
10.0
1.0
125.0
1.0
2.0
69.0
3.0
20.0
102.0
3.0
22.0
9.0
1.0
87.0
1.0
3.0
281.0
2.0
4.0
1.0
51.0
13116.0
5.0
3.0
1.0
1096.0
3.0
1.0
274.0
6.0
229.0
4.0
8.0
1.0
1.0
8.0
1.0
3.0
1.0
1.0
40.0
2.0
1122.0
3.0
138.0
3.0
1763.0
1.0
54.0
7.0
626.0
10.0
31.0
1.0
19.0
3.0
10.0
2.0
2.0
961.0
1.0
182.0
3.0
87.0
89.0
1.0
1.0
6.0
2.0
4703.0
1.0
1.0
23.0
10.0
6.0
17.0
21.0
2.0
3000.0
3.0
4.0
11.0
1.0
1.0
1243.0
3.0
34.0
3.0
6.0
72.0
2.0
38.0
7.0
2.0
9.0
1.0
5.0
3.0
1.0
2336.0
10.0
1.0
3.0
351.0
2.0
3.0
516.0
8.0
3.0
65.0
288.0
3.0
2.0
17.0
318.0
2.0
3.0
3.0
21.0
1.0
13.0
3.0
12.0
14.0
25.0
8.0
1.0
3.0
1.0
1.0
13.0
4299.0
6.0
3.0
15.0
9.0
1.0
29.0
17.0
1.0
4.0
282.0
2.0
1.0
117.0
7.0
421.0
1194.0
9.0
6.0
60.0
11.0
1078.0
2.0
1546.0
3.0
386.0
38.0
1.0
24.0
1.0
3.0
1.0
3.0
2.0
3.0
212.0
14.0
17.0
1.0
1.0
30.0
3.0
2.0
10.0
19.0
4.0
3.0
439.0
1.0
5.0
3.0
7.0
38.0
7.0
1.0
46.0
1.0
1.0
3.0
2.0
2.0
6.0
1099.0
31.0
4.0
9.0
1.0
35.0
2.0
3.0
1.0
1.0
5.0
1.0
3.0
4.0
23.0
139.0
31.0
17.0
1.0
2.0
1.0
41.0
3.0
1.0
2.0
4.0
7.0
5.0
5.0
3.0
1.0
226.0
1423.0
7.0
60.0
3.0
4.0
2.0
19831.0
1.0
3.0
1.0
932.0
351.0
2.0
8.0
1.0
1.0
592.0
3.0
2.0
3.0
3.0
3.0
1.0
20.0
2.0
2156.0
1.0
1.0
3.0
292.0
19.0
2.0
2.0
1.0
1420.0
197.0
1.0
3.0
1.0
1.0
2.0
3.0
1.0
3.0
1.0
221.0
1.0
2.0
46.0
16.0
15.0
5.0
10.0
33.0
2.0
1994.0
1046.0
3333.0
5.0
1792.0
18.0
1.0
313.0
3.0
3.0
42.0
2.0
72.0
1.0
4.0
4.0
22.0
84.0
3.0
8.0
11.0
65.0
2.0
1.0
5.0
3.0
685.0
3.0
28.0
4.0
780.0
282.0
1.0
5.0
7.0
3.0
8.0
7.0
24.0
1.0
3.0
1.0
1.0
14.0
1.0
8.0
1016.0
1.0
23.0
3.0
1.0
29.0
25.0
1.0
3.0
1927.0
3.0
292.0
2.0
1.0
711.0
4.0
13.0
20.0
100.0
2.0
1.0
10.0
3.0
3.0
1.0
30.0
2.0
2.0
311.0
242.0
331.0
2.0
1.0
22.0
295.0
3.0
3.0
2.0
506.0
1.0
1.0
3.0
1746.0
582.0
1.0
14.0
158.0
29.0
5431.0
1.0
1.0
1.0
1743.0
1.0
1311.0
8.0
1.0
3.0
1.0
1.0
51.0
4.0
3.0
8.0
3.0
22.0
9.0
8.0
3.0
1.0
10.0
7.0
88.0
486.0
76.0
3.0
1.0
11.0
1.0
4.0
3.0
779.0
1.0
565.0
796.0
2.0
6.0
3.0
3.0
1.0
9.0
2.0
7.0
1.0
282.0
5.0
21.0
3.0
1.0
1.0
371.0
705.0
1.0
8.0
3.0
1.0
1.0
3.0
3.0
23.0
174.0
1.0
16.0
142.0
2165.0
288.0
2.0
4.0
36.0
5.0
84.0
16.0
2.0
1.0
13.0
3.0
98.0
3.0
16.0
9.0
1.0
3.0
25.0
5.0
3.0
1549.0
1.0
4.0
364.0
12.0
30.0
89.0
59.0
176.0
4.0
1.0
7.0
28.0
24299.0
1.0
11.0
117.0
19.0
1.0
2.0
1.0
1.0
3.0
38.0
4.0
1.0
3.0
12.0
2.0
1.0
2.0
79.0
627.0
70.0
46.0
3.0
3.0
1.0
10.0
31.0
4.0
24.0
10.0
44.0
19.0
495.0
50.0
515.0
2.0
3.0
4.0
1.0
1.0
7389.0
1.0
21.0
172.0
3.0
1.0
3.0
2.0
11.0
3.0
2574.0
370.0
14.0
60.0
10.0
7.0
190.0
2.0
129.0
1.0
1.0
4.0
466.0
73.0
2.0
3.0
7.0
3.0
421.0
244.0
4.0
19.0
1.0
33.0
8.0
2.0
3.0
11564.0
858.0
5.0
2.0
2097.0
1.0
1.0
9.0
9.0
355.0
7.0
1.0
1.0
3.0
24.0
1537.0
3.0
3832.0
781.0
3.0
2.0
2532.0
1.0
24.0
8.0
3.0
3.0
18.0
64.0
3.0
6.0
917.0
21.0
7.0
1.0
87.0
1.0
171.0
1.0
3.0
1.0
351.0
5.0
100.0
99.0
2.0
3.0
2.0
24.0
634.0
2.0
1.0
5.0
81.0
19.0
17.0
2.0
1.0
3.0
315.0
33.0
5.0
1.0
3.0
1.0
16.0
3.0
188.0
3.0
14.0
40.0
6.0
2142.0
1.0
3.0
1.0
120.0
8690.0
1.0
3.0
1.0
658.0
90.0
1.0
1.0
817.0
89.0
1.0
1.0
1048.0
2.0
3.0
21.0
14.0
3.0
69.0
2.0
5.0
1.0
3.0
94.0
6.0
30.0
1.0
1.0
3.0
2.0
3.0
2.0
3.0
2.0
3.0
46.0
3.0
2262.0
4000.0
16.0
3.0
1233.0
16.0
2.0
3.0
1.0
892.0
228.0
1.0
1.0
20.0
4.0
25.0
3.0
38.0
3.0
4.0
263.0
76.0
2.0
6.0
17.0
9.0
1.0
6.0
2.0
3.0
1.0
1.0
112.0
2.0
2.0
3.0
34.0
1.0
3.0
99.0
3.0
74.0
1.0
6.0
961.0
2.0
4.0
4.0
1.0
7.0
3.0
2.0
39.0
3.0
2.0
515.0
1.0
1.0
15.0
1927.0
961.0
1.0
189.0
137.0
9.0
12.0
17.0
1043.0
1.0
8.0
107.0
9.0
1.0
1.0
7.0
38.0
6.0
242.0
24.0
3.0
152.0
16.0
93.0
15.0
1.0
4.0
7.0
3.0
24.0
4.0
4.0
24.0
6.0
7.0
9.0
24.0
4.0
440.0
2.0
2.0
3.0
1.0
3.0
671.0
3.0
355.0
8.0
1.0
1.0
8.0
19.0
5.0
2.0
17.0
3.0
3.0
1.0
1.0
136.0
3.0
1.0
3.0
1.0
44.0
27.0
11.0
20.0
861.0
567.0
1265.0
21.0
296.0
8.0
4.0
3.0
1.0
596.0
20.0
24.0
3.0
488.0
119.0
51.0
4.0
1.0
3.0
1927.0
1.0
183.0
1792.0
3.0
3.0
5.0
16.0
2875.0
3.0
108.0
111.0
9889.0
17.0
9.0
1.0
28.0
405.0
1.0
2.0
5.0
2601.0
1.0
611.0
3.0
41.0
1210.0
362.0
3.0
23.0
28.0
2.0
175.0
1.0
10.0
14.0
1.0
441.0
1.0
1.0
4.0
4.0
1.0
12.0
1.0
2.0
10.0
2935.0
50.0
2.0
3.0
1.0
2.0
318.0
1.0
82.0
6.0
10.0
1.0
140.0
539.0
3.0
3.0
1.0
16.0
1.0
3.0
2.0
1.0
3.0
1.0
1.0
6.0
45.0
76.0
110.0
1.0
289.0
2.0
2.0
452.0
1018.0
68.0
9.0
3.0
1.0
9.0
3.0
56.0
56.0
14.0
178.0
1.0
3.0
10.0
14.0
17.0
1018.0
87.0
596.0
1082.0
2389.0
1.0
12.0
51.0
3.0
1.0
19.0
37.0
50.0
12.0
26.0
6.0
16.0
3.0
2.0
50.0
649.0
3.0
16.0
1.0
1.0
2.0
3.0
18.0
128.0
4.0
692.0
313.0
1.0
4.0
1307.0
49.0
4.0
8.0
979.0
1.0
1.0
5.0
511.0
32.0
3.0
4.0
3.0
3.0
2.0
19.0
1.0
256.0
6840.0
339.0
4.0
240.0
586.0
1.0
8.0
2.0
138.0
4.0
3.0
19.0
65.0
5.0
1.0
3.0
23.0
400.0
3.0
4.0
1.0
12.0
7.0
17.0
1.0
3.0
63.0
3.0
3.0
4.0
3.0
3.0
38.0
1.0
1.0
3.0
16.0
1.0
21.0
3.0
24.0
130.0
34.0
104.0
125.0
4072.0
100.0
1.0
2.0
8.0
3.0
1.0
2.0
116.0
3.0
24.0
803.0
2.0
1259.0
13.0
1.0
1.0
30.0
2.0
696.0
1.0
95.0
2.0
37.0
4.0
66793.0
1.0
5.0
1.0
8.0
152.0
6.0
5.0
2.0
8.0
15.0
351.0
67.0
3.0
55.0
45.0
1.0
1.0
7.0
1.0
2296.0
8.0
1.0
3.0
9.0
252.0
943.0
4.0
2.0
144.0
12.0
1.0
3.0
1.0
1.0
3.0
364.0
6.0
264.0
2.0
1.0
87.0
6.0
22.0
150.0
1.0
2.0
129.0
1.0
2.0
9.0
5.0
3.0
45.0
3.0
339.0
2.0
9.0
20.0
1.0
1.0
3.0
7.0
1.0
3.0
1.0
1.0
18.0
760.0
3.0
15.0
1.0
3.0
3.0
8.0
2.0
1.0
4.0
14.0
2.0
4.0
1.0
638.0
3.0
5.0
3.0
33.0
16.0
4.0
3.0
3.0
3570.0
596.0
1.0
542.0
2.0
2.0
82.0
3.0
15.0
13.0
20.0
1.0
4.0
25.0
1.0
1.0
3.0
436.0
833.0
3.0
7.0
1.0
3.0
1.0
3.0
3.0
4102.0
4.0
1.0
8681.0
1.0
10.0
4.0
62.0
1.0
374.0
1.0
10.0
48.0
40.0
8.0
611.0
1.0
2.0
21.0
1114.0
117.0
10.0
1.0
1.0
103.0
6.0
23.0
13.0
18.0
17.0
4.0
8.0
2.0
4.0
4.0
5.0
24.0
107.0
78.0
22.0
10.0
24.0
10.0
1.0
5.0
2.0
10.0
2.0
8.0
1.0
4.0
3.0
216.0
1.0
1.0
1.0
4.0
1.0
14.0
1.0
8.0
3.0
27.0
8.0
20.0
386.0
1.0
494.0
3.0
74.0
3.0
3.0
341.0
1.0
1.0
24.0
1.0
21.0
39.0
323.0
1.0
2.0
9.0
20.0
3.0
8.0
1.0
4.0
2.0
24.0
3.0
6.0
12.0
2.0
627.0
1.0
2.0
26.0
40.0
1.0
3.0
3.0
3.0
25.0
18.0
11.0
1.0
3.0
1.0
6.0
98.0
1.0
321.0
3.0
16.0
16.0
79.0
3.0
3.0
2.0
1.0
2.0
282.0
1.0
5.0
20.0
3.0
5.0
1.0
23.0
68.0
10.0
1.0
2.0
7.0
3.0
3.0
9.0
3.0
4.0
1.0
1.0
1.0
9.0
1.0
1.0
1.0
189.0
4.0
75.0
3.0
1.0
1.0
3.0
10.0
7.0
6.0
3.0
6.0
2.0
7.0
124.0
7.0
14.0
1.0
1.0
4.0
1.0
308.0
12.0
1.0
24.0
7.0
8.0
530.0
5.0
6.0
64.0
1954.0
10.0
7.0
1436.0
3.0
3.0
3.0
555.0
1.0
3.0
1.0
1.0
1.0
2.0
3.0
5.0
1.0
288.0
1.0
32.0
1.0
1.0
1.0
3.0
3.0
1.0
1.0
348.0
73.0
3.0
336.0
1.0
1.0
629.0
30.0
3.0
33.0
48.0
1.0
3.0
3.0
3.0
13.0
3.0
87.0
565.0
4.0
41.0
14.0
4.0
3.0
157.0
59.0
1.0
1.0
5.0
58.0
1.0
1019.0
76.0
40.0
3.0
1.0
24.0
2.0
2.0
444.0
3.0
415.0
24.0
3.0
3.0
419.0
2.0
3.0
3.0
13.0
636.0
69.0
3.0
12.0
9.0
1.0
1.0
1.0
5.0
1.0
5.0
1.0
1.0
676.0
1.0
2.0
6.0
3.0
3.0
16.0
1.0
11.0
124.0
1.0
1.0
1.0
19.0
6.0
191.0
4.0
5.0
32.0
3.0
1.0
3.0
34.0
1.0
11.0
2.0
3341.0
16.0
3.0
15.0
1.0
3.0
4.0
1.0
1.0
8.0
4.0
578.0
8.0
1.0
3.0
51.0
5.0
3.0
1.0
11.0
3.0
1.0
3.0
9.0
48.0
3.0
7.0
7.0
30.0
3.0
36.0
3.0
278.0
480.0
10.0
1006.0
1.0
1.0
3.0
3.0
1.0
1.0
1.0
17.0
3.0
3.0
47.0
2.0
409.0
4.0
1.0
12.0
64.0
5.0
470.0
5.0
15.0
5.0
5.0
483.0
1.0
2.0
9.0
1.0
3.0
1.0
97.0
1.0
3.0
3.0
1.0
3.0
16.0
7.0
3.0
1.0
83.0
32.0
281.0
1.0
55.0
19.0
3.0
1695.0
5.0
3.0
1.0
20.0
3.0
10.0
11.0
2.0
1.0
2.0
3.0
18.0
9.0
1229.0
1.0
253.0
181.0
2.0
2.0
4.0
710.0
6.0
3.0
5.0
36.0
4.0
140.0
10.0
19.0
1.0
874.0
24.0
272.0
1.0
1.0
143.0
1.0
1.0
576.0
3.0
102.0
1.0
5.0
1.0
23.0
3.0
233.0
10.0
4.0
3.0
91.0
3.0
3.0
32.0
1.0
197.0
364.0
3.0
1.0
1.0
3.0
2.0
24.0
3.0
38.0
1.0
543.0
3.0
3.0
352.0
2.0
2.0
1.0
793.0
3.0
3.0
1.0
3.0
3.0
3.0
895.0
1.0
12.0
4.0
3.0
2393.0
9.0
3.0
4.0
9.0
1.0
24.0
21.0
8.0
15.0
1178.0
6.0
165.0
2.0
6.0
6.0
114.0
511.0
172.0
1.0
348.0
24.0
6.0
3.0
1.0
963.0
1.0
3.0
1.0
1.0
3.0
1.0
18.0
1.0
1.0
3.0
21.0
1479.0
24.0
29.0
11.0
369.0
11.0
3.0
9.0
1.0
1.0
6.0
6.0
3.0
1.0
1.0
17.0
3.0
369.0
1.0
342.0
1.0
22.0
7.0
9.0
6.0
1.0
17.0
8.0
4.0
43.0
3.0
3.0
2553.0
129.0
1.0
5.0
47.0
14.0
2.0
2.0
2.0
2.0
40.0
8.0
22.0
1.0
2.0
1.0
2.0
19.0
350.0
1.0
12.0
2.0
8.0
3.0
73.0
3.0
1.0
937.0
964.0
4.0
3.0
102.0
2.0
2.0
19.0
4.0
1590.0
959.0
1.0
9.0
1477.0
83.0
1.0
1.0
2.0
203.0
645.0
3.0
2.0
15.0
3.0
2.0
11.0
21.0
1.0
1.0
1.0
2.0
3.0
10.0
248.0
285.0
2.0
1.0
3.0
953.0
3.0
33.0
1.0
4.0
3.0
13.0
370.0
1.0
294.0
83.0
1.0
2.0
41.0
1.0
1.0
1.0
5.0
4.0
1500.0
1.0
5.0
1327.0
3.0
7.0
20.0
1.0
2.0
13.0
5.0
2.0
9.0
133.0
3.0
1.0
1.0
7.0
2.0
12.0
10.0
4.0
1114.0
65.0
165.0
36.0
61.0
278.0
3.0
9.0
26.0
2.0
1.0
20.0
1.0
187.0
1.0
431.0
7.0
3.0
509.0
6.0
2.0
8.0
1.0
12.0
3.0
6.0
9.0
3.0
21.0
84.0
65.0
3.0
3.0
20.0
5.0
932.0
6.0
1.0
1.0
3.0
672.0
3.0
3032.0
20.0
1.0
7.0
1225.0
1.0
3.0
977.0
1.0
157.0
6.0
19.0
1.0
3.0
2.0
2.0
9.0
1.0
2.0
1.0
10.0
1.0
8.0
1.0
1.0
1.0
3.0
5.0
5.0
1.0
1.0
148.0
3.0
2.0
2.0
9.0
31.0
18.0
8.0
90.0
3.0
67.0
3.0
4.0
54.0
3.0
1.0
112.0
3318.0
10.0
1.0
335.0
624.0
2.0
322.0
941.0
3.0
1.0
1722.0
1.0
3.0
1.0
878.0
7.0
375.0
3.0
1.0
1.0
1.0
1.0
2.0
1.0
1.0
264.0
2.0
84.0
14.0
3.0
2.0
18.0
1.0
1725.0
1.0
1432.0
81.0
3.0
23.0
28.0
2.0
1.0
1651.0
3.0
1.0
126.0
7.0
1.0
11.0
135.0
7.0
97.0
2312.0
2254.0
20.0
1.0
19.0
11.0
14.0
1.0
1.0
7.0
1.0
1.0
22.0
33.0
3.0
17.0
35.0
3.0
7.0
62.0
570.0
8.0
596.0
64.0
1.0
16.0
806.0
3.0
2230.0
21.0
69.0
184.0
1.0
3.0
47.0
2.0
20.0
200.0
17.0
44.0
699.0
1.0
3.0
1.0
5.0
5.0
4.0
2.0
29.0
11.0
1.0
1.0
9.0
4.0
1.0
1.0
6.0
7.0
12.0
3.0
9.0
2.0
3.0
29.0
4612.0
58.0
73.0
313.0
3.0
2.0
1.0
105.0
3.0
1.0
1.0
1.0
9.0
1.0
2.0
3.0
8.0
74.0
2.0
2.0
66.0
3.0
81.0
103.0
140.0
1.0
6.0
9.0
132.0
14.0
3.0
1.0
1.0
5.0
943.0
2.0
9727.0
6.0
2.0
34.0
6.0
7.0
2.0
3.0
2203.0
1.0
1.0
20.0
207.0
54.0
351.0
3.0
1.0
107.0
1.0
223.0
1.0
810.0
9.0
1.0
8.0
2.0
48.0
5324.0
1347.0
591.0
19.0
31.0
3058.0
8.0
9.0
1.0
1.0
12.0
1.0
957.0
4.0
4.0
19.0
1.0
90.0
3.0
1.0
750.0
3935.0
6.0
256.0
3.0
1.0
36.0
3.0
12.0
2.0
7.0
1.0
26.0
2.0
6.0
3.0
10.0
5.0
1.0
3.0
1.0
366.0
56.0
9.0
7.0
23.0
2.0
338.0
33.0
1.0
1.0
976.0
1165.0
1.0
1.0
2.0
1.0
2.0
1.0
1.0
44.0
8083.0
4.0
1.0
1.0
34.0
176.0
31.0
1705.0
1.0
1.0
66.0
11.0
1.0
17.0
32.0
152.0
24.0
375.0
3.0
1.0
596.0
695.0
3.0
912.0
3.0
1.0
2.0
7.0
3.0
3.0
14.0
5.0
2.0
38.0
639.0
3.0
1.0
65.0
75.0
14.0
2.0
363.0
2.0
682.0
1.0
393.0
1.0
1.0
1.0
889.0
3.0
1.0
869.0
43.0
8.0
18.0
3.0
7.0
1.0
686.0
3.0
6.0
7.0
22.0
1.0
11.0
1.0
6.0
3.0
22.0
9.0
3.0
4.0
5.0
1.0
1.0
4.0
420.0
3.0
8.0
21.0
3.0
1.0
4.0
6.0
3.0
1.0
3.0
344.0
17.0
3.0
3.0
4.0
117.0
12.0
17.0
24.0
3.0
19.0
5.0
8.0
1.0
1.0
6.0
1159.0
2.0
23.0
14.0
16.0
1.0
3.0
74.0
19.0
119.0
87.0
1.0
3.0
5294.0
3.0
284.0
1.0
3.0
95.0
15.0
75.0
7.0
5499.0
23.0
1545.0
6.0
1.0
233.0
6.0
39.0
6.0
63.0
1.0
7.0
3.0
3.0
1.0
3.0
1.0
3.0
102.0
4.0
9.0
1.0
6.0
6.0
65.0
463.0
132.0
1.0
34.0
4.0
2.0
1.0
292.0
6.0
796.0
233.0
3.0
1.0
3.0
1.0
3.0
1.0
10.0
1942.0
39.0
1.0
1.0
1.0
948.0
549.0
3.0
34.0
6.0
7.0
539.0
3.0
1.0
606.0
22.0
9.0
132.0
351.0
6.0
9.0
3.0
73.0
1.0
8.0
3.0
1.0
1.0
1.0
142.0
97.0
4.0
67.0
1.0
32.0
14091.0
1.0
1.0
16.0
33.0
4.0
6.0
55.0
3.0
1.0
4.0
3.0
4.0
1.0
1.0
1514.0
1.0
7.0
2.0
29.0
1.0
2.0
1.0
85.0
1.0
2206.0
1.0
1.0
3.0
102.0
9.0
1.0
2.0
1.0
1.0
65.0
421.0
1.0
2.0
60.0
4.0
1.0
1.0
38.0
2.0
6.0
1.0
2.0
3.0
175.0
174.0
3.0
1.0
4.0
5.0
3.0
3248.0
1.0
3.0
2.0
310.0
17.0
97.0
1.0
1.0
69.0
1846.0
2.0
1.0
1.0
1.0
350.0
4.0
9.0
3.0
152.0
100.0
2.0
3.0
3.0
13.0
4.0
75.0
1.0
100.0
1.0
1.0
1.0
16.0
1.0
1.0
24.0
2.0
111.0
305.0
3.0
3.0
8.0
1.0
25.0
1.0
4.0
2347.0
2.0
1.0
4.0
78.0
1.0
943.0
3.0
32.0
3813.0
317.0
1.0
326.0
1.0
51.0
13.0
532.0
3.0
34.0
1717.0
44.0
3.0
3.0
27.0
37.0
1.0
1.0
2.0
269.0
33.0
76.0
3.0
25.0
3.0
257.0
1.0
125.0
15.0
8.0
2.0
1.0
22.0
2.0
104.0
1.0
11.0
1.0
2.0
3.0
3.0
1.0
34.0
1.0
80.0
1.0
470.0
2.0
61.0
1.0
1.0
9.0
8.0
2.0
65.0
18.0
81.0
1.0
1.0
1.0
137.0
3.0
1.0
2142.0
3.0
1810.0
1.0
1.0
3.0
397.0
3.0
3.0
6.0
3.0
3.0
3.0
1.0
5.0
1.0
243.0
9.0
3.0
1.0
1303.0
3.0
3325.0
96.0
6.0
1.0
2.0
1.0
2.0
1.0
1.0
3.0
2235.0
3.0
1.0
1.0
13.0
1.0
21.0
36.0
1.0
341.0
3.0
6.0
6.0
3.0
1.0
7.0
109.0
409.0
1.0
3.0
1937.0
2.0
6.0
196.0
3.0
42.0
19.0
13.0
1.0
7.0
2.0
1.0
13.0
24.0
17.0
3.0
1.0
2.0
1.0
19.0
21.0
9.0
6.0
1.0
1.0
3.0
2.0
3.0
168.0
7.0
637.0
2.0
58.0
4.0
1.0
26.0
336.0
3.0
37.0
2.0
139.0
64.0
7.0
3.0
13.0
50.0
13.0
1.0
341.0
1.0
3.0
1.0
2.0
338.0
8.0
2.0
1.0
3.0
3.0
3.0
8.0
3.0
6.0
67.0
8.0
1.0
3.0
2.0
1.0
1.0
47.0
1.0
9.0
5.0
3.0
2.0
1.0
13.0
172.0
1.0
8.0
1.0
1.0
2.0
4.0
87.0
27.0
5732.0
9.0
11.0
1.0
31.0
22.0
4.0
56.0
3.0
1.0
3.0
236.0
3211.0
4.0
3.0
3.0
62.0
6.0
4.0
3.0
1.0
4.0
24.0
9811.0
33.0
1.0
3.0
1.0
3.0
3.0
239.0
3.0
4.0
3.0
362.0
1.0
5.0
4.0
3.0
2.0
76.0
542.0
350.0
542.0
1.0
465.0
10.0
24.0
1.0
1.0
351.0
2.0
2.0
10.0
35.0
1.0
65.0
45.0
2.0
3.0
1.0
19.0
69.0
1285.0
7.0
16.0
1.0
19.0
3.0
11.0
196.0
24.0
1.0
3.0
17.0
2.0
408.0
2.0
10.0
4.0
2.0
10.0
1.0
3.0
125.0
1.0
4.0
3.0
36.0
1.0
40.0
489.0
6.0
5745.0
14.0
7.0
3.0
5.0
5.0
8.0
537.0
28.0
4.0
2.0
2.0
1.0
1.0
3.0
2.0
1.0
23.0
51.0
19.0
6.0
2.0
1.0
26.0
5.0
2.0
3.0
3.0
512.0
29.0
8.0
6.0
3.0
736.0
672.0
3.0
1.0
8.0
5.0
31.0
1.0
1.0
5.0
1.0
7.0
232.0
1.0
1.0
1.0
3482.0
7.0
1.0
1.0
4.0
14385.0
75.0
85.0
76.0
9.0
74.0
12.0
12.0
1.0
28.0
3.0
17.0
10.0
2.0
1.0
3.0
1.0
3.0
1.0
65.0
2.0
3.0
69.0
416.0
15.0
2.0
3.0
8.0
8.0
3.0
8.0
1.0
66.0
618.0
698.0
1.0
225.0
1.0
1.0
9.0
2.0
5.0
48.0
1.0
13.0
155.0
77.0
3.0
2.0
2.0
25.0
3.0
1.0
118.0
1.0
13.0
3.0
275.0
4.0
9.0
1.0
351.0
5.0
3.0
3.0
401.0
8.0
89.0
302.0
1.0
1.0
2.0
6267.0
1.0
5.0
1.0
1.0
2.0
32.0
3.0
101.0
17302.0
6981.0
31.0
347.0
47.0
21.0
15.0
226.0
54.0
1.0
341.0
55.0
10.0
124.0
78.0
1.0
1.0
17.0
596.0
1.0
1.0
1.0
187.0
2.0
2.0
375.0
1.0
3.0
3.0
1.0
1.0
1.0
55.0
7.0
386.0
96.0
135.0
3.0
1.0
4.0
2.0
707.0
1.0
8.0
1.0
1.0
1.0
282.0
3.0
26.0
1.0
1.0
1.0
10.0
8.0
146.0
83.0
3.0
2.0
5.0
132.0
69.0
1.0
10.0
336.0
1.0
4.0
1.0
3.0
17.0
4.0
14.0
47.0
9.0
1069.0
3.0
1.0
28.0
45.0
313.0
1.0
9.0
5.0
371.0
67.0
1.0
3.0
1563.0
55.0
1.0
30.0
9.0
20.0
1.0
2440.0
3.0
2.0
2.0
1.0
1.0
1.0
37.0
1.0
1.0
3.0
3.0
10.0
4308.0
472.0
3.0
1.0
3.0
1.0
16.0
283.0
9.0
1.0
3.0
17.0
1.0
3.0
24.0
2.0
2.0
1.0
12.0
1.0
1.0
76.0
101.0
3.0
3.0
4.0
3.0
3.0
1.0
1.0
18.0
19.0
932.0
11.0
18.0
29.0
253.0
4.0
39.0
1.0
3.0
1.0
3573.0
3.0
3.0
40.0
30.0
3.0
1345.0
7.0
279.0
611.0
8.0
3.0
26.0
1.0
3.0
102.0
177.0
3.0
1032.0
1.0
1.0
356.0
123.0
323.0
4.0
9.0
1.0
3.0
680.0
4.0
2.0
1.0
9.0
3.0
35.0
75.0
1.0
70.0
3.0
13.0
1.0
2.0
2.0
1.0
1.0
10.0
1.0
6.0
24.0
562.0
35.0
117.0
1.0
15.0
3.0
2.0
1.0
51.0
75.0
3.0
2.0
65.0
83.0
19.0
1.0
1838.0
3.0
28.0
3372.0
2.0
1.0
375.0
13.0
4.0
1.0
977.0
1.0
102.0
286.0
3.0
1.0
1.0
14.0
17.0
1.0
2.0
36.0
24.0
126.0
71.0
55.0
778.0
3.0
9.0
1.0
4.0
51.0
7.0
1.0
1.0
1.0
24.0
18.0
4.0
362.0
3.0
255.0
9.0
17.0
404.0
2.0
1.0
32.0
5.0
17.0
8.0
1.0
6.0
2.0
188.0
1.0
269.0
1.0
1.0
5.0
1.0
1.0
9.0
3.0
47.0
689.0
7.0
3.0
4.0
75.0
208.0
10.0
1.0
8.0
12.0
2.0
1.0
65.0
3.0
1.0
4.0
2.0
54.0
14.0
6.0
1.0
1.0
8.0
3.0
174.0
157.0
1.0
349.0
17.0
1448.0
89.0
1139.0
1.0
1.0
16.0
5499.0
55.0
33.0
36.0
1919.0
2.0
1.0
129.0
1.0
3.0
1.0
1.0
1.0
1.0
17.0
1.0
1.0
18.0
1.0
3.0
7.0
906.0
2.0
44.0
20.0
1.0
1916.0
4.0
7.0
7.0
33.0
43.0
67.0
47.0
2.0
96.0
1.0
9.0
1.0
3.0
1467.0
1.0
1.0
343.0
3.0
1.0
1.0
13.0
4.0
3.0
2.0
2.0
113.0
8.0
2.0
188.0
1.0
2.0
63.0
7.0
4.0
4340.0
1642.0
2.0
2.0
4.0
1.0
3.0
69.0
3.0
34.0
11.0
1.0
3.0
11.0
711.0
30.0
2.0
59.0
1.0
9.0
8.0
34.0
2.0
2.0
5.0
12.0
1.0
3.0
1178.0
29.0
883.0
2.0
4.0
23.0
389.0
21.0
3.0
3054.0
1.0
31.0
48.0
2.0
23.0
6.0
5.0
3.0
11.0
1.0
1.0
19.0
3.0
1.0
1.0
4.0
4.0
1.0
1.0
102.0
28.0
2.0
22.0
2.0
961.0
1229.0
2.0
1358.0
8.0
2.0
2.0
1.0
62.0
2.0
4.0
2.0
1.0
1.0
1.0
9.0
1.0
32.0
21.0
96.0
53.0
370.0
1.0
3.0
2.0
9.0
1.0
25.0
87.0
2.0
27.0
3.0
8.0
565.0
4.0
63.0
51.0
102.0
8.0
75.0
2.0
2.0
292.0
3.0
1.0
1.0
14.0
9.0
3.0
4.0
5.0
27.0
1.0
3.0
3.0
16.0
597.0
1272.0
3484.0
3.0
85.0
46.0
731.0
21.0
28.0
2.0
8.0
32.0
1.0
34.0
1.0
1.0
596.0
1.0
35.0
2.0
27.0
1.0
18.0
1968.0
1.0
13.0
3.0
1.0
6.0
4.0
1.0
3.0
11.0
681.0
2140.0
2.0
76.0
4.0
137.0
201.0
1.0
66534.0
1.0
9.0
11.0
2.0
1.0
44.0
1.0
1.0
4.0
1302.0
4.0
3.0
8.0
870.0
1.0
42.0
1.0
5.0
62.0
1.0
28.0
4.0
9.0
1.0
3.0
345.0
713.0
892.0
945.0
1.0
5793.0
2.0
3892.0
1.0
5.0
4.0
3.0
1.0
1.0
2.0
87.0
2.0
460.0
3.0
21.0
3.0
1.0
39.0
19.0
177.0
11.0
886.0
2.0
2.0
3.0
1.0
1.0
3.0
1.0
1018.0
91.0
1.0
1.0
1.0
3.0
30.0
220.0
3.0
2.0
642.0
4.0
1140.0
207.0
3.0
22.0
1.0
3.0
60.0
11.0
35.0
1198.0
3.0
3.0
1.0
1180.0
1.0
3.0
30.0
3.0
3.0
6.0
21.0
1.0
1.0
292.0
210.0
8.0
3.0
1.0
36.0
4.0
7.0
7.0
15.0
1.0
1.0
31.0
1.0
2.0
46.0
2.0
19.0
1.0
299.0
1165.0
1.0
11.0
1.0
4.0
54.0
2.0
27.0
3.0
1.0
2.0
668.0
20.0
1.0
79.0
105.0
127.0
11.0
1.0
1.0
1.0
12.0
8.0
1.0
13.0
421.0
21.0
1.0
1899.0
23.0
3.0
375.0
7.0
3.0
3.0
28.0
10.0
1.0
8.0
1.0
111.0
292.0
6.0
4.0
2.0
27.0
12.0
953.0
12.0
4.0
1111.0
1.0
4.0
1.0
210.0
3.0
1.0
10.0
2.0
158.0
10.0
724.0
1.0
1.0
1565.0
1.0
1.0
3.0
5.0
222.0
1.0
4.0
4.0
379.0
324.0
2.0
1.0
11.0
1.0
3.0
16.0
886.0
1.0
1.0
27.0
611.0
1.0
11954.0
12.0
22.0
15.0
1.0
1.0
1.0
1.0
2.0
6.0
1.0
36.0
585.0
6.0
3.0
7.0
55.0
1.0
4.0
3.0
8.0
444.0
1.0
4.0
522.0
1.0
28.0
217.0
1.0
121.0
1.0
4.0
56.0
17.0
242.0
1.0
21.0
7.0
3.0
1.0
77.0
518.0
351.0
16.0
1.0
4.0
1018.0
2.0
4.0
596.0
5.0
1.0
1808.0
123.0
10.0
4.0
1.0
1018.0
19.0
3.0
90.0
31.0
1.0
3.0
130.0
44.0
1.0
23.0
3.0
1.0
62.0
2.0
1.0
1.0
415.0
2.0
52.0
2.0
1.0
129.0
1.0
1.0
10.0
1.0
3.0
550.0
3.0
8.0
3.0
1306.0
37.0
30.0
3.0
1.0
1.0
15.0
1.0
34.0
18.0
1.0
4.0
17.0
30.0
1.0
250.0
1.0
3.0
3.0
3.0
1.0
34.0
1.0
461.0
1.0
3.0
1.0
1.0
288.0
1.0
1.0
4.0
1.0
482.0
6.0
1.0
3.0
1974.0
1.0
22.0
1.0
1.0
2.0
1.0
313.0
3.0
8754.0
3.0
4.0
1944.0
666.0
43.0
19.0
1.0
3.0
64.0
3.0
4.0
130.0
73.0
8.0
811.0
3.0
1.0
2.0
31.0
1.0
7.0
1.0
8.0
1.0
6.0
3.0
10.0
8.0
1.0
2.0
1.0
3.0
22.0
3.0
1.0
2.0
559.0
1.0
218.0
1.0
10.0
928.0
1.0
1.0
38.0
1.0
4.0
3.0
17.0
1.0
1.0
1289.0
16.0
3.0
23.0
209.0
7.0
259.0
396.0
351.0
2.0
10.0
10.0
11.0
33.0
62.0
1.0
12.0
112.0
55.0
3.0
1.0
3.0
24.0
2.0
2882.0
5.0
60.0
2.0
1.0
1.0
63.0
6.0
2.0
4875.0
10.0
13.0
34.0
18.0
569.0
1.0
6.0
1.0
3.0
2.0
551.0
1.0
313.0
1.0
57.0
3.0
1.0
944.0
7.0
1.0
2.0
358.0
65.0
1.0
101.0
6037.0
3.0
1.0
1.0
4475.0
5.0
1.0
737.0
1.0
294.0
122.0
3.0
1.0
1.0
319.0
1.0
44.0
3.0
1.0
2.0
3.0
2.0
1.0
171.0
18.0
101.0
1.0
9.0
1.0
23.0
16.0
975.0
2.0
3.0
3.0
1.0
1.0
24.0
1.0
63.0
1.0
21.0
2.0
24.0
8.0
102.0
7.0
115.0
33.0
1.0
1.0
3.0
2.0
269.0
1.0
1.0
1.0
2.0
20.0
1.0
15.0
338.0
1.0
3.0
14175.0
3.0
12.0
1.0
3.0
2.0
1.0
1.0
3.0
18.0
23.0
583.0
310.0
1.0
5.0
1.0
14.0
34.0
158.0
1.0
73.0
5.0
49.0
5.0
152.0
3.0
1.0
9.0
9593.0
3.0
1.0
3.0
43.0
9.0
24.0
1.0
3.0
92.0
3.0
172.0
3.0
11.0
1.0
3.0
37.0
4.0
1.0
5.0
1.0
2.0
9.0
2.0
1.0
1.0
1.0
3.0
30.0
3.0
6.0
3.0
1.0
1.0
1.0
1.0
3.0
1.0
1642.0
503.0
1.0
51.0
4.0
1.0
32.0
296.0
14455.0
1.0
4.0
7.0
5.0
443.0
2.0
1.0
6.0
13.0
596.0
1357.0
6.0
904.0
1.0
24.0
2.0
3.0
1.0
106.0
1.0
37.0
19.0
3.0
9.0
14354.0
8.0
3.0
1.0
2.0
1.0
8.0
1.0
2.0
8.0
9.0
13.0
1.0
16.0
2.0
1.0
7.0
6.0
1.0
1.0
16.0
3.0
1.0
9.0
1.0
1.0
1.0
195.0
736.0
1.0
11.0
1.0
41152.0
1.0
9.0
487.0
4.0
14.0
3.0
1.0
3.0
1.0
2.0
3.0
114.0
2.0
679.0
8.0
3.0
105.0
1.0
25.0
3.0
125.0
1.0
2.0
5.0
1.0
79.0
1.0
46.0
43.0
1.0
1.0
47.0
2.0
3.0
12.0
1.0
3.0
24.0
3.0
2.0
1.0
2.0
5.0
4.0
113.0
1.0
31.0
83.0
1.0
4072.0
1.0
11.0
1.0
92.0
2.0
20215.0
1.0
3096.0
707.0
2.0
737.0
1.0
52.0
15.0
2.0
1.0
126.0
34.0
3.0
24.0
1.0
5574.0
14385.0
1.0
23.0
1.0
1.0
4.0
1232.0
10.0
16.0
1.0
3.0
3.0
1.0
351.0
1.0
9.0
5.0
1.0
1.0
8.0
5.0
3.0
10.0
7.0
44.0
1.0
10.0
6.0
1.0
1.0
4.0
4.0
1.0
6.0
3.0
593.0
12.0
3.0
1.0
1.0
3.0
4.0
3.0
32.0
16.0
1.0
4.0
1.0
1.0
1.0
2.0
1.0
6.0
102.0
1.0
11.0
12.0
7.0
83.0
1916.0
3.0
5.0
8.0
3.0
412.0
1319.0
1.0
3.0
520.0
1.0
1.0
2.0
3.0
6.0
2.0
3.0
157.0
3.0
10.0
23.0
96.0
3.0
8.0
5.0
219.0
75.0
4.0
36.0
7.0
2.0
1.0
134.0
9.0
7.0
158.0
1.0
3.0
1.0
5854.0
3.0
9.0
1.0
544.0
3.0
3.0
11.0
1.0
113.0
10.0
3.0
2.0
1.0
3.0
6.0
2.0
3.0
32.0
3.0
1.0
2.0
263.0
1.0
1.0
120.0
4.0
2.0
545.0
1.0
1.0
8.0
9.0
1.0
1.0
1.0
13.0
4.0
1.0
2.0
3.0
323.0
4.0
47.0
177.0
26.0
1.0
29.0
1.0
7.0
141.0
5.0
21.0
1.0
166.0
172.0
3.0
1.0
3.0
5.0
11.0
48.0
4.0
1420.0
943.0
1.0
1.0
56.0
3.0
218.0
115.0
13.0
1018.0
12.0
1.0
3.0
3.0
4.0
546.0
10.0
28.0
4.0
4.0
26.0
100.0
1.0
5.0
45.0
3.0
3.0
4.0
1.0
2.0
287.0
23.0
2.0
5.0
48.0
2.0
2.0
668.0
7.0
1.0
9.0
3.0
3.0
1.0
2.0
1.0
751.0
9.0
1018.0
39.0
107.0
2.0
3.0
12.0
1.0
2.0
878.0
1.0
1.0
2002.0
1.0
22.0
35.0
19.0
1.0
1.0
1.0
8.0
1878.0
2.0
4.0
3.0
29.0
1024.0
145.0
17.0
1.0
2.0
292.0
4.0
11.0
2.0
5.0
3.0
1.0
4.0
24.0
1174.0
1.0
14.0
2.0
17.0
8.0
3834.0
103.0
705.0
6.0
1.0
2.0
1.0
4.0
7.0
27.0
475.0
1.0
302.0
1.0
32.0
30.0
3.0
89.0
9.0
2172.0
1018.0
370.0
1360.0
1.0
2.0
2.0
12.0
7889.0
11.0
295.0
177.0
1.0
8.0
3.0
3.0
1.0
232.0
3.0
2.0
1.0
1.0
1.0
622.0
3.0
1.0
3.0
1.0
11.0
9.0
450.0
3.0
1.0
44.0
24.0
1119.0
308.0
11.0
9.0
1.0
1482.0
66.0
3.0
1.0
3.0
2.0
1.0
2.0
6.0
2.0
100.0
145.0
21773.0
7.0
1.0
4.0
1.0
2.0
47.0
3.0
1.0
77.0
165.0
1.0
1491.0
2.0
2.0
1.0
3.0
997.0
2.0
12.0
1173.0
3.0
1.0
1.0
4.0
4.0
3.0
5955.0
2.0
2.0
3.0
3.0
616.0
4.0
2.0
98.0
21.0
10.0
1.0
1.0
1.0
1.0
2.0
121.0
544.0
19.0
4.0
3.0
1.0
7.0
3.0
2.0
4.0
24.0
46.0
233.0
1.0
16.0
2.0
2.0
6.0
3.0
6.0
296.0
13.0
22.0
3.0
5.0
1.0
3.0
7.0
5758.0
8.0
21.0
1.0
51.0
1.0
13.0
9.0
64.0
10.0
737.0
26.0
2.0
1.0
7.0
3.0
13.0
88.0
1.0
3.0
3.0
1.0
77.0
2.0
3.0
1.0
47.0
12.0
3.0
70.0
1.0
232.0
1075.0
1.0
33.0
83.0
1.0
2.0
48.0
3.0
122.0
1.0
4.0
2.0
638.0
1.0
3.0
11.0
516.0
34.0
2.0
299.0
1.0
854.0
1.0
2.0
3.0
2.0
3.0
1.0
1.0
5.0
4.0
15.0
56.0
727.0
5.0
9.0
1.0
29.0
221.0
2.0
351.0
1.0
1.0
5.0
31.0
83.0
2.0
47.0
34.0
1.0
1.0
3.0
36.0
7593.0
796.0
6.0
1.0
387.0
293.0
1.0
1.0
4.0
3.0
360.0
1.0
236.0
1.0
2.0
13.0
1.0
9.0
4.0
194.0
833.0
5.0
4.0
3.0
11.0
1.0
1.0
9.0
2.0
1.0
37.0
3.0
6.0
3.0
3118.0
1.0
1.0
461.0
14.0
1.0
16.0
18.0
16.0
54.0
2.0
24.0
291.0
1.0
13.0
2.0
7.0
2.0
14.0
1.0
2.0
4.0
1.0
14.0
89.0
1.0
6.0
1.0
40.0
3.0
1145.0
5.0
1.0
2.0
2.0
3.0
3.0
3.0
977.0
1.0
102.0
1.0
1.0
2.0
30.0
104.0
99.0
19.0
36.0
3.0
1206.0
1.0
1.0
1.0
2.0
1.0
629.0
209.0
5.0
3.0
543.0
3.0
1.0
3.0
1173.0
2.0
17.0
4.0
1.0
1.0
36.0
2.0
8.0
3.0
1.0
65.0
797.0
1.0
6.0
23.0
1.0
1339.0
1.0
175.0
1.0
13.0
103.0
4.0
3.0
1.0
1.0
6.0
157.0
1.0
101.0
1.0
1.0
4.0
1.0
1.0
238.0
8.0
1.0
721.0
2.0
3.0
50.0
102.0
2.0
11.0
3.0
3.0
3.0
3.0
1522.0
1026.0
3.0
3.0
8.0
919.0
1.0
8.0
1.0
5.0
3.0
10.0
3.0
5.0
10.0
20.0
2.0
1478.0
1.0
1.0
7.0
8.0
202.0
30.0
351.0
4382.0
165.0
10.0
3.0
5.0
6.0
19.0
395.0
1.0
1.0
239.0
1050.0
2.0
3.0
2.0
1.0
1771.0
9.0
13.0
100.0
1.0
5.0
1.0
1.0
7.0
18.0
2.0
31.0
1.0
1.0
12.0
5.0
1.0
3.0
1.0
160.0
446.0
922.0
56.0
1.0
8.0
1.0
51701.0
4.0
24.0
47.0
3.0
45.0
2.0
3.0
630.0
4.0
32.0
1.0
1.0
2.0
1.0
1.0
1.0
18.0
1.0
1.0
1.0
16.0
167.0
1.0
2.0
5.0
2.0
5.0
593.0
3.0
4.0
2.0
1.0
3.0
63.0
3.0
3.0
3.0
370.0
4.0
152.0
8.0
1.0
6.0
10.0
1018.0
16.0
255.0
1.0
1.0
7.0
392.0
5.0
28.0
6.0
3.0
3.0
1.0
3.0
3.0
1.0
1.0
226.0
4.0
31.0
4.0
380.0
17.0
11.0
2.0
3.0
1539.0
13.0
1.0
2791.0
8.0
1.0
1.0
2.0
1.0
1.0
16528.0
11.0
1.0
1.0
7.0
2.0
3.0
7.0
3.0
1.0
4.0
3.0
543.0
1.0
2.0
2.0
2.0
7.0
1.0
1.0
3.0
313.0
90.0
1.0
553.0
18.0
58.0
171.0
1.0
1.0
2.0
1.0
2601.0
170.0
3.0
4.0
27.0
23.0
1271.0
16.0
1.0
1.0
4.0
27.0
6.0
1.0
1.0
3.0
58.0
1702.0
3.0
801.0
4.0
4.0
22.0
157.0
1.0
2.0
3.0
2235.0
7.0
1.0
2.0
512.0
4.0
1.0
1.0
2.0
6.0
5.0
351.0
9.0
3.0
886.0
3.0
3.0
948.0
1.0
7.0
6.0
201.0
414.0
2.0
1.0
119.0
7.0
51.0
21.0
1.0
3.0
232.0
4.0
2.0
332.0
2.0
3.0
14.0
3.0
6.0
14.0
1.0
1.0
1.0
9.0
12.0
38.0
13.0
265.0
1.0
34.0
69.0
3.0
2.0
2.0
1.0
1.0
4.0
21.0
186.0
4.0
549.0
9.0
7.0
18.0
1.0
1.0
19.0
112.0
121.0
9.0
3.0
5.0
1.0
1.0
8.0
102.0
5.0
458.0
24.0
2.0
1837.0
56.0
3.0
12.0
4.0
1.0
1.0
2.0
1.0
1.0
4.0
361.0
3.0
1.0
12.0
20.0
9.0
765.0
446.0
2.0
1083.0
66.0
2.0
2.0
3.0
3.0
19831.0
207.0
4.0
3.0
17923.0
9.0
45.0
573.0
1.0
4.0
53.0
1.0
12.0
3.0
3.0
401.0
12.0
7.0
477.0
1.0
257.0
3.0
1.0
3.0
1.0
70.0
100.0
3.0
2.0
1.0
308.0
25.0
6.0
40.0
2.0
7.0
2.0
1.0
533.0
6.0
4.0
1.0
534.0
1.0
2.0
774.0
187.0
3.0
18.0
243.0
389.0
1.0
19.0
23.0
3.0
351.0
1.0
2.0
64.0
2.0
438.0
1.0
1.0
3.0
1.0
9.0
212.0
3.0
3.0
4.0
9.0
2.0
1.0
3.0
67.0
596.0
90.0
6.0
7.0
1.0
156.0
1.0
1.0
1.0
431.0
15.0
1.0
3.0
1.0
2.0
2.0
1.0
9.0
4.0
1.0
2.0
199.0
4.0
1.0
346.0
1.0
187.0
1.0
3.0
1.0
4.0
1.0
1.0
6.0
41.0
1.0
2.0
2.0
1.0
1.0
2.0
4.0
109.0
421.0
5.0
6.0
3.0
2.0
222.0
6.0
596.0
1.0
2918.0
5.0
1.0
4.0
91.0
14.0
410.0
449.0
22.0
2.0
16.0
1.0
282.0
368.0
45.0
196.0
4.0
193.0
1.0
3.0
12.0
7.0
3.0
370.0
8.0
1229.0
110.0
1.0
1.0
3.0
2.0
1.0
6.0
6965.0
58.0
527.0
3.0
1.0
6.0
3249.0
3.0
1.0
2.0
6.0
3.0
4.0
1.0
2.0
124.0
2.0
94.0
168.0
94.0
812.0
1.0
1.0
1.0
6.0
1.0
6.0
245.0
14.0
10.0
4058.0
210.0
469.0
224.0
7.0
11.0
10.0
1.0
422.0
1.0
1.0
3.0
331.0
50.0
1.0
22.0
73.0
2.0
1.0
4351.0
9.0
1.0
1.0
1.0
4.0
3.0
9.0
207.0
1.0
2.0
38.0
31.0
2.0
6.0
2.0
1.0
2.0
1.0
13.0
4.0
4.0
3.0
6.0
1.0
10.0
4.0
350.0
33.0
3.0
164.0
3.0
3.0
5.0
1718.0
3.0
1260.0
2.0
87.0
1.0
34.0
6.0
2.0
9.0
7.0
211.0
1.0
11.0
2.0
1.0
4.0
443.0
1.0
24.0
167.0
1.0
3.0
31.0
3.0
3.0
1.0
2.0
3.0
281.0
4.0
278.0
8.0
3.0
4.0
71.0
98.0
11.0
1.0
7.0
4.0
519.0
2.0
7.0
1.0
2.0
39.0
9.0
65.0
3.0
20.0
3.0
1.0
2.0
104.0
5.0
23.0
3.0
3.0
1.0
1.0
3.0
1.0
3.0
7.0
34.0
6.0
44.0
7.0
2.0
46.0
1.0
3.0
1.0
1.0
540.0
7.0
2.0
1.0
3.0
4.0
7.0
576.0
3.0
2.0
33.0
1.0
3.0
56.0
71.0
11.0
11.0
346.0
5.0
992.0
3.0
31.0
3.0
48.0
2.0
1.0
21.0
1.0
1.0
251.0
9.0
2.0
3.0
299.0
1.0
3.0
3.0
1.0
50.0
2.0
1.0
961.0
506.0
2.0
2.0
15.0
14.0
2.0
1.0
12.0
47.0
60.0
1.0
1.0
3.0
1.0
4.0
69.0
18.0
95.0
4.0
7.0
216.0
3.0
126.0
571.0
1.0
376.0
73.0
57.0
1.0
1.0
12.0
1.0
4093.0
2.0
1.0
2.0
1.0
1.0
2.0
1606.0
60.0
22959.0
2.0
3.0
10.0
33.0
696.0
27.0
2.0
331.0
1.0
1434.0
34.0
1.0
1.0
1.0
147.0
1.0
1.0
298.0
70.0
21.0
3.0
2.0
21.0
2.0
21.0
2.0
8.0
7.0
124.0
4.0
4.0
7.0
4.0
7.0
1305.0
17.0
1.0
3.0
78.0
110.0
1.0
3.0
22.0
117.0
288.0
8.0
1.0
1.0
1.0
1.0
1.0
33.0
4.0
121.0
132.0
3.0
16.0
5.0
109.0
3.0
10.0
2.0
6.0
1.0
2.0
25.0
89.0
3.0
344.0
1.0
7.0
2945.0
3.0
1.0
19.0
3.0
3.0
1.0
9.0
53.0
1.0
92.0
1.0
2.0
1.0
20.0
1.0
13.0
4.0
3.0
1.0
23.0
43.0
12.0
41.0
1926.0
110.0
3.0
28.0
1.0
10.0
41.0
17.0
3.0
10.0
118.0
3.0
7.0
12.0
10.0
134.0
351.0
4.0
4.0
3.0
3.0
14.0
2.0
25.0
33.0
1.0
1.0
3.0
3.0
2.0
14.0
59.0
10.0
1.0
10.0
5.0
1.0
3.0
1.0
950.0
42.0
1.0
574.0
1.0
3.0
4.0
3.0
1.0
1.0
55.0
40.0
9.0
14.0
3.0
23.0
3.0
